# ts_seconds,x,y,gt_x,gt_y
9.256351324799954455e+03 1.692431768652210451e+02 6.721870340119316722e+01 1.692431768652210451e+02 6.721870340119316722e+01
9.269582933032930669e+03 1.696035549067281352e+02 6.904731507754722486e+01 1.682695085494700322e+02 6.744666681268640218e+01
9.270717175034167667e+03 1.698265160815714978e+02 7.040707209720478943e+01 1.672896720350694011e+02 6.764640401520092894e+01
9.271171665400768688e+03 1.697676390641179864e+02 7.152480146445319065e+01 1.662968551074519041e+02 6.776604073828441699e+01
9.271570662776039171e+03 1.696092183953475967e+02 7.246402906224328433e+01 1.653065037728280515e+02 6.790456857974247384e+01
9.271931607298263771e+03 1.694118143625928781e+02 7.332314294311510139e+01 1.643098551778032572e+02 6.798628650524607053e+01
9.272302729470247868e+03 1.691314779017887986e+02 7.429883220226257379e+01 1.633102544795125937e+02 6.801438376028691835e+01
9.272647694660850902e+03 1.689127592440773924e+02 7.518692237210861151e+01 1.623103584205699121e+02 6.799996771504821425e+01
9.272992435974787441e+03 1.688341415779092358e+02 7.605577938211119715e+01 1.613105111358871966e+02 6.798251848571752021e+01
9.273355678081263250e+03 1.689541640209284878e+02 7.697274681063376534e+01 1.603105189599163793e+02 6.797866678612687963e+01
9.273724865258760474e+03 1.689840745332702738e+02 7.786234350932626569e+01 1.593105571979248509e+02 6.798738522768246639e+01
9.274121924884926557e+03 1.688230726210697696e+02 7.881844067336095350e+01 1.583105603542847177e+02 6.798641685700036419e+01
9.274545553663625469e+03 1.686473719418550559e+02 7.987463726231557359e+01 1.573111139913325758e+02 6.795325157203858168e+01
9.274998797953303438e+03 1.686356407051405029e+02 8.087576721312895245e+01 1.563111236487996507e+02 6.795700995558843260e+01
9.275460786324536457e+03 1.688222954174349297e+02 8.196137425632207396e+01 1.553118769808698687e+02 6.799296216536026805e+01
9.275862998321308623e+03 1.691377157219131107e+02 8.296898346174363326e+01 1.543395968627094987e+02 6.822663702314071088e+01
9.276240407987135768e+03 1.695867869890572877e+02 8.381853311575441978e+01 1.533922408961295218e+02 6.854677320150943842e+01
9.276583813774534065e+03 1.702465234261950400e+02 8.430465489308994620e+01 1.524653342667376137e+02 6.892201804729653247e+01
9.276902412475046731e+03 1.708990222259146492e+02 8.476437894097803394e+01 1.515641927368311315e+02 6.935549960334226682e+01
9.277234315790370601e+03 1.714103835920211338e+02 8.546776632913730509e+01 1.506929395038447410e+02 6.984631502350363519e+01
9.277557033002680328e+03 1.719079335625100953e+02 8.619364925509404429e+01 1.498442947185699268e+02 7.037525738672150055e+01
9.277880133353693964e+03 1.724539742005211167e+02 8.689657696751868343e+01 1.490222349576041836e+02 7.094465545656467498e+01
9.278198367372302528e+03 1.729861436750522330e+02 8.754060045570814452e+01 1.482114768602393724e+02 7.153003170770827523e+01
9.278507020059807473e+03 1.734898780952891855e+02 8.815787304276764758e+01 1.474155556388555510e+02 7.213543179692582896e+01
9.278844244814714330e+03 1.740035383148467076e+02 8.891502404912054658e+01 1.466222461420779553e+02 7.274423228491023963e+01
9.279171562528317736e+03 1.744773818331281348e+02 8.970265479314122103e+01 1.458591155845406035e+02 7.339046808933940724e+01
9.279511389185876396e+03 1.749233696166633365e+02 9.052882291274030990e+01 1.451180144550740181e+02 7.406186068056460670e+01
9.279875040802711737e+03 1.753507407542437306e+02 9.140401487619369902e+01 1.443694936141677090e+02 7.472494852358673256e+01
9.280231584437469792e+03 1.756818097625386201e+02 9.223078957153948920e+01 1.435844892806638029e+02 7.534438720952886115e+01
9.280609729551342753e+03 1.760590782966994254e+02 9.308099748138997143e+01 1.427524878049232768e+02 7.589915378463052775e+01
9.281018837936551790e+03 1.765451577627024449e+02 9.394766124347717096e+01 1.419055609862886627e+02 7.643084196406007891e+01
9.281422917741727360e+03 1.768462321873733174e+02 9.486958594040767423e+01 1.410344667728453771e+02 7.692191308320983012e+01
9.281821429633915614e+03 1.770205405356697952e+02 9.583780301391217904e+01 1.401329129057300520e+02 7.735433370096085071e+01
9.282195442141815874e+03 1.771868517084307086e+02 9.673735669477696320e+01 1.391791585054251641e+02 7.765464049946145053e+01
9.282609220424164960e+03 1.771113384047017405e+02 9.770740065291630572e+01 1.381961942859908277e+02 7.783823400851522933e+01
9.283017437401480493e+03 1.770201734970193570e+02 9.871037709020539808e+01 1.372018586853369584e+02 7.794394556774798843e+01
9.283393856280370528e+03 1.768767957538850908e+02 9.963642374291001147e+01 1.362019520131493664e+02 7.795056366658901936e+01
9.283772650452452581e+03 1.765708641483369661e+02 1.005023800338983619e+02 1.352067998449778656e+02 7.785236668209775246e+01
9.284158816496379586e+03 1.761644203609502028e+02 1.013668636997804100e+02 1.342175600976489989e+02 7.770654721590425140e+01
9.284523544936837425e+03 1.757416480296702730e+02 1.021670644837231805e+02 1.332488805936626761e+02 7.745889945820267997e+01
9.284897477113194327e+03 1.752013965558149096e+02 1.029246265312078918e+02 1.323303387468701544e+02 7.706401567382303597e+01
9.285284286297826839e+03 1.745345528910769417e+02 1.036923558785108526e+02 1.314835653357071692e+02 7.653229344119894506e+01
9.285621386982080367e+03 1.738173983344318572e+02 1.042216990810822068e+02 1.307108981293043541e+02 7.589763533267658602e+01
9.285943109911806459e+03 1.731152826643130993e+02 1.046625898424095311e+02 1.300112532533199214e+02 7.518324475794062778e+01
9.286285699091198694e+03 1.723008637894102435e+02 1.051299524210059388e+02 1.292485701015668269e+02 7.453649123367874552e+01
9.286620318939792924e+03 1.715907324586007974e+02 1.056701655861766795e+02 1.285112843693337368e+02 7.386091839854879026e+01
9.286974037401911119e+03 1.710300107103218465e+02 1.062260919485654540e+02 1.277912479037319429e+02 7.316699054828615090e+01
9.287365574411092894e+03 1.705313162213512044e+02 1.066796488469987025e+02 1.270529409197679342e+02 7.249253550424600689e+01
9.288090641899465481e+03 1.700657924822039604e+02 1.068984394448941231e+02 1.262924349702032174e+02 7.184621757801080832e+01
9.291948568851245000e+03 1.714970840417352065e+02 1.068085138738122311e+02 1.261285533730780486e+02 7.260257271017299274e+01
9.293156024606934807e+03 1.727155824508828914e+02 1.067523902625391230e+02 1.261254313139394441e+02 7.360237119085901725e+01
9.293815351660305168e+03 1.737281483646415552e+02 1.065728369793163353e+02 1.263244872337204470e+02 7.457732357906144216e+01
9.294382853880344555e+03 1.746419429265687313e+02 1.063432689380103682e+02 1.266496813744548007e+02 7.552221497056396515e+01
9.294959153897281794e+03 1.755694546801507840e+02 1.057277842400697381e+02 1.270616334453642651e+02 7.643277166459252214e+01
9.295432427933554209e+03 1.762820337496830518e+02 1.048570356836917625e+02 1.275993448498150826e+02 7.727395433489516563e+01
9.295799330618745444e+03 1.768041527413930112e+02 1.040469165186151344e+02 1.282748529772041479e+02 7.800835822910478612e+01
9.296131906617387358e+03 1.772603717055270351e+02 1.032869470795904903e+02 1.290431163697775787e+02 7.864687016449389034e+01
9.296456314464598108e+03 1.776810958635406053e+02 1.025394537520203784e+02 1.298714906488299903e+02 7.920597194108275119e+01
9.296792857286025537e+03 1.780678549340580048e+02 1.017584357550476568e+02 1.307446048225172319e+02 7.969254129112937335e+01
9.297147618838251219e+03 1.783609742211592391e+02 1.008912951088161662e+02 1.316508355198617153e+02 8.011454620879487720e+01
9.297507692488077737e+03 1.785900500089224181e+02 1.000338977206735933e+02 1.325897376816571409e+02 8.045722240922184199e+01
9.297867817401849607e+03 1.786560504823900999e+02 9.922249210611910542e+01 1.335549793716450893e+02 8.071667574929337263e+01
9.298243626845203835e+03 1.784897391245236236e+02 9.837584621851975442e+01 1.345404560374279868e+02 8.088282685119742155e+01
9.298625869561125000e+03 1.782909573830223167e+02 9.750157463801610902e+01 1.355385961678288425e+02 8.091844119388372292e+01
9.299027737350825191e+03 1.780841077627996754e+02 9.656194062047001125e+01 1.365354369980681497e+02 8.084765577181714491e+01
9.299416553415290764e+03 1.777946627882848816e+02 9.563924987584796611e+01 1.375243205745053956e+02 8.070118950274816427e+01
9.299821833823960333e+03 1.773815019346529596e+02 9.476053143297659176e+01 1.384881537649846450e+02 8.043857136110466399e+01
9.300226034715678907e+03 1.768756178137333848e+02 9.394288053579086295e+01 1.394163980246238452e+02 8.006866141275588689e+01
9.300594744462026938e+03 1.763421007916658141e+02 9.321108243931081461e+01 1.402980852579789257e+02 7.959844915585485126e+01
9.300984890561479915e+03 1.758275912119491977e+02 9.244497740967821642e+01 1.411267230134888564e+02 7.903981073443296168e+01
9.301395589126830600e+03 1.753983513207665794e+02 9.159098282825921444e+01 1.419110673332528165e+02 7.841998680693627932e+01
9.301786126941478869e+03 1.750161578650211709e+02 9.074216362964455129e+01 1.426784636246647437e+02 7.777885151973357836e+01
9.302155999941445771e+03 1.746649005039134011e+02 8.993580579728293856e+01 1.434505499559723489e+02 7.714334752080664259e+01
9.302504423320402566e+03 1.742850826501589552e+02 8.921131938650098903e+01 1.442232706721671889e+02 7.650860142315218582e+01
9.302826856258398038e+03 1.739706665726453707e+02 8.849265356481268441e+01 1.449849762514076303e+02 7.586071559640588191e+01
9.303173070717772134e+03 1.737157477776912344e+02 8.770677884157706217e+01 1.457542304310838972e+02 7.522180055821431210e+01
9.303552280876161603e+03 1.732728020447558777e+02 8.694407229165267381e+01 1.465252707001719727e+02 7.458501418559306728e+01
9.303939901373685643e+03 1.727196142357996109e+02 8.623618382533096849e+01 1.472838523109248001e+02 7.393348425621422848e+01
9.304354410685544281e+03 1.722510858822739408e+02 8.547586598426204318e+01 1.480487909446180765e+02 7.328940312906813404e+01
9.304780826941991108e+03 1.718293256993303828e+02 8.473351727330576466e+01 1.488355315644347741e+02 7.267226215789629862e+01
9.305211310136695829e+03 1.713565587055478829e+02 8.403322835843290761e+01 1.496380480620788944e+02 7.207569098383353889e+01
9.305695570190875515e+03 1.707750768711501905e+02 8.334772682881532546e+01 1.504020262678655797e+02 7.143099642629626089e+01
9.306297545402416290e+03 1.700677730749851833e+02 8.267271738482398291e+01 1.510682292499980690e+02 7.068705786563432980e+01
9.306947064474526996e+03 1.696635190935624280e+02 8.175466558221854996e+01 1.518050840070115157e+02 7.001274332295916736e+01
9.307563800002193602e+03 1.697657027175170867e+02 8.066802439714091122e+01 1.527299560480963407e+02 6.965850451406103616e+01
9.308140991455746189e+03 1.699842925007055214e+02 7.959629067278061143e+01 1.537186268317480256e+02 6.952214069240093863e+01
9.308665023903437032e+03 1.702163071348389565e+02 7.856694054405392080e+01 1.547154229673012367e+02 6.957524891910028941e+01
9.309178456174518942e+03 1.704406149670250556e+02 7.757251745469325499e+01 1.557133468437012880e+02 6.963955477696282514e+01
9.309712791462445239e+03 1.706438709119038606e+02 7.656087377766674251e+01 1.567109106366060587e+02 6.970927601935578366e+01
9.310243989083131964e+03 1.708003159882538569e+02 7.546000466253852323e+01 1.577042536189848079e+02 6.982345035864999261e+01
9.310791332416296427e+03 1.709294312694150904e+02 7.444455286445483466e+01 1.587018097833395132e+02 6.989090650552309114e+01
9.311346646590238379e+03 1.709861027301336094e+02 7.343403497481594400e+01 1.597009351891646531e+02 6.993214440981353164e+01
9.311902412655632361e+03 1.710866078082630963e+02 7.244451811929184259e+01 1.607006298997884528e+02 6.991632244576295818e+01
9.312444892871046250e+03 1.712305030860416082e+02 7.155766858875036007e+01 1.617004326240746082e+02 6.993136547012503001e+01
9.313015234515794873e+03 1.712958658532730567e+02 7.063262316578313005e+01 1.627003060184379990e+02 6.994722688093925456e+01
9.313671077903240075e+03 1.713168914872500466e+02 6.951556990146295334e+01 1.636928092445416496e+02 6.983347258905216393e+01
9.314312181176961531e+03 1.710929744118223823e+02 6.846586808216309805e+01 1.646556154024433454e+02 6.956751650278918930e+01
9.314962873096550538e+03 1.709965735047919964e+02 6.735818377078281571e+01 1.656249644303374282e+02 6.932216085052375831e+01
9.315546447888458715e+03 1.710002070227859861e+02 6.633929543149716324e+01 1.666217774485764380e+02 6.927949020752137699e+01
9.316072631270351849e+03 1.709753357745883307e+02 6.546358177460164995e+01 1.676217539446027729e+02 6.928013493060917938e+01
9.316538519475201610e+03 1.710257848207876918e+02 6.490741064758513801e+01 1.686209906537141876e+02 6.931752621941028281e+01
9.317018321306741200e+03 1.708520637374807620e+02 6.422151958002449135e+01 1.696204655139910926e+02 6.934980096132274241e+01
9.317556904007227786e+03 1.705987492915232622e+02 6.341038947280683402e+01 1.706198481136576675e+02 6.932074868491396558e+01
9.318052651320180303e+03 1.706476591025578955e+02 6.289748430831608061e+01 1.716195243449469956e+02 6.933912710487065567e+01
9.318510199254389590e+03 1.709067561809539484e+02 6.213899884377180172e+01 1.726159181842267856e+02 6.942179950844209202e+01
9.319029709149635892e+03 1.711727631007940147e+02 6.105409659748839601e+01 1.736154462488173067e+02 6.944330406373556741e+01
9.319553517345368164e+03 1.712433133989688088e+02 5.990451180390666508e+01 1.746154106795613927e+02 6.945149656724950660e+01
9.320074726589371494e+03 1.712268611883037011e+02 5.891107659177351508e+01 1.756102963872456257e+02 6.935615997786531750e+01
9.320595251128514064e+03 1.712887058725034706e+02 5.801879993990692697e+01 1.766077072520652109e+02 6.928514672549746933e+01
9.321160304729690324e+03 1.712085785165071172e+02 5.706209580057981867e+01 1.775991064778602322e+02 6.915581289740391924e+01
9.321779431944305543e+03 1.712189032120827221e+02 5.639953718002644933e+01 1.785904018502401698e+02 6.902416280521092062e+01
9.322898765065323460e+03 1.712057344321433447e+02 5.601326030404879219e+01 1.795889094091851916e+02 6.897663843973622022e+01
9.323977454993913852e+03 1.709958968166938007e+02 5.476005000520045485e+01 1.805505374650971930e+02 6.871216388842530876e+01
9.324710470293333856e+03 1.707450661526921465e+02 5.369704570969187785e+01 1.814942767371192076e+02 6.838177043243183562e+01
9.325421890121666365e+03 1.706587200291361341e+02 5.275062075279202389e+01 1.824737598691368703e+02 6.818516958591918353e+01
9.326196175612552906e+03 1.706662893213147925e+02 5.199508964508434872e+01 1.834689373835852280e+02 6.824769246046949434e+01
9.327365037981233399e+03 1.708061861274924524e+02 5.120877606755271216e+01 1.844449066565175315e+02 6.846207457899582494e+01
9.329514973021947299e+03 1.708748871436192189e+02 5.023199063753536819e+01 1.853757749280582914e+02 6.882490953578330561e+01
9.336447638162591829e+03 1.698612936007291125e+02 5.000080717617532144e+01 1.846532847574699758e+02 6.921668059060921507e+01
9.338570239144501102e+03 1.695091904552799633e+02 5.050977298590183295e+01 1.836699748101710838e+02 6.903475438762393424e+01
9.339691246215288629e+03 1.691303124926552641e+02 5.113825358518746356e+01 1.827023120771581830e+02 6.880326879196681489e+01
9.341197992993695152e+03 1.687314583412047284e+02 5.148082191948374486e+01 1.818316513164367052e+02 6.833240032229514327e+01
9.343410982341783892e+03 1.675484006171880083e+02 5.131255302713040578e+01 1.815802907714653429e+02 6.752941382617586896e+01
9.344441702945810903e+03 1.674486506457033101e+02 5.080351538765176400e+01 1.822067157790891940e+02 6.687867556397837632e+01
9.345353880660604773e+03 1.680937311956264182e+02 5.013156625365785857e+01 1.830499681091209538e+02 6.718176824201884756e+01
9.345896890542477195e+03 1.687728524540233082e+02 4.953357503893268898e+01 1.836682135424600517e+02 6.795223673373165241e+01
9.346301366373210840e+03 1.694250627581720892e+02 4.911953157616542853e+01 1.841692873687416068e+02 6.881697902984836901e+01
9.346675335278212515e+03 1.700139917166822556e+02 4.893942696772080581e+01 1.846127376641568105e+02 6.971285660937630269e+01
9.347076893834162547e+03 1.706376173627188564e+02 4.905219312850393720e+01 1.850034696083617121e+02 7.063301685888046677e+01
9.347488756277538414e+03 1.713259944742064249e+02 4.936462793061372167e+01 1.852718358841373743e+02 7.159382700544952627e+01
9.347860953934359713e+03 1.720728693934899525e+02 4.963310839622041470e+01 1.853899019356003919e+02 7.258466045845975145e+01
9.348237783253336602e+03 1.729330117165479521e+02 4.978764380997007777e+01 1.854428720225727716e+02 7.358313076715852219e+01
9.348602135163180719e+03 1.737988585914968951e+02 4.991989306696138584e+01 1.854364280728883045e+02 7.458267579836051198e+01
9.348954127009694275e+03 1.746450816843653513e+02 5.000744547268202211e+01 1.853943846130585484e+02 7.558173376292924672e+01
9.349311154616580097e+03 1.754810372864984060e+02 5.001294037331062725e+01 1.853494325452017790e+02 7.658072089181938225e+01
9.349668403601359387e+03 1.762945667249360611e+02 5.000424217653302605e+01 1.853052974638732167e+02 7.757974644163415689e+01
9.350041733853906408e+03 1.771806928803796666e+02 5.004312369213224798e+01 1.852699113326568181e+02 7.857910651824590786e+01
9.350431737786973827e+03 1.781278271007421949e+02 5.015914828119920799e+01 1.852413061068542390e+02 7.957869492164611813e+01
9.350816317262570010e+03 1.790566376728795603e+02 5.037800503339012437e+01 1.851944727980776406e+02 8.057753180767311108e+01
9.351202204108138176e+03 1.800270628789477598e+02 5.065925783300815510e+01 1.851510739251900759e+02 8.157657176245501773e+01
9.351575552803247774e+03 1.809758104727854118e+02 5.090721037475625366e+01 1.851180081172215637e+02 8.257601689708684489e+01
9.351928271749937267e+03 1.818074593502128096e+02 5.111225053726428769e+01 1.850972102239242076e+02 8.357578365749527904e+01
9.352311116195080103e+03 1.825690452319978476e+02 5.142566033189140029e+01 1.850763431882932650e+02 8.457556383101697861e+01
9.352730395316104477e+03 1.831393011170613931e+02 5.191952749387924371e+01 1.849954694689485279e+02 8.557169043630152316e+01
9.353186108290601624e+03 1.836263519635409693e+02 5.224224023231943903e+01 1.847297539882970625e+02 8.653070961175546927e+01
9.353693700702759088e+03 1.843299028865469325e+02 5.221201875058977038e+01 1.844909897442827571e+02 8.750057591219467668e+01
9.354177006859590620e+03 1.852206177423176996e+02 5.221885848628976134e+01 1.845659406744084947e+02 8.848655028895439045e+01
9.354595914650382838e+03 1.862018129407671836e+02 5.234612687619163296e+01 1.846949441259580453e+02 8.947812330093005073e+01
9.354944733551061290e+03 1.871400929520138732e+02 5.243664813573306560e+01 1.847861995586706314e+02 9.047382387872619347e+01
9.355261416376908528e+03 1.880152052234598159e+02 5.248408049864598723e+01 1.849201646919935627e+02 9.146448757136289487e+01
9.355555351754132062e+03 1.888095054260317909e+02 5.252190637634696913e+01 1.850971193381657258e+02 9.244858691348822788e+01
9.355856969886812294e+03 1.896150181886651183e+02 5.259589346554082567e+01 1.852897731443644602e+02 9.342984498193068532e+01
9.356154144678250304e+03 1.903941734119282216e+02 5.272432901670500627e+01 1.854478243088186105e+02 9.441710400290449456e+01
9.356453373485710472e+03 1.911401457240633590e+02 5.289963520697403965e+01 1.855586044626230375e+02 9.541076571199548084e+01
9.356761879943904205e+03 1.918915950663914600e+02 5.312837069967647352e+01 1.856177898665096109e+02 9.640879305085422857e+01
9.357057102761793431e+03 1.926299278091734095e+02 5.340729718932430359e+01 1.855996309183938706e+02 9.740808050172616106e+01
9.357358462111449626e+03 1.933626441539354630e+02 5.377823508503460914e+01 1.854910588856440086e+02 9.840149607294200962e+01
9.357656396919730469e+03 1.940778641899350703e+02 5.415054945559374033e+01 1.853371146429012697e+02 9.938948202362763595e+01
9.357969856373338189e+03 1.948784933927406371e+02 5.441147840383168699e+01 1.851916713467015256e+02 1.003788202176213389e+02
9.358291598742900533e+03 1.957103583951816574e+02 5.460272721939640661e+01 1.850417057367618554e+02 1.013675031590804139e+02
9.358610800789780114e+03 1.964714381637549820e+02 5.485880802594759587e+01 1.848814646182048023e+02 1.023545724341992411e+02
9.358947577136605105e+03 1.972477747368992027e+02 5.511488085415260940e+01 1.847240083591024700e+02 1.033420955408104334e+02
9.359274068504017123e+03 1.979924817664559669e+02 5.526379176874343102e+01 1.845597862415051509e+02 1.043285110915626603e+02
9.359616590108638775e+03 1.987736130354844306e+02 5.533489470043934944e+01 1.844235271959455247e+02 1.053190737704927642e+02
9.359981547899185898e+03 1.996541334683141713e+02 5.544437632578556219e+01 1.843578491853469359e+02 1.063164282235450742e+02
9.360328506456757168e+03 2.005289682766937744e+02 5.556215080871452017e+01 1.843800596502899225e+02 1.073155515729326339e+02
9.360680619474182095e+03 2.014121407226832616e+02 5.568405996833195104e+01 1.844718436942218034e+02 1.083110041947372650e+02
9.361048010899166911e+03 2.023449325089879665e+02 5.583131950567966584e+01 1.845910813641685877e+02 1.093038425090268504e+02
9.361400589722312361e+03 2.032408064752212056e+02 5.598174192322234433e+01 1.847579610832251262e+02 1.102895815656547569e+02
9.361759181496652673e+03 2.041509334281984707e+02 5.611694064689298500e+01 1.849300029599473874e+02 1.112746678059157972e+02
9.362114977172956060e+03 2.050694339491144262e+02 5.621216621155058846e+01 1.850376821994863121e+02 1.122683746770594837e+02
9.362448827068385071e+03 2.059267358230626428e+02 5.630145525851567356e+01 1.850853165796298754e+02 1.132669996094677600e+02
9.362791550161226041e+03 2.067671082615694615e+02 5.649093428252940186e+01 1.850789587661033977e+02 1.142667594651950083e+02
9.363140229774584441e+03 2.075915466231456605e+02 5.670164425738324354e+01 1.850389000562790045e+02 1.152658920797001514e+02
9.363474956517986357e+03 2.083821159626224073e+02 5.685967358315357245e+01 1.849627590183651478e+02 1.162628795494033369e+02
9.363825387158774902e+03 2.091986762161940874e+02 5.706739540649937936e+01 1.848457423243347080e+02 1.172558748913708655e+02
9.364171940820819145e+03 2.099456939617805062e+02 5.737695555054929741e+01 1.847224135060164656e+02 1.182482404786619128e+02
9.364506488431983598e+03 2.106105707301319399e+02 5.772646263485740548e+01 1.846077532196567574e+02 1.192416370619904455e+02
9.364845396238952162e+03 2.111111874087029605e+02 5.803887315117528090e+01 1.845370858775677050e+02 1.202389299431556680e+02
9.365172336295376226e+03 2.113918454053392111e+02 5.832735281970659003e+01 1.844996427699902597e+02 1.212381649076028367e+02
9.365513622607897560e+03 2.115812811427597069e+02 5.886855454679560040e+01 1.845010805377334293e+02 1.222380346533244904e+02
9.365858836709940078e+03 2.117356215497051437e+02 5.940205659086664980e+01 1.845530614384609294e+02 1.232364710475140299e+02
9.366193926403182559e+03 2.120393321674837068e+02 5.977624720475516540e+01 1.846356428621275825e+02 1.242330054856724360e+02
9.366541182330451193e+03 2.126162814842438422e+02 6.010257213746240978e+01 1.847137830410919150e+02 1.252299380291151039e+02
9.366886499303402161e+03 2.132030881507440085e+02 6.049024512912701113e+01 1.847952099073363001e+02 1.262266139630621922e+02
9.367228305939112033e+03 2.135115145041658025e+02 6.080759767035225138e+01 1.848643481928882863e+02 1.272241998604842053e+02
9.367602183403960225e+03 2.138196705677835894e+02 6.103136873330812051e+01 1.848878836468622353e+02 1.282237152287440836e+02
9.367986674309340742e+03 2.144088079443568802e+02 6.125858319521301354e+01 1.848209556207249307e+02 1.292207245159960678e+02
9.368353227399795287e+03 2.150572829102557648e+02 6.168344452059152161e+01 1.845054549482856601e+02 1.301629485416924581e+02
9.368722640382893587e+03 2.154579859359503757e+02 6.247290746024444275e+01 1.839157174882259085e+02 1.309619604485582727e+02
9.369089882501903048e+03 2.155648330067701863e+02 6.342532563226191655e+01 1.831188695194126410e+02 1.315568262198229377e+02
9.369443251399479777e+03 2.154998615807306521e+02 6.436192165765412199e+01 1.821824553567130636e+02 1.318908327037242714e+02
9.369807283022078991e+03 2.153789031651200503e+02 6.532524908629936533e+01 1.811924518722441348e+02 1.320119349992189655e+02
9.370164747119401000e+03 2.152347980457228687e+02 6.628660723729197457e+01 1.801932321487645083e+02 1.320424151439936793e+02
9.370523971059719770e+03 2.150889070445740572e+02 6.724968613392584871e+01 1.791932775478090321e+02 1.320505653867560625e+02
9.370899685264070285e+03 2.149338323173179788e+02 6.817584228242161259e+01 1.781935528417701562e+02 1.320298369520506299e+02
9.371267646794894972e+03 2.147378759891217044e+02 6.904755945809179707e+01 1.771944120654621315e+02 1.319888938026371363e+02
9.371634300776129749e+03 2.145508206520452461e+02 6.998377897516544976e+01 1.761959633072929705e+02 1.319334288766010843e+02
9.372023126442298235e+03 2.144524103065780025e+02 7.104010106213337394e+01 1.751964093233349047e+02 1.319062590420906815e+02
9.372407168069783438e+03 2.143463933554056098e+02 7.206690869331673355e+01 1.741972843597072256e+02 1.319410341218147948e+02
9.372775663887196060e+03 2.142319332567302581e+02 7.301808482755555474e+01 1.731982388933526522e+02 1.319847159143229476e+02
9.373147456092343418e+03 2.141598084053949549e+02 7.393770640454677334e+01 1.721987024600269933e+02 1.320146476443035510e+02
9.373513227640467449e+03 2.140340335393809994e+02 7.485958298905531194e+01 1.711988264556779029e+02 1.320295041833431924e+02
9.373876233058843354e+03 2.138422867797338256e+02 7.582101795798477895e+01 1.702003887242231599e+02 1.319797685923930430e+02
9.374238000855857535e+03 2.136206534450383856e+02 7.679418853206756523e+01 1.692051866009691992e+02 1.318830713460328923e+02
9.374573159062139894e+03 2.134425916937107672e+02 7.768133111379127342e+01 1.682106655029069771e+02 1.317785378765028668e+02
9.374915045438283414e+03 2.133273654717776253e+02 7.857963079697987041e+01 1.672142880948244397e+02 1.316938959815381054e+02
9.375288754043986046e+03 2.132548932901805188e+02 7.958745083066907000e+01 1.662182858862372825e+02 1.316046262491482537e+02
9.375678310224118832e+03 2.130706500256856657e+02 8.054896440840704486e+01 1.652227127312978610e+02 1.315106466027549459e+02
9.376064332726851717e+03 2.127541829138115475e+02 8.142808541359977426e+01 1.642280548907655486e+02 1.314074797776382013e+02
9.376463598672573426e+03 2.123484369873927733e+02 8.239436925471430584e+01 1.632297806118086498e+02 1.313523090130956348e+02
9.376850143333131200e+03 2.119706810242869608e+02 8.337700836884377509e+01 1.622311578778151784e+02 1.313914806994727087e+02
9.377217941095821516e+03 2.116814337449872880e+02 8.429504730679940394e+01 1.612353678457254489e+02 1.314819071721155979e+02
9.377598725768357326e+03 2.114803126526757353e+02 8.522792061526767782e+01 1.602489240410515947e+02 1.316438314538463032e+02
9.377984171641035573e+03 2.113259271450570793e+02 8.614143054558975621e+01 1.592787390290352505e+02 1.318845705689261081e+02
9.378339088550621454e+03 2.111405914056840913e+02 8.698813936636916821e+01 1.583049222702726126e+02 1.321116774929153053e+02
9.378710635307392295e+03 2.108582403674786576e+02 8.785545497359447609e+01 1.573285616627551349e+02 1.323278063258028112e+02
9.379081041155945059e+03 2.104797492144406874e+02 8.863024535580096597e+01 1.563470374504044855e+02 1.325188945800926206e+02
9.379467078687546746e+03 2.100441309311823375e+02 8.939600538282107323e+01 1.553529531977558236e+02 1.326220580695267586e+02
9.379881792951877287e+03 2.095512769432295102e+02 8.997057371407026949e+01 1.543595473032274867e+02 1.325323612332744290e+02
9.380345424254181125e+03 2.089453678674511821e+02 9.028109097434496277e+01 1.534413611503511277e+02 1.321508591955146699e+02
9.380903102980488256e+03 2.080594534914653195e+02 9.032683737652524769e+01 1.525777096988211099e+02 1.316479391430027874e+02
9.381492991308750788e+03 2.068548113838022857e+02 9.011562786989483698e+01 1.520188186540129038e+02 1.308338085666377140e+02
9.381972496449368919e+03 2.057034098997329181e+02 8.997847924393650487e+01 1.518136387109626355e+02 1.298607713562456354e+02
9.382362085180007853e+03 2.047422545934145433e+02 8.977295641472832699e+01 1.517835537351622577e+02 1.288621810341946627e+02
9.382730541307226304e+03 2.038440951549419253e+02 8.945908188022728780e+01 1.518316721904443227e+02 1.278635301377473894e+02
9.383088353610884951e+03 2.029025702866272240e+02 8.931140690160701467e+01 1.518783429087650916e+02 1.268646222110753854e+02
9.383411406078233995e+03 2.020328023974861935e+02 8.929013793886794303e+01 1.519029714019519872e+02 1.258649460779986953e+02
9.383761120445678898e+03 2.010761679440712442e+02 8.932120544990594624e+01 1.518825249269550284e+02 1.248652386190934038e+02
9.384104380547949404e+03 2.001375588719375571e+02 8.940598963171645153e+01 1.518211201837139868e+02 1.238671874008123268e+02
9.384440535554853341e+03 1.992469103541693016e+02 8.936474750444243398e+01 1.517146694563253959e+02 1.228729482018640766e+02
9.384800910956670123e+03 1.983310082608264793e+02 8.919608467735430679e+01 1.516715850883572614e+02 1.218740785670490538e+02
9.385139758473287657e+03 1.974704444822031348e+02 8.902005876494357040e+01 1.516575185103637295e+02 1.208742009565687567e+02
9.385467785037399153e+03 1.966357266329616493e+02 8.873416564769034665e+01 1.516730709187727939e+02 1.198743554921552601e+02
9.385798013830130003e+03 1.958606943288882860e+02 8.833104037019479904e+01 1.517053086078022659e+02 1.188748842253073832e+02
9.386120361147131916e+03 1.950923004913628915e+02 8.794849185973376393e+01 1.517416668488887410e+02 1.178755457670089726e+02
9.386476594306637708e+03 1.941984268850629292e+02 8.756230943971505098e+01 1.517628931207080427e+02 1.168757815141038776e+02
9.386823525534035070e+03 1.933597047129459270e+02 8.719771227671840563e+01 1.518251610405544056e+02 1.158778015610882335e+02
9.387157178290628508e+03 1.925363686715252243e+02 8.687770980055417169e+01 1.519678873324360495e+02 1.148883037302099837e+02
9.387514962147835831e+03 1.916802405783686538e+02 8.643818662770793537e+01 1.521286507268691821e+02 1.139013165361883040e+02
9.387856714741225005e+03 1.909740630027936561e+02 8.594273319537829536e+01 1.523060843424059669e+02 1.129171949952741585e+02
9.388218595813328648e+03 1.902044298691226629e+02 8.550821245150081040e+01 1.524420157612532876e+02 1.119265596532685691e+02
9.388599630769147552e+03 1.892842082707948919e+02 8.543532357253074849e+01 1.524809935814469952e+02 1.109277002403584049e+02
9.388961651737117791e+03 1.883420721941801048e+02 8.550420553282884839e+01 1.524059046053852455e+02 1.099310084021088443e+02
9.389332664447252682e+03 1.873230457750648270e+02 8.556260155318602756e+01 1.522243453332859531e+02 1.089480463371475594e+02
9.389709301628579851e+03 1.862966230435060027e+02 8.551574972892797177e+01 1.519961658705569789e+02 1.079744938161377945e+02
9.390067308454697923e+03 1.853618726861247694e+02 8.535304858308995790e+01 1.518173434408365665e+02 1.069907358871238330e+02
9.390426781011266939e+03 1.844446188541414813e+02 8.516589850410515794e+01 1.517500074497826006e+02 1.059934937962101031e+02
9.390800288926733629e+03 1.835138415290856528e+02 8.503872990665762188e+01 1.517201032990219005e+02 1.049939746195174308e+02
9.391165466892744007e+03 1.826371411142979184e+02 8.490662377337056910e+01 1.516957717077571886e+02 1.039942711051543967e+02
9.391545210830590804e+03 1.816790213258193489e+02 8.481057628867911546e+01 1.516888858390054509e+02 1.029943070286967952e+02
9.391937216825543146e+03 1.807162961974593429e+02 8.483033280207114046e+01 1.516971125562190252e+02 1.019943486224115219e+02
9.392318882709554600e+03 1.798470659195466226e+02 8.468349994457494745e+01 1.516693957891055504e+02 1.009947896889516556e+02
9.392705122522982492e+03 1.790810857382487598e+02 8.454202019910327692e+01 1.516604613075792258e+02 9.999484931894369311e+01
9.393111188956963815e+03 1.787374354469660602e+02 8.448224307592765570e+01 1.516239768426826231e+02 9.899555068372913524e+01
9.393485222956245707e+03 1.785384037915879105e+02 8.444865137152072521e+01 1.515816983894253269e+02 9.799644528698068768e+01
9.393880207060585235e+03 1.781435462317217286e+02 8.446485262169728969e+01 1.515531127724098326e+02 9.699686199283956967e+01
9.394267975711480176e+03 1.776221821059043577e+02 8.459190017228901581e+01 1.516279159617407970e+02 9.600009581725072394e+01
9.394614982138939013e+03 1.770115979603170899e+02 8.462256336066047879e+01 1.517375601536186025e+02 9.500615379502748681e+01
9.394996093592217221e+03 1.761911133757504047e+02 8.437040618026030359e+01 1.517953640264036039e+02 9.400794558167153525e+01
9.395399608296665974e+03 1.753281919455760658e+02 8.412316450532053125e+01 1.518226457391332360e+02 9.300834555394862946e+01
9.395793855787980647e+03 1.747498539461764437e+02 8.393133516051086929e+01 1.518084838099292995e+02 9.200850859109142732e+01
9.396208812164037226e+03 1.739923182743728489e+02 8.356368254873062540e+01 1.518203007016810488e+02 9.100861289489130002e+01
9.396677567592811101e+03 1.731290135516476596e+02 8.319930005100452775e+01 1.518562932419618789e+02 9.000928011820352026e+01
9.397243970738367352e+03 1.738344933493334281e+02 8.317920197837642604e+01 1.518916860847395185e+02 8.900990686796488660e+01
9.398286104604459979e+03 1.735612446912938083e+02 8.428898709981628201e+01 1.513627911194981266e+02 8.817788957567965724e+01
9.398982927656481479e+03 1.731772803109541030e+02 8.484566773725330791e+01 1.505338404142822526e+02 8.762531306770411277e+01
9.399498164854692732e+03 1.725512252056408897e+02 8.581329854064776441e+01 1.497484458826297384e+02 8.700675724332596417e+01
9.399925584569638886e+03 1.717040330806737813e+02 8.619769230692917006e+01 1.489755656837877495e+02 8.637221485395130571e+01
9.400348443643788414e+03 1.709079048917590740e+02 8.666440713614697700e+01 1.481883910701560012e+02 8.575550980500470644e+01
9.400750598495109443e+03 1.702080454391958710e+02 8.732560373814098398e+01 1.474817667316772258e+02 8.504850437209860559e+01
9.401186215231980896e+03 1.694895960941243516e+02 8.805347654931856027e+01 1.468138460778523608e+02 8.430435345086533516e+01
9.401601516928509227e+03 1.687688698964868195e+02 8.859148949977986831e+01 1.462171484948099476e+02 8.350216076485693861e+01
9.402003517872950397e+03 1.679823501510529695e+02 8.886954986555421954e+01 1.456467524007454983e+02 8.268081656678162972e+01
9.402523151567973400e+03 1.669951686815340395e+02 8.898633101007933988e+01 1.450941994244414275e+02 8.184735205776624412e+01
9.403064494283871682e+03 1.660952619486941444e+02 8.916791763828186390e+01 1.446756478318851578e+02 8.093985316630704574e+01
9.403610170458765424e+03 1.652301789577644229e+02 8.932887501688217924e+01 1.444048484240544497e+02 7.997784266996632141e+01
9.404163253509645074e+03 1.644174395799144577e+02 8.951608270190907035e+01 1.441975777090188444e+02 7.899965019433734881e+01
9.404791015648283064e+03 1.640366572462153556e+02 8.968348378384804676e+01 1.438296333561883955e+02 7.807064109174038435e+01
9.406469037108165139e+03 1.637432973356718264e+02 9.029374805117453207e+01 1.429517283802419740e+02 7.761613410661321666e+01
9.407650569230188921e+03 1.641203000782757329e+02 9.147840558287805379e+01 1.420169615808367212e+02 7.797113330168444634e+01
9.408403448258224671e+03 1.647059919772605099e+02 9.263861634229012054e+01 1.411517487657335153e+02 7.847245924324168698e+01
9.408995303982997939e+03 1.649628569500107744e+02 9.351914771540201343e+01 1.403370787196526805e+02 7.905212117980164521e+01
9.409553199118668999e+03 1.651894812738609062e+02 9.448508117479492796e+01 1.394360903595363936e+02 7.948561754265217871e+01
9.410059414366724013e+03 1.652908502117272178e+02 9.549331148054037044e+01 1.384789485999832550e+02 7.977497543909012734e+01
9.410573204311365771e+03 1.653159573673037528e+02 9.652197019785067766e+01 1.374965675741360940e+02 7.996180006824299369e+01
9.411053604299222570e+03 1.654497697692192446e+02 9.746406782348397257e+01 1.365076844405970746e+02 8.010980098429939744e+01
9.411515094578206117e+03 1.656502464598912638e+02 9.834348341211074285e+01 1.355426670451378470e+02 8.037188751344912419e+01
9.412028417903453374e+03 1.657849541348138871e+02 9.928296453682374079e+01 1.345937190130196370e+02 8.068712950494251857e+01
9.412592747176538978e+03 1.659085046083054635e+02 1.002885996285921948e+02 1.336210667905052674e+02 8.091896592065039329e+01
9.413184582570926068e+03 1.657628109664097735e+02 1.013502013108651028e+02 1.326288971965022938e+02 8.104062038074276586e+01
9.413724941666583618e+03 1.654877720788404645e+02 1.023306732387618894e+02 1.316314462315731362e+02 8.096962774220665437e+01
9.414249268626455887e+03 1.650974698122171560e+02 1.032319540083332612e+02 1.306389006622756597e+02 8.084840246144686660e+01
9.414791466578433756e+03 1.645849181758675854e+02 1.041400780864609175e+02 1.296599922559345828e+02 8.064419901530055768e+01
9.415308623912424082e+03 1.642695283877072256e+02 1.051230708448051416e+02 1.286913490792668142e+02 8.039655744515019364e+01
9.415851147992980259e+03 1.640265447030529913e+02 1.060138869894762621e+02 1.277628982740054937e+02 8.002536896816017986e+01
9.416531518661069640e+03 1.634537616767695170e+02 1.068817580761173929e+02 1.268745642171586780e+02 7.956785347402500008e+01
9.417352522030958426e+03 1.624319329529649849e+02 1.076814969756712514e+02 1.261262732198465244e+02 7.890677235868012929e+01
9.418029934240419607e+03 1.615018121317667692e+02 1.083781468688395222e+02 1.255589689807664087e+02 7.808419596545073205e+01
9.418626453418757592e+03 1.608541671071197925e+02 1.090685632571320269e+02 1.248645187019758112e+02 7.736482164977213927e+01
9.419186941324205691e+03 1.602343301669553171e+02 1.094109863696923668e+02 1.242336256768718670e+02 7.659218636452250450e+01
9.419955963597809387e+03 1.595561728878879819e+02 1.093939557776825495e+02 1.238593945032071986e+02 7.566506785976467597e+01
9.421044751358773283e+03 1.586051223276271287e+02 1.098804306652586007e+02 1.234405079715329094e+02 7.479371248129530159e+01
9.421839646094349519e+03 1.578313267831594828e+02 1.108117016976499514e+02 1.226224085743706951e+02 7.421929179718917169e+01
9.422478904656471059e+03 1.570723343378938921e+02 1.114392561914723814e+02 1.218550056542995890e+02 7.358034562922995292e+01
9.423145783916454093e+03 1.562827503384170882e+02 1.119320488419891007e+02 1.211670621563783357e+02 7.285518507427512702e+01
9.423840262809446358e+03 1.555207568099966977e+02 1.124753896267467894e+02 1.205064193055910806e+02 7.210541888053349169e+01
9.424526943019573082e+03 1.548449761656366945e+02 1.131561292028148529e+02 1.197693313605490886e+02 7.143326338252045105e+01
9.425267489920406661e+03 1.542432353207068161e+02 1.139518588282957978e+02 1.189326664342519848e+02 7.088915233339494648e+01
9.426044294624962276e+03 1.537778614232827294e+02 1.149139384316650876e+02 1.180214356813961132e+02 7.048499204494522985e+01
9.426777903747513847e+03 1.533690146731754851e+02 1.159966684751096579e+02 1.170532345454941492e+02 7.023909863272712073e+01
9.427428362087570349e+03 1.530789604638412413e+02 1.171195251896095755e+02 1.160640781569634754e+02 7.010053298191247961e+01
9.428018465451164957e+03 1.528949576447967047e+02 1.182271900682360268e+02 1.150652397877428399e+02 7.005324515691563647e+01
9.428597721137131884e+03 1.527914785579174293e+02 1.193339304694645193e+02 1.140658418220848489e+02 7.004062174524804618e+01
9.429207442653041653e+03 1.527636138323577200e+02 1.205142814093523640e+02 1.130695227974024988e+02 7.011203532124874016e+01
9.429879532697943432e+03 1.527404978545553433e+02 1.218052467814124640e+02 1.120836877108194614e+02 7.027829706493832873e+01
9.430537409404421851e+03 1.527521188866577120e+02 1.230313723206002408e+02 1.110999652198451315e+02 7.044659246807678699e+01
9.431119403380611402e+03 1.526891582236271461e+02 1.241153159992017123e+02 1.101020543909456393e+02 7.047090908034519430e+01
9.431644323650340084e+03 1.525857093769575954e+02 1.251215668994819765e+02 1.091043050235374778e+02 7.041513234639830898e+01
9.432188744915552888e+03 1.524429325460134805e+02 1.261498345840245463e+02 1.081043271160845052e+02 7.042146571126622234e+01
9.432746119408260711e+03 1.522567428281290915e+02 1.271533550849414382e+02 1.071045021584187396e+02 7.041414676721154819e+01
9.433320059271734863e+03 1.520353657486168686e+02 1.281106790681364771e+02 1.061062884984483361e+02 7.036132528050579538e+01
9.433934511645977182e+03 1.517609888259477202e+02 1.290794327477749732e+02 1.051117529763192948e+02 7.025720323407124113e+01
9.434539287180732572e+03 1.515533982223424800e+02 1.300248206867871090e+02 1.041181358685046803e+02 7.014461755295023693e+01
9.435171562598145101e+03 1.513592534157605485e+02 1.309940393962413907e+02 1.031240016175304532e+02 7.003705246769455073e+01
9.435801719295901421e+03 1.512133788105984991e+02 1.319991048166664598e+02 1.021299408682981635e+02 6.993939763564532086e+01
9.436404086978925989e+03 1.511158429648180572e+02 1.330133680049503369e+02 1.011302298107089115e+02 6.991684659549522962e+01
9.436974156767984823e+03 1.510308536303039944e+02 1.340058589854355944e+02 1.001307311281997556e+02 6.989357671476270184e+01
9.437509110539444009e+03 1.510314002855983233e+02 1.349876199752264085e+02 9.913144341514835389e+01 6.992128760345605087e+01
9.438044924337586053e+03 1.510293414276587214e+02 1.359698673158559927e+02 9.813320746703500674e+01 6.997106900997482626e+01
9.438568398786926991e+03 1.509630616900893187e+02 1.369154601789777246e+02 9.713323861666287939e+01 6.997271861302465368e+01
9.439105761503453323e+03 1.508689520428709443e+02 1.378766618498339369e+02 9.613375149285663213e+01 6.999856544563608907e+01
9.439673341493731641e+03 1.507268259652356051e+02 1.388849137697923766e+02 9.513494889151934331e+01 7.003511034060512941e+01
9.440229007625093800e+03 1.506653541269607786e+02 1.398965883666656396e+02 9.413509773925196100e+01 7.002870586676864662e+01
9.440769464300983600e+03 1.506359492223113534e+02 1.408797719650832505e+02 9.313523968796593522e+01 7.004130892316453583e+01
9.441268718141263889e+03 1.505051353993106602e+02 1.418092386724505332e+02 9.213530208134287136e+01 7.003201722276570251e+01
9.441748071324178454e+03 1.504033738487698315e+02 1.427316487309981312e+02 9.113551535986802321e+01 7.001146715524960484e+01
9.442253359162685229e+03 1.502498757508278118e+02 1.436831820413945024e+02 9.013659845434351325e+01 6.997216627703571135e+01
9.442750474286665849e+03 1.500911703271998476e+02 1.446438783111862278e+02 8.913918310413622237e+01 6.990178451718492170e+01
9.443229898458217576e+03 1.499800702019629739e+02 1.455681039353893880e+02 8.813999419148551340e+01 6.987000535650308564e+01
9.443741815061883244e+03 1.498499333600835257e+02 1.465213294175019598e+02 8.714083572273230516e+01 6.989709598822882697e+01
9.444299384908346838e+03 1.497687401331077695e+02 1.475194556388511842e+02 8.614425443269804816e+01 6.997921173621243440e+01
9.444900302001098680e+03 1.496484438877145635e+02 1.485019106159612079e+02 8.514762219544402910e+01 7.004845211608150635e+01
9.445519574092122639e+03 1.494247205546078590e+02 1.495335671184043065e+02 8.414782967969225069e+01 7.003688668898504943e+01
9.446094361926641795e+03 1.492729059896627177e+02 1.505914356107092260e+02 8.314841903638212273e+01 7.001532634600066274e+01
9.446638615599053082e+03 1.492185706393850069e+02 1.516814496843293512e+02 8.214878899373839261e+01 7.004134503285978042e+01
9.447159746126284517e+03 1.492319192490007822e+02 1.527760041961926731e+02 8.114947032514425018e+01 7.007813581887094756e+01
9.447675922574951983e+03 1.491382361792913684e+02 1.538214531847927447e+02 8.014985529468619063e+01 7.010408567035469218e+01
9.448203278308412337e+03 1.490095006329313776e+02 1.548564732935329573e+02 7.915021383432244306e+01 7.012494256875123710e+01
9.448757285332898391e+03 1.488793275996910666e+02 1.559031788347376732e+02 7.815135922662739176e+01 7.014531996996952046e+01
9.449325644128341082e+03 1.487024455601823547e+02 1.569533911026030637e+02 7.715285464105336644e+01 7.009134398555274004e+01
9.449877174350176574e+03 1.485744417495707808e+02 1.579830252596315461e+02 7.615600993245399764e+01 7.001359525637148806e+01
9.450443960787348260e+03 1.483622390603972576e+02 1.590071270919021913e+02 7.516507679798564823e+01 6.988542679162624438e+01
9.450985105391984689e+03 1.481851783101802482e+02 1.600064383100912551e+02 7.418082100371778154e+01 6.971067331294764813e+01
9.451510313388160284e+03 1.480765927034367166e+02 1.609493142579214009e+02 7.318720017373108533e+01 6.961529213743487787e+01
9.452067888915722506e+03 1.480961999358930825e+02 1.618853588291654262e+02 7.219148649293215669e+01 6.966431798992304891e+01
9.452683671560862422e+03 1.481835069119748596e+02 1.629608355751913962e+02 7.120296745764471780e+01 6.980949406228508280e+01
9.453308859896706053e+03 1.481076289662654517e+02 1.640892552359249521e+02 7.020551003800240153e+01 6.985400240397272853e+01
9.453911470348475632e+03 1.479764148075186370e+02 1.651482635645257915e+02 6.920617494119524338e+01 6.981945028497895578e+01
9.454542947568450472e+03 1.476708245250926552e+02 1.661723248691522770e+02 6.820725510804318503e+01 6.978377941206662172e+01
9.455187859745601600e+03 1.473997073695801703e+02 1.669336738206017401e+02 6.721020080107386718e+01 6.974451423534451067e+01
9.455954758653360841e+03 1.473119161566349931e+02 1.677323989786799814e+02 6.621211226066644429e+01 6.980629530125008841e+01
9.456705791318274350e+03 1.473675182903235452e+02 1.689784531675523169e+02 6.521816314371307044e+01 6.990128931958803093e+01
9.457239201463993595e+03 1.474423120759194035e+02 1.700662253002592763e+02 6.422985741946176574e+01 7.004105872660468890e+01
9.457704482527837172e+03 1.473154679857458689e+02 1.710437228600628430e+02 6.323217080815557978e+01 7.004342957891489618e+01
9.458178779515736096e+03 1.471681184617731901e+02 1.720572047219142462e+02 6.223641357518027917e+01 6.995288240576091709e+01
9.458632250584745634e+03 1.471411214267795060e+02 1.730087427963202344e+02 6.123870130147057722e+01 6.988533821972502835e+01
9.459070834561080119e+03 1.472341128188200798e+02 1.739520580312737934e+02 6.024060411324801123e+01 6.982745017619306793e+01
9.459525287225498687e+03 1.474226719127158560e+02 1.749335642776340762e+02 5.924246929254345417e+01 6.984095354521467414e+01
9.459989935337873248e+03 1.474731582309435112e+02 1.759113614853028196e+02 5.824985086863302541e+01 6.996000863649994983e+01
9.460465435033293033e+03 1.473675953493723512e+02 1.769325818426298440e+02 5.726568571982520695e+01 7.013439661867251118e+01
9.460925445282231522e+03 1.471784757712514420e+02 1.779267273945299621e+02 5.628472680343997325e+01 7.032099457389655583e+01
9.461351370570811923e+03 1.469556379285118908e+02 1.788571094520247016e+02 5.528868546831373010e+01 7.039922904199582376e+01
9.461756146206449557e+03 1.468134178788789086e+02 1.798049270517486775e+02 5.428876852408354381e+01 7.040694252542209597e+01
9.462133029367263589e+03 1.466562777507011788e+02 1.806975422557551383e+02 5.328879324402993234e+01 7.040008357642116721e+01
9.462518398145773972e+03 1.464261166066554267e+02 1.815994564806119911e+02 5.228950978659883475e+01 7.037615866452979674e+01
9.462905357020730662e+03 1.462213529050685850e+02 1.824672046286173668e+02 5.129172460749843765e+01 7.030969152308182402e+01
9.463316951345994312e+03 1.459956960904297887e+02 1.833126696673849096e+02 5.029324585748462084e+01 7.025631441423620061e+01
9.463777719929190425e+03 1.457781271662052234e+02 1.842197770735329527e+02 4.929383231268926124e+01 7.022215950789552608e+01
9.464326254396803051e+03 1.454867777729060379e+02 1.852003104483284233e+02 4.829548722107357150e+01 7.016931277190855099e+01
9.467726562614654540e+03 1.440421583418214766e+02 1.866133648756447769e+02 4.783882646724493526e+01 6.991499315729262776e+01
9.468791395498908969e+03 1.432949603531107527e+02 1.860111459094526936e+02 4.875965350855751268e+01 6.953429706994776893e+01
9.469083005643726210e+03 1.430195568571131162e+02 1.852150087337888351e+02 4.972392468346005501e+01 6.927095456053397982e+01
9.469389481907961454e+03 1.428553986699570828e+02 1.843669222654001771e+02 5.070871079476329157e+01 6.909886939950250451e+01
9.469698066180155365e+03 1.427137313052507466e+02 1.835133336086210534e+02 5.170137149042251679e+01 6.897862366316725513e+01
9.470013110991025314e+03 1.427423217959768067e+02 1.825832095022615533e+02 5.269386398101404012e+01 6.885632860346903783e+01
9.470499760902206617e+03 1.429857640896258317e+02 1.811286252009978170e+02 5.367963436810721589e+01 6.868871856051285363e+01
9.472482980681957997e+03 1.441650856711663096e+02 1.754601236693251280e+02 5.467624119916758474e+01 6.861071049569815727e+01
9.475280479145398203e+03 1.463468380485492446e+02 1.678783921465524145e+02 5.517555755204470813e+01 6.936244712379057376e+01
9.475759415104912478e+03 1.466983096739514849e+02 1.665298744298516453e+02 5.617036967031282302e+01 6.946123938886690041e+01
9.476091160689778917e+03 1.468523675199408842e+02 1.655865126552335767e+02 5.716932067382113303e+01 6.950559826856972734e+01
9.476416402419539736e+03 1.469174893810935885e+02 1.646631580524631602e+02 5.816909357611354636e+01 6.951871409188947837e+01
9.476707824775729023e+03 1.468839805669273062e+02 1.638362234255138219e+02 5.916857882661404489e+01 6.949044445203173836e+01
9.476989978300438452e+03 1.468788719481678413e+02 1.630371310186579592e+02 6.016636420605048841e+01 6.942520714059931208e+01
9.477271495211298316e+03 1.469797985830588232e+02 1.622456586402358880e+02 6.116163637320032365e+01 6.932866180938053446e+01
9.477546189727534511e+03 1.470976320487901887e+02 1.614406123947142646e+02 6.215469398453945615e+01 6.921103318110291980e+01
9.477827719650036670e+03 1.471449855731368359e+02 1.606067344556364276e+02 6.314767785430256453e+01 6.909280771453481407e+01
9.478094975142606927e+03 1.471735602402496284e+02 1.598167286993176788e+02 6.414127773341310501e+01 6.898309575597492938e+01
9.478375313333022859e+03 1.472719132154872170e+02 1.589934636372147168e+02 6.513991463002271587e+01 6.893168189835179760e+01
9.478651360869644122e+03 1.474619706981951026e+02 1.582025391577011817e+02 6.613916550017347618e+01 6.889398314504420284e+01
9.478954206226218957e+03 1.477349451304505692e+02 1.573669848912566920e+02 6.713770982276169264e+01 6.884011820658322733e+01
9.479247762112892815e+03 1.480025508197953457e+02 1.565617012975928901e+02 6.813641961750141718e+01 6.878954964684909612e+01
9.479543228874334091e+03 1.482004127913089917e+02 1.557168379238110276e+02 6.913445883676493509e+01 6.872716130601018847e+01
9.479833930052418509e+03 1.483886509608865651e+02 1.548844541477394046e+02 7.013207867139385598e+01 6.865868168468009003e+01
9.480118218675906974e+03 1.486254500466659749e+02 1.540874694751568086e+02 7.113093621020296098e+01 6.861249240377389924e+01
9.480423234286787192e+03 1.489016533015485209e+02 1.532526296825392649e+02 7.213047738838197631e+01 6.858478357154166360e+01
9.480711754240714072e+03 1.491055155229006743e+02 1.524412701678012922e+02 7.312925415774458315e+01 6.853575552002504878e+01
9.481003445794674917e+03 1.492985246421197303e+02 1.516357335515262719e+02 7.412857728739349739e+01 6.849898822498367679e+01
9.481295822191390471e+03 1.495018313573425814e+02 1.508461920827614904e+02 7.512793788828986408e+01 6.846448572151302869e+01
9.481589046684472123e+03 1.497104658855030834e+02 1.500490980090743847e+02 7.612781343985970750e+01 6.845511014849526532e+01
9.481884352449209473e+03 1.499582683044274916e+02 1.492420385022636253e+02 7.712756003753167988e+01 6.847570218134684694e+01
9.482166945419610784e+03 1.502495590960356537e+02 1.484620817295535460e+02 7.812686244750844367e+01 6.851290990465260222e+01
9.482467377238150220e+03 1.505989182738244381e+02 1.476142998065448069e+02 7.912637337327760179e+01 6.854416729877472392e+01
9.482755876651248400e+03 1.509205070213596400e+02 1.467858867381553694e+02 8.012577948860796084e+01 6.857853789226874142e+01
9.483039271470079257e+03 1.512687198728792168e+02 1.459992259502147078e+02 8.112468080769916412e+01 6.862383494680146612e+01
9.483328282931153808e+03 1.516450177395982450e+02 1.452122130866804923e+02 8.212221647557964843e+01 6.869397679499496689e+01
9.483611281412400785e+03 1.520354096411489024e+02 1.444527849177101473e+02 8.311961565791867201e+01 6.876599649708016671e+01
9.483915015671804213e+03 1.525203146635159612e+02 1.437016853547961261e+02 8.411711556456171479e+01 6.883623358639441392e+01
9.484208305329764698e+03 1.530387424959907037e+02 1.430227820015637406e+02 8.511261106555734557e+01 6.892975614578946875e+01
9.484515807131541806e+03 1.534868358998979829e+02 1.422430171050329193e+02 8.610313337334508788e+01 6.906528556827893794e+01
9.484815002627974536e+03 1.537955480042933800e+02 1.414271853427136989e+02 8.708582097797128085e+01 6.925023508493946167e+01
9.485110289579064556e+03 1.540352810717412808e+02 1.406259378777031941e+02 8.806503258228460140e+01 6.945294287592129479e+01
9.485432438120174993e+03 1.542656964716617267e+02 1.397625940588949902e+02 8.904919977660149755e+01 6.962822789940527457e+01
9.485748626621005315e+03 1.544843855204693170e+02 1.389066928286908364e+02 9.004265255928439160e+01 6.974005945736391254e+01
9.486061582850637933e+03 1.547567222463657686e+02 1.380688414656183340e+02 9.104083658667451573e+01 6.979874617367741507e+01
9.486384212067230692e+03 1.549836743572360547e+02 1.372144550883641045e+02 9.204039241906522761e+01 6.982823271783639996e+01
9.486705564817397317e+03 1.550544307541086084e+02 1.363672041188428921e+02 9.303988976503202935e+01 6.985640600522322075e+01
9.487036916918548741e+03 1.550956464005609234e+02 1.355548076322310180e+02 9.403721795097553127e+01 6.992545571984938135e+01
9.487360047850168485e+03 1.551634356693560051e+02 1.348031619367215228e+02 9.503056849640252324e+01 7.004056032742634841e+01
9.487670420845081026e+03 1.551698246021810519e+02 1.340321610946666624e+02 9.602566575456954467e+01 7.013200508260277388e+01
9.487971258236688300e+03 1.550920869490354050e+02 1.332297265518457436e+02 9.702544164819856576e+01 7.013883016408910009e+01
9.488205133117491641e+03 1.550520471284061443e+02 1.325745180667584293e+02 9.802487804438227670e+01 7.010529164559504522e+01
9.488404372767097811e+03 1.550807700522090329e+02 1.320142609440952697e+02 9.902416351116228554e+01 7.006758720744205959e+01
9.488568524190095559e+03 1.551227967125043108e+02 1.315621495778475776e+02 1.000233482406063388e+02 7.002764370915402026e+01
9.488728790088882306e+03 1.551382919793353210e+02 1.311266915011480307e+02 1.010228781195217209e+02 6.999725044036327404e+01
9.488895129870055825e+03 1.551394287374970418e+02 1.306838916914917945e+02 1.020222309271432266e+02 6.996171734435900191e+01
9.489058634327904656e+03 1.551508530533466228e+02 1.302688848588397832e+02 1.030219915390940884e+02 6.994157756780764146e+01
9.489230876223704399e+03 1.551839676992138664e+02 1.298703178728624437e+02 1.040219872146200970e+02 6.993923594818851086e+01
9.489414524079104012e+03 1.552536722459066141e+02 1.294647274200320339e+02 1.050218272120346654e+02 6.994823507462122336e+01
9.489593309746493105e+03 1.553573701749865847e+02 1.290725712299957593e+02 1.060205159892193336e+02 6.999645601158985642e+01
9.489770259408296624e+03 1.555056885089169896e+02 1.286905183117721947e+02 1.070158734338424722e+02 7.008999050843900136e+01
9.489949210870907336e+03 1.556967157193883224e+02 1.282926283529485545e+02 1.080054185256152834e+02 7.023375781392573458e+01
9.490121030243763016e+03 1.558949993261936129e+02 1.278996371845212536e+02 1.089915054674993087e+02 7.039998801500905756e+01
9.490291264969055192e+03 1.560931899193293191e+02 1.275122391333413674e+02 1.099766417605488442e+02 7.057149501199235431e+01
9.490471473061694269e+03 1.563136236106892056e+02 1.271187440040640269e+02 1.109584288323259358e+02 7.076147951484369969e+01
9.490649843049430274e+03 1.565395956498753662e+02 1.267429474147532602e+02 1.119388052047649325e+02 7.095811174589023551e+01
9.490822259202166606e+03 1.567557986981112492e+02 1.263742601146513778e+02 1.129150051517830207e+02 7.117449024818667169e+01
9.490996151826537243e+03 1.569886127478891922e+02 1.260026214551666470e+02 1.138960024484833014e+02 7.136820884905998241e+01
9.491162928932129944e+03 1.572487416952291710e+02 1.256583395167514823e+02 1.148739958968760391e+02 7.157646994355572190e+01
9.491324949453215595e+03 1.575159907237178913e+02 1.253270080838442624e+02 1.158568040801521590e+02 7.176109823810089949e+01
9.491492610031558797e+03 1.577880691151258929e+02 1.249893240227775522e+02 1.168389361203924892e+02 7.194924029342735139e+01
9.491664446595301342e+03 1.580447935410413720e+02 1.246263974914094348e+02 1.178182016496473352e+02 7.215150044518560435e+01
9.491835045563517269e+03 1.582712379203662465e+02 1.242355257585468564e+02 1.187922377487315941e+02 7.237784677027526925e+01
9.492008738409929720e+03 1.584638633321314387e+02 1.237986202875545843e+02 1.197636180133564636e+02 7.261532719238272193e+01
9.492185933440156077e+03 1.586655104651783574e+02 1.233416214379861486e+02 1.207320806552221626e+02 7.286443734671108530e+01
9.492352387243618068e+03 1.588847382661076324e+02 1.229136868021980007e+02 1.216984804772133373e+02 7.312146516458292922e+01
9.492521475980680407e+03 1.591361403223413902e+02 1.224751456321932324e+02 1.226649296995736194e+02 7.337812191595169509e+01
9.492714437865601212e+03 1.594283419887974560e+02 1.219737398758018259e+02 1.236234601356344882e+02 7.366256579713915187e+01
9.492921662343276694e+03 1.597371038001174384e+02 1.214384702220336578e+02 1.245682297249770443e+02 7.398967622539279887e+01
9.493140264987832779e+03 1.600346774687324398e+02 1.208817574474287966e+02 1.254952613314542731e+02 7.436404852896437490e+01
9.493367625224151197e+03 1.603862903101954487e+02 1.203268222971378094e+02 1.264027998890556290e+02 7.478375568384574024e+01
9.493603091568835225e+03 1.608038754220603153e+02 1.197752481756902370e+02 1.272940569865340450e+02 7.523696302844363970e+01
9.493856279108791568e+03 1.612729165729222416e+02 1.191953937997921997e+02 1.281691352846915208e+02 7.572090744647201177e+01
9.494114906200889891e+03 1.617367173335747736e+02 1.185911987973521349e+02 1.290377790845227537e+02 7.621633589568872935e+01
9.494384664140750829e+03 1.621772518148256097e+02 1.179525964851507212e+02 1.299083253239773228e+02 7.670804505809950058e+01
9.494655574721729863e+03 1.625564672822139016e+02 1.172762747177386444e+02 1.308050823769063413e+02 7.714890929093213856e+01
9.494942137223582904e+03 1.628321468440829562e+02 1.164967882974010251e+02 1.317402794310982586e+02 7.750019449737676780e+01
9.495239678527057549e+03 1.629777281424105979e+02 1.156422890316145811e+02 1.327079773895819983e+02 7.774905309096062922e+01
9.495541734158288818e+03 1.630438174318071560e+02 1.147971691243419485e+02 1.336959793840950113e+02 7.789333007583246626e+01
9.495860264000733878e+03 1.630184839003939032e+02 1.139063682012578624e+02 1.346948378664839083e+02 7.790882912548532602e+01
9.496170337192475927e+03 1.629606040654465176e+02 1.130355764201676294e+02 1.356898686408418939e+02 7.781744265457420795e+01
9.496490213909408340e+03 1.628905253101202959e+02 1.121301084677688920e+02 1.366708673582430151e+02 7.762853443116905794e+01
9.496811940782648890e+03 1.627974955807468689e+02 1.112079704126630020e+02 1.376267204736423651e+02 7.733749040407428765e+01
9.497125721205360605e+03 1.625455134306865546e+02 1.103324496488200310e+02 1.385497775794269444e+02 7.695482732278297533e+01
9.497442321139595151e+03 1.621270226670260683e+02 1.095219114016597501e+02 1.394378461446164863e+02 7.649553793721641171e+01
9.497745782974359827e+03 1.616665408686135947e+02 1.088050319899978291e+02 1.403068859126295820e+02 7.600083117393157295e+01
9.498049441701883552e+03 1.612192244383450372e+02 1.081043682730476263e+02 1.411696981061892018e+02 7.549531276908982136e+01
9.498356190648055417e+03 1.608008941639800469e+02 1.073731118382123668e+02 1.420214622880822617e+02 7.497224864948071854e+01
9.498661349725824039e+03 1.604726254780477177e+02 1.066055017574507104e+02 1.428426128182729826e+02 7.440153745794621898e+01
9.498966778162861374e+03 1.602028576069961900e+02 1.058114244516421962e+02 1.436613720671832368e+02 7.382742405116178475e+01
9.499253430466837017e+03 1.599411223898447929e+02 1.050564805925186818e+02 1.444718506003527523e+02 7.324171630091261420e+01
9.499540804519268931e+03 1.596459889715081317e+02 1.043042162082176105e+02 1.452745632366960820e+02 7.264537016216959842e+01
9.499829172274765369e+03 1.593262554926369035e+02 1.035517927216167067e+02 1.460850684362148115e+02 7.205968886053302924e+01
9.500127410578750641e+03 1.590196468474532026e+02 1.027729925583776094e+02 1.469071905850955204e+02 7.149048165652855857e+01
9.500426296602759976e+03 1.587483339531710556e+02 1.020194908382087817e+02 1.477457477038199727e+02 7.094594542239478585e+01
9.500725320152900167e+03 1.585643455338230297e+02 1.013303218454820325e+02 1.486084740288183355e+02 7.044093157254569348e+01
9.501037363847890447e+03 1.584778111618449543e+02 1.006297276676328067e+02 1.494983494397650077e+02 6.998497029293886840e+01
9.501355397682273178e+03 1.585200328705070945e+02 9.986155743502075666e+01 1.504064683904180129e+02 6.956713366206321325e+01
9.501698540886174669e+03 1.586216598145807950e+02 9.904644219200675082e+01 1.513396945503247650e+02 6.920881806486944754e+01
9.502051447225619995e+03 1.586538955503407067e+02 9.820051430976138818e+01 1.522953458979287973e+02 6.891688526410179350e+01
9.502422473014414209e+03 1.586380035710342895e+02 9.728202757664742251e+01 1.532737429573273573e+02 6.871321730232565983e+01
9.502817860769939216e+03 1.587642472206875652e+02 9.629099127659908675e+01 1.542656217204359166e+02 6.858912498553733883e+01
9.503209094829788228e+03 1.589930370919521749e+02 9.529174735311828215e+01 1.552635061441054063e+02 6.852750215793727762e+01
9.503579784569208641e+03 1.591072023379750249e+02 9.432264175657546446e+01 1.562632630535974556e+02 6.850564849522449151e+01
9.503948579137257184e+03 1.591710417582274886e+02 9.337798510653374251e+01 1.572631063412731010e+02 6.848806627525448221e+01
9.504320320257738786e+03 1.592270074848048012e+02 9.245023312399843007e+01 1.582627355394166386e+02 6.846214884904379971e+01
9.504678404163665618e+03 1.592294496815220270e+02 9.159947169148551893e+01 1.592619730405868950e+02 6.842339199786695758e+01
9.505057232670613303e+03 1.592386603137146608e+02 9.078453157924906236e+01 1.602616180027660846e+02 6.840186144234579046e+01
9.505465089988854743e+03 1.593932174744786039e+02 8.991197347659003469e+01 1.612615695116322740e+02 6.841110294344107956e+01
9.505866822959211277e+03 1.596428798689208293e+02 8.897154944182767622e+01 1.622614735616315897e+02 6.842425697917461491e+01
9.506263627080887090e+03 1.597075215235113888e+02 8.811881072752782984e+01 1.632614014789546673e+02 6.842293116056306701e+01
9.506668908522577112e+03 1.595303094866473828e+02 8.736836812598572521e+01 1.642603301860337695e+02 6.838514108093622212e+01
9.507064926685976388e+03 1.593454673610428358e+02 8.673781740872247781e+01 1.652533415668097518e+02 6.827513905112520831e+01
9.507450826669863091e+03 1.592467906543309084e+02 8.626868222624021598e+01 1.662253736812580485e+02 6.805084070248568651e+01
9.507913850133038068e+03 1.589711473874386911e+02 8.585306543701213400e+01 1.671309980462289957e+02 6.764422716974429761e+01
9.514192956884651721e+03 1.595966875584104230e+02 8.508744296440092114e+01 1.679662507403737948e+02 6.710603843582846650e+01
