# ts_seconds,x,y,gt_x,gt_y
5.202215569526681975e+03 1.490009432511142791e+02 7.811378568975169401e+01 1.490009432511142791e+02 7.811378568975169401e+01
5.209875617747210526e+03 1.490007504211839944e+02 7.969853257561938165e+01 1.480114138196362603e+02 7.797059858143742872e+01
5.210533274989550591e+03 1.489037408423284887e+02 8.075672986759740013e+01 1.470116163066277863e+02 7.799063219259335256e+01
5.211059241893912258e+03 1.489094127817518540e+02 8.172617472236429137e+01 1.460116282875419813e+02 7.799463488983275283e+01
5.211552622248832449e+03 1.488981703976757274e+02 8.266342720599497795e+01 1.450119971345067995e+02 7.802178897005688896e+01
5.212040484871576155e+03 1.488610997108132779e+02 8.361141457867823590e+01 1.440122909439864429e+02 7.804576456318275746e+01
5.212513332671406715e+03 1.488211752928291105e+02 8.457131791498082407e+01 1.430135310081692239e+02 7.809516773795979816e+01
5.212998227181026778e+03 1.487959275921296012e+02 8.553496177596515793e+01 1.420135835937404352e+02 7.810282556268593623e+01
5.213469842849195629e+03 1.487508041823187455e+02 8.649408775920564096e+01 1.410149974842326230e+02 7.815516007043045477e+01
5.213924657341924103e+03 1.487054275666713181e+02 8.749099675242560181e+01 1.400150598329584284e+02 7.814428232244959815e+01
5.214356358196251676e+03 1.487000640654181609e+02 8.847403442098935500e+01 1.390154228816197701e+02 7.811798238130120353e+01
5.214753891859251780e+03 1.487355290938727990e+02 8.939742543670969610e+01 1.380154831978508696e+02 7.812700742798526221e+01
5.215152452613328023e+03 1.487989848253854461e+02 9.032432586266331498e+01 1.370159166633773111e+02 7.809996480635254557e+01
5.215547078942185180e+03 1.488437581623054484e+02 9.120112821889183863e+01 1.360168639395487560e+02 7.814346089472005019e+01
5.215924231166564823e+03 1.488317844042724687e+02 9.197881104008421005e+01 1.350181408864330308e+02 7.819356445868025673e+01
5.216328884263160035e+03 1.487751787080954387e+02 9.267132904405276861e+01 1.340182345790782108e+02 7.820724230198167959e+01
5.216851440553514294e+03 1.487182766875122866e+02 9.319301088953321255e+01 1.330183720019605857e+02 7.822381100261155495e+01
5.218381334374208564e+03 1.488730430279244104e+02 9.360561446054254020e+01 1.320201992020328703e+02 7.824818914430559857e+01
5.220242049601815779e+03 1.494403662965804642e+02 9.477070105384038357e+01 1.310714031190347555e+02 7.856006000577470161e+01
5.221003341090650792e+03 1.500795848114418618e+02 9.598213561237595570e+01 1.302111537398036774e+02 7.906992040575734393e+01
5.221544182931647811e+03 1.507671834826461463e+02 9.685963123359438498e+01 1.293639676920428485e+02 7.959997112843569766e+01
5.222072470071368116e+03 1.515471573909774179e+02 9.770115559227127733e+01 1.286073725491366702e+02 8.025385430278235788e+01
5.222525106183249591e+03 1.522697942309289658e+02 9.846899695117616602e+01 1.278537154649425105e+02 8.091109780786831607e+01
5.222936263963842975e+03 1.529365034586474223e+02 9.920162510470468931e+01 1.271162440983595445e+02 8.158641753370102379e+01
5.223317476397976861e+03 1.535268222767467137e+02 9.992322524420657714e+01 1.263969502190206811e+02 8.228039386312049430e+01
5.223697800434291821e+03 1.540520437782827514e+02 1.006778484803050162e+02 1.255972795804378421e+02 8.288082689541523962e+01
5.224114514459459315e+03 1.545082862233211358e+02 1.015020826325890937e+02 1.247900405690419063e+02 8.347095329689496168e+01
5.224552632694654676e+03 1.548791351132093439e+02 1.023701159395673699e+02 1.239538316427111084e+02 8.401742058838051719e+01
5.225000856061973536e+03 1.551818857020347195e+02 1.032317817097259223e+02 1.230367250621716408e+02 8.441604514427994843e+01
5.225474575645215737e+03 1.554063588250429575e+02 1.041198884623367604e+02 1.221219208675822188e+02 8.481884557731663676e+01
5.225986708724407436e+03 1.555915472434530500e+02 1.050787975478429672e+02 1.211686663600976743e+02 8.512074243381243832e+01
5.226512673697763603e+03 1.557456386639393884e+02 1.060164401158085781e+02 1.202011449382665518e+02 8.537130701024581469e+01
5.227086096968859238e+03 1.558202076068847930e+02 1.069340832729378548e+02 1.192103207075234224e+02 8.550517601180244753e+01
5.227678154162671490e+03 1.558700098953822533e+02 1.078903958025171619e+02 1.182129795668037815e+02 8.557804570367088104e+01
5.228204518654066305e+03 1.558917829072438508e+02 1.088625852299526713e+02 1.172156070769474354e+02 8.564850717595902552e+01
5.228662244511847348e+03 1.558658860846450978e+02 1.097946403377766131e+02 1.162159119612161078e+02 8.566795971384355823e+01
5.229095528418923095e+03 1.557744144749666191e+02 1.106615383638939534e+02 1.152182709508643228e+02 8.572642219053929580e+01
5.229560103628676188e+03 1.556816512103114292e+02 1.115518282216007577e+02 1.142199334800243946e+02 8.566907003567301615e+01
5.230033413999900404e+03 1.556231012479319702e+02 1.124978171136738752e+02 1.132207145934646775e+02 8.563749830994612466e+01
5.230485641643531380e+03 1.556074411654246603e+02 1.134747005334925518e+02 1.122216090627668450e+02 8.567495304423646019e+01
5.230914384333836097e+03 1.555888458046424603e+02 1.144325943252572984e+02 1.112219880515365418e+02 8.565717898356061255e+01
5.231332900656052516e+03 1.555155298905349071e+02 1.152955212009496506e+02 1.102234326222997964e+02 8.569212085611991370e+01
5.231789498571507465e+03 1.554624764934602013e+02 1.161932397450653554e+02 1.092274007543290253e+02 8.560371957446194813e+01
5.232294358612874021e+03 1.553997425218486228e+02 1.172521062293780290e+02 1.082288908574395947e+02 8.555338845103753442e+01
5.232771297350449458e+03 1.553296110190866841e+02 1.182592854721466011e+02 1.072293525663480551e+02 8.555653119704679455e+01
5.233234804261572208e+03 1.553064506773168603e+02 1.192214508419365870e+02 1.062328418777412509e+02 8.548009251918951179e+01
5.233712288276292384e+03 1.552606550901653009e+02 1.200950583289545932e+02 1.052332684477692624e+02 8.549488614344203086e+01
5.234247800551120235e+03 1.552602630757669147e+02 1.209083017920088281e+02 1.042351369502754892e+02 8.544993230559295228e+01
5.234929374892076339e+03 1.551862994248907341e+02 1.217970127088583041e+02 1.032382864850671211e+02 8.550567781285629110e+01
5.235622010252684049e+03 1.550866974607029363e+02 1.228169350777661890e+02 1.022432449373825278e+02 8.541024634945438265e+01
5.236247000493393898e+03 1.549565413401771536e+02 1.238751471965969841e+02 1.012442476306233345e+02 8.538035736594504499e+01
5.236760265169376908e+03 1.548790280933742167e+02 1.248777547066088118e+02 1.002507490838034983e+02 8.527220049988692097e+01
5.237206414099237918e+03 1.547941948737011160e+02 1.257781560325318964e+02 9.925110289949844855e+01 8.525343893102336779e+01
5.237655608232832492e+03 1.547006019427030026e+02 1.266813351611350384e+02 9.825327421743826051e+01 8.518893915168017372e+01
5.238108262924102746e+03 1.546295649017476137e+02 1.275761518497046723e+02 9.725367240710238548e+01 8.516077394171426818e+01
5.238566453358519539e+03 1.545599103997256805e+02 1.284322243052865247e+02 9.625425859736212431e+01 8.513093389745908723e+01
5.239109640106089500e+03 1.545621393711595317e+02 1.294529793446850192e+02 9.525705898083487000e+01 8.507467390375067851e+01
5.239624983711249115e+03 1.545152774260845945e+02 1.303984949480243074e+02 9.425955659865567782e+01 8.513957324752502132e+01
5.240205267815837033e+03 1.544538830232723683e+02 1.314914602926458826e+02 9.325975191125219510e+01 8.513835168843888823e+01
5.240726349857649438e+03 1.544459217291168613e+02 1.326088183244776531e+02 9.226110437607005110e+01 8.517482484416477462e+01
5.241188404557194190e+03 1.544783056640709731e+02 1.336596914130993810e+02 9.126389076679384971e+01 8.513934173491870183e+01
5.241631224144092812e+03 1.545297510010709914e+02 1.347049276904456008e+02 9.027221615885413541e+01 8.526625580392155257e+01
5.242046008063629415e+03 1.545710112100146034e+02 1.357179257659729501e+02 8.927473843383823748e+01 8.533722537030105570e+01
5.242458323522998398e+03 1.545533154828097508e+02 1.367371795539244488e+02 8.827744782486900021e+01 8.540978845479071424e+01
5.242845287730222481e+03 1.545025643058188223e+02 1.376673010452601034e+02 8.728257545209642387e+01 8.548785377343401137e+01
5.243239163370348251e+03 1.544698510779901994e+02 1.386169227790636285e+02 8.628617948456663100e+01 8.540307828723686612e+01
5.243659150489884269e+03 1.544484671141115086e+02 1.396617422985708004e+02 8.528889233231836897e+01 8.534151581400392672e+01
5.244037970952291289e+03 1.544512020513325012e+02 1.405896992815079898e+02 8.429015884004866166e+01 8.536345630332668577e+01
5.244403707375638987e+03 1.544665789403485405e+02 1.414765534667903353e+02 8.329389164138130752e+01 8.529029099966071215e+01
5.244812406993274635e+03 1.544615469226932589e+02 1.424403694376212286e+02 8.229505515189345033e+01 8.533661196251236447e+01
5.245207196216862940e+03 1.544440141840011904e+02 1.433273740364344633e+02 8.129815553473008549e+01 8.539452715950690731e+01
5.245598974603444731e+03 1.544466209096129319e+02 1.442303056936546284e+02 8.030143854125641667e+01 8.534752606635898076e+01
5.246024585646500782e+03 1.544407495466226976e+02 1.452216245268218131e+02 7.930734487372495778e+01 8.545410850416639903e+01
5.246434677489727619e+03 1.544240249237703608e+02 1.461601436895917345e+02 7.830901095341130258e+01 8.549402932091133778e+01
5.246841468570360121e+03 1.544100612291176446e+02 1.471131930112259454e+02 7.731111978424286235e+01 8.545407584005715762e+01
5.247250744598170968e+03 1.543982457630261251e+02 1.480895303449389928e+02 7.631433728671528627e+01 8.551739480350046563e+01
5.247669685574201139e+03 1.543927857141564459e+02 1.491208797129770005e+02 7.531567039273119235e+01 8.546680858455779628e+01
5.248094161143365454e+03 1.543810399704313170e+02 1.501982252560510744e+02 7.431638330450397234e+01 8.545587949117575022e+01
5.248474231596585923e+03 1.544097534613133007e+02 1.511469842259356540e+02 7.331925028752142737e+01 8.550861253971358167e+01
5.248846087506713957e+03 1.544361563588085176e+02 1.520535265519330039e+02 7.232187378974231251e+01 8.544922917198668699e+01
5.249251384954905006e+03 1.544371904526404080e+02 1.529884507563560305e+02 7.132271315175898962e+01 8.548996680785043623e+01
5.249641376497560486e+03 1.544463636276812508e+02 1.538492931974178077e+02 7.032390560602814844e+01 8.552786890362811789e+01
5.250063174044080370e+03 1.545088380835023258e+02 1.547799889234675561e+02 6.932619191910248446e+01 8.552132523352018723e+01
5.250500000816960892e+03 1.545194158093081001e+02 1.557113589588013838e+02 6.833605879887839762e+01 8.564943130262660986e+01
5.250963849166305408e+03 1.544926659057175584e+02 1.567190666976114244e+02 6.733624956152141294e+01 8.563778553135770721e+01
5.251442382260299382e+03 1.544430323345825968e+02 1.578340244576928342e+02 6.633746620021798890e+01 8.558852551921523855e+01
5.251881583781519112e+03 1.543177417753718998e+02 1.588300061058209565e+02 6.534055110184419846e+01 8.551868062899079348e+01
5.252341941081376717e+03 1.542589967923288157e+02 1.598320278035010062e+02 6.435050686160396083e+01 8.538939084907202925e+01
5.252799800614392552e+03 1.542139950701862858e+02 1.607680672500353012e+02 6.335120862424383859e+01 8.537476494193349197e+01
5.253276957645647599e+03 1.541221961759838734e+02 1.616939828957223995e+02 6.235507887305276142e+01 8.528992786246557500e+01
5.253790606147285871e+03 1.540091328701678037e+02 1.627445634822574903e+02 6.135573453629368856e+01 8.525471396015980474e+01
5.254256006160369907e+03 1.539448822671347159e+02 1.637965576531012459e+02 6.035762482776044635e+01 8.519456430318008699e+01
5.254721650634834077e+03 1.539195225140416312e+02 1.649088534085981337e+02 5.936099594489527931e+01 8.511932465196474595e+01
5.255130857727433067e+03 1.538517091863481880e+02 1.658832068341050103e+02 5.836372984979809075e+01 8.509062164741845891e+01
5.255518756118586680e+03 1.537698909588239360e+02 1.667856778712768460e+02 5.737839402840331360e+01 8.493409535931279208e+01
5.255959065578419541e+03 1.536593936972275003e+02 1.677774278123013687e+02 5.637962553172587121e+01 8.491401891256663248e+01
5.256379992474843675e+03 1.535114585487180534e+02 1.686714911647694350e+02 5.539000905070221137e+01 8.477466725030225803e+01
5.256836285293851688e+03 1.533994286741917676e+02 1.696256940634978037e+02 5.441061575215832846e+01 8.458266208089715121e+01
5.257245813766219726e+03 1.534162444268600609e+02 1.705959362359353975e+02 5.341183697621302429e+01 8.453325697995749977e+01
5.257631804930583712e+03 1.535130734265578383e+02 1.715789287387965487e+02 5.241349292405499227e+01 8.450684844302912779e+01
5.257992199964776773e+03 1.536610755112898516e+02 1.725305209362030325e+02 5.142126386999351695e+01 8.461990996572829715e+01
5.258322461117380044e+03 1.537945662503399262e+02 1.734161236334094838e+02 5.044437345982986898e+01 8.482627744539769310e+01
5.258683751365248099e+03 1.539106659090752203e+02 1.743654385930004764e+02 4.944802135945882782e+01 8.491107787767961668e+01
5.259063967711499572e+03 1.539653773528795568e+02 1.753384941401860146e+02 4.845499058680933047e+01 8.502695337497536343e+01
5.259437449768552142e+03 1.539574656810009401e+02 1.762608509473710114e+02 4.746666127584777684e+01 8.515652792306639185e+01
5.259832493328420242e+03 1.539594481474651957e+02 1.772209973355652721e+02 4.646806610218261824e+01 8.510354160895801101e+01
5.260252055785937046e+03 1.539995821420348250e+02 1.781771845126151845e+02 4.547036415739970749e+01 8.507904709218141193e+01
5.260640974896089574e+03 1.540379486229624320e+02 1.790452866445680229e+02 4.447651014571415118e+01 8.517285503106202782e+01
5.261074376646301062e+03 1.541008675157922596e+02 1.800696721956845749e+02 4.347860990605941112e+01 8.516063851496350878e+01
5.261515941215713610e+03 1.541212671391704134e+02 1.811022683719097017e+02 4.248622663887931594e+01 8.528012915025287555e+01
5.261934249760844978e+03 1.540245769517148631e+02 1.820075290990572796e+02 4.148769677725896798e+01 8.531262493945776271e+01
5.262368548439858387e+03 1.539235391830913215e+02 1.828813717495414721e+02 4.049035253074037399e+01 8.524086608567210988e+01
5.262839098505818583e+03 1.538073224078921726e+02 1.836978634660909222e+02 3.950251834698241282e+01 8.510689381518866981e+01
5.263379868470566180e+03 1.537582666733363794e+02 1.846007603001077371e+02 3.854374685463906047e+01 8.484773251618379675e+01
5.263932843396072712e+03 1.538095748250784709e+02 1.855075027359395108e+02 3.754376477289711289e+01 8.484762512809777490e+01
5.264519145337090777e+03 1.539515381624280792e+02 1.864641562101775776e+02 3.654415577359146994e+01 8.484620680064398357e+01
5.265097221266228189e+03 1.540929743887124346e+02 1.874821284718431968e+02 3.554592141048180309e+01 8.490521245849319598e+01
5.265641703746534404e+03 1.542472882800112757e+02 1.883116282522746019e+02 3.454753942710981107e+01 8.495801584069975831e+01
5.266286972435364987e+03 1.545746229856364948e+02 1.888932473842831996e+02 3.356712381692423719e+01 8.511139952804556685e+01
5.267218386433874912e+03 1.547358420945824378e+02 1.882601772407922738e+02 3.313997657081148418e+01 8.541238510661202099e+01
5.268298182286163865e+03 1.545569433881715611e+02 1.864967797786029564e+02 3.413636785930604844e+01 8.533329567657985137e+01
5.268784328601645939e+03 1.547622116111687092e+02 1.853127617706148271e+02 3.512967382881197409e+01 8.527241472373789577e+01
5.269182412727436713e+03 1.550666428659116889e+02 1.843110953109126910e+02 3.612107439844270829e+01 8.539238859529105241e+01
5.269567133520428797e+03 1.553543124425114286e+02 1.833569184022590264e+02 3.709205149409867630e+01 8.562519555217487266e+01
5.269954489852038932e+03 1.555377459363156447e+02 1.824149729472296713e+02 3.804919560480291807e+01 8.591252253729635413e+01
5.270349432758048351e+03 1.555935209923535183e+02 1.814642169991886362e+02 3.902516097030263609e+01 8.612841353352456508e+01
5.270753066138946451e+03 1.555525814799659940e+02 1.804877641569173932e+02 4.001226107993877434e+01 8.628698739997069822e+01
5.271162806833295690e+03 1.554781460272328957e+02 1.794929601987532806e+02 4.100679561656970407e+01 8.637385958700836852e+01
5.271570760178942692e+03 1.554029934148369136e+02 1.785123691503443979e+02 4.200657190548376008e+01 8.638807056695291919e+01
5.271991017914718213e+03 1.553145530828758751e+02 1.775285495680356291e+02 4.300590075580326754e+01 8.640085013332857500e+01
5.272431060863374114e+03 1.551745772037767779e+02 1.765498283288584105e+02 4.400378450572962663e+01 8.634318988624603719e+01
5.272870600315906813e+03 1.549406055903638446e+02 1.756272285556183022e+02 4.499612255208112543e+01 8.622303277712698844e+01
5.273283063696908357e+03 1.546350015993081968e+02 1.747923177082753341e+02 4.597359686912589893e+01 8.602073434518193551e+01
5.273662833011428120e+03 1.542853404065086806e+02 1.740603738485793883e+02 4.692943337981412810e+01 8.572716275425466392e+01
5.274067138266116672e+03 1.538017156580456231e+02 1.733333979978758919e+02 4.786294745724952548e+01 8.537398096091193622e+01
5.274525395098591616e+03 1.531285353704211616e+02 1.725639744419171109e+02 4.873132863020467909e+01 8.488598113420150071e+01
5.274990453264969801e+03 1.523478481368205451e+02 1.718803621528299175e+02 4.952638992873878010e+01 8.427996014364390476e+01
5.275437294580834532e+03 1.515073424101267960e+02 1.713525302430177533e+02 5.025352262022916250e+01 8.359957224694262834e+01
5.275867489940022097e+03 1.506362095112800432e+02 1.709874655308464639e+02 5.084951983928838359e+01 8.279971584551292096e+01
5.276310894718587406e+03 1.496998757996649090e+02 1.707864122231793829e+02 5.131090028326170227e+01 8.191668588976010312e+01
5.276781346329740700e+03 1.486752264182095757e+02 1.707191881909389792e+02 5.158984296735501829e+01 8.096244930653723770e+01
5.277240112780496020e+03 1.476722447476859088e+02 1.707264541002802787e+02 5.170379193349676683e+01 7.996969076720191083e+01
5.277691882891063869e+03 1.466845776593693813e+02 1.707530463789071007e+02 5.172488773135700058e+01 7.897153082708022964e+01
5.278143776316083859e+03 1.457091616752388745e+02 1.707666580942736800e+02 5.169455903459228807e+01 7.797238133586492381e+01
5.278600447825411720e+03 1.447349076105082304e+02 1.707700795406337306e+02 5.171535213818275167e+01 7.697278813783388784e+01
5.279062480353681167e+03 1.437433001810007624e+02 1.707574361099018176e+02 5.174574497190459965e+01 7.597343301812185246e+01
5.279519198049621991e+03 1.427709148369709737e+02 1.706833727650544006e+02 5.177649156178436840e+01 7.497438851888161082e+01
5.279990916644063873e+03 1.418068719850206492e+02 1.704676953885632997e+02 5.184953584206785138e+01 7.397706721498073534e+01
5.280468459807024374e+03 1.409143669339013627e+02 1.700283337509897024e+02 5.202109414885654104e+01 7.299928628901714944e+01
5.280949954113639251e+03 1.401441100326393041e+02 1.693427621409401240e+02 5.244261898342851680e+01 7.210288420701350276e+01
5.281416947515065658e+03 1.395287952486609129e+02 1.685113718058330505e+02 5.308037043712820235e+01 7.134029439692243102e+01
5.281842978933688755e+03 1.390767992255298964e+02 1.676429809939488962e+02 5.386682917727426911e+01 7.073088333015317630e+01
5.282242403935753828e+03 1.387631869553938486e+02 1.667467040424468792e+02 5.473834050336110835e+01 7.024165862681594774e+01
5.282649060059644398e+03 1.385183912594316098e+02 1.658081605639094960e+02 5.565075481292083737e+01 6.983753672146568192e+01
5.283070592049911284e+03 1.383379228415786599e+02 1.648235890026729464e+02 5.660475171759180313e+01 6.954134156229410735e+01
5.283474771734043316e+03 1.382867681557138440e+02 1.638590605926575279e+02 5.757693215893018390e+01 6.930744947452760130e+01
5.283864750194245971e+03 1.383364377820074935e+02 1.629363870531749399e+02 5.856288866739614463e+01 6.917813584328065701e+01
5.284279689153525396e+03 1.384219909753839772e+02 1.619507709317109061e+02 5.956096514915172691e+01 6.921477796694378526e+01
5.284706576758111623e+03 1.385222136353802682e+02 1.609065855787345924e+02 6.055591621775009514e+01 6.931485930339340484e+01
5.285118916654186251e+03 1.386091808347948700e+02 1.598837342001306467e+02 6.154673171133583054e+01 6.944727302536445279e+01
5.285527242109719737e+03 1.386439940076814423e+02 1.588531593910706192e+02 6.253906148707377355e+01 6.954851767388726103e+01
5.285922316009010501e+03 1.386118500303403493e+02 1.578333340018779154e+02 6.353893938304336331e+01 6.955985624930916345e+01
5.286295631269807927e+03 1.385409422572280675e+02 1.568664417868567398e+02 6.453878433946647419e+01 6.957114750971379635e+01
5.286655575126494114e+03 1.384746729085418622e+02 1.559240260397932900e+02 6.553671935334956800e+01 6.954526247335572009e+01
5.287016330655093952e+03 1.384219005443916330e+02 1.549748527667803444e+02 6.653425875662149735e+01 6.948410931496941600e+01
5.287380290427698128e+03 1.383683757735366555e+02 1.540278803970266779e+02 6.753393677919336824e+01 6.948402249780380657e+01
5.287734997182159532e+03 1.382938909553702160e+02 1.530960663859772808e+02 6.853244463830148447e+01 6.946569525911398557e+01
5.288088269658459467e+03 1.381916877746640751e+02 1.521570729619585904e+02 6.953080038168747024e+01 6.941567817075423363e+01
5.288456813883138238e+03 1.380856966362019023e+02 1.511915130864926198e+02 7.053063544569690180e+01 6.939755056652946053e+01
5.288840065920608140e+03 1.380185193376634345e+02 1.502257441475186681e+02 7.152924485888294726e+01 6.935384758800061888e+01
5.289241362516357185e+03 1.379925568502584099e+02 1.492541297444469137e+02 7.252625273571838704e+01 6.934795746811700212e+01
5.289665495022676623e+03 1.380074903326435560e+02 1.482091305564027834e+02 7.352371156826761478e+01 6.941866170057876673e+01
5.290083084518502801e+03 1.380526882490684955e+02 1.471339718759214463e+02 7.452226158233423803e+01 6.947177154283667733e+01
5.290471853374902821e+03 1.380839487001437647e+02 1.461198151746637564e+02 7.551796453788408314e+01 6.955420313529072018e+01
5.290861650410795846e+03 1.380809901088052527e+02 1.450930907937184031e+02 7.651325346277283757e+01 6.960693347289540611e+01
5.291265219923602672e+03 1.380445495958785500e+02 1.440255855368302491e+02 7.751265327727494991e+01 6.957229538692099879e+01
5.291664123188245867e+03 1.379974310170795775e+02 1.429891160347996788e+02 7.851215765837802962e+01 6.954095756223065905e+01
5.292049274123275609e+03 1.379528750250526627e+02 1.419985962244643645e+02 7.950874132462737975e+01 6.947125904405923791e+01
5.292421535102947928e+03 1.378947981444257778e+02 1.410497811588525110e+02 8.050512055272621126e+01 6.940997273275684165e+01
5.292805275322643865e+03 1.378395253091859161e+02 1.400752448484339823e+02 8.150495088594330184e+01 6.939791760733753279e+01
5.293190197572960642e+03 1.378116961238412728e+02 1.390898909749605821e+02 8.250189294379978833e+01 6.933175416717583062e+01
5.293556517278613683e+03 1.377957071530093742e+02 1.381592336401267858e+02 8.349787620385039588e+01 6.930241358779436212e+01
5.293931999577483111e+03 1.377778753863040038e+02 1.372093635239654930e+02 8.449695290273051285e+01 6.933473355623696932e+01
5.294309587367766653e+03 1.377612856328862563e+02 1.362489768182983028e+02 8.549533690917468221e+01 6.929680026922433456e+01
5.294674296974944809e+03 1.377461853467117123e+02 1.353375226465717844e+02 8.649337901360401304e+01 6.926948053800398952e+01
5.295064550193267678e+03 1.377469130864148781e+02 1.344186204881950744e+02 8.749290864654958000e+01 6.927056428143391997e+01
5.295487566693720510e+03 1.377830984975460069e+02 1.335024653522077642e+02 8.849251950552310575e+01 6.924280840508812673e+01
5.295949667007610515e+03 1.377912538854412787e+02 1.325645302972376385e+02 8.948961979371873099e+01 6.928163899680451721e+01
5.296456472909262629e+03 1.377154364125175334e+02 1.315295893100032458e+02 9.048574240745199404e+01 6.930443360269866560e+01
5.296961383975975878e+03 1.375865914338152720e+02 1.304650160606248335e+02 9.148445067795987029e+01 6.925619505129122899e+01
5.297448544062197470e+03 1.374666210856839541e+02 1.294253685568380376e+02 9.247960663052795383e+01 6.917273326688325596e+01
5.297932401100027164e+03 1.374136573998645190e+02 1.284057130634022315e+02 9.347263900794020230e+01 6.905654775482334173e+01
5.298420838471556635e+03 1.374086710022863826e+02 1.273784517185705596e+02 9.447028156960837464e+01 6.900423202429541902e+01
5.298890289950059923e+03 1.374205456349176302e+02 1.263860210041355003e+02 9.546898067302686286e+01 6.896449573800907729e+01
5.299343787106544369e+03 1.374207031542306652e+02 1.254229713692118509e+02 9.646769301191694979e+01 6.892951111725858482e+01
5.299799718145031875e+03 1.374188346762117305e+02 1.244372129418746624e+02 9.746699237421009343e+01 6.890389355857638520e+01
5.300236586792623712e+03 1.374812868358317246e+02 1.235034801819675607e+02 9.846426813902908748e+01 6.883249849963080180e+01
5.300653561706280016e+03 1.375983307023028033e+02 1.226335069003690421e+02 9.945956815366756132e+01 6.883962207199428462e+01
5.301087086902834926e+03 1.377258229084527272e+02 1.217108737627800537e+02 1.004565003144650035e+02 6.891137772107430237e+01
5.301535623565232527e+03 1.378467638141182476e+02 1.207378044217771134e+02 1.014553241839849136e+02 6.895936592235094054e+01
5.301983247839395517e+03 1.379635173016956742e+02 1.197820367214112025e+02 1.024508282484160020e+02 6.904798862174183682e+01
5.302419124387943157e+03 1.380744593584729500e+02 1.188686747647474249e+02 1.034467404522806788e+02 6.912905421547152685e+01
5.302858178768100515e+03 1.381290472939097640e+02 1.179646234620598335e+02 1.044411524740464898e+02 6.922192693766591276e+01
5.303333749810809422e+03 1.381324221674069008e+02 1.169789918914160438e+02 1.054361225417963510e+02 6.929992779822697457e+01
5.303816149894251794e+03 1.381184645980231096e+02 1.159496658105879590e+02 1.064357132323644777e+02 6.928931640442748119e+01
5.304268274542508152e+03 1.380756796591178386e+02 1.149561964230900770e+02 1.074345025570268604e+02 6.930164303329138420e+01
5.304698414170424257e+03 1.380382446834824748e+02 1.139906954607017298e+02 1.084309167712836910e+02 6.927719380518816195e+01
5.305124086208396875e+03 1.380082333695135333e+02 1.130361969848397905e+02 1.094283016102699406e+02 6.923268889690832850e+01
5.305561974595356332e+03 1.379281665035364313e+02 1.120829703087109408e+02 1.104279051829046097e+02 6.921822179038322531e+01
5.306010291965554643e+03 1.378094055326028808e+02 1.111543314105715012e+02 1.114239355265927429e+02 6.913882748494944508e+01
5.306467902044499169e+03 1.376768780398872707e+02 1.102306345479796903e+02 1.124192767031628648e+02 6.904541244032563441e+01
5.306931143716063161e+03 1.375299273271625964e+02 1.092968841196029928e+02 1.134041046594351627e+02 6.889186792104804624e+01
5.307395380410689540e+03 1.373686022362727215e+02 1.083576749378368049e+02 1.143797049702908311e+02 6.867259103434149381e+01
5.307849821852822060e+03 1.372272685753108306e+02 1.074272374519391207e+02 1.153622395724351577e+02 6.848804004154253278e+01
5.308276789339493916e+03 1.371719807791675692e+02 1.065908616339620920e+02 1.163431410139194213e+02 6.829577108783111328e+01
5.308727952930751599e+03 1.372713462331300036e+02 1.057597740976582514e+02 1.173313585143432647e+02 6.819928685605928820e+01
5.309214171308049117e+03 1.375306004729145286e+02 1.048585114671798095e+02 1.183252999598615247e+02 6.828636870088496380e+01
5.309683582313267834e+03 1.378864260411332339e+02 1.039963918549812973e+02 1.193075806903359535e+02 6.847089234097423116e+01
5.310145973685980607e+03 1.383428588985294425e+02 1.031739956005134218e+02 1.202635185539035092e+02 6.875615904324014593e+01
5.310611308226208166e+03 1.389304824378034766e+02 1.023769690904425858e+02 1.211825109293211824e+02 6.914790134007725442e+01
5.311059225928214801e+03 1.395589106537222790e+02 1.016284446478127421e+02 1.220358338067372728e+02 6.966128007825420809e+01
5.311506631643077526e+03 1.401831350263026650e+02 1.008935348312844411e+02 1.228180993471308255e+02 7.028286455582374970e+01
5.311949194749090566e+03 1.408265179855193878e+02 1.001909215766369954e+02 1.236020330539016783e+02 7.090249080816090554e+01
5.312386709187351698e+03 1.414716864751505341e+02 9.947478214772191052e+01 1.243635976413491306e+02 7.154721232109302775e+01
5.312836375625425717e+03 1.421039674384526563e+02 9.869151704047176565e+01 1.251057132161791969e+02 7.221687483341113989e+01
5.313273511459457950e+03 1.426791516917348588e+02 9.791858551444362035e+01 1.258991795745352675e+02 7.282332447109818929e+01
5.313692882029468819e+03 1.432001860029566274e+02 9.716445757831718311e+01 1.266946611806132523e+02 7.342781345824333528e+01
5.314143683303516809e+03 1.437544930313015925e+02 9.635985058636829592e+01 1.275151068911503387e+02 7.399390619520764290e+01
5.314631543327134750e+03 1.443131465567603868e+02 9.550801002831508413e+01 1.283674040060909078e+02 7.451659167561115282e+01
5.315126052877880284e+03 1.447893505225689523e+02 9.457330959828777850e+01 1.292155620069850670e+02 7.504624755628583443e+01
5.315582484491451396e+03 1.451531723886924681e+02 9.362389167464449713e+01 1.301028169507098937e+02 7.550227210386884735e+01
5.316010400284293610e+03 1.454025734832973171e+02 9.270225930074762744e+01 1.310138990218273705e+02 7.591426812592214901e+01
5.316469954245663757e+03 1.455785618483714075e+02 9.170794780705753624e+01 1.319474738900159707e+02 7.626524555296929009e+01
5.316932756477968724e+03 1.457121592892441981e+02 9.071779291603135675e+01 1.329161302048640607e+02 7.651020571645588575e+01
5.317371877949437476e+03 1.458035181019783693e+02 8.978641064376654413e+01 1.338845896529804520e+02 7.675661646579348485e+01
5.317817202394045125e+03 1.459049295441098764e+02 8.883977619524041813e+01 1.348652583875812638e+02 7.691608907260796002e+01
5.318275984152204728e+03 1.460470645127873865e+02 8.787419365751198086e+01 1.358504796642312158e+02 7.706401977222753885e+01
5.318748291397791945e+03 1.461681118036555915e+02 8.688113312737483795e+01 1.368222111481656498e+02 7.729995815244799928e+01
5.319210571388796780e+03 1.462185531381090584e+02 8.592189253525457104e+01 1.378039010268801405e+02 7.748123334035273047e+01
5.319660840026366714e+03 1.461860394783707591e+02 8.498403207462509101e+01 1.387910826885518816e+02 7.763849835442518099e+01
5.320129838639822992e+03 1.460861293488005401e+02 8.396237826376507485e+01 1.397832654235534733e+02 7.773397940299476261e+01
5.320581584176243268e+03 1.458877283719337470e+02 8.301092052158385570e+01 1.407819397260434755e+02 7.770768409155013501e+01
5.321001151827088506e+03 1.455258931208473996e+02 8.221339603632371507e+01 1.417765925136100122e+02 7.760871881511472736e+01
5.321417300685662667e+03 1.450336003102949576e+02 8.147762574532960400e+01 1.427142855195229458e+02 7.730590227948991355e+01
5.321851603335786422e+03 1.444848318372986853e+02 8.073272154835008507e+01 1.435948608425350699e+02 7.683247733322937734e+01
5.322316537816703203e+03 1.439034696418793828e+02 7.991794735794630355e+01 1.444689018200591590e+02 7.634665180295867515e+01
5.322779596718491121e+03 1.433159841167263835e+02 7.910309792543313279e+01 1.453057095627530941e+02 7.580328087665934333e+01
5.323250197882489374e+03 1.426990587898449405e+02 7.831002246852618498e+01 1.461358338389768221e+02 7.524739227705855171e+01
5.323756298339644673e+03 1.420343060728220621e+02 7.748442314703666511e+01 1.469377830075168276e+02 7.465517193408454943e+01
5.324289009878952129e+03 1.413385059969509712e+02 7.665741560710431202e+01 1.476957377362975308e+02 7.400286928511634699e+01
5.324862126549596724e+03 1.406215860272752138e+02 7.581223423532317440e+01 1.484468728954249457e+02 7.334276289358206213e+01
5.325453077308638967e+03 1.399570471415853490e+02 7.494077777208197233e+01 1.492000476413678314e+02 7.268500511059480118e+01
5.326060165543353833e+03 1.393451743530086731e+02 7.403686223681087597e+01 1.499965160336550127e+02 7.208301798854779463e+01
5.326643128340568182e+03 1.388547854364432226e+02 7.318513679273733885e+01 1.508185462124867797e+02 7.151365851485651604e+01
5.327208266473097865e+03 1.384957385400888654e+02 7.236427931732923469e+01 1.516794428981255862e+02 7.101101894462858866e+01
5.327796621263300040e+03 1.381406510987513059e+02 7.155265327651643759e+01 1.525837595410209531e+02 7.058439270048398839e+01
5.328511037582522476e+03 1.375000291055930290e+02 7.119092121797872608e+01 1.534573515486795259e+02 7.010272222574363354e+01
5.329180762264588338e+03 1.365423748450080552e+02 7.137735522766257645e+01 1.537878731927106060e+02 6.929682577815381705e+01
5.329686984515700715e+03 1.355078030706890502e+02 7.162442468390442230e+01 1.536884896084308423e+02 6.830311192627974037e+01
5.330124069126542963e+03 1.344923407687806503e+02 7.178859881820879707e+01 1.535176427035335394e+02 6.731810738507759595e+01
5.330494540436980060e+03 1.335875866710372577e+02 7.191149477167837745e+01 1.533096175592429233e+02 6.634009595891988909e+01
5.330836256908167343e+03 1.327262267263339481e+02 7.200978365189440922e+01 1.531508759623480955e+02 6.535419320876368943e+01
5.331183039005844876e+03 1.318486357274944680e+02 7.209297784085106287e+01 1.530056433617625089e+02 6.436514272885125365e+01
5.331523979083152881e+03 1.309885532057274986e+02 7.218593035787900192e+01 1.528285219913300637e+02 6.338099072416786584e+01
5.331875153078367475e+03 1.301022351460320863e+02 7.229929280579089834e+01 1.527005576309794606e+02 6.239037623836735946e+01
5.332229144687182270e+03 1.292222853780076832e+02 7.238206304445931494e+01 1.526118601863089452e+02 6.139431797896149590e+01
5.332580611933794899e+03 1.283536249528648341e+02 7.243216115369331476e+01 1.524695477226417495e+02 6.040552503525103134e+01
5.332935117711142084e+03 1.274595572590858268e+02 7.248788858623980502e+01 1.523358403822287244e+02 5.941529426661075775e+01
5.333288930174723646e+03 1.265241963119714939e+02 7.255442465766407167e+01 1.522723733346038841e+02 5.841780548139509222e+01
5.333654083977494338e+03 1.255112663138451410e+02 7.261186024708020170e+01 1.521467045500827453e+02 5.742857947519601680e+01
5.334025691924819512e+03 1.244744519476525255e+02 7.263945976640944480e+01 1.520271104891996856e+02 5.643747388151729183e+01
5.334394306866008264e+03 1.234592221579456606e+02 7.262586916408511684e+01 1.520064425726918103e+02 5.543857987859306036e+01
5.334762885773082417e+03 1.224355083014481664e+02 7.257627195678261955e+01 1.519807648687389872e+02 5.443948588389545762e+01
5.335120138967729872e+03 1.214240655857429516e+02 7.248174545589078832e+01 1.519884575311687911e+02 5.344085860779463815e+01
5.335462547807368537e+03 1.204552448035589833e+02 7.237015943012841035e+01 1.520736043469979109e+02 5.244490059884105904e+01
5.335812562352317400e+03 1.194722746457504030e+02 7.227003952747499227e+01 1.521164005487917450e+02 5.144735473597275899e+01
5.336155080815566180e+03 1.184996469109152315e+02 7.223139052749731093e+01 1.521421114381136022e+02 5.044798231095247587e+01
5.336481740320939934e+03 1.175577345451030595e+02 7.225723468279375084e+01 1.521724089680884902e+02 4.944852824850096340e+01
5.336818152745401676e+03 1.165784728795140239e+02 7.234457055331930064e+01 1.520824483074392788e+02 4.845675816518992463e+01
5.337149671183931787e+03 1.156209311060489426e+02 7.243459425878801028e+01 1.519145590085740878e+02 4.747095434907156886e+01
5.337479891412383950e+03 1.146814092122901627e+02 7.247352223674825211e+01 1.518178089932296473e+02 4.647749951665501555e+01
5.337833506438707445e+03 1.136851729050832205e+02 7.246054080255005658e+01 1.517379137282121917e+02 4.548107855014450962e+01
5.338181136192154554e+03 1.127097040423528256e+02 7.242929414575070268e+01 1.516565303228759092e+02 4.448455366682030387e+01
5.338530661092778246e+03 1.117293261079275197e+02 7.239850785115039855e+01 1.516841790583010265e+02 4.348797178505210326e+01
5.338902647585059640e+03 1.106727710898882577e+02 7.234452667230739564e+01 1.517092786926052668e+02 4.248980071289918214e+01
5.339253260414736360e+03 1.096696551905775721e+02 7.226678428602691895e+01 1.516752136343775703e+02 4.149044674585064740e+01
5.339594541186238530e+03 1.086965308696103989e+02 7.219285547757661448e+01 1.517342869793604905e+02 4.049572880522122631e+01
5.339942020672935541e+03 1.077118158493767339e+02 7.213928070102751633e+01 1.517962459613245301e+02 3.949910001923647229e+01
5.340273312356975111e+03 1.067930801443828983e+02 7.211337575526306409e+01 1.517832486314352423e+02 3.849950765249440821e+01
5.340610644083090847e+03 1.058632415752394138e+02 7.211581953427807434e+01 1.518142084832972785e+02 3.750137281649895726e+01
5.340958583377660943e+03 1.048997950267543757e+02 7.213933352637894814e+01 1.518380944568056350e+02 3.650247988915031527e+01
5.341297169938296065e+03 1.039772631879938274e+02 7.218057181397155375e+01 1.517933923032640564e+02 3.550389972130788152e+01
5.341635569288866463e+03 1.030740349002382459e+02 7.222950342507228072e+01 1.517843602384507733e+02 3.450508885466201292e+01
5.341986325828155714e+03 1.021572408593450234e+02 7.227143648094649109e+01 1.517854709484410307e+02 3.350535831785292373e+01
5.342351988446525866e+03 1.012373394959961956e+02 7.232743532583403123e+01 1.517033600209179838e+02 3.251009936286651936e+01
5.342721659755368819e+03 1.003442065363770155e+02 7.242677028449729448e+01 1.516381896580144826e+02 3.151335917638410677e+01
5.343102141437992941e+03 9.945314809444508342e+01 7.255796585889592620e+01 1.516035288168004911e+02 3.051397918515179697e+01
5.343488613583654114e+03 9.856838454442251418e+01 7.273095719899858125e+01 1.514717041079837543e+02 2.952549264669018925e+01
5.343891252564749266e+03 9.766436389067737878e+01 7.298846837963291989e+01 1.513022916532817419e+02 2.854010148923829959e+01
5.344322147736472289e+03 9.680500713772948984e+01 7.324376231404011151e+01 1.511166888235234751e+02 2.755777788381017501e+01
5.344827831443666582e+03 9.615192250441494082e+01 7.337380479695818281e+01 1.508803190578954059e+02 2.658646086301881795e+01
5.346670504989231631e+03 9.561565148738472431e+01 7.330165510000031759e+01 1.507918114427675107e+02 2.559940660043693939e+01
5.349826119880119222e+03 9.491506667211311310e+01 7.255356257137114540e+01 1.511174967601950243e+02 2.468672329913064800e+01
5.351521923142464402e+03 9.445643154655515161e+01 7.146278963549521279e+01 1.518786364126821979e+02 2.410395534282775643e+01
5.352114442891579529e+03 9.430748253750142851e+01 7.037847791170500500e+01 1.528078939925812278e+02 2.373700475490591089e+01
5.352622177847851162e+03 9.429336255450110116e+01 6.930263833302302601e+01 1.537862106802994049e+02 2.357168451858590430e+01
5.353104887743714244e+03 9.443181378824343142e+01 6.824152340517557036e+01 1.547845063226205298e+02 2.351566991983250077e+01
5.353578733538397501e+03 9.460482131720762311e+01 6.718536857394759920e+01 1.557804968330469251e+02 2.357203145389453525e+01
5.354043614630554657e+03 9.471222603705534482e+01 6.610568799892327263e+01 1.567696316511610064e+02 2.371639926878039617e+01
5.354488686375467296e+03 9.479025661369827560e+01 6.502478287509994459e+01 1.577643147867775610e+02 2.380630656221129371e+01
5.354913222026960284e+03 9.486223244839253255e+01 6.396473416042569227e+01 1.587624239485434998e+02 2.386765947986673808e+01
5.355337299451081890e+03 9.494154504013255291e+01 6.290423771467592218e+01 1.597605320298071376e+02 2.384655744107651998e+01
5.355746829464356779e+03 9.500441745366070734e+01 6.187765439339236906e+01 1.607597914091691393e+02 2.384279615198202151e+01
5.356141957043984803e+03 9.504448891096554064e+01 6.088442555180670723e+01 1.617590496307704768e+02 2.387994945130678559e+01
5.356515044992555886e+03 9.506290188861684953e+01 5.993947919591574447e+01 1.627552891908627259e+02 2.382486772782982243e+01
5.356872428009500254e+03 9.507164929760941163e+01 5.903455955587752157e+01 1.637537238193603173e+02 2.379281828106853069e+01
5.357220000870890544e+03 9.508629555749588746e+01 5.816953332133186194e+01 1.647525294749391378e+02 2.383300773974676900e+01
5.357577290805872508e+03 9.510095780307300117e+01 5.728150311542590600e+01 1.657512453320784687e+02 2.381903683378853032e+01
5.357940747375778301e+03 9.509369002419202843e+01 5.639252415339512226e+01 1.667509020442874430e+02 2.380117523654578449e+01
5.358308318491031969e+03 9.507474395762928054e+01 5.550891535131611221e+01 1.677503732482626333e+02 2.382656119367593917e+01
5.358704222707177905e+03 9.507293315381066634e+01 5.456512908289307973e+01 1.687476958815454111e+02 2.378043672235428119e+01
5.359110463300269657e+03 9.505054038553970486e+01 5.365088481413150845e+01 1.697452117868123480e+02 2.379877951929861979e+01
5.359594144558258449e+03 9.492471165011816936e+01 5.259166054265654111e+01 1.707426377615788624e+02 2.376592147852878156e+01
5.360071421215796363e+03 9.470236470471265022e+01 5.150188513406662594e+01 1.717268750557018393e+02 2.359975620012667719e+01
5.360507218854756502e+03 9.448023213722429148e+01 5.044997761701090155e+01 1.727056088922827541e+02 2.339462212551639908e+01
5.360910532002752007e+03 9.432056265607342027e+01 4.948904759519106022e+01 1.736711325736219749e+02 2.313677794732631554e+01
5.361333875327160968e+03 9.412540587612348020e+01 4.851651538695852395e+01 1.746530378510928188e+02 2.296087387743821395e+01
5.361792479344908315e+03 9.383779284216163319e+01 4.747375137359887276e+01 1.756301298814611300e+02 2.275410027793121515e+01
5.362224156887797108e+03 9.354729401926137200e+01 4.647488369226653759e+01 1.765810315822139671e+02 2.244797607818531304e+01
5.362634699268114673e+03 9.335551813724649151e+01 4.549337292921828890e+01 1.775478229589114676e+02 2.219903261030981767e+01
5.363053787638864378e+03 9.326914657809921039e+01 4.448706575497095628e+01 1.785185633117214081e+02 2.195955805795312088e+01
5.363455547030869639e+03 9.326413744008357298e+01 4.350580834177169720e+01 1.795077382007781068e+02 2.184122628868156113e+01
5.363845509647924700e+03 9.332169035555351400e+01 4.252549180379541838e+01 1.805066775277118722e+02 2.184888143390647386e+01
5.364220259854714641e+03 9.340688268913609704e+01 4.160820476051188876e+01 1.815059715787962205e+02 2.183292854765840829e+01
5.364594157102150348e+03 9.358997144938334145e+01 4.079144753368451859e+01 1.824995214347863168e+02 2.191561833591319086e+01
5.364976198809273228e+03 9.399549468913386363e+01 4.009447353198968500e+01 1.834751697873709304e+02 2.212858824545211078e+01
5.365344328499420953e+03 9.457269118946906872e+01 3.960392723095308298e+01 1.844346683948813279e+02 2.240935127103135471e+01
5.365748661317920778e+03 9.538350415478410582e+01 3.934700020698063838e+01 1.852772048891998793e+02 2.292425004456961091e+01
5.366211542423915489e+03 9.640217547921601238e+01 3.934480844290398949e+01 1.858592551728279147e+02 2.371724064767722595e+01
5.366666047239164072e+03 9.746098590732449907e+01 3.951249399087646452e+01 1.860857995474628410e+02 2.467495478857573588e+01
5.367112700389162455e+03 9.848523365845635169e+01 3.980893058197714396e+01 1.859950349998142656e+02 2.566217880408294505e+01
5.367541368964190042e+03 9.944174994691489644e+01 4.015150007940748367e+01 1.858322432531689401e+02 2.664882452087241305e+01
5.367940405213144004e+03 1.003653405082115881e+02 4.040941455126381499e+01 1.855320345769492008e+02 2.759849338171841993e+01
5.368357217307057908e+03 1.013796550999729078e+02 4.055631706758956767e+01 1.852666445302797058e+02 2.856098162669801610e+01
5.368756578438575161e+03 1.023571201773205388e+02 4.065496127996368614e+01 1.851375200264170644e+02 2.955053596129845062e+01
5.369133049024832872e+03 1.032872337083170891e+02 4.074337223270088515e+01 1.849737004820597122e+02 3.053597686926275045e+01
5.369526116039696717e+03 1.042816031394094978e+02 4.079135513536790114e+01 1.849079195223287684e+02 3.153080344732937590e+01
5.369893850184020266e+03 1.052042887107943585e+02 4.079815307694404680e+01 1.848675968960787088e+02 3.252990161626142651e+01
5.370247592121671005e+03 1.060865951188747687e+02 4.080289224515929192e+01 1.848074769320547830e+02 3.352806717337368525e+01
5.370623243864140932e+03 1.070359260681918556e+02 4.081493348783941144e+01 1.848350524278459091e+02 3.452609605257934078e+01
5.370976922303846550e+03 1.079219764728634061e+02 4.083988937740786440e+01 1.848817278902639885e+02 3.552496143933359463e+01
5.371323458274870973e+03 1.087801684007384182e+02 4.086354483379963654e+01 1.848102306184535735e+02 3.652002306488022754e+01
5.371711312302149963e+03 1.096963349542480586e+02 4.088147133671000688e+01 1.847705023755276272e+02 3.751820516823248397e+01
5.372080819853553294e+03 1.105395635388239555e+02 4.085807139172369773e+01 1.847641270006326124e+02 3.851817883600498504e+01
5.372458007769208052e+03 1.114438331937860909e+02 4.081510721320283608e+01 1.847039328982543509e+02 3.951577694069297308e+01
5.372858883812215936e+03 1.124631588216600306e+02 4.076954342946888232e+01 1.847557303441178931e+02 4.051111541213651179e+01
5.373217315692888405e+03 1.133972603189060067e+02 4.069951252623996396e+01 1.848608257471625507e+02 4.150557519429573006e+01
5.373571385247589205e+03 1.143480207037701746e+02 4.059389994600373797e+01 1.848858290408559242e+02 4.250401810609982078e+01
5.373951359737565326e+03 1.153970676788294298e+02 4.048539922309095118e+01 1.850031046019766450e+02 4.349426007205670430e+01
5.374313785053003812e+03 1.163849393842705098e+02 4.041530899198193083e+01 1.851480324640266417e+02 4.448363803624712887e+01
5.374676347902476664e+03 1.173663798832429421e+02 4.036057923805588388e+01 1.851731699292494966e+02 4.548092773035340031e+01
5.375073532811072255e+03 1.184148475549352924e+02 4.032647421373820862e+01 1.852772804483754214e+02 4.647272893617616774e+01
5.375452281641372792e+03 1.193851440841598901e+02 4.035079790917090037e+01 1.853554472202833097e+02 4.746871579395147478e+01
5.375817101130960509e+03 1.203212638358038475e+02 4.037705697992693388e+01 1.853166943631896970e+02 4.846644134792978775e+01
5.376207287864553109e+03 1.213520570028609171e+02 4.037677075782538338e+01 1.853606013702829216e+02 4.946296438840521859e+01
5.376580460126748221e+03 1.223359313558141110e+02 4.035705675712657126e+01 1.853755840867961524e+02 5.046188896065147844e+01
5.376928962438302733e+03 1.232493515231510059e+02 4.033919823334699828e+01 1.853339742063783717e+02 5.146085696025041045e+01
5.377317757086469101e+03 1.242952852746475543e+02 4.032223051348080389e+01 1.854509030528654421e+02 5.244863331973154885e+01
5.377724046693387209e+03 1.253646054008178226e+02 4.038057425048098992e+01 1.855346250813701658e+02 5.344341527279453885e+01
5.378138610701200378e+03 1.264126835822909811e+02 4.051472778482649773e+01 1.855213631701999759e+02 5.444262467337232891e+01
5.378568434106354289e+03 1.274750318046796451e+02 4.068073214076852651e+01 1.855118373637924094e+02 5.544245117066033401e+01
5.379019497570093336e+03 1.285871960856323710e+02 4.082084611444037137e+01 1.853808517373602172e+02 5.643064105890827165e+01
5.379460358506011289e+03 1.296983749075578203e+02 4.093270928910844475e+01 1.852756157866583635e+02 5.742408002588668836e+01
5.379865414510755727e+03 1.307083666135811768e+02 4.107107423336819352e+01 1.852020460056100717e+02 5.842136573332704330e+01
5.380264543874196534e+03 1.316791863265639506e+02 4.129285224973132529e+01 1.850449593414856224e+02 5.940759001966176811e+01
5.380677440041617956e+03 1.327143977304212399e+02 4.156576334771236958e+01 1.849506760768612992e+02 6.040151301026580910e+01
5.381057299761237118e+03 1.336612107776839480e+02 4.172888337297558081e+01 1.848076926881031454e+02 6.138997691047288896e+01
5.381412482834134607e+03 1.345021265559163908e+02 4.174463104658516244e+01 1.845565649185304267e+02 6.235673012533872139e+01
5.381800419620821231e+03 1.353799602677959797e+02 4.166915175361823032e+01 1.845147069066172776e+02 6.334577803520227945e+01
5.382206664278391145e+03 1.362457968367739340e+02 4.152398567176228283e+01 1.846043965697035389e+02 6.434133414308099930e+01
5.382605561333579317e+03 1.370889891782279051e+02 4.138056022427374359e+01 1.846984518652434986e+02 6.533687312008491688e+01
5.383033506852902974e+03 1.379905812446716027e+02 4.131111685334176542e+01 1.848987075577464623e+02 6.631438672765264641e+01
5.383473355239841112e+03 1.388279175480545575e+02 4.128648423354950836e+01 1.850430234091605826e+02 6.730231337300959638e+01
5.383972586355529529e+03 1.396614741552577357e+02 4.128529977328427947e+01 1.851473851937588222e+02 6.829684328628064804e+01
5.384569249960411980e+03 1.404488945339173256e+02 4.136102306275435581e+01 1.852717000925392199e+02 6.928899691378737202e+01
5.385300987149286811e+03 1.414089199867237596e+02 4.143297300475673950e+01 1.851896172998868906e+02 7.027790847717245981e+01
5.385960555765607751e+03 1.424884273580169918e+02 4.153572082143503508e+01 1.851489519271384552e+02 7.127496105502584101e+01
5.386505678703061676e+03 1.434705173727461727e+02 4.164420672324578021e+01 1.850014033074683653e+02 7.226057399365450351e+01
5.387033089798074798e+03 1.444466704330017137e+02 4.178055018769615714e+01 1.848937731079118123e+02 7.325352709923267014e+01
5.387543911301158005e+03 1.453563355652752875e+02 4.191374179064235506e+01 1.847543496403257564e+02 7.424317466938423138e+01
5.388094062563771331e+03 1.463264518305794297e+02 4.200772576565317706e+01 1.846009387557349157e+02 7.523133272736623667e+01
5.388650068967305742e+03 1.473806257999448235e+02 4.200503308147312964e+01 1.845273094730078185e+02 7.622763114012562369e+01
5.389171529421251762e+03 1.484450205863530527e+02 4.191168002713929752e+01 1.844891298950748251e+02 7.722688436293059056e+01
5.389657221714418483e+03 1.495103587138072498e+02 4.184088976442550489e+01 1.846006084326629662e+02 7.821727903077206179e+01
5.390108938429688351e+03 1.505537531380854830e+02 4.177690311314871252e+01 1.846281778511926177e+02 7.921431740440550584e+01
5.390546916276765842e+03 1.516176451733232682e+02 4.170715951669723154e+01 1.847166088599811644e+02 8.020885665510975571e+01
5.390938397955176697e+03 1.526098218503859982e+02 4.168923724737477698e+01 1.848266732307648965e+02 8.120276899926703607e+01
5.391308491459851211e+03 1.535650285994980777e+02 4.171935656585077368e+01 1.848082829638826183e+02 8.220025009392132631e+01
5.391701231151148932e+03 1.545826297474912110e+02 4.177827288573333675e+01 1.848652209374105553e+02 8.319677319751259859e+01
5.392084631972733405e+03 1.555503455668691970e+02 4.183975851826701131e+01 1.848508370786146315e+02 8.419509601299631640e+01
5.392461340408343858e+03 1.564718258108205475e+02 4.187567669477100196e+01 1.847367419891534439e+02 8.518786337096214822e+01
5.392863046444564134e+03 1.574525564285923167e+02 4.188347001962160476e+01 1.847755985407721937e+02 8.618295267770520240e+01
5.393249143742108572e+03 1.584077392925751724e+02 4.185211842488043743e+01 1.848409343805289780e+02 8.718075183992809229e+01
5.393606175081817128e+03 1.593159744434936442e+02 4.181478351772260282e+01 1.848746595559743753e+02 8.818009161169939603e+01
5.393952448325407204e+03 1.602126979369272419e+02 4.179180830416100179e+01 1.849557280566887698e+02 8.917638903571759101e+01
5.394280759721800678e+03 1.610736413100959226e+02 4.178384873356261409e+01 1.849863397717471969e+02 9.017532999832684482e+01
5.394611732288206440e+03 1.619676671059631019e+02 4.179207916828714531e+01 1.849498650654464598e+02 9.117433471749926355e+01
5.394969855740947423e+03 1.629493480381966890e+02 4.178602200186711713e+01 1.849769206592303590e+02 9.217316484692328515e+01
5.395313385827618731e+03 1.638795365924179066e+02 4.178049109951583517e+01 1.849974595745080421e+02 9.317285199062290246e+01
5.395642998675531089e+03 1.647649259497732146e+02 4.177461572241657706e+01 1.849348180259283367e+02 9.417011621753248107e+01
5.395985521881395471e+03 1.657012309688193454e+02 4.176023904753864713e+01 1.849605066676967340e+02 9.516821883484881539e+01
5.396313659859181826e+03 1.665922320197133786e+02 4.174226738565572958e+01 1.850505346369253630e+02 9.616398978624189908e+01
5.396646231827998236e+03 1.674791542722948350e+02 4.174190849750402776e+01 1.850734501980877553e+02 9.716296120359122312e+01
5.396997887872038518e+03 1.684099479082159974e+02 4.178302380521787285e+01 1.851613864211819021e+02 9.815814531718646663e+01
5.397344374915423032e+03 1.693053283048697324e+02 4.184338463592903423e+01 1.852612759842276944e+02 9.915313057409233011e+01
5.397714603822956633e+03 1.702540389914406944e+02 4.189772305693719545e+01 1.852476540113310364e+02 1.001514685684695962e+02
5.398096667790452557e+03 1.712446138624023604e+02 4.195839563412515361e+01 1.852068899772955319e+02 1.011506372129898210e+02
5.398475988291799695e+03 1.722031260870778624e+02 4.203916614224038995e+01 1.851669031679604416e+02 1.021498373894437606e+02
5.398853636067859952e+03 1.731534795905768931e+02 4.209687108837758274e+01 1.850653064948275244e+02 1.031441767646401786e+02
5.399235856379508732e+03 1.741381225771275467e+02 4.208880294225535579e+01 1.850357074015864498e+02 1.041427729959354451e+02
5.399605515889596063e+03 1.750781142615080910e+02 4.202013295847852703e+01 1.850706327702866361e+02 1.051419368840972908e+02
5.399987940333848201e+03 1.760430615338276823e+02 4.187797612892636323e+01 1.850740122503279963e+02 1.061417113875553468e+02
5.400373850784485512e+03 1.770555171521000659e+02 4.169765241805542644e+01 1.851891280053059745e+02 1.071332186518798011e+02
5.400728749616493587e+03 1.779817161365774041e+02 4.153781424678372503e+01 1.854007056840732446e+02 1.081100134682595382e+02
5.401103802446265945e+03 1.789278407241554874e+02 4.137924772001746021e+01 1.855581344480333996e+02 1.090969294537839573e+02
5.401508728314886866e+03 1.799524160574130178e+02 4.121162480617378066e+01 1.857584147302825670e+02 1.100762243804618663e+02
5.401905756508905142e+03 1.809589297733234616e+02 4.105228791895839890e+01 1.859984452682859057e+02 1.110469057509321402e+02
5.402304175186123757e+03 1.819655104593645092e+02 4.093560220336123479e+01 1.861354742935561717e+02 1.120360570529139466e+02
5.402713004101100523e+03 1.830154390721279754e+02 4.087351161974265068e+01 1.863093837531556574e+02 1.130203698442536790e+02
5.403086528286972680e+03 1.839597662465449446e+02 4.081953168830649048e+01 1.864529237698088195e+02 1.140097832102529622e+02
5.403457156667448544e+03 1.848901938444845143e+02 4.076249409052597628e+01 1.865268365736400540e+02 1.150066487964527226e+02
5.403844188667434537e+03 1.858773228724656406e+02 4.069016644363032498e+01 1.866899681056382860e+02 1.159920831294018484e+02
5.404225657625434906e+03 1.868507365602963546e+02 4.064376449341631314e+01 1.868129880943070020e+02 1.169840557654332116e+02
5.404627416787187940e+03 1.878724467638071474e+02 4.064733472053840302e+01 1.868866017727710300e+02 1.179812027515284996e+02
5.405036739660145940e+03 1.889002038972346043e+02 4.066414501918585955e+01 1.870089975226575518e+02 1.189733406639858799e+02
5.405427242758047214e+03 1.898935967495371244e+02 4.068080173126117671e+01 1.870760673591278476e+02 1.199706074340382145e+02
5.405810249149472838e+03 1.908737274628821297e+02 4.074576275249946633e+01 1.870981079083240957e+02 1.209702643910439122e+02
5.406209712100029719e+03 1.918457076332747420e+02 4.082083627985535657e+01 1.870981218086659510e+02 1.219702390483393089e+02
5.406635866998706661e+03 1.928629068322055673e+02 4.083924516808663441e+01 1.870288740466433239e+02 1.229673868385034865e+02
5.407067705271410887e+03 1.939213498732985386e+02 4.078968463863841976e+01 1.870358138278985507e+02 1.239665326937479364e+02
5.407481169689764101e+03 1.949296031019253519e+02 4.072172647729980355e+01 1.871241167786033941e+02 1.249622256923874488e+02
5.407897391011224499e+03 1.959301476206003088e+02 4.068683798531785101e+01 1.871719916760032447e+02 1.259607988833175369e+02
5.408312064373095382e+03 1.969065743154528718e+02 4.072860073155840155e+01 1.872688229791270089e+02 1.269557496624421589e+02
5.408704226283263779e+03 1.977696039219828208e+02 4.091593987704467850e+01 1.873094321305179051e+02 1.279544705561373235e+02
5.409105265925081767e+03 1.985610305619796918e+02 4.129064254038456738e+01 1.871827485489050389e+02 1.289441618807762495e+02
5.409529630729201926e+03 1.992605649383557136e+02 4.184700712203800776e+01 1.869259233734806855e+02 1.299095829499941601e+02
5.409964356534867875e+03 1.998225280925712184e+02 4.256707375547641448e+01 1.864727847266072729e+02 1.307972765040863408e+02
5.410397844937613627e+03 2.001898676824286838e+02 4.343102040368524541e+01 1.858256978112058562e+02 1.315553364866233323e+02
5.410842915891452321e+03 2.003175878480337815e+02 4.443324535705804834e+01 1.850177913029376384e+02 1.321387461761002839e+02
5.411295898995113930e+03 2.002188470358960330e+02 4.552447910344677950e+01 1.840567449277426135e+02 1.323868482522988472e+02
5.411715880951023792e+03 1.999758246483480946e+02 4.655394701391244183e+01 1.830611270664131212e+02 1.324689688887946772e+02
5.412107632075486435e+03 1.997386996581060146e+02 4.749215666373673628e+01 1.820636872299771483e+02 1.324122163455586758e+02
5.412513961683808702e+03 1.995536543215792733e+02 4.846658578225040515e+01 1.810802071700473448e+02 1.322347209212267956e+02
5.412916325674830659e+03 1.993856870419047311e+02 4.943192629093304191e+01 1.800842756088656813e+02 1.321517492300392291e+02
5.413303128245965127e+03 1.991825327991088557e+02 5.034199123855228919e+01 1.790903664770416981e+02 1.320422562792200267e+02
5.413702404005094650e+03 1.989236745235010062e+02 5.125671694120423894e+01 1.781074884341116444e+02 1.318593847866057445e+02
5.414113569299584015e+03 1.986734816470605267e+02 5.217172739494392886e+01 1.771190915233828491e+02 1.317080147296981920e+02
5.414514193665163475e+03 1.985119389414329305e+02 5.306732914623830055e+01 1.761370069160478806e+02 1.315200382607557970e+02
5.414922202595636008e+03 1.984166209069180979e+02 5.402021008699072269e+01 1.751580847073279301e+02 1.313158415438645363e+02
5.415340016606125573e+03 1.983776641915709433e+02 5.502407667086990273e+01 1.741611612187606397e+02 1.312504258954612055e+02
5.415737347129278533e+03 1.983998068976911497e+02 5.598567821369188380e+01 1.731613848417798920e+02 1.312319610308673248e+02
5.416116545757937274e+03 1.984433731082465897e+02 5.691845944793453071e+01 1.721622408269129494e+02 1.312700101184059633e+02
5.416501569676893268e+03 1.984866630379254104e+02 5.786763272168522576e+01 1.711717750072123181e+02 1.314050330679152125e+02
5.416892764318145964e+03 1.985189622415178690e+02 5.881207315889859188e+01 1.701763717638737603e+02 1.314997194547725030e+02
5.417300687085958089e+03 1.985122131593315089e+02 5.978646065324932835e+01 1.691793350931673672e+02 1.315765421276561256e+02
5.417732984819423109e+03 1.984535899159923531e+02 6.081897411138946552e+01 1.681814009648089439e+02 1.316406996886180423e+02
5.418183316358381489e+03 1.983792212950668556e+02 6.187747111203889006e+01 1.671819674450197510e+02 1.316177394060027837e+02
5.418629357963222901e+03 1.982857447964470339e+02 6.292879178720706790e+01 1.661824702895679309e+02 1.315860345902937070e+02
5.419052556912259206e+03 1.981695371875572675e+02 6.396468419087587876e+01 1.651849691985870834e+02 1.315162229563299263e+02
5.419478089129101136e+03 1.980795183589798967e+02 6.505789332596305030e+01 1.641852046042103268e+02 1.315024604448333037e+02
5.419898055959570229e+03 1.980326281889210804e+02 6.615120960747039192e+01 1.631868081902972847e+02 1.315565661874848900e+02
5.420312850646918378e+03 1.979823604785444786e+02 6.721435086549254834e+01 1.621884020433221565e+02 1.315071073825763222e+02
5.420721090123925023e+03 1.979125450291483332e+02 6.824118290026612499e+01 1.611886399521905560e+02 1.314873324265997496e+02
5.421108943846525108e+03 1.979012183515571053e+02 6.921107736221875939e+01 1.601896195957268958e+02 1.314435720206631117e+02
5.421500999426105409e+03 1.979432596913486293e+02 7.020093521145504667e+01 1.591910536039422936e+02 1.313900736242308653e+02
5.421881211431091288e+03 1.979818902094573616e+02 7.115975862819173869e+01 1.581962973084245050e+02 1.314861340321618570e+02
5.422240294912525314e+03 1.980038146800666254e+02 7.204608818536293313e+01 1.572005726097737295e+02 1.315784637853053027e+02
5.422623232517125871e+03 1.980051281771347647e+02 7.290425797087526405e+01 1.562007690253265082e+02 1.315855153590565010e+02
5.423049412520492297e+03 1.979533777498594702e+02 7.358584741200417056e+01 1.552030841141513520e+02 1.316520880204697335e+02
5.423631293115954577e+03 1.977856282510185508e+02 7.415823130112289618e+01 1.542041302057349128e+02 1.316975215591458266e+02
5.424503702697734298e+03 1.970825557423139855e+02 7.455918808145098353e+01 1.532453730879070974e+02 1.314209319171469588e+02
5.425376369150883875e+03 1.956836519062079844e+02 7.433956955352239504e+01 1.529997199878919218e+02 1.304679069029306788e+02
5.425922308872582107e+03 1.945993715822978629e+02 7.407152574350362784e+01 1.531355719724219853e+02 1.294771890635833813e+02
5.426416707029181453e+03 1.935967681718090887e+02 7.387482014145453491e+01 1.532750281037475304e+02 1.284871336268194000e+02
5.426885211911328952e+03 1.926247904835299778e+02 7.368330443841456656e+01 1.533829313751740813e+02 1.274934303353646641e+02
5.427324288686720138e+03 1.916561331375975499e+02 7.354861871973362497e+01 1.535577544804724539e+02 1.265088866805993177e+02
5.427747437950158201e+03 1.906742185605883719e+02 7.348348133805899352e+01 1.536901474170631445e+02 1.255185820985561804e+02
5.428145780477352673e+03 1.897589578610167393e+02 7.344466655080012174e+01 1.537273722559784233e+02 1.245192811772524806e+02
5.428546641911295410e+03 1.888381887767312151e+02 7.340853105382980459e+01 1.537621070654467701e+02 1.235201736210749033e+02
5.428957969105421398e+03 1.878694766175820519e+02 7.337928400245324667e+01 1.537381431864072567e+02 1.225204918218172310e+02
5.429353344851593647e+03 1.869315038233432347e+02 7.336859538114124746e+01 1.537026288678279400e+02 1.215212287637098427e+02
5.429743842870110711e+03 1.859814515038687546e+02 7.334167980342397186e+01 1.536898208649450623e+02 1.205215938835588503e+02
5.430140632230470146e+03 1.849947424666976303e+02 7.328798159859822192e+01 1.536231479375679498e+02 1.195238191637714493e+02
5.430516803502604489e+03 1.840829247398236248e+02 7.326983219927090829e+01 1.535710507543402912e+02 1.185256274689007796e+02
5.430884000529436889e+03 1.832075324078391247e+02 7.331205068879805253e+01 1.535706308181711677e+02 1.175262758348859080e+02
5.431271064404185381e+03 1.822737265251336112e+02 7.337068809975565387e+01 1.534799330353802134e+02 1.165306132633190401e+02
5.431646266018187816e+03 1.813622440741742992e+02 7.338148512220816144e+01 1.533649372707254201e+02 1.155383770729410315e+02
5.432015321209640206e+03 1.804688910265433890e+02 7.329285387562543974e+01 1.533582208966404608e+02 1.145384326600281213e+02
5.432400058978056222e+03 1.795443724500441931e+02 7.312683198636803183e+01 1.533737682340778576e+02 1.135386018309733487e+02
5.432780928959769881e+03 1.786411138275421138e+02 7.297230616295937011e+01 1.534301090537643404e+02 1.125410879190420559e+02
5.433168595863920928e+03 1.777382879005263874e+02 7.285590934430814514e+01 1.535582363168897189e+02 1.115502802776404963e+02
5.433578239736308205e+03 1.767667711537700939e+02 7.276458672985549470e+01 1.535871932604642325e+02 1.105507722813903371e+02
5.433971617820508982e+03 1.758127643558266868e+02 7.273087928526101109e+01 1.535992209401075854e+02 1.095510090362896278e+02
5.434357096602392630e+03 1.748681343539655018e+02 7.276160109302216483e+01 1.536202063771418409e+02 1.085531523269956438e+02
5.434760994940243108e+03 1.738908268283996108e+02 7.286579303022148224e+01 1.534971297823621228e+02 1.075611385527260779e+02
5.435162183241390267e+03 1.729294924950657162e+02 7.300493649060369705e+01 1.533165896097960967e+02 1.065775739531759996e+02
5.435559413270217192e+03 1.719694894855675784e+02 7.311919058452043885e+01 1.531222932382044064e+02 1.055968074362246938e+02
5.435968776899438126e+03 1.709885146121805519e+02 7.321763879917097029e+01 1.529054089820297122e+02 1.046211132897366554e+02
5.436388103561830576e+03 1.699992435191396396e+02 7.330435750318468990e+01 1.527534777196302969e+02 1.036327278467385042e+02
5.436809096305202729e+03 1.690213499119652170e+02 7.331649196056190476e+01 1.526037618698165375e+02 1.026440431019701975e+02
5.437235236716683175e+03 1.680325398217845247e+02 7.324661988459692452e+01 1.524718860732506585e+02 1.016556380909015473e+02
5.437669858476894660e+03 1.670185010181954226e+02 7.308773861489468970e+01 1.524986354906601207e+02 1.006560509910774215e+02
5.438098845316208099e+03 1.660365439589327821e+02 7.281083797354074250e+01 1.525594342013747848e+02 9.965824596071522024e+01
5.438517209522562553e+03 1.650878312036929856e+02 7.246404005693202066e+01 1.527067614232211668e+02 9.867161488060912689e+01
5.438932326476282469e+03 1.641298782762071369e+02 7.212421507269435494e+01 1.529867442504176438e+02 9.771162256293358439e+01
5.439359303947139779e+03 1.631116960069696233e+02 7.183901058206966184e+01 1.532563533541661229e+02 9.674865526747827005e+01
5.439791612068873292e+03 1.620488942407168622e+02 7.168470004362909265e+01 1.534972902053657720e+02 9.577934463904379925e+01
5.440220652043399241e+03 1.610034847205764379e+02 7.159048318794705779e+01 1.536214092398997479e+02 9.478813483789809879e+01
5.440618450413666324e+03 1.600450743250863468e+02 7.150287787750079360e+01 1.536752707784704910e+02 9.379018411918828235e+01
5.441019326285351781e+03 1.590710452558228383e+02 7.144712284103286493e+01 1.537740104767170806e+02 9.279592955906733209e+01
5.441438318570306365e+03 1.580581404068797724e+02 7.142176245975203130e+01 1.537818827642331883e+02 9.179621382465671786e+01
5.441844036190364932e+03 1.571201783185758245e+02 7.145515105067738659e+01 1.537629192281784469e+02 9.079684568596456984e+01
5.442253337025849760e+03 1.561987907290045428e+02 7.157442623497547629e+01 1.537579416568455599e+02 8.980018866469957572e+01
5.442687707458339901e+03 1.552703168471524862e+02 7.175254799687769491e+01 1.535868673758153307e+02 8.881519452319034258e+01
5.443143842797802790e+03 1.543664124320468432e+02 7.196730048140567249e+01 1.533657200717049989e+02 8.784009340085266615e+01
5.443646933971707767e+03 1.534924840493030445e+02 7.234553668099334800e+01 1.530800709413799723e+02 8.688418591350117026e+01
5.444156994407982893e+03 1.527618171945213419e+02 7.292160721493563358e+01 1.526470934700756175e+02 8.598471684314807817e+01
5.444680299438873590e+03 1.521065568319033616e+02 7.367263385718305813e+01 1.520652775821200464e+02 8.518157642074082503e+01
5.445188689241726024e+03 1.515418117994720149e+02 7.445324627143730822e+01 1.512970019844381682e+02 8.454199231005046045e+01
5.445687406736681623e+03 1.510670004202395376e+02 7.529357300059415081e+01 1.504787275661573460e+02 8.397131833558259473e+01
5.446176320120574019e+03 1.506008825489664105e+02 7.617394644645467849e+01 1.495907310286907546e+02 8.351177605486536493e+01
5.446681596533562697e+03 1.500757541304680842e+02 7.709715726401420000e+01 1.486820637137356584e+02 8.309552497449038810e+01
5.447191323312265922e+03 1.494996310596611693e+02 7.798887397406778632e+01 1.477552829804867542e+02 8.272047344895759124e+01
5.447715163666278386e+03 1.488770176125483147e+02 7.876878328099542159e+01 1.468669939235866764e+02 8.226944661028667838e+01
5.448300888600942926e+03 1.482495676454620934e+02 7.936907669901218298e+01 1.460703249504671533e+02 8.166680400403369333e+01
5.448992082565321653e+03 1.476851102621571385e+02 7.981342015645817867e+01 1.453393006905633911e+02 8.098559864707527822e+01
5.449859027001042705e+03 1.471376155679986653e+02 8.033539316970124844e+01 1.446821894402334578e+02 8.023410496140805037e+01
5.450852241901739944e+03 1.464188748100231408e+02 8.120585105234772527e+01 1.440362017202711229e+02 7.948882926698028939e+01
5.451478372481371480e+03 1.460215541198730875e+02 8.196745955282705154e+01 1.431868158632761663e+02 7.896183647532376426e+01
5.452469954725831485e+03 1.457549106532150063e+02 8.253546379135659095e+01 1.423151254986825620e+02 7.847185637019775584e+01
5.454506402852251085e+03 1.455966247127746840e+02 8.329560055530836848e+01 1.414082899993253193e+02 7.817413882941305303e+01
5.456161214962399754e+03 1.456590565342537786e+02 8.427177938729946050e+01 1.404258138471205655e+02 7.834465558841078803e+01
5.457746521589568147e+03 1.457947149804970195e+02 8.505558983988889565e+01 1.394663191138791376e+02 7.862625487423115089e+01
5.459432244407821599e+03 1.460237695025893743e+02 8.587630273467971165e+01 1.385010148995223744e+02 7.888305952451916880e+01
5.460771416023084385e+03 1.464741278984618589e+02 8.685393519616263802e+01 1.375553769047643584e+02 7.917976839649104193e+01
5.461621321565676226e+03 1.469426128259539439e+02 8.799801752796572885e+01 1.366667254705488972e+02 7.963834374993676590e+01
5.462178066724041855e+03 1.472443289966482496e+02 8.913207070955947131e+01 1.357608150433327694e+02 8.005793554088059238e+01
5.462625418230326432e+03 1.474214175683607948e+02 9.020535463775753726e+01 1.348105997668117197e+02 8.036273564713913231e+01
5.463036502192518128e+03 1.475834118869329075e+02 9.120649286026740299e+01 1.338395912396796632e+02 8.060140068543252312e+01
5.463446121778577435e+03 1.477699368750415658e+02 9.219893285670315208e+01 1.328674657778685742e+02 8.083420658762949529e+01
5.463889416341287870e+03 1.479184943161073988e+02 9.324800327665010968e+01 1.318874537200936174e+02 8.103314364520130653e+01
5.464372009757636988e+03 1.480604897223007583e+02 9.426840101831810159e+01 1.309121763432846137e+02 8.125250980060948791e+01
5.464896303063715095e+03 1.482732958249374065e+02 9.525177208007274032e+01 1.299437894469788546e+02 8.150195207511004014e+01
5.465443918574197596e+03 1.486151226575020701e+02 9.623201023446186753e+01 1.289951804266267175e+02 8.180869743422424278e+01
5.465965679882813674e+03 1.491323265537391194e+02 9.712252220270835323e+01 1.280820225939787633e+02 8.221606891392269745e+01
5.466445172554641431e+03 1.496864077818183603e+02 9.791999699615361408e+01 1.271973165017443819e+02 8.267893126156107542e+01
5.466889560040954166e+03 1.501931937213142589e+02 9.873189586041937105e+01 1.263274580336972406e+02 8.317046963139587490e+01
5.467319721838641271e+03 1.506809956035598645e+02 9.958083401725953365e+01 1.254323163783562336e+02 8.361624405387345860e+01
5.467725968661266961e+03 1.511466233217720969e+02 1.003777090235566618e+02 1.245435724750360436e+02 8.407420721153420118e+01
5.468098473622285383e+03 1.516330526213485257e+02 1.010839531058800702e+02 1.236658625367376487e+02 8.455339950625675272e+01
5.468474806994297978e+03 1.521659228858514723e+02 1.018068094957453695e+02 1.228290108220577963e+02 8.509372270435173391e+01
5.468866866536643101e+03 1.526276648982260156e+02 1.026477614470745010e+02 1.220535755681306540e+02 8.572512334101399745e+01
5.469249771533162857e+03 1.529416219746143497e+02 1.035499383826193309e+02 1.212304822178480919e+02 8.628179955894452746e+01
5.469619003057241571e+03 1.531403486684191648e+02 1.044740994197264428e+02 1.203160782205053891e+02 8.668263078857377479e+01
5.469976157930847876e+03 1.531798171116768685e+02 1.054008357142097196e+02 1.193641143659311439e+02 8.698539145505044701e+01
5.470327009519472995e+03 1.530658358795038225e+02 1.063030572782630259e+02 1.183835411492923555e+02 8.715818203369306616e+01
5.470698074308935247e+03 1.529050668444733105e+02 1.072772495594415574e+02 1.173851241707528033e+02 8.721260548794209910e+01
5.471079219505063520e+03 1.527579205433184200e+02 1.083036173225571162e+02 1.163855679090580395e+02 8.722918254241557179e+01
5.471441091342308937e+03 1.526239568278539309e+02 1.092567500874231712e+02 1.153877165901922837e+02 8.717982108167862521e+01
5.471806855041614654e+03 1.524996503111525215e+02 1.101966262824888503e+02 1.143907892487111866e+02 8.710752373638355550e+01
5.472187711736819438e+03 1.524429778298387816e+02 1.111951036529337244e+02 1.133922166101399256e+02 8.705631655432530636e+01
5.472556578913621706e+03 1.524481346025175696e+02 1.121866908080844496e+02 1.123956962031530793e+02 8.697439286282889270e+01
5.472917691574028140e+03 1.524678343845284587e+02 1.131409190747040157e+02 1.113985281436433610e+02 8.691254955171764607e+01
5.473275736559761754e+03 1.524445314861384304e+02 1.140287848790049878e+02 1.103986881709342640e+02 8.689527793216294071e+01
5.473619062712543382e+03 1.524100387972529518e+02 1.148048074280233806e+02 1.094025308552807303e+02 8.682584619501217560e+01
5.473987639632809987e+03 1.524298240225738539e+02 1.156293660360145594e+02 1.084080690412748424e+02 8.672676104837688627e+01
5.474404898798335125e+03 1.524790963801355588e+02 1.166379176808476075e+02 1.074092148287168413e+02 8.668187940710770079e+01
5.474810229011120100e+03 1.525128047757541481e+02 1.176478182577986615e+02 1.064118114190817153e+02 8.662130620396159486e+01
5.475207800797877098e+03 1.524817889928584407e+02 1.185640718629329200e+02 1.054149964581291954e+02 8.657334793368055159e+01
5.475632590557453113e+03 1.523742041573470090e+02 1.195645566038999874e+02 1.044157812627268385e+02 8.661016948828837769e+01
5.476069844580332756e+03 1.522588524706250723e+02 1.206467151036980567e+02 1.034165889441685664e+02 8.663528252337945901e+01
5.476489631497041046e+03 1.522087414834042249e+02 1.216762506209000634e+02 1.024180305213018300e+02 8.666517302832799885e+01
5.476881844755918792e+03 1.521173870074923968e+02 1.226499171865537789e+02 1.014200113918101636e+02 8.669530073621390898e+01
5.477266060192340774e+03 1.519516460454189257e+02 1.236607544513433368e+02 1.004205908683528463e+02 8.666137912326240667e+01
5.477627802295131914e+03 1.518354124459060870e+02 1.246664770686761727e+02 9.942099114787933445e+01 8.664544435621228047e+01
5.477972041141320005e+03 1.518053317121993757e+02 1.256233004968183877e+02 9.842306880381991618e+01 8.660804776689360551e+01
5.478333525610013567e+03 1.518021707153764055e+02 1.266118743455320441e+02 9.742747741955921015e+01 8.651426889401707854e+01
5.478707518028139020e+03 1.517847387931393826e+02 1.276020413021623341e+02 9.643000604799492237e+01 8.647774871111346329e+01
5.479088736230624818e+03 1.517871042376148409e+02 1.285794475166526070e+02 9.543084450788556694e+01 8.651746616773280607e+01
5.479487377852815371e+03 1.517857435048373418e+02 1.295978993164608255e+02 9.443166262670801814e+01 8.655543271524454951e+01
5.479893346427474171e+03 1.518100663717872578e+02 1.306214593049035955e+02 9.343386899867766715e+01 8.661103930213813840e+01
5.480304973398697257e+03 1.518411703887690294e+02 1.316733561602896714e+02 9.243636882457553838e+01 8.666578149309181356e+01
5.480722456521148160e+03 1.519072086926881013e+02 1.327593638126662086e+02 9.143701057315630010e+01 8.669290984836595726e+01
5.481109861550783535e+03 1.519886188964834162e+02 1.337631581362973634e+02 9.044137178443644132e+01 8.677880347286951235e+01
5.481452957232847439e+03 1.520218915514704179e+02 1.346612082906723060e+02 8.944568084073631553e+01 8.684930017111702227e+01
5.481798797247818584e+03 1.520617718590395668e+02 1.355583474482131123e+02 8.844624792975120897e+01 8.687457365191005465e+01
5.482150234780182473e+03 1.520524204236735386e+02 1.364616101545117033e+02 8.744883797440816409e+01 8.694335552160964653e+01
5.482502697433452340e+03 1.519336075463671420e+02 1.373981847783594503e+02 8.645199192118347753e+01 8.696454895407929087e+01
5.482875358539476110e+03 1.517905727124121711e+02 1.384018978595071871e+02 8.545393323076855552e+01 8.690227000857943551e+01
5.483240097970972784e+03 1.516175563789145428e+02 1.393572348357415649e+02 8.445755684919981832e+01 8.681991696674744219e+01
5.483598270288270214e+03 1.513003836740185193e+02 1.402356576769896037e+02 8.346990482763183650e+01 8.667077646922236056e+01
5.483984191153790562e+03 1.509281906118787049e+02 1.411314871426932314e+02 8.248826981712798556e+01 8.648031520680903839e+01
5.484366639681164997e+03 1.506503006837155567e+02 1.420498545384477893e+02 8.150206304529048396e+01 8.631552719054604950e+01
5.484720942026877310e+03 1.504427752792258275e+02 1.429264409100111095e+02 8.051498102665503609e+01 8.615579990847264469e+01
5.485090247081299822e+03 1.501887574586939422e+02 1.437844319058883400e+02 7.952345187008965866e+01 8.604439824086342981e+01
5.485462138623663122e+03 1.499488106230047890e+02 1.446417246598254565e+02 7.852464069321180773e+01 8.604968171531875498e+01
5.485818272360158517e+03 1.498512766171060662e+02 1.455305018374083375e+02 7.752553872885842168e+01 8.608454358248191340e+01
5.486200372420924396e+03 1.498084817969712788e+02 1.464891203038304184e+02 7.652735580992663245e+01 8.613021851260914730e+01
5.486600421096390164e+03 1.497377146303015536e+02 1.474463646573611015e+02 7.553426202384071075e+01 8.624411000024005602e+01
5.487000603412518103e+03 1.497914982724630875e+02 1.483154801721069305e+02 7.454419006966659822e+01 8.638462566468564319e+01
5.487441277269045713e+03 1.499944475528006649e+02 1.491654030223092775e+02 7.357131433909012230e+01 8.659948168029201554e+01
5.487979110230870901e+03 1.499852872777250639e+02 1.501265839507536555e+02 7.259863385285073889e+01 8.680574674321812267e+01
5.488552520709665259e+03 1.497751252990915987e+02 1.511723027674432842e+02 7.161594084490127443e+01 8.673790201723905113e+01
5.489097639960530614e+03 1.496670951274018648e+02 1.522404301017406283e+02 7.063283530897193430e+01 8.658626948325648698e+01
5.489597367476428190e+03 1.496295607386265090e+02 1.533150561505908911e+02 6.963876023922189518e+01 8.649060018926724069e+01
5.490036402919197826e+03 1.495188150088796135e+02 1.544037951633742125e+02 6.864512158542601128e+01 8.638935172581774680e+01
5.490438122250855486e+03 1.493916717548794395e+02 1.554077105447002225e+02 6.765057460279953716e+01 8.629527084829096850e+01
5.490801326793322914e+03 1.493001404714304101e+02 1.562738869958280929e+02 6.666217899793187485e+01 8.614381819847511679e+01
5.491164838472375777e+03 1.492040032484991912e+02 1.571547992871477675e+02 6.566937332878308098e+01 8.604310905637146334e+01
5.491542168083040451e+03 1.490734641192518950e+02 1.580960184289792778e+02 6.467159117227753029e+01 8.598233921043123473e+01
5.491903659001460255e+03 1.489506190504244785e+02 1.590218129726645486e+02 6.367685854780079779e+01 8.588071767024716507e+01
5.492256014002513439e+03 1.488531618033765085e+02 1.599632931522939145e+02 6.268222763483196047e+01 8.577806141637663018e+01
5.492606981411487141e+03 1.487789563835569879e+02 1.609280797188149563e+02 6.168704359698143946e+01 8.568041610602885783e+01
5.492938230792088689e+03 1.487402006461390442e+02 1.618345661610565571e+02 6.069505617768889039e+01 8.555552941809821732e+01
5.493286400299214620e+03 1.487038016117831205e+02 1.627742372172418470e+02 5.970045294509192502e+01 8.548644741914310430e+01
5.493656377545739815e+03 1.486972855370069624e+02 1.637744125818485372e+02 5.870053141580790879e+01 8.548454867411008706e+01
5.494028974303130781e+03 1.487213738872773661e+02 1.647531448543669512e+02 5.770151350565852510e+01 8.544700466083240542e+01
5.494418273847325509e+03 1.486769068668454281e+02 1.656859163948045648e+02 5.670371447387536534e+01 8.545009413630245376e+01
5.494812691895628632e+03 1.484194116897759841e+02 1.664874725942927967e+02 5.570793443423914937e+01 8.543281822690909166e+01
5.495219052533451759e+03 1.479184340223748393e+02 1.671885050846810827e+02 5.473375455833603809e+01 8.522939002968887223e+01
5.495629761631803376e+03 1.472533064150883035e+02 1.678061341663116082e+02 5.383162511680502860e+01 8.481648341792514145e+01
5.496044230214851268e+03 1.463888612034405696e+02 1.682233804056568260e+02 5.308809995893788880e+01 8.416769892661744734e+01
5.496472219145282907e+03 1.453738963538623636e+02 1.684806025159634260e+02 5.252467133725320281e+01 8.334621388040518752e+01
5.496884576575967003e+03 1.443892823183297764e+02 1.686367142868879512e+02 5.207313001933499663e+01 8.245504264779242476e+01
5.497289463794580115e+03 1.434102740516804886e+02 1.687360794990004820e+02 5.177972792819595327e+01 8.150726528682987748e+01
5.497711615379878822e+03 1.423480347623194575e+02 1.688835870232413185e+02 5.159254073482319569e+01 8.052504464433214082e+01
5.498126515993881185e+03 1.412872523209308326e+02 1.689843320040124297e+02 5.141719917384826744e+01 7.954089100465982654e+01
5.498519614051255303e+03 1.403341578362808377e+02 1.689129782291330173e+02 5.136253805403701023e+01 7.854691953168887153e+01
5.498922144398614364e+03 1.394013073371405937e+02 1.687260554214468300e+02 5.138501845953415881e+01 7.754733596795203709e+01
5.499327278294792450e+03 1.384535959566210863e+02 1.685162371233773797e+02 5.143831571671210412e+01 7.654996514024232113e+01
5.499721870919813227e+03 1.375725969371043220e+02 1.682660635040834052e+02 5.157843920053623776e+01 7.556056598249658407e+01
5.500111298817902025e+03 1.367533744847900721e+02 1.679470127567696807e+02 5.176107023689669262e+01 7.457739604341969653e+01
5.500510222200673525e+03 1.359203558547357602e+02 1.675675111783752698e+02 5.202636840549543962e+01 7.361663830656482332e+01
5.500930991400884523e+03 1.350564528493848400e+02 1.671226344597056368e+02 5.242885566017358911e+01 7.270349016660117059e+01
5.501340535745689522e+03 1.342535053012923640e+02 1.665771304450889545e+02 5.290035672964465618e+01 7.182169643559387850e+01
5.501745897121659254e+03 1.335359743981761085e+02 1.658662226735433478e+02 5.344789084964963166e+01 7.098866500417300074e+01
5.502167681303233621e+03 1.329729175922684590e+02 1.651036357962296108e+02 5.408178880036229685e+01 7.021568922261953105e+01
5.502570881365638343e+03 1.326856373789711085e+02 1.643878624776325239e+02 5.481184759603264212e+01 6.954154396340058497e+01
5.502966625839015251e+03 1.325530125651568198e+02 1.635431193817455551e+02 5.568736611122276514e+01 6.908199629567478439e+01
5.503397499036856061e+03 1.325001299512453272e+02 1.625192050791189331e+02 5.665089663250238061e+01 6.882432653482267426e+01
5.503838042449981003e+03 1.325325890472332730e+02 1.614905508315421230e+02 5.764181623095292650e+01 6.871701320071525743e+01
5.504263190250347179e+03 1.325905770901778453e+02 1.605333443200230192e+02 5.863844855322389549e+01 6.876001073234019145e+01
5.504684413444049824e+03 1.326346799633433591e+02 1.596245470443883789e+02 5.963303813156225885e+01 6.876867587543647176e+01
5.505117561458551791e+03 1.326416462386945909e+02 1.587396034633517559e+02 6.063079015657811510e+01 6.872638965455803373e+01
5.505569588751954143e+03 1.326942842522122135e+02 1.578812588493631779e+02 6.163070615532680563e+01 6.872320595894227324e+01
5.506025489286429547e+03 1.327940894649267705e+02 1.570453493312157320e+02 6.262965686334177917e+01 6.868390774776371188e+01
5.506474346250607596e+03 1.328655043236525160e+02 1.561522261055565082e+02 6.362802336395537139e+01 6.867835780358076647e+01
5.506927125733318462e+03 1.328242724631548697e+02 1.551837519206266052e+02 6.462552039816311833e+01 6.866057101740808832e+01
5.507380992614380375e+03 1.327073350874738935e+02 1.542212748664627213e+02 6.562194709646047386e+01 6.857612001816904979e+01
5.507825758365487673e+03 1.326274026487700155e+02 1.532451957395697093e+02 6.662021700388100953e+01 6.853820772387220472e+01
5.508228647877999720e+03 1.326195202090534906e+02 1.522875944906076597e+02 6.761826897707112494e+01 6.849743547395870280e+01
5.508619539576107854e+03 1.326721158460671575e+02 1.513001942562490569e+02 6.861568471062194874e+01 6.848000590945569854e+01
5.509032958698139737e+03 1.327545224831344797e+02 1.502155329313989967e+02 6.961500167284512486e+01 6.850999764842427453e+01
5.509410000800276975e+03 1.328110662262572248e+02 1.491967734888086170e+02 7.061467296815099814e+01 6.849656706859448718e+01
5.509775304313013294e+03 1.327833686771458019e+02 1.481943844515424757e+02 7.161335791103661563e+01 6.851105453001282797e+01
5.510163710906793312e+03 1.327162960848266096e+02 1.471217864466139247e+02 7.261041262745820291e+01 6.849800961826475998e+01
5.510534399719660541e+03 1.326738787996742417e+02 1.460974775379575874e+02 7.360317787307292292e+01 6.838140029711529166e+01
5.510897526072947585e+03 1.326734333755278783e+02 1.450972928921916889e+02 7.459797121470261061e+01 6.830928710461351727e+01
5.511278905483493872e+03 1.327077157183809959e+02 1.440366759814759519e+02 7.559672758643021950e+01 6.827329082963117912e+01
5.511645774279520992e+03 1.327796290467883011e+02 1.430065404090411221e+02 7.659550356970694907e+01 6.824190969943178686e+01
5.512001947998816831e+03 1.328753934920853794e+02 1.420389165910988822e+02 7.759374233440598800e+01 6.828713166117812250e+01
5.512385873179906412e+03 1.329494381102406919e+02 1.410488186974432097e+02 7.859175179880460860e+01 6.831108578933105946e+01
5.512784612425531122e+03 1.329778511316822858e+02 1.400486511628432993e+02 7.959090411152087086e+01 6.827050682056967901e+01
5.513177011209967532e+03 1.329600330090656257e+02 1.390776035149070537e+02 8.058880322735065249e+01 6.820756478911472698e+01
5.513578134811238669e+03 1.329517426046254798e+02 1.380997808124363928e+02 8.156961621706186349e+01 6.803622882959680851e+01
5.513988296394947611e+03 1.330332323544060387e+02 1.371207625254787104e+02 8.255044713016415869e+01 6.786151508926928955e+01
5.514398010470204099e+03 1.331810941188770983e+02 1.361632413749145485e+02 8.354777121997297229e+01 6.784210857479450851e+01
5.514835505573165392e+03 1.333634122440970486e+02 1.351781763401696992e+02 8.454716809709327663e+01 6.786842763239096143e+01
5.515299650222475066e+03 1.335568095085012033e+02 1.341446326366281028e+02 8.553974647644942308e+01 6.795741007027865521e+01
5.515770951681208317e+03 1.337201831231261906e+02 1.330801545901080658e+02 8.653123120919450173e+01 6.807885224721847806e+01
5.516236553875386562e+03 1.338888049765164681e+02 1.320320111459723478e+02 8.752951292982567111e+01 6.813368246336266054e+01
5.516700122434463992e+03 1.340576590158558190e+02 1.309967327529633678e+02 8.852385226306377319e+01 6.822470085041284449e+01
5.517172640057450735e+03 1.342089922489418257e+02 1.299352914355877715e+02 8.951850402509211335e+01 6.831210943741909603e+01
5.517655443454549641e+03 1.343519319091172974e+02 1.288286621534364826e+02 9.051391836086015985e+01 6.839523970631691441e+01
5.518126176664371997e+03 1.344399656812491628e+02 1.277039027824153266e+02 9.150990843833709221e+01 6.845754735381568423e+01
5.518528310516970123e+03 1.344963420178474678e+02 1.266856713046479257e+02 9.250989745717248525e+01 6.845443176210979175e+01
5.518883186645273781e+03 1.345520806134948373e+02 1.257647665884223045e+02 9.350776919095872586e+01 6.849815938904833956e+01
5.519250333919078003e+03 1.345599847128968065e+02 1.248386094314420802e+02 9.450502897965755267e+01 6.851278251159926924e+01
5.519619013647586144e+03 1.345495631149196072e+02 1.239225453345596151e+02 9.550427603636757112e+01 6.849216630618990109e+01
5.519996790644530847e+03 1.345551624750452504e+02 1.229793511432019670e+02 9.650415924142906476e+01 6.850697671252652299e+01
5.520400987071922827e+03 1.345486726624153562e+02 1.219756308132198939e+02 9.750142281131731181e+01 6.846315775566645812e+01
5.520822981223177521e+03 1.345146904769799789e+02 1.209723812312517452e+02 9.849769351208254875e+01 6.837820407920483490e+01
5.521264710921851474e+03 1.343874632368230380e+02 1.200024675190863803e+02 9.949501977265249764e+01 6.830516422626288886e+01
5.521723868809435771e+03 1.341528418771534348e+02 1.191479819525533941e+02 1.004806939609830323e+02 6.815342150732050186e+01
5.522237401130989383e+03 1.338453305483468228e+02 1.185206049520360381e+02 1.014403493585763414e+02 6.787752868301576825e+01
5.523360290092454306e+03 1.336380494845649025e+02 1.179890825084462307e+02 1.023206466418766780e+02 6.742236336293717613e+01
5.525048043992420389e+03 1.338705258597152579e+02 1.169956527210902664e+02 1.032062163744373180e+02 6.742692535320449565e+01
5.526105623530560479e+03 1.342402056081192825e+02 1.157661141375223224e+02 1.041614219160882584e+02 6.771220850704401073e+01
5.526647497795112940e+03 1.344760491375061804e+02 1.146388088700121699e+02 1.051419702773585669e+02 6.790695760593115438e+01
5.527105157451997911e+03 1.345616290977550022e+02 1.136015592449805638e+02 1.061358301252056577e+02 6.798878236809011355e+01
5.527548207687007562e+03 1.345865718899399894e+02 1.125601940162248411e+02 1.071357252955047272e+02 6.799863045663337857e+01
5.527985522089345977e+03 1.345907591691590142e+02 1.115113684404948771e+02 1.081334774003927350e+02 6.794643511251561563e+01
5.528392411593713405e+03 1.345859304818524151e+02 1.105242719244125595e+02 1.091286555657720356e+02 6.784884718112704149e+01
5.528790849276519111e+03 1.345993877972659618e+02 1.095703618911177983e+02 1.101261791179675242e+02 6.778736696786742755e+01
5.529215290471638582e+03 1.346394629905981901e+02 1.085721759643913629e+02 1.111234941678935826e+02 6.771894466523899325e+01
5.529643469456656931e+03 1.346993430945919954e+02 1.075738504909525943e+02 1.121218102924802054e+02 6.766972205842047572e+01
5.530071661706313535e+03 1.347325969683255380e+02 1.065608796204095938e+02 1.131200464355345474e+02 6.770546113433549351e+01
5.530482221499738444e+03 1.347671959597488751e+02 1.055641651814198951e+02 1.141166468136234329e+02 6.767766780304873464e+01
5.530879446962750080e+03 1.348853372167671694e+02 1.046118952115708964e+02 1.151135119671020277e+02 6.769148342534052176e+01
5.531278481900983934e+03 1.350576574268629884e+02 1.036775603517305484e+02 1.161053968498614637e+02 6.781320058657948380e+01
5.531670375912775853e+03 1.352750896138398389e+02 1.027533467371102347e+02 1.170999483442757594e+02 6.790917551098263516e+01
5.532065352678442650e+03 1.354792258992912082e+02 1.017944082240867090e+02 1.180932237135047274e+02 6.801973106761805354e+01
5.532469649638484043e+03 1.355276735349600870e+02 1.007768564877966213e+02 1.190888174541811679e+02 6.810518162290944133e+01
5.532848316329745103e+03 1.354458317697585414e+02 9.980293927698271261e+01 1.200850805628659685e+02 6.806212546920761497e+01
5.533214753581728473e+03 1.353188814494974679e+02 9.887604515894884116e+01 1.210796173480598981e+02 6.795780552068045210e+01
5.533595062090541433e+03 1.351522064916517820e+02 9.792435394983758101e+01 1.220652730323275534e+02 6.779449799364537910e+01
5.533964622085954943e+03 1.350262851640912629e+02 9.700824914306714675e+01 1.230336176784350357e+02 6.754805559241151514e+01
5.534338145770934716e+03 1.349719110435043206e+02 9.612937708693277727e+01 1.240142803581967286e+02 6.736559960998688723e+01
5.534764110428128333e+03 1.349450472919048138e+02 9.521698679434452117e+01 1.250045372136480353e+02 6.722648916950379316e+01
5.535231411275661230e+03 1.349777188649024708e+02 9.441221827893571117e+01 1.259968721040265081e+02 6.710393105561956872e+01
5.535822337381665420e+03 1.349979734168855146e+02 9.391742660616608873e+01 1.269936666728150243e+02 6.710079747368801861e+01
5.544874221135658445e+03 1.358363745701609560e+02 9.374932871644635668e+01 1.274275402877142653e+02 6.776308511611162544e+01
5.548256208337980752e+03 1.370990680337143033e+02 9.358776392862053228e+01 1.275985104555378484e+02 6.874816053294462392e+01
5.549092720726973312e+03 1.382663720817322712e+02 9.328117964730961376e+01 1.278152059751725460e+02 6.972426671604661408e+01
5.549697903035305899e+03 1.392708006976002650e+02 9.290218787508099751e+01 1.281956011718474997e+02 7.064638554481783217e+01
5.550209483033035212e+03 1.401906244964242205e+02 9.242336537239467020e+01 1.287198503446272753e+02 7.149615361317138706e+01
5.550677052887672289e+03 1.410839964059005638e+02 9.189469638445834221e+01 1.293704874575069255e+02 7.225347439113473058e+01
5.551129834863635551e+03 1.419806313512887073e+02 9.121689882143826367e+01 1.300407696492729315e+02 7.299558048910871833e+01
5.551565955075706370e+03 1.427149825546292732e+02 9.041225648057853448e+01 1.307469721640383113e+02 7.370328970519544498e+01
5.551956321233898052e+03 1.432575525979929125e+02 8.968939670423844746e+01 1.315519116502673853e+02 7.429357284390029292e+01
5.552340085149103288e+03 1.436678901816574125e+02 8.896474934005613022e+01 1.323717458829111990e+02 7.486617318228039153e+01
5.552748972720077290e+03 1.440411897668287509e+02 8.811871686751598531e+01 1.332431984582319444e+02 7.535495254503663887e+01
5.553161242839894840e+03 1.443551165450607527e+02 8.724720498482017206e+01 1.341646210920753788e+02 7.574145724963983639e+01
5.553549888831645148e+03 1.445218910553045362e+02 8.644888651112616174e+01 1.350944440524477557e+02 7.610946092420182651e+01
5.553951048578598602e+03 1.446498995272377783e+02 8.557589071761012178e+01 1.360750088080831404e+02 7.628862356185510407e+01
5.554379870910539466e+03 1.447975543701603272e+02 8.464860085438138526e+01 1.370679991028939924e+02 7.640618849251843869e+01
5.554789238732159902e+03 1.448134225642989463e+02 8.375817760162757963e+01 1.380629854856559575e+02 7.650606349156147701e+01
5.555190868746160049e+03 1.448147626766712506e+02 8.282837514893027731e+01 1.390610639676855840e+02 7.647349137455428547e+01
5.555588837104681261e+03 1.448529783117533611e+02 8.188612187396819309e+01 1.400525149509960841e+02 7.658559420967749531e+01
5.556005100625078740e+03 1.449072134876628866e+02 8.088269845476499142e+01 1.410485379214217971e+02 7.667220587952766664e+01
5.556387587648143381e+03 1.449960666816998014e+02 7.998171155150137679e+01 1.420480413416894692e+02 7.667115744849547809e+01
5.556738927563746074e+03 1.450666185464416458e+02 7.916047176816690012e+01 1.430458294257766170e+02 7.673095882556390279e+01
5.557111503751689270e+03 1.451301993468465810e+02 7.829948325147171317e+01 1.440443103806504155e+02 7.669548562364654742e+01
5.557500153762351147e+03 1.452850671915317378e+02 7.740762740114142559e+01 1.450430082155439493e+02 7.664447146179387005e+01
5.557908387080858120e+03 1.453809006142402040e+02 7.649844901624759075e+01 1.460411603821022197e+02 7.669149798430213139e+01
5.558361445135149552e+03 1.453959277460420481e+02 7.563179156081110932e+01 1.470402241092251927e+02 7.666548832849399275e+01
5.558915537842416597e+03 1.454747957766610398e+02 7.466744688718971190e+01 1.480296194232598737e+02 7.679480261034871091e+01
5.559532781742011139e+03 1.455060966661342547e+02 7.404396137606029527e+01 1.490157172939242969e+02 7.696091226629059179e+01
5.571462082292768173e+03 1.462981581883427680e+02 7.376010451001832280e+01 1.498732518939061720e+02 7.745689221572898475e+01
5.575248053987574167e+03 1.467887448343744268e+02 7.363785262556230293e+01 1.503909370716763760e+02 7.829810699950407127e+01
5.579100923518572017e+03 1.468756462700232532e+02 7.362723116435593340e+01 1.513363378075803496e+02 7.847179184750491743e+01
