# ts_seconds,x,y,gt_x,gt_y
2.158488340894497014e+03 1.472294121009374805e+02 7.775456357901290971e+01 1.472294121009374805e+02 7.775456357901290971e+01
2.166308364912949855e+03 1.468558536180114231e+02 8.006367774741940480e+01 1.462684084735010686e+02 7.748423054350210748e+01
2.166962282032243365e+03 1.468062124837550755e+02 8.137205664724197618e+01 1.452689581529890575e+02 7.751685314977135022e+01
2.167477219884020087e+03 1.467572045590801508e+02 8.247461522898326791e+01 1.442710929464766139e+02 7.758162726214709437e+01
2.167918489568230143e+03 1.467312079797468414e+02 8.343233815609139015e+01 1.432763336346713459e+02 7.768222432781725217e+01
2.168356753159850996e+03 1.467883384086159424e+02 8.443793587248019605e+01 1.422769966139573228e+02 7.770691821026052537e+01
2.168807089266081221e+03 1.468384278460027019e+02 8.545988603572558873e+01 1.412874739216384228e+02 7.785107376873857277e+01
2.169200305283777197e+03 1.469772936319672851e+02 8.632727589111333089e+01 1.403035481596579075e+02 7.802964533214945675e+01
2.169617024376299469e+03 1.472829325525034392e+02 8.726427623435309044e+01 1.393231968424865386e+02 7.822334249601071576e+01
2.170054840014000547e+03 1.477012055864887543e+02 8.827071805298680829e+01 1.383837669676110522e+02 7.856600781007838918e+01
2.170422148581116289e+03 1.480773004319952975e+02 8.914427578430307619e+01 1.374538232610713635e+02 7.893360060885375162e+01
2.170769913025308142e+03 1.484740447519618556e+02 8.999668103416873066e+01 1.365132072447968312e+02 7.927253939726978160e+01
2.171112879783294375e+03 1.488745963608213856e+02 9.084794473584022967e+01 1.356003664125789783e+02 7.968085497407084006e+01
2.171430933667793397e+03 1.492198678066465050e+02 9.165360110620187584e+01 1.346846750158156283e+02 8.008161409773926209e+01
2.171755297398554376e+03 1.495581452914759097e+02 9.249405849502292654e+01 1.337284409570989965e+02 8.037421688773972051e+01
2.172073772354942776e+03 1.499082554486768686e+02 9.332165026275681896e+01 1.327747749938238826e+02 8.067366256662555202e+01
2.172394172428123511e+03 1.502772177563610683e+02 9.415909800084156700e+01 1.318565712097988296e+02 8.106947456112510508e+01
2.172711755114929929e+03 1.506297500334733286e+02 9.498775778704106187e+01 1.309152435099749425e+02 8.140582041536812596e+01
2.173055822063063260e+03 1.509863322542927904e+02 9.588385129032451459e+01 1.299461433417915259e+02 8.165191232947564970e+01
2.173396251234144529e+03 1.513437800820666439e+02 9.672678176274234829e+01 1.289952402784255696e+02 8.196083424786669980e+01
2.173734026039729088e+03 1.517118793412547006e+02 9.752624437849962646e+01 1.280643864471734332e+02 8.232577628449386964e+01
2.174089530316943183e+03 1.520937951209413086e+02 9.837970066893157650e+01 1.271128235156072748e+02 8.263320318361023453e+01
2.174439580830721297e+03 1.524646859108374599e+02 9.924534079520132934e+01 1.261671108623244635e+02 8.295789153111257974e+01
2.174821396564730549e+03 1.528773566999155094e+02 1.001825161102987067e+02 1.252368344496338324e+02 8.332448552822070553e+01
2.175171828327163894e+03 1.532630375781936891e+02 1.010230606383342007e+02 1.242900881517210223e+02 8.364646597803132977e+01
2.175521588225788946e+03 1.536429869920136184e+02 1.018836965324131398e+02 1.233457997017477368e+02 8.397468240695580732e+01
2.175888396622081018e+03 1.540141017965569006e+02 1.028134132406119932e+02 1.224292362915425088e+02 8.437434714730362373e+01
2.176240404192348251e+03 1.543416069241714865e+02 1.037115895489793189e+02 1.214931846058321980e+02 8.472518620291012326e+01
2.176621461155662928e+03 1.546674753620158640e+02 1.046989529128445895e+02 1.205299445985871216e+02 8.499380426555678980e+01
2.176995827820223894e+03 1.549694760042090138e+02 1.056724395151222922e+02 1.195696258907540113e+02 8.527268640218009921e+01
2.177369450762482757e+03 1.552432023862824053e+02 1.066584574794698881e+02 1.186040768444816251e+02 8.553113565448553857e+01
2.177759320380534064e+03 1.554899619764061640e+02 1.076951554754693063e+02 1.176179867546767639e+02 8.569726656232532491e+01
2.178112220631298442e+03 1.556772990768702698e+02 1.086191132646267477e+02 1.166348958829718185e+02 8.588036748176926949e+01
2.178453499017533886e+03 1.558199396078904329e+02 1.095165668484999628e+02 1.156525525447013081e+02 8.606694003311919516e+01
2.178797638246835504e+03 1.559568400486319319e+02 1.104376413941386090e+02 1.146631888275664437e+02 8.621230849122174789e+01
2.179124015143462657e+03 1.561125862428637276e+02 1.113270543874975260e+02 1.136770343965097680e+02 8.637769813009641950e+01
2.179452489618427535e+03 1.562841617040900530e+02 1.122287783221302249e+02 1.126973156657753066e+02 8.657793913547780562e+01
2.179776831925818897e+03 1.564292512744170836e+02 1.131208170175594887e+02 1.117123329545717496e+02 8.674961942272531701e+01
2.180111223177721968e+03 1.565274801662931736e+02 1.140295162904305926e+02 1.107195522799174086e+02 8.686899470583674088e+01
2.180435427513553805e+03 1.565666707275147189e+02 1.148860246794912570e+02 1.097317173416148535e+02 8.702449691104303042e+01
2.180770834311377257e+03 1.565835202539136901e+02 1.157683477249445474e+02 1.087432635513414283e+02 8.717182923972303854e+01
2.181111333704675872e+03 1.565923220411318937e+02 1.166763306347940983e+02 1.077439742127026960e+02 8.720623517586017215e+01
2.181450843135105060e+03 1.565705314452422954e+02 1.175893297835705056e+02 1.067441462317288199e+02 8.720011519999654581e+01
2.181802610784936405e+03 1.565440273444504840e+02 1.185167184200176962e+02 1.057451241490569629e+02 8.724316102773434523e+01
2.182151711981670360e+03 1.565570267097467934e+02 1.194498497510980854e+02 1.047454377067446245e+02 8.724765814236394590e+01
2.182527831549743951e+03 1.566164351398623182e+02 1.204898386525885883e+02 1.037475483559931746e+02 8.718637650240295045e+01
2.182887787227091849e+03 1.566830699323874967e+02 1.214802453820930168e+02 1.027476440813130694e+02 8.719293001609867133e+01
2.183243805582848836e+03 1.567154938794242014e+02 1.224522074162837981e+02 1.017487312163737130e+02 8.722201347977058106e+01
2.183604804928372687e+03 1.566866150055623734e+02 1.234483779410274877e+02 1.007515722783322047e+02 8.714668905514811570e+01
2.183946544823599652e+03 1.566092414350339084e+02 1.244206076821238156e+02 9.975423999417121479e+01 8.707538919926003018e+01
2.184287611576719883e+03 1.565349222245069143e+02 1.254110693178175211e+02 9.875507318811246193e+01 8.704061909727917623e+01
2.184615448590956021e+03 1.564528220236526579e+02 1.263750324392332089e+02 9.775996980382443269e+01 8.694224486501900628e+01
2.184951769291922574e+03 1.563218280172103789e+02 1.273758449920948834e+02 9.676714425999104208e+01 8.682431108345213033e+01
2.185284728467336663e+03 1.561882272289917069e+02 1.283473338749119819e+02 9.576950094372952549e+01 8.675675786577767212e+01
2.185608171019704059e+03 1.561158618489381524e+02 1.292559184798314504e+02 9.477581005676292136e+01 8.664722513900001388e+01
2.185946133206144623e+03 1.561082488110626514e+02 1.301718138363115713e+02 9.378987747248758922e+01 8.648279682827816828e+01
2.186294918647797658e+03 1.561439070930539401e+02 1.310911723727722631e+02 9.279289297444805129e+01 8.641251665251137126e+01
2.186674304741205560e+03 1.562021888407746815e+02 1.320897143944674497e+02 9.179304963910196591e+01 8.642626353986902643e+01
2.187063736059202711e+03 1.562438149854106086e+02 1.331232908278371667e+02 9.079323074883618006e+01 8.641613376208049146e+01
2.187452507106101166e+03 1.562650593346322978e+02 1.341651412244361268e+02 8.979426047608004069e+01 8.645676444234277369e+01
2.187843155157731871e+03 1.563129747478424179e+02 1.351927617123729135e+02 8.879822938452132064e+01 8.654413052811398188e+01
2.188202001656825814e+03 1.563783293558335288e+02 1.361254866539773332e+02 8.779922634234119982e+01 8.658852915872262201e+01
2.188543021730279179e+03 1.564166501761632730e+02 1.370393841039080485e+02 8.680129751842028440e+01 8.665100230827988526e+01
2.188873786099252811e+03 1.564376492107115837e+02 1.379390052761074514e+02 8.580594319405514625e+01 8.674400478566842310e+01
2.189206059342861408e+03 1.564557336926631592e+02 1.388446064577925938e+02 8.480629007975954892e+01 8.676691983159797417e+01
2.189557307355160447e+03 1.564425474654729271e+02 1.397997770043354819e+02 8.380660041908753044e+01 8.676590982718555267e+01
2.189896838650581685e+03 1.563967923720967974e+02 1.407182834858139984e+02 8.280838010330529642e+01 8.682423787697848638e+01
2.190240278953760935e+03 1.563621966389362683e+02 1.416494869761702944e+02 8.180889248639320499e+01 8.683965014330365761e+01
2.190588410906789250e+03 1.563546879918499144e+02 1.425919545308396152e+02 8.081030328561200804e+01 8.678730432609056322e+01
2.190939828964390927e+03 1.563500647987827108e+02 1.435473322323679781e+02 7.981073014439891722e+01 8.676507084732989483e+01
2.191294440733593547e+03 1.563437641220692740e+02 1.445026288837011919e+02 7.881103364045392823e+01 8.678531297810935996e+01
2.191640404288559239e+03 1.563726449186728189e+02 1.454357660519868887e+02 7.781114719099392119e+01 8.677025606098646904e+01
2.191996036691772133e+03 1.564384308284472809e+02 1.464113305133030565e+02 7.681159997747630541e+01 8.676879656592018364e+01
2.192335799684469748e+03 1.565092729862352883e+02 1.473256964733513996e+02 7.581414639533409172e+01 8.683988062522240625e+01
2.192673276519289630e+03 1.565841360517259204e+02 1.482147738116338473e+02 7.481553168682927435e+01 8.688881275935433735e+01
2.193024427121824829e+03 1.566518887350457305e+02 1.491319698776758287e+02 7.381561769550775409e+01 8.689455216780956448e+01
2.193371052202303417e+03 1.566857424973343313e+02 1.500179850193042626e+02 7.281665337430789009e+01 8.693657364229470375e+01
2.193726073956345317e+03 1.566826049026259398e+02 1.509085409346065205e+02 7.181984231152624432e+01 8.701436101574925885e+01
2.194089779084190013e+03 1.566333330072191075e+02 1.518405474201732375e+02 7.082036631733848253e+01 8.704057448575704825e+01
2.194468125627996415e+03 1.565270214566501750e+02 1.528503717269495894e+02 6.982057889418038599e+01 8.701996563812744512e+01
2.194832728082436461e+03 1.564268578220273298e+02 1.538237848582710683e+02 6.882121669152761001e+01 8.698995560482553913e+01
2.195182968303266080e+03 1.563705238093125161e+02 1.547642358215254319e+02 6.782512538545564951e+01 8.690409008320089868e+01
2.195547541965738219e+03 1.563146900120002840e+02 1.557503870392707768e+02 6.683340556509176622e+01 8.677805260034530477e+01
2.195897866148814956e+03 1.562407118109148598e+02 1.566837196000408596e+02 6.583571786790962221e+01 8.671019014630053334e+01
2.196253093448135587e+03 1.561552587968117791e+02 1.576397889654646463e+02 6.484041417590984224e+01 8.661938383567303390e+01
2.196621779919615165e+03 1.560575148770651310e+02 1.586300932725593213e+02 6.385424847048479080e+01 8.645402227058154665e+01
2.196977796205176674e+03 1.559599834492363755e+02 1.595731335486566138e+02 6.286336250770809642e+01 8.631963475224546301e+01
2.197334876192111096e+03 1.558634800433795249e+02 1.605252104505112811e+02 6.187126502149196483e+01 8.619662047257406812e+01
2.197685538687124790e+03 1.557428515549549388e+02 1.614756630535530917e+02 6.088757394387833699e+01 8.601677172076104227e+01
2.198043012060390538e+03 1.555754597230832132e+02 1.624437522485819443e+02 5.990177907003286606e+01 8.584961200846422003e+01
2.198397314782948797e+03 1.553898306596718442e+02 1.633762397678131038e+02 5.891121609672259041e+01 8.571350890577285497e+01
2.198741181254482399e+03 1.551654119948519224e+02 1.642599179321085501e+02 5.792803651521029451e+01 8.553187889225038987e+01
2.199107017435029320e+03 1.548189988349116391e+02 1.651582938152527049e+02 5.695409417454692402e+01 8.530509949587549556e+01
2.199476353079962792e+03 1.543759859650757846e+02 1.659714912822896338e+02 5.598795091919770783e+01 8.505189884498845743e+01
2.199865074943143554e+03 1.538071179956560286e+02 1.667498443025495476e+02 5.507040796164122298e+01 8.466047675873997491e+01
2.200282011192716254e+03 1.530798356631322577e+02 1.675040314891432445e+02 5.423099770712385492e+01 8.411762425466540094e+01
2.200684692991918382e+03 1.523196131976334300e+02 1.681039161502854427e+02 5.344409513070675644e+01 8.350394034673087162e+01
2.201099614760440545e+03 1.514773585042430000e+02 1.686564413447773632e+02 5.277829721399032081e+01 8.276105765071564235e+01
2.201515929418224459e+03 1.505513111979227858e+02 1.691439206282957741e+02 5.223488280907770331e+01 8.192167592319287905e+01
2.201896152480910132e+03 1.496551858341018999e+02 1.694711250425731919e+02 5.173041716735313145e+01 8.105930309536701373e+01
2.202295395508525871e+03 1.486533218953919686e+02 1.697049777951639555e+02 5.133955931561567354e+01 8.014173806058373373e+01
2.202707286598766586e+03 1.475900796552096779e+02 1.698064438376734131e+02 5.110620647949058082e+01 7.916971171174903077e+01
2.203094295311015230e+03 1.465987676821952164e+02 1.697809663647216212e+02 5.094886501321818884e+01 7.818320957979334196e+01
2.203502442570702897e+03 1.455469589551845502e+02 1.696765829313981726e+02 5.091713330894364731e+01 7.718580439107246605e+01
2.203924365445695457e+03 1.444623644708897530e+02 1.694522922779714804e+02 5.102437576670364194e+01 7.619166068621403554e+01
2.204321776536115522e+03 1.434794483697507417e+02 1.691282414824179341e+02 5.117760418171040016e+01 7.520425703732284717e+01
2.204725079521670523e+03 1.425268300542413442e+02 1.686968001389114420e+02 5.144494131460282915e+01 7.424352640788373492e+01
2.205130470156806041e+03 1.416485010832900002e+02 1.681336762814358678e+02 5.186307065990176568e+01 7.333538727738364571e+01
2.205505956445364518e+03 1.409357596185727175e+02 1.675198442635441438e+02 5.233224255973679817e+01 7.245277956002823316e+01
2.205888737026063609e+03 1.402801764712923500e+02 1.668422324334471512e+02 5.288328222740484819e+01 7.162165446505815680e+01
2.206287122051060578e+03 1.397056336521000617e+02 1.660610185206849962e+02 5.357022470245973267e+01 7.089668279433945486e+01
2.206664624248586733e+03 1.393021261029102789e+02 1.652051676337794959e+02 5.433962041131446341e+01 7.025951012262808604e+01
2.207037741910151453e+03 1.390096449044780798e+02 1.642572549760628533e+02 5.518486058089194302e+01 6.973284141320445428e+01
2.207401786780711063e+03 1.387843033260960510e+02 1.633001940688320985e+02 5.611781771071544256e+01 6.937413833375714489e+01
2.207760162474416120e+03 1.386178831023053704e+02 1.623491685578523231e+02 5.706962122514273972e+01 6.906744059503262179e+01
2.208114881332041023e+03 1.385243509329442304e+02 1.614098823951772772e+02 5.802868047635954696e+01 6.879324304427554182e+01
2.208477902316225027e+03 1.385421942217915046e+02 1.604386638118032522e+02 5.902010480599820141e+01 6.866815805739317113e+01
2.208854450362809075e+03 1.386602150118802115e+02 1.594332420658193428e+02 6.001814535751560697e+01 6.860631975467060784e+01
2.209213775824658569e+03 1.387731708706026552e+02 1.584957183837567527e+02 6.101564337864155618e+01 6.855209479312678411e+01
2.209584971974729797e+03 1.388330448656512601e+02 1.575193739361129701e+02 6.201289518905758058e+01 6.860757060130924856e+01
2.209957880566576478e+03 1.388753961267752288e+02 1.565225252668677740e+02 6.300404541294984284e+01 6.873836344987984148e+01
2.210315644103407521e+03 1.389409721473565185e+02 1.555692105675166772e+02 6.400040667358861413e+01 6.882296276696231985e+01
2.210683562313595303e+03 1.389927502675023447e+02 1.545779031097214897e+02 6.499775984437238208e+01 6.889493345358502552e+01
2.211042329639366017e+03 1.389849788702808837e+02 1.535773096948065302e+02 6.599464495035948630e+01 6.896515182620112228e+01
2.211396156838281968e+03 1.389205153980844329e+02 1.525539586453309084e+02 6.699442621975939005e+01 6.895999245221388207e+01
2.211747244755673819e+03 1.388349772433220437e+02 1.515423400600082857e+02 6.799378653961433372e+01 6.892810527903291984e+01
2.212087225140269766e+03 1.387747635610283794e+02 1.505588969288219516e+02 6.899353525857210911e+01 6.891471013438102489e+01
2.212443310378410388e+03 1.387870070203092325e+02 1.495126155808948170e+02 6.999224927304366872e+01 6.886472770833499624e+01
2.212795568271905267e+03 1.388616096026635205e+02 1.485029050041108576e+02 7.099065317424711452e+01 6.881527910029882378e+01
2.213150290909376963e+03 1.389524706283939395e+02 1.475051665057423236e+02 7.199055823385539554e+01 6.882101043184206901e+01
2.213510891842899582e+03 1.390512646797832872e+02 1.464694477778403439e+02 7.299019694949832626e+01 6.883613470243444965e+01
2.213852715690482000e+03 1.391483117414688024e+02 1.454832365186238121e+02 7.398966848465590829e+01 6.883043012178822551e+01
2.214204192047767265e+03 1.392286664087240524e+02 1.444837254350825901e+02 7.498706967654352695e+01 6.889685823943899834e+01
2.214557254817477315e+03 1.392447662433813491e+02 1.434872926878520616e+02 7.598209817025596635e+01 6.898485462655162337e+01
2.214910650231700856e+03 1.391758371419601872e+02 1.424835090366342172e+02 7.698167883406989631e+01 6.897592615753133316e+01
2.215265418025366671e+03 1.390555264165226390e+02 1.414800171169825660e+02 7.798048580835913413e+01 6.893238639135427093e+01
2.215600474828445840e+03 1.389547442730491866e+02 1.405189816870073685e+02 7.897925682014550830e+01 6.890351940573970069e+01
2.215936519187091562e+03 1.388896077733097343e+02 1.395313774324158658e+02 7.997210762631763714e+01 6.878798600123791118e+01
2.216253665389985599e+03 1.388334855391910025e+02 1.386198393163011247e+02 8.095980660192590506e+01 6.863272017776363043e+01
2.216569667269658112e+03 1.387990677812069009e+02 1.377236910909863354e+02 8.195363750206620068e+01 6.852571644966400299e+01
2.216888342785696295e+03 1.388094978754176623e+02 1.368197476637272416e+02 8.295125040986511067e+01 6.845855597197939346e+01
2.217210623687480620e+03 1.388636226052215648e+02 1.359147801388022003e+02 8.394735549850393852e+01 6.837116494396100563e+01
2.217541778574938689e+03 1.389489578376757777e+02 1.349919479297988119e+02 8.494498945756218689e+01 6.833983404523968375e+01
2.217873381629016421e+03 1.390508533481004747e+02 1.340489366110294611e+02 8.594249989049718863e+01 6.841031817582954488e+01
2.218230162049962019e+03 1.391524167649084234e+02 1.330145315138105104e+02 8.694076209897761487e+01 6.846655799080619431e+01
2.218583137067303142e+03 1.392099767564021136e+02 1.320159717428677482e+02 8.794028227233546602e+01 6.849698098294183524e+01
2.218949296889273683e+03 1.391946647966231865e+02 1.309996296243092502e+02 8.893968239985377977e+01 6.852851915443386588e+01
2.219335842914918885e+03 1.391074781120237276e+02 1.299370205315681517e+02 8.993827776013374375e+01 6.850713042466696834e+01
2.219698104895997403e+03 1.389743241252650989e+02 1.289669153237437342e+02 9.093210547048097681e+01 6.839702182794414398e+01
2.220058760570842878e+03 1.388467900013289125e+02 1.279684374511335676e+02 9.192388359366159989e+01 6.826928208947734333e+01
2.220414512917665888e+03 1.387676747133135677e+02 1.269387461681712921e+02 9.291521227227411828e+01 6.814001509263172807e+01
2.220751382187662784e+03 1.387105227293277494e+02 1.259644328079624671e+02 9.390238772479548857e+01 6.798109309014947144e+01
2.221089806739993037e+03 1.386666119936367920e+02 1.250066758818361592e+02 9.489444750962425701e+01 6.785630768285896863e+01
2.221412810249384620e+03 1.386498775117244975e+02 1.240776901467920084e+02 9.588893588981841276e+01 6.775183546222723407e+01
2.221736663238128131e+03 1.386630275825719707e+02 1.231127613276387081e+02 9.688107132198486227e+01 6.762704064014423011e+01
2.222061335896044511e+03 1.386978500304577153e+02 1.221639737418375233e+02 9.787371885119107162e+01 6.751710518628647151e+01
2.222397150881390189e+03 1.387624458412105639e+02 1.212120742294551263e+02 9.887328292015754982e+01 6.750735381343882580e+01
2.222737671497262909e+03 1.388636091520606328e+02 1.202507128024367091e+02 9.987281577888491313e+01 6.753473918642562523e+01
2.223068531540359345e+03 1.389890320837238562e+02 1.193117953437333512e+02 1.008721555810932529e+02 6.755740435056371496e+01
2.223408392143546735e+03 1.391281252478192130e+02 1.183450575669089488e+02 1.018669395223265468e+02 6.765105809555893757e+01
2.223744807473652145e+03 1.392670612109602359e+02 1.173985556280475322e+02 1.028559664596138248e+02 6.779735876887001211e+01
2.224089682420185909e+03 1.393904479793765177e+02 1.164322303973191595e+02 1.038504164638359413e+02 6.790151147243594210e+01
2.224437887093017707e+03 1.394584487321736219e+02 1.154787413865673784e+02 1.048466793695285020e+02 6.798739437732899660e+01
2.224781500181436058e+03 1.394862861345022509e+02 1.145515204531495357e+02 1.058429704667054239e+02 6.805566240224992214e+01
2.225151011651404133e+03 1.395795238048371516e+02 1.135659065801984724e+02 1.068408339321837275e+02 6.801015448372108096e+01
2.225510138306769022e+03 1.397719827852619687e+02 1.126783398582658577e+02 1.078352916631872631e+02 6.791024253965132118e+01
2.225871380892769594e+03 1.399035625710864679e+02 1.118793464614254418e+02 1.088330145142105607e+02 6.784728048559651370e+01
2.226242014654415925e+03 1.399226246054291494e+02 1.111534994719292939e+02 1.098253521184735320e+02 6.772735009316586741e+01
2.226593787026203699e+03 1.399704672655105355e+02 1.104443193827320329e+02 1.108152283658352957e+02 6.759889068446598515e+01
2.226946575952189960e+03 1.400758116204593762e+02 1.096712054672102852e+02 1.118129470407522774e+02 6.760810796840446812e+01
2.227286759342420282e+03 1.403174909748408083e+02 1.088956403588699118e+02 1.128068346502169135e+02 6.771838221844973305e+01
2.227620146619604839e+03 1.407255057415777912e+02 1.081450937123008202e+02 1.137980973162036378e+02 6.784473073401429133e+01
2.227955941720367719e+03 1.411768391102938267e+02 1.074296076284484371e+02 1.147683235628243779e+02 6.807541573784934030e+01
2.228296385954659399e+03 1.415288581027391501e+02 1.067076430762232917e+02 1.157102131798138771e+02 6.841124679805848530e+01
2.228657395998227003e+03 1.418092974790321250e+02 1.059023199485289553e+02 1.166605343596193336e+02 6.872170199410444980e+01
2.229007720734787654e+03 1.421277431767012729e+02 1.051292003185912023e+02 1.176151600379511564e+02 6.901798853823702018e+01
2.229361286400257086e+03 1.425572674363315855e+02 1.043438326735674480e+02 1.185532366941399971e+02 6.936426702244544629e+01
2.229711014958215401e+03 1.430597757070664215e+02 1.035695981154662491e+02 1.194849138093217391e+02 6.972753212053054028e+01
2.230039876167080820e+03 1.436241922444726526e+02 1.028938881552868310e+02 1.204021115908372934e+02 7.012340780574899668e+01
2.230374652135263204e+03 1.442381347394894533e+02 1.022488416803755484e+02 1.212743117576258953e+02 7.061003319255847543e+01
2.230708320119708787e+03 1.448309364034320765e+02 1.016067071361247685e+02 1.221190127671324035e+02 7.114438887709114567e+01
2.231059170352661113e+03 1.454634028186703461e+02 1.009504096961526898e+02 1.229889439971102689e+02 7.163755486867347599e+01
2.231415027406022546e+03 1.461352455175392606e+02 1.003176620592951309e+02 1.238383045370484865e+02 7.216170850118302837e+01
2.231778303351332397e+03 1.467886570491297675e+02 9.964564009544851331e+01 1.246332572433877459e+02 7.276832821221368874e+01
2.232155919705628548e+03 1.474803235936742851e+02 9.894245326669923202e+01 1.254222545063220480e+02 7.338271715263148565e+01
2.232521771772023840e+03 1.482197135443476554e+02 9.832811029576072315e+01 1.261896002907156600e+02 7.402152440725487281e+01
2.232900739854123003e+03 1.489887013256229125e+02 9.768669529967820608e+01 1.269086699350041840e+02 7.471632015103492108e+01
2.233283268675154886e+03 1.497191825668785157e+02 9.698411753619471654e+01 1.276636191308306252e+02 7.537021639231761583e+01
2.233637217017677358e+03 1.504034491189774769e+02 9.638879138068949715e+01 1.284592015307381132e+02 7.597585831079373975e+01
2.233996055188359151e+03 1.510962547354542380e+02 9.583021370230007108e+01 1.292482314034396609e+02 7.658993473092409943e+01
2.234351781729812046e+03 1.517431597322293726e+02 9.526475557799334126e+01 1.300813251987364936e+02 7.713764054591889874e+01
2.234704097495398855e+03 1.523439660760944889e+02 9.466927381939771635e+01 1.309712793267029269e+02 7.759360857457994598e+01
2.235085800068774006e+03 1.529019055916067487e+02 9.393625919669193536e+01 1.318442714389834691e+02 7.808024738469003978e+01
2.235460075417822281e+03 1.534024270453952283e+02 9.319336405472577667e+01 1.327104347368113224e+02 7.857739172090795421e+01
2.235836087412998950e+03 1.539243012034466176e+02 9.247072571998890567e+01 1.336165803459536221e+02 7.900010188614817253e+01
2.236218106252008056e+03 1.543949169128643462e+02 9.169210360452616726e+01 1.345244582941837450e+02 7.941863721308790502e+01
2.236585666883817339e+03 1.547248373574213929e+02 9.084278983560938059e+01 1.354313156002705796e+02 7.983709615145414773e+01
2.236958540046248345e+03 1.550413827987491686e+02 8.995939887755906739e+01 1.363673135710967017e+02 8.018910124318242083e+01
2.237318075667485118e+03 1.553874302553375060e+02 8.912806598737566333e+01 1.372832120950247656e+02 8.058445646939958351e+01
2.237662457247048224e+03 1.557016468897689094e+02 8.834563539486144634e+01 1.381615108589450074e+02 8.106240258227204265e+01
2.238020026313951348e+03 1.560652827266845577e+02 8.756774484310392381e+01 1.390583636834178662e+02 8.150348711922681844e+01
2.238369538655323140e+03 1.564459170809990383e+02 8.682181062245018666e+01 1.399694542631082186e+02 8.191518223503750562e+01
2.238731503057723785e+03 1.567413890351552936e+02 8.597683368960660744e+01 1.408665968651831122e+02 8.235688755244069625e+01
2.239083376209887319e+03 1.569531873097471646e+02 8.511559174317125098e+01 1.417789969028320058e+02 8.276018268317787374e+01
2.239418244221614259e+03 1.572590685996667048e+02 8.432107277735426010e+01 1.427207278865044486e+02 8.309479934615946206e+01
2.239744622634312691e+03 1.576581974120824725e+02 8.356988991797565802e+01 1.436316725351678087e+02 8.350470426854693073e+01
2.240060997065441825e+03 1.579779710657307135e+02 8.279818039494810478e+01 1.445327326891186317e+02 8.393421656276618137e+01
2.240398459386732611e+03 1.581962904979461086e+02 8.194447334289883145e+01 1.454787767535119940e+02 8.425479171218108831e+01
2.240741859733952424e+03 1.583564026576329411e+02 8.109471271250551183e+01 1.464383256955012484e+02 8.453460139702426090e+01
2.241105704087241520e+03 1.585207257248644339e+02 8.016332002687759939e+01 1.473849696638400246e+02 8.485687824187738215e+01
2.241469276994083884e+03 1.587405440629896134e+02 7.921552507394318354e+01 1.483399300112585877e+02 8.515021382785353410e+01
2.241818935629977659e+03 1.590901515414122400e+02 7.835825860110065832e+01 1.493019479077293283e+02 8.541867269254278483e+01
2.242193540921906788e+03 1.595945239252691863e+02 7.750951780380466971e+01 1.502363024931960922e+02 8.577365738239828374e+01
2.242564560293585146e+03 1.601765227541111472e+02 7.674420007116536624e+01 1.511651740143032043e+02 8.614206476966278103e+01
2.242937481136699716e+03 1.608163500517483442e+02 7.614125841405322603e+01 1.521135610649342311e+02 8.645916327660592060e+01
2.243329067624511936e+03 1.613031946878477640e+02 7.562838546093405512e+01 1.530679837464964521e+02 8.675683040194267903e+01
2.243716097829579212e+03 1.615920635903918310e+02 7.514257443164648009e+01 1.540432671169329240e+02 8.695397518609416920e+01
2.244131544905671035e+03 1.617501545248255184e+02 7.447162780112763869e+01 1.550417260801837926e+02 8.698107718239188557e+01
2.244575821416477993e+03 1.616899157268068166e+02 7.361089552174820483e+01 1.560398836405449856e+02 8.692528407604770280e+01
2.245003450314797647e+03 1.615721394721047375e+02 7.270193969970364378e+01 1.570277325713792607e+02 8.678635089163626049e+01
2.245414978438194794e+03 1.615117974470563809e+02 7.180518106723363303e+01 1.580084695499486429e+02 8.660156214104098638e+01
2.245831349220513403e+03 1.614402277949045583e+02 7.080747352817864737e+01 1.590051627911857963e+02 8.653245846582623813e+01
2.246236093856420212e+03 1.614323018336533551e+02 6.976691108353917059e+01 1.600044385536810125e+02 8.650242179397831421e+01
2.246632888315759828e+03 1.615452177418116833e+02 6.874607107530175654e+01 1.610021641679256277e+02 8.649159499545740459e+01
2.247039457597802084e+03 1.616848990375091830e+02 6.769939258323840647e+01 1.619973294620292847e+02 8.658689437863532135e+01
2.247438643914936165e+03 1.617955892404427516e+02 6.666706778949770751e+01 1.629922083950351066e+02 8.667184556085901193e+01
2.247841388015624489e+03 1.618840119444689947e+02 6.563277753632215195e+01 1.639916855544453256e+02 8.669862484617638643e+01
2.248250465940564482e+03 1.619190643112144130e+02 6.456765436892757748e+01 1.649904296176881360e+02 8.671246145450497522e+01
2.248624304731143638e+03 1.619136097738519595e+02 6.359541917468284566e+01 1.659864840949031475e+02 8.663301604557948110e+01
2.248979990021960020e+03 1.619099074062031320e+02 6.268758411705268685e+01 1.669807652602590906e+02 8.653579966078910957e+01
2.249349709829732092e+03 1.619555818214563772e+02 6.173867608040571753e+01 1.679801355299420038e+02 8.650085971066813784e+01
2.249703420895445106e+03 1.620652359008903716e+02 6.080746167368388910e+01 1.689783444143683937e+02 8.644992936771794234e+01
2.250048874306486141e+03 1.621819709660590263e+02 5.988548185369912602e+01 1.699747248446753645e+02 8.636545712327145452e+01
2.250384660530527071e+03 1.622705573900112199e+02 5.900461638026291666e+01 1.709729686605937218e+02 8.632947039426370850e+01
2.250720595618825428e+03 1.623370539028200596e+02 5.811909427901787240e+01 1.719727618634505859e+02 8.634308420134931339e+01
2.251064539747507297e+03 1.624311181001472164e+02 5.721927445188680394e+01 1.729721957924433582e+02 8.631899478449929575e+01
2.251394280787505977e+03 1.625553343038355081e+02 5.639361668738459343e+01 1.739704125477797731e+02 8.630986709365343756e+01
2.251757557743927919e+03 1.626831195791584150e+02 5.548982703524378479e+01 1.749669029679340611e+02 8.639151762333355578e+01
2.252128711742481300e+03 1.628069845656468999e+02 5.457554922010942278e+01 1.759633463529206665e+02 8.645029714450097913e+01
2.252495331868075482e+03 1.629191927281961796e+02 5.366994426679980990e+01 1.769631205561630622e+02 8.644737587894024955e+01
2.252867129467048926e+03 1.629739201189088078e+02 5.274543410605826210e+01 1.779622995092754820e+02 8.648438223489380050e+01
2.253229894716400850e+03 1.629251438589940904e+02 5.185483707286212507e+01 1.789595871836386323e+02 8.648547637363087404e+01
2.253604286955938733e+03 1.626981710260453440e+02 5.100232695445190245e+01 1.799485966951437774e+02 8.634863091129108170e+01
2.253971313988714428e+03 1.622655707640640230e+02 5.030485148529547246e+01 1.809185909473163179e+02 8.610914447719842713e+01
2.254349763812755100e+03 1.616157331527114991e+02 4.969596332422621998e+01 1.818144162621308055e+02 8.569883024968058294e+01
2.254757764889583541e+03 1.607827803699964875e+02 4.913089211680614454e+01 1.825370178354685038e+02 8.502008121787164896e+01
2.255140573733839119e+03 1.599243511294939424e+02 4.868562322967515854e+01 1.831210444612817696e+02 8.420909243425167290e+01
2.255505032645925894e+03 1.590400316957758378e+02 4.832153104371091246e+01 1.835987737589024107e+02 8.333622549014336300e+01
2.255863310831605304e+03 1.581367067043125587e+02 4.804145849428393689e+01 1.839203744281327602e+02 8.239128430869772046e+01
2.256212362011153346e+03 1.572591351818166459e+02 4.786280927443184652e+01 1.841652417364839209e+02 8.142175607058632636e+01
2.256579003814355019e+03 1.563104551684815533e+02 4.774150260675239110e+01 1.843722828225583612e+02 8.044410104369312364e+01
2.256946925699760413e+03 1.553347408057622943e+02 4.767030337479355495e+01 1.844660410925460496e+02 7.945219068905984727e+01
2.257319753471080276e+03 1.543417204557748903e+02 4.762288498961477501e+01 1.844578092511090688e+02 7.845223105012638598e+01
2.257716742025416352e+03 1.532820627627575618e+02 4.755752251181014145e+01 1.844362207079798281e+02 7.745270079940736707e+01
2.258102922002537525e+03 1.522447423587833839e+02 4.749228311934921720e+01 1.843593329410161630e+02 7.645628322582153658e+01
2.258484985061269526e+03 1.512276177832555391e+02 4.745305588881136316e+01 1.842446898043621388e+02 7.546289700471777451e+01
2.258877071264224014e+03 1.501822459288127902e+02 4.741263097172681995e+01 1.841500983826200581e+02 7.446749530074525580e+01
2.259259086435933114e+03 1.491685964363486789e+02 4.731953504257733556e+01 1.840484580893463260e+02 7.347316593791899209e+01
2.259635655798347216e+03 1.481504494460534147e+02 4.719428119200913585e+01 1.839586302375350613e+02 7.247908319337756211e+01
2.260009227787405962e+03 1.471254213595944123e+02 4.706458303965126078e+01 1.839808077324999545e+02 7.148038117880933839e+01
2.260379159707233612e+03 1.461145426219760282e+02 4.695319836742633157e+01 1.840281986817144002e+02 7.048220368385939594e+01
2.260752682846734388e+03 1.451065964047059822e+02 4.684266705924436991e+01 1.840336775677362482e+02 6.948222805295638693e+01
2.261115159074904568e+03 1.441501387618069430e+02 4.671997466701883184e+01 1.840685542731559963e+02 6.848326862957183891e+01
2.261472394026787697e+03 1.432096038036123389e+02 4.661771721763486198e+01 1.841014172321988838e+02 6.748486408276821180e+01
2.261832671430941446e+03 1.422717316538592911e+02 4.654893690845042187e+01 1.840705096715603304e+02 6.648538841978127323e+01
2.262176184770240525e+03 1.413731713252656164e+02 4.648894695989356052e+01 1.840445082477083076e+02 6.548593051886514615e+01
2.262537905664045866e+03 1.403739006573586607e+02 4.639589532212838918e+01 1.840514914765862784e+02 6.448600769068724503e+01
2.262888126850545632e+03 1.394010910801183059e+02 4.630213633444792976e+01 1.840486762263489879e+02 6.348637763789840704e+01
2.263238206373725916e+03 1.384819686855166765e+02 4.622046544928074496e+01 1.840573181379381538e+02 6.248786308781340182e+01
2.263611591071999101e+03 1.375200111788080335e+02 4.613143941111032120e+01 1.841310653719227446e+02 6.149058614826256530e+01
2.263975555217031342e+03 1.365748329471468026e+02 4.604142081083717386e+01 1.841657596799512930e+02 6.049229460876485120e+01
2.264342433307633200e+03 1.356142793967871967e+02 4.597007314460741156e+01 1.841547352944837428e+02 5.949244801494579349e+01
2.264690720353088182e+03 1.347036108782886004e+02 4.594283555885691328e+01 1.841822366931472743e+02 5.849318298957949480e+01
2.265032365145204039e+03 1.337895139479427371e+02 4.597848392545130736e+01 1.841734533132821525e+02 5.749667537651982485e+01
2.265381811065429247e+03 1.328616726919923394e+02 4.604742539201786400e+01 1.840504475149228369e+02 5.650441044440260896e+01
2.265724993742255265e+03 1.319590054961578005e+02 4.608351390837582784e+01 1.839288796237808867e+02 5.551216944860373559e+01
2.266080949327621511e+03 1.309888151434688552e+02 4.602758438616363179e+01 1.838493350244193323e+02 5.451542382067118808e+01
2.266416278872423391e+03 1.300632270837916167e+02 4.589598490864261038e+01 1.837785010890879676e+02 5.351797161646967282e+01
2.266745236682550058e+03 1.291496812876270610e+02 4.578054003437862463e+01 1.837289618778014813e+02 5.251992197428297970e+01
2.267075022328762770e+03 1.282335712052589258e+02 4.570650994384106980e+01 1.837828850877231730e+02 5.152381180708963626e+01
2.267411946943786461e+03 1.273123092556980396e+02 4.565659348403604412e+01 1.838642897608462761e+02 5.052944548968147842e+01
2.267775427269263218e+03 1.263505579461680810e+02 4.559726430476288783e+01 1.838356014476646010e+02 4.953044848473265915e+01
2.268145574236002176e+03 1.254043761216009045e+02 4.552978888167002225e+01 1.838150170538429222e+02 4.853241510205759113e+01
2.268540425866810892e+03 1.243703410068787605e+02 4.546575538378781545e+01 1.838665918416038778e+02 4.753374686925997139e+01
2.268934005260085542e+03 1.233186188200548798e+02 4.538908730271749192e+01 1.838792277917863203e+02 4.653500737508153406e+01
2.269311008515490812e+03 1.222942983446267675e+02 4.528204749229600168e+01 1.838968056218709819e+02 4.553802579758586688e+01
2.269693357448851657e+03 1.212223256781478540e+02 4.514011529876398043e+01 1.840112052419429460e+02 4.454462024217218641e+01
2.270061179066210116e+03 1.201996958006459550e+02 4.498837867163600635e+01 1.840789670200964565e+02 4.354914456459989935e+01
2.270408509095875615e+03 1.192674878594838361e+02 4.486270758177219875e+01 1.840916652136469338e+02 4.254964749759670184e+01
2.270763177057983285e+03 1.183228318031761006e+02 4.474391807720480330e+01 1.841762052438980390e+02 4.155422293724811311e+01
2.271107956494553946e+03 1.174193927358114138e+02 4.459043126081507324e+01 1.842421817269367352e+02 4.056004664948077476e+01
2.271467267262728910e+03 1.164947950749029815e+02 4.439976165326014268e+01 1.842419426211420443e+02 3.956092123584954834e+01
2.271836176515144416e+03 1.155339672240132529e+02 4.423336170049854132e+01 1.843607838397819307e+02 3.857149634584561682e+01
2.272192809570435202e+03 1.145733464743472041e+02 4.407019485848613272e+01 1.845181883237509908e+02 3.758652527442048097e+01
2.272558369624804982e+03 1.135917541692114554e+02 4.386569735315082852e+01 1.845922947980291440e+02 3.658927494780738954e+01
2.272906157169421022e+03 1.126868623256296331e+02 4.366992813325499867e+01 1.847432715470517621e+02 3.560503822349023295e+01
2.273268334587623940e+03 1.117735217546675415e+02 4.348944341811198910e+01 1.849556319710661114e+02 3.462943202533340070e+01
2.273661810283932937e+03 1.108361508220020255e+02 4.335698835817518670e+01 1.850629459128531948e+02 3.363637945309211830e+01
2.274054592861099081e+03 1.099372567336378239e+02 4.326013091937274879e+01 1.851400744522556749e+02 3.263985184787045313e+01
2.274469635619616838e+03 1.089420112549442479e+02 4.310914222582635347e+01 1.852649159158940506e+02 3.164775881640102639e+01
2.274875403262502005e+03 1.079679869025810746e+02 4.290448764620537503e+01 1.853850136277559386e+02 3.065527555713531527e+01
2.275249095062764354e+03 1.071014221666957127e+02 4.274505111312184624e+01 1.855244842976665893e+02 2.966663162433248146e+01
2.275648596495549555e+03 1.061671377865224031e+02 4.264651380161411254e+01 1.857121760754363322e+02 2.868461560979602254e+01
2.276042726876425604e+03 1.052534836677350398e+02 4.262538799761362895e+01 1.858069394418272964e+02 2.769249168774635450e+01
2.276429713822549274e+03 1.043764378373353594e+02 4.273186821857824214e+01 1.857891266649018007e+02 2.669283650698775290e+01
2.276883794715562090e+03 1.033500692920249406e+02 4.307165057055369317e+01 1.856607007335712183e+02 2.570664468797356861e+01
2.277338374495266180e+03 1.024126892192803098e+02 4.361238319870567892e+01 1.853097913236634611e+02 2.477896269738864987e+01
2.277745976025207256e+03 1.017552087457697212e+02 4.429951912590519214e+01 1.847679319684254438e+02 2.394168130307013698e+01
2.278172510953838810e+03 1.012537969537971634e+02 4.524309720896975762e+01 1.840445063174695690e+02 2.328034998125591315e+01
2.278608985163270972e+03 1.009435528619425355e+02 4.627405380277350844e+01 1.831273669335411398e+02 2.290689247466962186e+01
2.279002489025567684e+03 1.008017580565689713e+02 4.719860310207605636e+01 1.821497311674507671e+02 2.269708738647746316e+01
2.279390640114670987e+03 1.006896144468015137e+02 4.818451814124145471e+01 1.811610470205264676e+02 2.256596670794061055e+01
2.279772284783435225e+03 1.005404066212422265e+02 4.916945018224127040e+01 1.801617495031591147e+02 2.253135141089526527e+01
2.280126964691144167e+03 1.004145810371851013e+02 5.007613056657832118e+01 1.791627054596357596e+02 2.249396552103462454e+01
2.280497512823983470e+03 1.003208641939316976e+02 5.104663128251054616e+01 1.781638990652745349e+02 2.245267765885932931e+01
2.280850454722078211e+03 1.002284118366153507e+02 5.198167833014070283e+01 1.771652990178866673e+02 2.248042211905831067e+01
2.281192540595130595e+03 1.001808121844341457e+02 5.292616370046781782e+01 1.761671602834497321e+02 2.252292718983230202e+01
2.281558672254686371e+03 1.001860879648000804e+02 5.395964673397376288e+01 1.751672189107740678e+02 2.252388684834055965e+01
2.281912210391144072e+03 1.001897643166124965e+02 5.495096637179061361e+01 1.741690563825903268e+02 2.257056695958424797e+01
2.282279957418127651e+03 1.001936158385745870e+02 5.597750650018606677e+01 1.731732517158915812e+02 2.266207140757770588e+01
2.282643261631110363e+03 1.002029141847118154e+02 5.698036612572618509e+01 1.721756660655935605e+02 2.271677923133159638e+01
2.282997389950047818e+03 1.001683231219898715e+02 5.795877081872782810e+01 1.711793896615459687e+02 2.277576670493807498e+01
2.283363111520510301e+03 1.000913325745874829e+02 5.895122766636965395e+01 1.701862077152004531e+02 2.289061972798523215e+01
2.283713435599235709e+03 1.000175791980415738e+02 5.989249474456304512e+01 1.691901762828840106e+02 2.290715121005493771e+01
2.284082380363951415e+03 9.992311487663585012e+01 6.090479290872634976e+01 1.681928174219519576e+02 2.283648911114464042e+01
2.284444656359638429e+03 9.979438228390918653e+01 6.187063853816425052e+01 1.671936146896991602e+02 2.281321473849050463e+01
2.284794466247770288e+03 9.966603996275065924e+01 6.277430959475795902e+01 1.661959024173598891e+02 2.277798960586344279e+01
2.285157694546885523e+03 9.956444658828034733e+01 6.370274608588999143e+01 1.652033721427270052e+02 2.265782148447301125e+01
2.285507286824677522e+03 9.949931061580579694e+01 6.460063873733898276e+01 1.642094449906378770e+02 2.256815735262326328e+01
2.285876098456554701e+03 9.943287215651619704e+01 6.559703079352949828e+01 1.632095684972534002e+02 2.255244193440868372e+01
2.286267356041749281e+03 9.936435812656814903e+01 6.667094407133126310e+01 1.622098265075382812e+02 2.253084483283543094e+01
2.286646893141720739e+03 9.930240124168304305e+01 6.769770402791533570e+01 1.612122121193988562e+02 2.255634413127389237e+01
2.287037340445636801e+03 9.923460877043740425e+01 6.874820178308914365e+01 1.602153001707567341e+02 2.262732806656374152e+01
2.287417991197266474e+03 9.915442740776738617e+01 6.976322875353137931e+01 1.592165550467604191e+02 2.261715346332910315e+01
2.287784415279929362e+03 9.905073725283010333e+01 7.073754692331533533e+01 1.582180228750124797e+02 2.259110447215636697e+01
2.288160400550673785e+03 9.892867107245365332e+01 7.174206955417020026e+01 1.572183580077607417e+02 2.259872492737874339e+01
2.288513416896215858e+03 9.876912874016403521e+01 7.268260691452248068e+01 1.562219712990280698e+02 2.253220465318901589e+01
2.288872074373085979e+03 9.858213631707708657e+01 7.361984945925564716e+01 1.552278441691913144e+02 2.242720356882535526e+01
2.289239194132771900e+03 9.846663151748450105e+01 7.453187838915685859e+01 1.542294619044796491e+02 2.238761789285786463e+01
2.289606562315719657e+03 9.846241332222690801e+01 7.538542250348716323e+01 1.532310669155969265e+02 2.235515697373227439e+01
2.290033275027629770e+03 9.864180941950796466e+01 7.628111804912619220e+01 1.522402774892166804e+02 2.238371022157195256e+01
2.290542328878384524e+03 9.926177911734602333e+01 7.696193849578916968e+01 1.513584712375723313e+02 2.277417254969506644e+01
2.291139678636839562e+03 1.004939180387808051e+02 7.720937557115222205e+01 1.508751329960547309e+02 2.358275749873610394e+01
2.291678664641280193e+03 1.017851588917082211e+02 7.724076840604381289e+01 1.508760086994548146e+02 2.456744936199315177e+01
2.292076654380756736e+03 1.027673686916104145e+02 7.721622659843643532e+01 1.510306183903816191e+02 2.555472301612064356e+01
2.292451689717801855e+03 1.037595072737181994e+02 7.719963683497407203e+01 1.511766384122637135e+02 2.654342724935054321e+01
2.292800323120306984e+03 1.047045324330808995e+02 7.725106166073246072e+01 1.513527963248291428e+02 2.752776851097368649e+01
2.293128816147870566e+03 1.056243763067617181e+02 7.734293749294910469e+01 1.514551209162970622e+02 2.851988715937093488e+01
2.293459936816505433e+03 1.065822396309621070e+02 7.745413883112836118e+01 1.514717918907114154e+02 2.951970736840705811e+01
2.293787953168222430e+03 1.075359373026750802e+02 7.756676913182610633e+01 1.515048956549557317e+02 3.051876619527068257e+01
2.294120081834379562e+03 1.084951601597016264e+02 7.766015824550525792e+01 1.515351868616812965e+02 3.151768684281691790e+01
2.294442465209569491e+03 1.094109001567473030e+02 7.769405872630645149e+01 1.514939556062378472e+02 3.251618004798753958e+01
2.294771916523940035e+03 1.103445168030298760e+02 7.770418914563855139e+01 1.514642219171385591e+02 3.351429513049379239e+01
2.295098131974332318e+03 1.112631612990007426e+02 7.772796396249869133e+01 1.515158213765905089e+02 3.451263364266542766e+01
2.295420329638890962e+03 1.121781274606496766e+02 7.773209944385664016e+01 1.515618653489165411e+02 3.551095477763730202e+01
2.295752663259055680e+03 1.131233126249463510e+02 7.769946210910828199e+01 1.515959600124771782e+02 3.651000259890886923e+01
2.296080470933560719e+03 1.140383715214559430e+02 7.767710343888873581e+01 1.516856596070508942e+02 3.750556462884167530e+01
2.296413830736482396e+03 1.149589472100302601e+02 7.771293626021316925e+01 1.517974751500973127e+02 3.849925563428143960e+01
2.296741381725973042e+03 1.158641384794738940e+02 7.776914160256608000e+01 1.518410744401454622e+02 3.949633106780379421e+01
2.297076631494359845e+03 1.168043664471853589e+02 7.785977851065170796e+01 1.518370263380110430e+02 4.049611893735323775e+01
2.297411492995359822e+03 1.177168205896352760e+02 7.800253832886296834e+01 1.518652798363188197e+02 4.149565330527830298e+01
2.297747350044474842e+03 1.186097038363983955e+02 7.815416887547334568e+01 1.518567319359865166e+02 4.249426401860758773e+01
2.298098056837481181e+03 1.195772213200934573e+02 7.826005897925691102e+01 1.517966143377718993e+02 4.349244817210631453e+01
2.298441907857031765e+03 1.205566128425145536e+02 7.828725480979156259e+01 1.517899858772665880e+02 4.449105398817826540e+01
2.298783142997317100e+03 1.215141449791927926e+02 7.828130145961928577e+01 1.518326368311997783e+02 4.549012290426873761e+01
2.299119242298679183e+03 1.224296420280925446e+02 7.826597050611360373e+01 1.518447534813056166e+02 4.648973628974217576e+01
2.299473103280779924e+03 1.233809751487577273e+02 7.827315905522863204e+01 1.518631997671756722e+02 4.748896580355395258e+01
2.299842527254046217e+03 1.243466964139297630e+02 7.833771519690415630e+01 1.519049183238751368e+02 4.848799604549997611e+01
2.300217171617097392e+03 1.253419115591179889e+02 7.845540757944935706e+01 1.518804879680294277e+02 4.948623348947057821e+01
2.300614634284371732e+03 1.264397099023044007e+02 7.855394798942263890e+01 1.517937931477696338e+02 5.048245275585497893e+01
2.301013598861497030e+03 1.275310803711464871e+02 7.862202313619175698e+01 1.517029023750512806e+02 5.147831206028040185e+01
2.301411304023365574e+03 1.286143669332695367e+02 7.875161142440401818e+01 1.515817690184807702e+02 5.247036501453800383e+01
2.301816022531557337e+03 1.297191019559470817e+02 7.892382108128772700e+01 1.514867727138804412e+02 5.346372087685585228e+01
2.302201444995389465e+03 1.307436635732931052e+02 7.906255521472313319e+01 1.514782100765684447e+02 5.446349442265525909e+01
2.302575233510122871e+03 1.317152043290157053e+02 7.916526175506618301e+01 1.514780721596010835e+02 5.546341526525142740e+01
2.302971766353605290e+03 1.327514020465961835e+02 7.926879354548735535e+01 1.514942877522082938e+02 5.646280454079951738e+01
2.303355999255163169e+03 1.337540949615965076e+02 7.940503475902028185e+01 1.515532332780178706e+02 5.746100717255193757e+01
2.303732893882636745e+03 1.347510455697495786e+02 7.951702904124017834e+01 1.515863661074660058e+02 5.845970342826859678e+01
2.304133681368251018e+03 1.358148459897431053e+02 7.951300310723981113e+01 1.516070753589650053e+02 5.945905494855163198e+01
2.304527737497332055e+03 1.368235412483107609e+02 7.938654565977077482e+01 1.517340704345987490e+02 6.044779917205597997e+01
2.304927120251805263e+03 1.378233277411998188e+02 7.916121919655186900e+01 1.519300270287731109e+02 6.142832225561866721e+01
2.305332992176152857e+03 1.388312485614482910e+02 7.882790771479182013e+01 1.521744096990608739e+02 6.239573529264744423e+01
2.305706899112270094e+03 1.397265288566229913e+02 7.840650444953544707e+01 1.525789991355707969e+02 6.330415668896680614e+01
2.306071644581795681e+03 1.405490124540468173e+02 7.788942883344458323e+01 1.530833153381999239e+02 6.416767446854271384e+01
2.306435657806413928e+03 1.412811562605916151e+02 7.727958499757247068e+01 1.536441281277760993e+02 6.499278946235318699e+01
2.306786246214466246e+03 1.418492586571528875e+02 7.661175283920609047e+01 1.543470105946877879e+02 6.569374448838865987e+01
2.307150875844932671e+03 1.423176414657000919e+02 7.586915002928229512e+01 1.551632630594953639e+02 6.626948470606323838e+01
2.307520292115358643e+03 1.426768219459021623e+02 7.504801471670977264e+01 1.560153783045098237e+02 6.679259649136113808e+01
2.307889248006344587e+03 1.429327378564568960e+02 7.413321298223205247e+01 1.569276670740632653e+02 6.718047216280055522e+01
2.308262490390040512e+03 1.431264396373900070e+02 7.315433360735694635e+01 1.579024885487454810e+02 6.739746993999456492e+01
2.308641350080812572e+03 1.432591231563581289e+02 7.213872227004362969e+01 1.588879444124859788e+02 6.756738143106058203e+01
2.309046367085855309e+03 1.433769750077659921e+02 7.105382398833745583e+01 1.598804869890755356e+02 6.766076115637133626e+01
2.309462944170325954e+03 1.435086340687702204e+02 6.994432153962208076e+01 1.608799450039224439e+02 6.764688463838668042e+01
2.309864795247111942e+03 1.436580662110460480e+02 6.886903815381786842e+01 1.618793169455171892e+02 6.763870717872431726e+01
2.310248944231269434e+03 1.438330300231417596e+02 6.783817223284957265e+01 1.628790833335665695e+02 6.765985116527816956e+01
2.310617929885513604e+03 1.440202185989035399e+02 6.685510639507023711e+01 1.638756093752069773e+02 6.772687126390192702e+01
2.310978193418817227e+03 1.442049414068325746e+02 6.589066175542775738e+01 1.648646531185356139e+02 6.787161758491390628e+01
2.311344154470880767e+03 1.443903327865339747e+02 6.488885317034251443e+01 1.658565628954455065e+02 6.798374261611016323e+01
2.311708201817104964e+03 1.445676831885456579e+02 6.387910757203149359e+01 1.668544182407443941e+02 6.804844070642312204e+01
2.312074688915623483e+03 1.447268203768565513e+02 6.285210352499797182e+01 1.678488940366742668e+02 6.814998490042454193e+01
2.312451740246325699e+03 1.448825782415516699e+02 6.179420221622111598e+01 1.688433562681991873e+02 6.825217404541605504e+01
2.312820112087023517e+03 1.450436357535084539e+02 6.077109696938719452e+01 1.698416031117698708e+02 6.830652804502901176e+01
2.313194317776681146e+03 1.452112071732213394e+02 5.974363399805834973e+01 1.708377522011481631e+02 6.838274620296843409e+01
2.313583962542006702e+03 1.453590850946036426e+02 5.870128183008090872e+01 1.718323061083995640e+02 6.848595485381918024e+01
2.313969978594569056e+03 1.454516229874839439e+02 5.770058482440757075e+01 1.728298434065775382e+02 6.850488949481102452e+01
2.314371122942551665e+03 1.454656038616783746e+02 5.665929338025485151e+01 1.738293312885554656e+02 6.848555493045644482e+01
2.314778429896922717e+03 1.454067198810824948e+02 5.559789563272217094e+01 1.748269115791127319e+02 6.843788553775492289e+01
2.315166894016943843e+03 1.453396311974755122e+02 5.460818757322290651e+01 1.758160207449011807e+02 6.829711299502028510e+01
2.315563108631942669e+03 1.453283463396322759e+02 5.360400464654482278e+01 1.768064011568530987e+02 6.816810110501202757e+01
2.315959240139882240e+03 1.454346536621494295e+02 5.258916964799809080e+01 1.778028172288403255e+02 6.808354922633181161e+01
2.316339355214050101e+03 1.457016312848762709e+02 5.162449001701172335e+01 1.788009793287268678e+02 6.804961433712237806e+01
2.316719666815348319e+03 1.461205426323700749e+02 5.069355134643794258e+01 1.797852566292048380e+02 6.818428353408036457e+01
2.317085384598477503e+03 1.466562910918142393e+02 4.990022955372800340e+01 1.807307408947195881e+02 6.850128732700994760e+01
2.317443269936641173e+03 1.473332078926849817e+02 4.928808384985180169e+01 1.816316604416205962e+02 6.893243207429146935e+01
2.317808835344427280e+03 1.481265582243860024e+02 4.878273496485334704e+01 1.824476949196751150e+02 6.950051537040499738e+01
2.318176297558871738e+03 1.489997455200837351e+02 4.838848902768846472e+01 1.831032526311421407e+02 7.024472229440470983e+01
2.318550568385638144e+03 1.499606976589432179e+02 4.814632972939322997e+01 1.836233187157115765e+02 7.109723770267900989e+01
2.318912717722770140e+03 1.509183252025601405e+02 4.804148137522056317e+01 1.840496966314088638e+02 7.200020226589272454e+01
2.319271074826059703e+03 1.518848355793563485e+02 4.800156155669096592e+01 1.843231295810513757e+02 7.295674981676974369e+01
2.319639679331474326e+03 1.528721319203079645e+02 4.799031662034526846e+01 1.845122589659369226e+02 7.393870086952756537e+01
2.320002655309683178e+03 1.538106007978647369e+02 4.805262193189393827e+01 1.846733539939965851e+02 7.492528832602171462e+01
2.320378168032969370e+03 1.547608457560416184e+02 4.825220765259222588e+01 1.847058230522960400e+02 7.592048517781886119e+01
2.320765197545177216e+03 1.557265934165899068e+02 4.857602722163964870e+01 1.846493710948015519e+02 7.691886391180921123e+01
2.321147831293617855e+03 1.566958060224737039e+02 4.892733901611992309e+01 1.845842559567896899e+02 7.791673962159714506e+01
2.321540435351263113e+03 1.577134159194199867e+02 4.923701447651431806e+01 1.844732707870795991e+02 7.890980905042916049e+01
2.321928580735567721e+03 1.586938785390226769e+02 4.950513288631742626e+01 1.843388621502866727e+02 7.990069526620581541e+01
2.322312964049112452e+03 1.595969861462299377e+02 4.983142234150323446e+01 1.842523852007968799e+02 8.089633730005303391e+01
2.322712639172413674e+03 1.604488663079573314e+02 5.031460796025956483e+01 1.840804271882186924e+02 8.187635446443736953e+01
2.323108257437981138e+03 1.611825624278912414e+02 5.094225033177657735e+01 1.837450452160000225e+02 8.281576817477544239e+01
2.323499077627036513e+03 1.617842106043296724e+02 5.168324639877567961e+01 1.832992749573593869e+02 8.370948874080792734e+01
2.323891280974406072e+03 1.623075677175498583e+02 5.251111705976706645e+01 1.827138279459067576e+02 8.451354276797466980e+01
2.324272842781405870e+03 1.627107888900154080e+02 5.341165491342803051e+01 1.819992620549895150e+02 8.520979692566385211e+01
2.324650820173735610e+03 1.629698618293175514e+02 5.438152911507341258e+01 1.812301067412013538e+02 8.584857762197538023e+01
2.325021913500655046e+03 1.631236981281497833e+02 5.536083740840076928e+01 1.803930599481776937e+02 8.638889059653571678e+01
2.325399318048832356e+03 1.631875369382196936e+02 5.638100270460613217e+01 1.794704279762883345e+02 8.676277786105137579e+01
2.325794226628081105e+03 1.631619673937457264e+02 5.743141623329385226e+01 1.785121888963564345e+02 8.704835332764821487e+01
2.326184874750191739e+03 1.630460082697653093e+02 5.843062116856911103e+01 1.775334486103325560e+02 8.724252043822833969e+01
2.326586823777917743e+03 1.628214511384387890e+02 5.946132514389031343e+01 1.765374139230862625e+02 8.729448881975672236e+01
2.327009060207997663e+03 1.625400779375761147e+02 6.056206255303734309e+01 1.755376713888838367e+02 8.727474196457582423e+01
2.327413812104013232e+03 1.623335395939562602e+02 6.163972255546393342e+01 1.745384931618185647e+02 8.723515994256713668e+01
2.327826041678666570e+03 1.622191123525999785e+02 6.277898362600538462e+01 1.735390867972743081e+02 8.720258931672692881e+01
2.328270629053038647e+03 1.621596621281574642e+02 6.402285133791549754e+01 1.725406197345451460e+02 8.723514691115316566e+01
2.328710264155319237e+03 1.620973859498175216e+02 6.524198664850798934e+01 1.715419517845663790e+02 8.728449355884625049e+01
2.329132049366304273e+03 1.619926781735551913e+02 6.640554623678657720e+01 1.705431429856393777e+02 8.733253795931166508e+01
2.329547663931517945e+03 1.618637553888330274e+02 6.755166787685551810e+01 1.695467839521834037e+02 8.741493899273831403e+01
2.329955536705213945e+03 1.617450917984069463e+02 6.867596611467605783e+01 1.685488710981612996e+02 8.743786530805164148e+01
2.330351236993034945e+03 1.616245038279024584e+02 6.975095677740578992e+01 1.675490162380931451e+02 8.743467162535637272e+01
2.330742763422406824e+03 1.614754852374943823e+02 7.080612128204441547e+01 1.665503371466514011e+02 8.747868290714816908e+01
2.331130104361368012e+03 1.612707403610323524e+02 7.184646120474772601e+01 1.655530649537546992e+02 8.745339536820591775e+01
2.331492262628571098e+03 1.610186276251102697e+02 7.281528079617797289e+01 1.645566061991777360e+02 8.736940918930794453e+01
2.331835308598921529e+03 1.607797099961717606e+02 7.374674912407570559e+01 1.635584505021361679e+02 8.731372717123771565e+01
2.332159574272472128e+03 1.606027916525956130e+02 7.463746577233443702e+01 1.625605019073825304e+02 8.725246112407778298e+01
2.332483956538948405e+03 1.604542800233732578e+02 7.552918539771862072e+01 1.615630048388966031e+02 8.718185443640541621e+01
2.332811195342299015e+03 1.603237427473578975e+02 7.642350600355159429e+01 1.605646990345658480e+02 8.718958524917852060e+01
2.333130667742709193e+03 1.602097935589614224e+02 7.729124397912634947e+01 1.595670900207165062e+02 8.725758080321243426e+01
2.333453002400695368e+03 1.600761192164046918e+02 7.815638562018845903e+01 1.585683347294314558e+02 8.727237952887327310e+01
2.333779803768374222e+03 1.599248571834013148e+02 7.900175159859138319e+01 1.575689708714678261e+02 8.723808192924580851e+01
2.334128170619425873e+03 1.597876094901803583e+02 7.982825864735094967e+01 1.565695663271332307e+02 8.724175350248575000e+01
2.334493538692843231e+03 1.597233627878821665e+02 8.057246312375282571e+01 1.555698048449816326e+02 8.726255229970635696e+01
2.334924907291915133e+03 1.599005135064595322e+02 8.130406877789937425e+01 1.545774884290100886e+02 8.736660188879635314e+01
2.335452495405320406e+03 1.605445771257866738e+02 8.207104982984347430e+01 1.537203889859786159e+02 8.782378366751423471e+01
2.335954347492194756e+03 1.615017777552654366e+02 8.271461585239563874e+01 1.531179192917766727e+02 8.860473040830919444e+01
2.336377159629991183e+03 1.625192159353708803e+02 8.318514177808073384e+01 1.527434626181077419e+02 8.952584932862680489e+01
2.336759118942638906e+03 1.635194494774524401e+02 8.354827550291304306e+01 1.525914361263547505e+02 9.050904097586594332e+01
2.337125167053086443e+03 1.644954520672042690e+02 8.385903498841231851e+01 1.524563190426873689e+02 9.149947299675382340e+01
2.337488513338145367e+03 1.654835837225600415e+02 8.413904236580667373e+01 1.523082107462904844e+02 9.248844037334063728e+01
2.337850434105503609e+03 1.664736625645164168e+02 8.438660465988745329e+01 1.522299823095423790e+02 9.348447918937965539e+01
2.338210369690062635e+03 1.674636485595173383e+02 8.462294099761872701e+01 1.521443553137123672e+02 9.448059332329970061e+01
2.338575418888012337e+03 1.684729364137678829e+02 8.484481733865688113e+01 1.520139866969993250e+02 9.547186159148934337e+01
2.338934611653495267e+03 1.694576345802642834e+02 8.500029236738552640e+01 1.519478442058540395e+02 9.646857396585264155e+01
2.339287157116984872e+03 1.704300116122851705e+02 8.512999723909945260e+01 1.519390203590048145e+02 9.746838160306482735e+01
2.339632498703888359e+03 1.713991187435076142e+02 8.527517155661848847e+01 1.518987532409728374e+02 9.846724431764320684e+01
2.339971190378975734e+03 1.723598394072145084e+02 8.541053851503309602e+01 1.518539255103575840e+02 9.946621708184181898e+01
2.340298773595262446e+03 1.732952615145431707e+02 8.551487867354876471e+01 1.518521638510097773e+02 1.004659364002624926e+02
2.340605682087654714e+03 1.741775198910306983e+02 8.559960105371992256e+01 1.518513671224931727e+02 1.014659036191547301e+02
2.340908851776968277e+03 1.750446767026734847e+02 8.569372527974471154e+01 1.518304164833668040e+02 1.024656415232143729e+02
2.341217237965721779e+03 1.759043892441189882e+02 8.580603111923576876e+01 1.518596853451722666e+02 1.034646451367304110e+02
2.341533649067849183e+03 1.767679660129990964e+02 8.594391698120800527e+01 1.519388411797364142e+02 1.044613486606203878e+02
2.341853087498538116e+03 1.776371642989520296e+02 8.610575486581556959e+01 1.519633084329783514e+02 1.054602781297175653e+02
2.342187384411401581e+03 1.785543721805482562e+02 8.630178485727238069e+01 1.519470891412156561e+02 1.064600941693168750e+02
2.342527048484333136e+03 1.794916373971283861e+02 8.651582036082004379e+01 1.519568549471601671e+02 1.074598636997780687e+02
2.342870205197434643e+03 1.804516471723024438e+02 8.673713612543171791e+01 1.519288921958218452e+02 1.084590443821248726e+02
2.343236980635593682e+03 1.814893093636499941e+02 8.697666551050365058e+01 1.518263117927960764e+02 1.094531885135136804e+02
2.343599771889036219e+03 1.825150192222635042e+02 8.720703183269530712e+01 1.517473195695602612e+02 1.104497260648899868e+02
2.343951855724345023e+03 1.835094773277678541e+02 8.741733243746783444e+01 1.516870082867812926e+02 1.114479036831717451e+02
2.344288403953301440e+03 1.844518454319124601e+02 8.760347819398896263e+01 1.515740542138549358e+02 1.124409994302357347e+02
2.344622634049562294e+03 1.853873208910227675e+02 8.777091448724122813e+01 1.515023508459586878e+02 1.134378075840643021e+02
2.344956647250171045e+03 1.863225154867584763e+02 8.792735088115632891e+01 1.515221720319754297e+02 1.144367634928492379e+02
2.345274569381981109e+03 1.872152658098992788e+02 8.806773402868941503e+01 1.515379894771850218e+02 1.154365082250337053e+02
2.345594947210075588e+03 1.881308879231457354e+02 8.816484340432906208e+01 1.515303426689468722e+02 1.164364456925673608e+02
2.345909320875848607e+03 1.890428044616357965e+02 8.822529400183481130e+01 1.515892461667682483e+02 1.174338598252968495e+02
2.346229862689776382e+03 1.899766673669864758e+02 8.832564748297964741e+01 1.516750827379027839e+02 1.184301673829056512e+02
2.346549949042695062e+03 1.909137395734211680e+02 8.845981848809098835e+01 1.516780978591632163e+02 1.194290162670258013e+02
2.346875205331623874e+03 1.918909633523308571e+02 8.857779668337950341e+01 1.516583420866804488e+02 1.204288177828838684e+02
2.347209562100932089e+03 1.929048177917272824e+02 8.867067025302651473e+01 1.516898591303803130e+02 1.214279223717493750e+02
2.347535364541991839e+03 1.938816943968085411e+02 8.875706962057489591e+01 1.517189034562704819e+02 1.224274457069867026e+02
2.347860231856628161e+03 1.948328337196795701e+02 8.885759087101726550e+01 1.517308222400486670e+02 1.234273546192842446e+02
2.348181173114891862e+03 1.957390181329704433e+02 8.896562381904134043e+01 1.517867378079859861e+02 1.244254275928438460e+02
2.348521294806301285e+03 1.966484789317564434e+02 8.909011589203949200e+01 1.518560775548257595e+02 1.254230201974850587e+02
2.348862306963814717e+03 1.975056918952953993e+02 8.918605018264172202e+01 1.518543993176562878e+02 1.264222325806901921e+02
2.349215550821509169e+03 1.983472285744368548e+02 8.917226470658209792e+01 1.518639148613533791e+02 1.274220111502704924e+02
2.349599923410849897e+03 1.991997971706577744e+02 8.901820885271158090e+01 1.519901484737887927e+02 1.284122484088502745e+02
2.349987557918803759e+03 1.999701304398884076e+02 8.869552806234987941e+01 1.522129105955696389e+02 1.293864558166030179e+02
2.350430380435681400e+03 2.007175006687217547e+02 8.802281609395740247e+01 1.527299322238359878e+02 1.302258149389843993e+02
2.350893182363008691e+03 2.012738421398309754e+02 8.702622144153650652e+01 1.535791491387892336e+02 1.307216428329304563e+02
2.351287758650329579e+03 2.015968975811434234e+02 8.603571311770360808e+01 1.545168451885891443e+02 1.310666548528791679e+02
2.351642852382439742e+03 2.018755200298687669e+02 8.507539827643289243e+01 1.554877965517525240e+02 1.313020930581790822e+02
2.351976939694621251e+03 2.021556666773277584e+02 8.416767645070001436e+01 1.564831405107853755e+02 1.313755165956249868e+02
2.352296927564875205e+03 2.024271828073420920e+02 8.330631396066303296e+01 1.574815810388589910e+02 1.314312116192004680e+02
2.352622798871948817e+03 2.026613440876135144e+02 8.242921537179820746e+01 1.584744299897589315e+02 1.315478627371637401e+02
2.352957613624267651e+03 2.028260267044224463e+02 8.151135592520070361e+01 1.594718300326487963e+02 1.316152028566706349e+02
2.353302698141824294e+03 2.029436349593662783e+02 8.053560599732954017e+01 1.604715895093632128e+02 1.316250321196594086e+02
2.353632728404307272e+03 2.030541385962910681e+02 7.959447342239784007e+01 1.614696060744137753e+02 1.316833037379732332e+02
2.353967991417077428e+03 2.032020428701029573e+02 7.861560351097179478e+01 1.624690094880316167e+02 1.317140669619503512e+02
2.354300222222240336e+03 2.033427547298057334e+02 7.763445206792609099e+01 1.634669213616886339e+02 1.316585242129810638e+02
2.354620582725572149e+03 2.034545136310694602e+02 7.669412780717755140e+01 1.644662085270748264e+02 1.316235116896642126e+02
2.354943580164295327e+03 2.035803131613740788e+02 7.576486858015785231e+01 1.654658419762553478e+02 1.316421503875923236e+02
2.355264481245102161e+03 2.037283894814048040e+02 7.485556799049044230e+01 1.664644474516043999e+02 1.315980722881058398e+02
2.355592025012505928e+03 2.038706092562646575e+02 7.393595635754746809e+01 1.674620798621207882e+02 1.315294904268712912e+02
2.355906963335413820e+03 2.039852503280231701e+02 7.306713596764674890e+01 1.684615727313823470e+02 1.315360387379230644e+02
2.356236054027366208e+03 2.040963969059501437e+02 7.216695035033040995e+01 1.694613992705820635e+02 1.315227350586525858e+02
2.356560530069152264e+03 2.042038335878500561e+02 7.128046470072541752e+01 1.704571813489760643e+02 1.314352148330073362e+02
2.356891086935484509e+03 2.043217297990642862e+02 7.037005369070872973e+01 1.714551723043217351e+02 1.313735911883248662e+02
2.357239899322364181e+03 2.044795490258621271e+02 6.943020828281738943e+01 1.724549346958903016e+02 1.313728312272388905e+02
2.357576495643178077e+03 2.046583442846677485e+02 6.855319968614034565e+01 1.734540888709474018e+02 1.313357533027088380e+02
2.357920849024959352e+03 2.048490018078003061e+02 6.765216354440606494e+01 1.744532048877431123e+02 1.312937233726730710e+02
2.358261881247695783e+03 2.050508694872438014e+02 6.674712928200807482e+01 1.754505276789983270e+02 1.313547889502204384e+02
2.358618551752416352e+03 2.052763621819606783e+02 6.577874154911107496e+01 1.764488102745337414e+02 1.314129210278453570e+02
2.358985419421092956e+03 2.055231064197443231e+02 6.478044433626735099e+01 1.774485685318161359e+02 1.314110885259128736e+02
2.359341312960493724e+03 2.057586916986666949e+02 6.382423305047450413e+01 1.784476041600686642e+02 1.314506357251918303e+02
2.359695477736547218e+03 2.059749417479355600e+02 6.288370198033157266e+01 1.794472480847362874e+02 1.314760367513400183e+02
2.360035828323366331e+03 2.061650365722083791e+02 6.201297305594519571e+01 1.804445961154350186e+02 1.314111445574191919e+02
2.360387724736328437e+03 2.063296799084566544e+02 6.113438989881480268e+01 1.814434151382830009e+02 1.313639021612169415e+02
2.360757032210751277e+03 2.063720474317258891e+02 6.025441715400290832e+01 1.824430395418916646e+02 1.313371780609457176e+02
2.361130013168372898e+03 2.061948895165518536e+02 5.943836908855896439e+01 1.834242037699582113e+02 1.311534779160876667e+02
2.361529907610457030e+03 2.057385238326857575e+02 5.871913154539958413e+01 1.843249615327032700e+02 1.307272579083863207e+02
2.361981998508143988e+03 2.049086441811130328e+02 5.815674247920749451e+01 1.850643888140152171e+02 1.300600027309461666e+02
2.362427481277439256e+03 2.038785645220980882e+02 5.783134253039233386e+01 1.854419808516797445e+02 1.291434462286417215e+02
2.362824125199976606e+03 2.028332850969521814e+02 5.766593343394698934e+01 1.855773761835831124e+02 1.281541243881433729e+02
2.363178100256429843e+03 2.018572537137708593e+02 5.753624776777076022e+01 1.856690477459004001e+02 1.271583651979837413e+02
2.363514861407939861e+03 2.009117591552566751e+02 5.741468107651412112e+01 1.856822488782823370e+02 1.261586401557308363e+02
2.363849356961944977e+03 1.999606363223434187e+02 5.731135960393411466e+01 1.856741555882097714e+02 1.251586812803875119e+02
2.364172362493809487e+03 1.990353568126218420e+02 5.720497667513019735e+01 1.857049775103546381e+02 1.241592059266725698e+02
2.364525023160533692e+03 1.980139195607559657e+02 5.704490944983475487e+01 1.857004932763379941e+02 1.231592601218638094e+02
2.364867553888969269e+03 1.970296321698932900e+02 5.686900169226822754e+01 1.856367241175477147e+02 1.221613943571094438e+02
2.365197276588842669e+03 1.960851969962875501e+02 5.669072389470045437e+01 1.856220387876598465e+02 1.211615859040635002e+02
2.365525534790048823e+03 1.951684072896082114e+02 5.650126252132125870e+01 1.856697494218642817e+02 1.201628281164405507e+02
2.365849989292613373e+03 1.942560637434083901e+02 5.632098108895169020e+01 1.856664583024988815e+02 1.191629207778329800e+02
2.366179615236981135e+03 1.933270320791729944e+02 5.617202824299696573e+01 1.856472058767325279e+02 1.181631107824723728e+02
2.366491617939461776e+03 1.924533321465119684e+02 5.601061317375587123e+01 1.857137919618159003e+02 1.171655443553639202e+02
2.366823790008003925e+03 1.915306291957527378e+02 5.580336583850050403e+01 1.857774158607871584e+02 1.161675721401785779e+02
2.367143158679618864e+03 1.906554589983488199e+02 5.561310943004099272e+01 1.857481551295938118e+02 1.151682329882956850e+02
2.367475785978973363e+03 1.897297363434652482e+02 5.542123537931837518e+01 1.857554127833568032e+02 1.141683050230307401e+02
2.367799466332023712e+03 1.888330828349413366e+02 5.523288284292807049e+01 1.858375427811266434e+02 1.131718187059521910e+02
2.368135288902436059e+03 1.878967701203659431e+02 5.505246537135208484e+01 1.858686509123306791e+02 1.121723787864924446e+02
2.368475482996918345e+03 1.869584832787206778e+02 5.491820725415905002e+01 1.858321140407047096e+02 1.111731496549918461e+02
2.368813025551993178e+03 1.860263150218352450e+02 5.479166721268499174e+01 1.858511309440249022e+02 1.101734146155282446e+02
2.369171923577818234e+03 1.850399828828064983e+02 5.462181804430139920e+01 1.858945801764414512e+02 1.091743699536518761e+02
2.369511794539017046e+03 1.841165652371440729e+02 5.447944346567472707e+01 1.858563283875504624e+02 1.081752627356551244e+02
2.369868678447778166e+03 1.831370454277516160e+02 5.435680838383913738e+01 1.858328747103186345e+02 1.071755457336713278e+02
2.370207814284420692e+03 1.822184198024595219e+02 5.420206800545863501e+01 1.858747030790660801e+02 1.061765131024689168e+02
2.370560149483239002e+03 1.812674216815817658e+02 5.400426248894171266e+01 1.858580641115528067e+02 1.051767342524727979e+02
2.370907217808954101e+03 1.803467366884640626e+02 5.385320208657736885e+01 1.857790926193449366e+02 1.041799326704593511e+02
2.371241485799661859e+03 1.794492970966734049e+02 5.376382520286165345e+01 1.857900959645720320e+02 1.031801729959830283e+02
2.371595632725161067e+03 1.784840352203090674e+02 5.367636697873003016e+01 1.857823498736431702e+02 1.021802129889365460e+02
2.371924475715875815e+03 1.775752141115004576e+02 5.362493771073901883e+01 1.856454420404227506e+02 1.011899429349684567e+02
2.372258368361184239e+03 1.766356485852795970e+02 5.358717669913021808e+01 1.855478030768959457e+02 1.001947558667240514e+02
2.372569622307657482e+03 1.757761240497224264e+02 5.354925802771717258e+01 1.855500070306504483e+02 9.919491848784872445e+01
2.372904192824516031e+03 1.748531582182152988e+02 5.353135045073870657e+01 1.854632899218740931e+02 9.819882317562357343e+01
2.373240273643935780e+03 1.739324930932448297e+02 5.357170981183797664e+01 1.852823503334049633e+02 9.721545214752201503e+01
2.373581956885312593e+03 1.729853807134471708e+02 5.359652293118470112e+01 1.851454132970930573e+02 9.622490412078484212e+01
2.373918456678560233e+03 1.720592814347344017e+02 5.355374186266156045e+01 1.850459277870864980e+02 9.522988317957882032e+01
2.374252141749465864e+03 1.711392043596092947e+02 5.351643305318514621e+01 1.848581549063732723e+02 9.424778317756198476e+01
2.374614656242267756e+03 1.701409181197740850e+02 5.354141576089067911e+01 1.846897495989297795e+02 9.326207156645378404e+01
2.374963408700878972e+03 1.692287096112725351e+02 5.355800175025517262e+01 1.846103344837660245e+02 9.226532577646352706e+01
2.375340847946670237e+03 1.682949469776241642e+02 5.356158039081608280e+01 1.844115904681948450e+02 9.128545210235385809e+01
2.375714311520875526e+03 1.674421584895419528e+02 5.361011883997126404e+01 1.841565866143195649e+02 9.031854006519647271e+01
2.376099048446339566e+03 1.665903958591063088e+02 5.375348027170647924e+01 1.839878954042688690e+02 8.933294369879476449e+01
2.376553599005494107e+03 1.656391783438597258e+02 5.418440105636834403e+01 1.836475778819556410e+02 8.839291152870085000e+01
2.377006258447375330e+03 1.649182059382669365e+02 5.491420180463892109e+01 1.830300144565326264e+02 8.760686261077175629e+01
2.377417429397015439e+03 1.644191153683622417e+02 5.577302205307042016e+01 1.822802326201842789e+02 8.694589208424264370e+01
2.377863057849430788e+03 1.640004738004958256e+02 5.681740836726162058e+01 1.813281488452213637e+02 8.664269390199095255e+01
2.378282228645031864e+03 1.636953618087284781e+02 5.785119931174713770e+01 1.803321820112990963e+02 8.655313856602447231e+01
2.378662809751457644e+03 1.634821916735487264e+02 5.885057009920770099e+01 1.793390081244544376e+02 8.643924735394173808e+01
2.379070235775262518e+03 1.632944085900813036e+02 5.993798045146285602e+01 1.783393050269437765e+02 8.646071166506850147e+01
2.379466557990305773e+03 1.631200457150812611e+02 6.098854967147313033e+01 1.773422817787664485e+02 8.653424832145883272e+01
2.379833801491286977e+03 1.629204857892843563e+02 6.198866769990202386e+01 1.763430761431260976e+02 8.649485637665516435e+01
2.380226533612701587e+03 1.626747728446223960e+02 6.308288974984137099e+01 1.753431302604514030e+02 8.648465368925913310e+01
2.380586774385093577e+03 1.624770540472661935e+02 6.409043335418704146e+01 1.743432042045601520e+02 8.648154029951000155e+01
2.380923817658100234e+03 1.623211421676370207e+02 6.504725657927887994e+01 1.733448639596796568e+02 8.642417256523489755e+01
2.381277875358244273e+03 1.621626964021173478e+02 6.605232290525367489e+01 1.723454353760668880e+02 8.639361454546714469e+01
2.381614282958718832e+03 1.620108957264939704e+02 6.700241938810219722e+01 1.713461284506250308e+02 8.642680426240158909e+01
2.381967137821271535e+03 1.617863235296912592e+02 6.798360599470446175e+01 1.703475596410528112e+02 8.637738356785580152e+01
2.382317816957628111e+03 1.614934817869369112e+02 6.892277832515024727e+01 1.693573219359949746e+02 8.623880038452627161e+01
2.382662902414118435e+03 1.611571751285015353e+02 6.982612726141883286e+01 1.683600706387378239e+02 8.616526597913001240e+01
2.382992579481137909e+03 1.609189855239905569e+02 7.066697891765882389e+01 1.673670581496387513e+02 8.604821563791554695e+01
2.383306706181003847e+03 1.608266871199412549e+02 7.147221165055262304e+01 1.663829859798406687e+02 8.587424195379107061e+01
2.383672131218180766e+03 1.608794115368458506e+02 7.243910830346901264e+01 1.653841758220759743e+02 8.587114942479747981e+01
2.384028466245746131e+03 1.610072540861593779e+02 7.339171439039917288e+01 1.644041850801098406e+02 8.607010302241046418e+01
2.384397471645417227e+03 1.611497790001114936e+02 7.443340693575720479e+01 1.634295304954559640e+02 8.629374706506146708e+01
2.384750092520921498e+03 1.612269043870211078e+02 7.543287403428116988e+01 1.624618733395949164e+02 8.654491719508635583e+01
2.385088243817582679e+03 1.612407697506968702e+02 7.635918520847373259e+01 1.615199895566719874e+02 8.688002871898234503e+01
2.385449397657861482e+03 1.612449353374543648e+02 7.735066423622811271e+01 1.605497863070795290e+02 8.712159943681471930e+01
2.385803494342369504e+03 1.612396948344327257e+02 7.831663793789853401e+01 1.595647867796031960e+02 8.729406842488070595e+01
2.386161911727661845e+03 1.611348367444457779e+02 7.927060277642172537e+01 1.585833523983831981e+02 8.748575817010892308e+01
2.386518609867142459e+03 1.609436086325974600e+02 8.018229952850657583e+01 1.575965560214548589e+02 8.764329497552685666e+01
2.386866888229164942e+03 1.606927949802869762e+02 8.106729022812702112e+01 1.565967575033425021e+02 8.765222607418989753e+01
2.387253860409082336e+03 1.602756595707975293e+02 8.199956592330860872e+01 1.555985277045516284e+02 8.759286638820296389e+01
2.387603653207241678e+03 1.598253449389530658e+02 8.276145172370540593e+01 1.546037337566630754e+02 8.750577393995820330e+01
2.387974482282168537e+03 1.593040133164962526e+02 8.354569490252848141e+01 1.536468468191807801e+02 8.721662700580436933e+01
2.388362362678466980e+03 1.586936544224804777e+02 8.429849758897279344e+01 1.527216187305649271e+02 8.683735721774721128e+01
2.388720058332687586e+03 1.580784208453780479e+02 8.490035243874292803e+01 1.517884845721405043e+02 8.648076264837679616e+01
2.389116515372436879e+03 1.574049533194945241e+02 8.554577038796848854e+01 1.509304344638894690e+02 8.596842284568850800e+01
2.389519744427894238e+03 1.567839447729178346e+02 8.619941097332321078e+01 1.501353906129100153e+02 8.536261740006661114e+01
2.389919050504046936e+03 1.560992245224025794e+02 8.681119563269683681e+01 1.492866903739144391e+02 8.483444281571190970e+01
2.390355223239195311e+03 1.552359773410753405e+02 8.743273280034307504e+01 1.485014773315098182e+02 8.421799234015594493e+01
2.390808347652957309e+03 1.543689074075125802e+02 8.783192524474694096e+01 1.478507920675657772e+02 8.345870771915946307e+01
2.391263990540956911e+03 1.534817250956987493e+02 8.796946526151781143e+01 1.472434785575616161e+02 8.266755374919587496e+01
2.391744504962538031e+03 1.524705118633011409e+02 8.799086555343502880e+01 1.468551617573352530e+02 8.174835005736353821e+01
2.392250013297801161e+03 1.514905429853522776e+02 8.790525745639115485e+01 1.466504775411035553e+02 8.076977971590031302e+01
2.392781315997429829e+03 1.505079720503919702e+02 8.772266471055544912e+01 1.463931936485178937e+02 7.980429200383599664e+01
2.393295596763135563e+03 1.495271975362182957e+02 8.765145577744240768e+01 1.462477892045747865e+02 7.881512022555368446e+01
2.393866755345782622e+03 1.487783411868819314e+02 8.762837494177944109e+01 1.460378733026333862e+02 7.783760869390061998e+01
2.395955504823767569e+03 1.485606180190491443e+02 8.791527021340458248e+01 1.457685900221821100e+02 7.707504515836528469e+01
2.404500118972347082e+03 1.484057147672165513e+02 8.813889095144116936e+01 1.456318040750980458e+02 7.803659391253408728e+01
