# ts_seconds,x,y,gt_x,gt_y
7.967657341078669333e+02 1.483320173070997612e+02 7.903535848490545845e+01 1.483320173070997612e+02 7.903535848490544424e+01
8.058859795421362833e+02 1.483427980772635522e+02 8.079214439720102803e+01 1.473325149383409780e+02 7.906669276600963769e+01
8.066711965730947895e+02 1.483124653105149093e+02 8.199137131854540428e+01 1.463325483364714898e+02 7.907306805274902217e+01
8.073803868135544235e+02 1.481580068206498595e+02 8.312716589713978976e+01 1.453328393696758667e+02 7.904923268333885744e+01
8.080591803029901712e+02 1.480882297502129461e+02 8.426567186288997391e+01 1.443338797314013107e+02 7.900720836934289082e+01
8.086976286267295109e+02 1.481033263255957309e+02 8.530524044851993892e+01 1.433357293776711288e+02 7.906740975634734525e+01
8.093688612684144346e+02 1.482402053939705695e+02 8.629468426338608822e+01 1.423414658784789708e+02 7.917420434537169172e+01
8.100790979902130857e+02 1.481589122312192330e+02 8.729279462870003670e+01 1.413508316138735097e+02 7.930610461322098104e+01
8.108266769362694504e+02 1.481032953518067075e+02 8.829218054671754601e+01 1.403524281366891842e+02 7.925183982527914850e+01
8.116093636911872409e+02 1.479171420055932913e+02 8.921549423781218024e+01 1.393534178527031884e+02 7.926247866704549949e+01
8.125089852655614777e+02 1.478906536578216162e+02 9.005775058069620798e+01 1.383691338794818080e+02 7.909263703415682301e+01
8.137998704301593307e+02 1.478524919969794951e+02 9.076504063398701305e+01 1.373694377048979334e+02 7.910644039011653206e+01
8.184026344669075570e+02 1.479878522018352669e+02 9.206401235945321559e+01 1.363766562337610537e+02 7.909579198824302182e+01
8.196856166561367445e+02 1.482836882651924100e+02 9.359298937010049713e+01 1.354173444090540386e+02 7.937559751461509450e+01
8.200631176734442533e+02 1.482642406159558846e+02 9.449911377440261617e+01 1.344334972571940341e+02 7.955358616009407058e+01
8.204306254133324501e+02 1.483339321458788334e+02 9.546063601004910026e+01 1.334450918092122151e+02 7.970025029208645151e+01
8.208042835651847327e+02 1.485589584776793970e+02 9.644890273727722274e+01 1.324777134657376507e+02 7.995231969709318776e+01
8.211737986511639065e+02 1.488843602921117224e+02 9.740791620029176556e+01 1.315332266901008893e+02 8.027863023358928274e+01
8.215494669879475396e+02 1.492958750816177940e+02 9.834630047899588590e+01 1.306291979300354456e+02 8.070479637400211459e+01
8.219267849998109341e+02 1.498109785801648286e+02 9.916577634165923882e+01 1.297624521043703112e+02 8.120354187356774389e+01
8.223057850477706552e+02 1.503959020591437650e+02 9.991262177468465211e+01 1.289048739831273735e+02 8.171705024147468066e+01
8.226764488017101939e+02 1.509092104028034669e+02 1.006982702358436370e+02 1.280886538309754314e+02 8.229466500352869218e+01
8.230403854941043846e+02 1.512385944950661667e+02 1.015502511442765439e+02 1.272830332052404572e+02 8.288651084968644511e+01
8.234086529748507246e+02 1.514522632711340862e+02 1.024923001298697329e+02 1.264400329902220790e+02 8.342437770661702245e+01
8.237592451420916859e+02 1.516331293335225610e+02 1.034219298228133539e+02 1.255836624747202279e+02 8.394030405237187153e+01
8.241026338181691244e+02 1.518611508166056296e+02 1.042839975540547215e+02 1.246968316415188553e+02 8.440147883804220896e+01
8.244576536430228089e+02 1.521500339837133993e+02 1.051487672936082731e+02 1.237808868017855275e+02 8.480275604576516457e+01
8.248070746967066498e+02 1.524050111521774511e+02 1.060224599299765060e+02 1.228670427858767766e+02 8.520858243180191494e+01
8.251517330485662569e+02 1.525802642757676040e+02 1.068855189767344456e+02 1.219368793360337406e+02 8.557499145069959923e+01
8.255109526091129055e+02 1.526925274431811488e+02 1.077546611506543570e+02 1.209879094426023727e+02 8.589035789031082402e+01
8.258799552943984281e+02 1.527815844179484657e+02 1.086233056595710309e+02 1.200346565794204992e+02 8.619053199992387704e+01
8.262576244983623610e+02 1.529247486109105125e+02 1.094950931422194458e+02 1.190569223099577130e+02 8.639724435444894368e+01
8.266488858194234126e+02 1.530783690349222752e+02 1.103890637805493640e+02 1.180650896459159469e+02 8.652466917271556213e+01
8.270388471609421686e+02 1.531137173138307617e+02 1.112701514330354229e+02 1.170739129323011127e+02 8.665549179020975146e+01
8.274255078144955178e+02 1.530138608759124565e+02 1.121460568186357278e+02 1.160767805151439376e+02 8.672141765175126693e+01
8.278285720289553637e+02 1.528432065514126634e+02 1.130747805080234656e+02 1.150769223582440759e+02 8.670570833131426980e+01
8.282463977375236936e+02 1.526466934557832076e+02 1.140296472612983081e+02 1.140772154247804053e+02 8.669430882252663650e+01
8.286484176656617819e+02 1.524456400558050859e+02 1.149387021429640328e+02 1.130790038704489007e+02 8.663452949873698117e+01
8.290388645449590967e+02 1.523193363379466234e+02 1.158457781603270007e+02 1.120806258316818429e+02 8.658991210909513825e+01
8.294213453531682489e+02 1.522917367413775764e+02 1.167782969811254219e+02 1.110812436319558856e+02 8.662494664360745844e+01
8.298047546498489737e+02 1.521980961197221802e+02 1.177182709461075518e+02 1.100822789238619066e+02 8.666974075059705740e+01
8.301940345124430678e+02 1.519703228909951065e+02 1.186502513341109761e+02 1.090842704523440290e+02 8.673279937005683848e+01
8.305830862405786092e+02 1.517124339266713093e+02 1.195881594043326857e+02 1.080863366396045961e+02 8.679677156116142100e+01
8.309819475310782764e+02 1.515477411963103691e+02 1.205827865672818859e+02 1.070881644699298505e+02 8.685497090597458225e+01
8.313783737063406534e+02 1.514675461090258182e+02 1.215719189618826590e+02 1.060919845450483905e+02 8.694005694399535855e+01
8.317686814606090593e+02 1.514101149161551234e+02 1.225512311767618030e+02 1.050927128539595685e+02 8.697472033261159652e+01
8.321701625804291780e+02 1.513610049443933576e+02 1.235713799160784419e+02 1.040929734689575241e+02 8.698415554339190692e+01
8.325711513326433533e+02 1.513146303742926193e+02 1.245893987703173309e+02 1.030942147972033638e+02 8.703067486990981649e+01
8.329592771948799736e+02 1.512571409121075305e+02 1.255675604314042175e+02 1.020943025524892533e+02 8.703241584565695632e+01
8.333464155098490664e+02 1.511878707348766113e+02 1.265037361556491646e+02 1.010946561789120324e+02 8.700582397282440184e+01
8.337599919367881967e+02 1.511199014556657119e+02 1.274294665916771834e+02 1.000951773100382809e+02 8.697492440103346212e+01
8.342114636105927730e+02 1.510122823794451392e+02 1.283805062981166429e+02 9.909629037861581935e+01 8.693678010098493303e+01
8.346687953080433999e+02 1.507837271639278924e+02 1.292903496436228181e+02 9.809682954961674284e+01 8.694339237908715745e+01
8.351142153491188083e+02 1.505277626208655022e+02 1.302050326841006154e+02 9.709985600150812957e+01 8.686959728505962630e+01
8.355506096015743651e+02 1.503478518702925442e+02 1.311915812380392197e+02 9.610634401252050907e+01 8.676063903805066957e+01
8.359669833784614639e+02 1.502453297757423911e+02 1.321631676648287907e+02 9.510738085942247722e+01 8.671571429330170133e+01
8.363766963013588338e+02 1.502376325027845780e+02 1.331229950364691490e+02 9.410885032980588960e+01 8.666694566747595729e+01
8.367911737781336114e+02 1.502220379609384793e+02 1.341043025416417720e+02 9.310894036322019929e+01 8.667287322009816819e+01
8.372183270978547398e+02 1.500553537623860620e+02 1.350558318452395383e+02 9.210998946525918996e+01 8.668132944677101648e+01
8.376817000107723743e+02 1.497878474342028596e+02 1.360072942333513879e+02 9.111437380149412490e+01 8.658943906155184322e+01
8.381782918439076866e+02 1.495139190361198871e+02 1.369375679367169028e+02 9.012386996594727862e+01 8.645323407732139742e+01
8.386830331224480233e+02 1.493340800394609573e+02 1.378882248841851492e+02 8.913706804945040574e+01 8.629395224366432160e+01
8.391779056359384867e+02 1.491622286358945360e+02 1.389249989885831553e+02 8.814129745573822561e+01 8.620567567312602364e+01
8.396264926162665461e+02 1.490540662788053794e+02 1.399034372317220800e+02 8.714239025965559904e+01 8.616099972853567124e+01
8.400319853864995139e+02 1.489865798391670069e+02 1.407874877086018444e+02 8.614456394921305105e+01 8.609702930588399283e+01
8.404405231816954256e+02 1.489166233350187554e+02 1.417144680808098371e+02 8.514504215208668825e+01 8.606633191701553187e+01
8.408609286869973403e+02 1.488194081294489024e+02 1.426680093206909419e+02 8.414537720192794268e+01 8.604081238972761980e+01
8.412792250351652683e+02 1.486318464068071989e+02 1.435848117142134583e+02 8.314586720617708693e+01 8.601700204021716445e+01
8.416962155972329356e+02 1.484186674657103993e+02 1.445011568033746130e+02 8.214638172766746038e+01 8.601714309433349115e+01
8.421246068783482315e+02 1.482840115413451088e+02 1.454434743243565720e+02 8.114864951383810876e+01 8.595023468507707776e+01
8.425831303028559205e+02 1.482260411344787201e+02 1.464521162987846594e+02 8.015136801846588810e+01 8.587929706546543684e+01
8.430409371417944158e+02 1.481730683858842781e+02 1.474482394498307656e+02 7.915186858159850658e+01 8.584768150959547484e+01
8.434922364861480446e+02 1.481606783457175709e+02 1.484292798310881949e+02 7.815258822940445782e+01 8.583702197660443289e+01
8.439337625499684918e+02 1.481723455452311669e+02 1.494064835449883333e+02 7.715488633916520200e+01 8.590361848879305740e+01
8.443620692402935219e+02 1.482151876106058239e+02 1.503734931345078110e+02 7.616000090282366841e+01 8.600313842554798782e+01
8.447887884670325320e+02 1.483746953710112280e+02 1.513319595969927320e+02 7.517252297106625747e+01 8.615591140522177227e+01
8.452240155317513199e+02 1.485613561511784440e+02 1.522765872347084724e+02 7.419587097198088088e+01 8.636898606085881624e+01
8.456731156237215146e+02 1.486675483384689471e+02 1.532267991110789183e+02 7.320850532013797363e+01 8.652731762482174815e+01
8.461233558245402264e+02 1.486090986841733468e+02 1.541745847735294035e+02 7.221750809254938019e+01 8.665762083139833294e+01
8.465740292563132243e+02 1.484371815373242214e+02 1.551405227526452677e+02 7.121998905926385248e+01 8.670015374635070771e+01
8.470155805410500989e+02 1.482625998019465783e+02 1.561227809494213545e+02 7.022153954452191726e+01 8.664814830332110773e+01
8.474372745712469168e+02 1.481314128218010353e+02 1.570748837074272615e+02 6.922163982372512692e+01 8.663409233425110756e+01
8.478552446909138780e+02 1.480369286718974138e+02 1.580143883151622788e+02 6.822172663175284413e+01 8.662137381291280747e+01
8.482851432480365474e+02 1.479221616367466652e+02 1.589605145755350009e+02 6.722186861677253944e+01 8.660590932510952200e+01
8.487180546151059843e+02 1.478125200420304282e+02 1.598888228388928496e+02 6.622255759633853245e+01 8.658592000596993898e+01
8.491617137799554484e+02 1.477087596008576327e+02 1.608291724470567203e+02 6.522513938538432399e+01 8.651533862124422569e+01
8.495941454554641723e+02 1.475920866888274361e+02 1.617471790376567640e+02 6.422664014599558868e+01 8.646208926647351234e+01
8.500138679631506875e+02 1.474639096589908149e+02 1.626909051978623779e+02 6.323030337414780178e+01 8.637774438164080948e+01
8.504436163373856061e+02 1.472535175236679095e+02 1.637401943194139733e+02 6.223574290186556368e+01 8.627426011529892946e+01
8.508546103080362855e+02 1.470414580872866850e+02 1.647637266636498623e+02 6.124022749928703746e+01 8.618167952806558674e+01
8.512487244488756915e+02 1.468894768602180818e+02 1.657388184546153127e+02 6.024700748626469959e+01 8.606857737598750191e+01
8.516606323447574596e+02 1.467668450055596452e+02 1.667430612723605066e+02 5.924883253585050369e+01 8.600879100584339199e+01
8.520789395223232532e+02 1.466905110256967362e+02 1.677076203125454015e+02 5.825093000503121488e+01 8.594970401122724013e+01
8.525143017647367287e+02 1.466368824190714975e+02 1.686235193035990108e+02 5.725530280698711039e+01 8.586542470988825926e+01
8.529604827660726869e+02 1.465012566466017745e+02 1.695220960344518630e+02 5.625590585336053095e+01 8.584017826649989047e+01
8.534148488185934411e+02 1.462583646882200412e+02 1.704003282653468716e+02 5.526298236758066196e+01 8.573825352982103709e+01
8.538960630420433517e+02 1.458902873892932632e+02 1.712199137026682934e+02 5.428442950274953915e+01 8.553230105388895765e+01
8.544061499013987486e+02 1.453017791946720649e+02 1.719613762475950693e+02 5.331844778201432433e+01 8.528773518540410237e+01
8.548946152597275159e+02 1.446571544715406503e+02 1.726296243055299726e+02 5.242879494540498797e+01 8.484506930705875050e+01
8.553917528751339887e+02 1.439429200546083223e+02 1.732086652939387363e+02 5.167279886969925684e+01 8.419727324531132240e+01
8.559201298410090430e+02 1.430504138353240648e+02 1.736399733897255544e+02 5.107650007795975711e+01 8.340107831407621575e+01
8.564413081945974682e+02 1.420748558736283371e+02 1.738888628201815436e+02 5.064657696201910397e+01 8.249937627053424194e+01
8.569495914044761093e+02 1.410436666918734261e+02 1.740530553778397689e+02 5.033889643001106862e+01 8.155229289890799294e+01
8.574450902125536231e+02 1.399832846030664939e+02 1.741889339164710577e+02 5.018112213033759872e+01 8.056487503513406523e+01
8.578991596537377973e+02 1.389542685323316675e+02 1.742259336432082080e+02 5.004531077898661806e+01 7.957417563195220112e+01
8.583447136672068609e+02 1.379111083633108308e+02 1.741226779169511758e+02 4.994190754099504659e+01 7.858000847298475833e+01
8.587899730383024917e+02 1.368892698718996996e+02 1.738688300692691087e+02 4.991318747408935508e+01 7.758128579054293539e+01
8.592250985463103916e+02 1.359361539348053043e+02 1.735077808902143204e+02 4.999067915549213126e+01 7.658635584325706702e+01
8.596737610247812427e+02 1.350453697842847305e+02 1.730819546609434099e+02 5.019002496729488882e+01 7.560701353148672865e+01
8.601393537310873398e+02 1.342024608176564868e+02 1.725635131736163430e+02 5.048285504594912965e+01 7.465332867078799950e+01
8.606409767967209063e+02 1.333096352719845186e+02 1.719805385328676834e+02 5.089827323040557161e+01 7.374437322272954987e+01
8.611572908840280434e+02 1.323760775546095658e+02 1.714199737995788837e+02 5.136152243242663928e+01 7.285814838223370771e+01
8.616533504319801295e+02 1.315500413176827124e+02 1.707904031608118487e+02 5.184858667102061247e+01 7.198615233913947975e+01
8.621264104440570009e+02 1.308660892716927435e+02 1.700798900698802356e+02 5.242408292483773380e+01 7.116952738489544572e+01
8.625769019905322921e+02 1.303807622261663539e+02 1.692758168741258373e+02 5.309924572080303307e+01 7.043848589399985372e+01
8.630379192827514316e+02 1.300399420181175287e+02 1.683485178716853454e+02 5.390772189514473922e+01 6.985421632318535501e+01
8.635135338701571754e+02 1.297327380791927851e+02 1.674131655935297260e+02 5.477837446857282089e+01 6.936235984695309753e+01
8.640083558940472130e+02 1.295456983725659654e+02 1.664702388522747185e+02 5.567541715752015818e+01 6.892786953555174989e+01
8.645189610906379585e+02 1.294959241845441795e+02 1.655068349593109929e+02 5.663259480272695612e+01 6.864497254591884712e+01
8.650244827596934556e+02 1.295406226353166517e+02 1.645178810449048399e+02 5.761890497223880203e+01 6.849260753550885283e+01
8.655476798101194618e+02 1.296780429859465471e+02 1.634443094640429592e+02 5.861754449670065981e+01 6.844214931797206702e+01
8.660634714205001501e+02 1.298187948240877745e+02 1.623927843066248045e+02 5.961626698367724941e+01 6.839649924680335857e+01
8.665816222068771140e+02 1.299259675408472674e+02 1.614006912032869820e+02 6.061389239234215864e+01 6.835705016631386854e+01
8.671509899573592293e+02 1.299866761296516131e+02 1.603901083845254618e+02 6.161319001684496754e+01 6.839223932379093185e+01
8.677491913176515936e+02 1.301004846559862074e+02 1.594176634802946637e+02 6.261179805506868945e+01 6.843211337193073973e+01
8.683528135413628206e+02 1.302381748853265151e+02 1.584987309504085999e+02 6.360754769960069410e+01 6.846281105221935093e+01
8.689769070216278806e+02 1.303837922865573091e+02 1.575708127240397971e+02 6.460263378382379074e+01 6.836389875242305436e+01
8.695730187117184187e+02 1.303992726410749583e+02 1.567425193824322491e+02 6.559576488661708993e+01 6.824790867155157059e+01
8.702086224137192403e+02 1.303705406953519912e+02 1.559550621819640810e+02 6.658025742487689058e+01 6.807855725510940204e+01
8.709910843063846642e+02 1.304090570912100873e+02 1.552716300910844325e+02 6.755858653282227522e+01 6.787652809272866250e+01
8.720145284454712282e+02 1.304018510571925162e+02 1.545284910184609828e+02 6.855197929990566763e+01 6.777364140653429558e+01
8.730145236717844455e+02 1.305932454739078707e+02 1.536223561456263269e+02 6.955152759292457176e+01 6.774364248303754721e+01
8.738035755871205765e+02 1.307909670257875518e+02 1.525895463464464967e+02 7.055125868879233053e+01 6.772884876086260419e+01
8.744521567118816847e+02 1.309472868474780682e+02 1.514920692981287402e+02 7.155098352804101580e+01 6.774841948709261885e+01
8.750225199419215869e+02 1.311206749481487179e+02 1.504826675055943213e+02 7.254997332320340320e+01 6.779248138365045406e+01
8.755249179221716531e+02 1.312376977932310353e+02 1.495136849452506738e+02 7.354757563368747242e+01 6.785993336481253380e+01
8.760136028818154728e+02 1.312990867221359110e+02 1.485270652779511522e+02 7.454224106312554454e+01 6.787707706374798988e+01
8.764540592389859057e+02 1.314352149693565082e+02 1.475658983779615880e+02 7.553645824410740772e+01 6.781131432780279056e+01
8.768958029656002964e+02 1.315197644508066617e+02 1.465732872237687445e+02 7.653548724103652035e+01 6.784116793588178496e+01
8.773519891368313210e+02 1.315879634583803295e+02 1.455862447101678754e+02 7.753538603530530793e+01 6.782702933051945138e+01
8.777895420564424285e+02 1.317072829665296183e+02 1.446138872508126099e+02 7.853351373487572573e+01 6.785437147846263883e+01
8.782259400555445836e+02 1.318714094155425016e+02 1.435844729564880708e+02 7.952995353219537833e+01 6.792700883045827709e+01
8.786314624534679751e+02 1.320084399056545408e+02 1.426380797785137418e+02 8.052854794842689046e+01 6.796607583990680723e+01
8.790400170331477057e+02 1.320215484899569276e+02 1.416604743855045001e+02 8.152538939674155927e+01 6.800473565400463372e+01
8.794572318004245517e+02 1.319840559426817777e+02 1.406281136437775672e+02 8.252090479408539636e+01 6.791878850073169360e+01
8.798318139186382041e+02 1.320265075057970989e+02 1.396949174865273449e+02 8.351427866400022992e+01 6.783633964786216097e+01
8.802009620669950891e+02 1.320971901812000624e+02 1.387894696588889190e+02 8.451166059604037173e+01 6.789497727497760593e+01
8.805908293855941338e+02 1.321953076964654485e+02 1.378401146026573656e+02 8.550562391292881159e+01 6.800419086501904076e+01
8.809903285552703665e+02 1.323216481240179689e+02 1.368944059292290092e+02 8.650009910030082949e+01 6.810837354957486411e+01
8.814083024977810510e+02 1.323908519609896928e+02 1.359149661005577343e+02 8.749495174179756418e+01 6.817420997522278014e+01
8.818441731566484805e+02 1.324236407208447304e+02 1.348915375866681927e+02 8.849441775502353380e+01 6.814553832757553664e+01
8.822981434041777220e+02 1.324253258641265631e+02 1.338324820967867197e+02 8.949439463280860707e+01 6.813875884571876895e+01
8.827480723541360703e+02 1.324230052348444246e+02 1.327963051412819198e+02 9.049286781257411860e+01 6.810242521405628224e+01
8.831636357009621179e+02 1.324604001501122355e+02 1.318461363707762075e+02 9.149001092922681266e+01 6.803948197777408780e+01
8.835463076393674555e+02 1.324780884102154630e+02 1.309056406540564126e+02 9.248901763193487113e+01 6.800961518778609616e+01
8.839240820032860029e+02 1.325341667445035228e+02 1.299283403100461385e+02 9.348641947922585871e+01 6.793771401655840236e+01
8.843032769736164482e+02 1.326102472656648672e+02 1.289728685061512579e+02 9.448492917548499292e+01 6.790203823621385482e+01
8.846872570089744841e+02 1.326544351904790915e+02 1.280289671401804128e+02 9.548447421443977134e+01 6.790088360182333815e+01
8.850852056956019851e+02 1.327783592667568087e+02 1.270627683676913193e+02 9.648362311232348532e+01 6.788682935468001745e+01
8.854962838155520330e+02 1.329210853832280463e+02 1.261019843576038681e+02 9.748245682332736806e+01 6.793384784681140331e+01
8.859230629201189231e+02 1.329767174028145860e+02 1.251308145592909398e+02 9.848040865814597566e+01 6.795072618756906024e+01
8.863392838757949903e+02 1.330617913290563195e+02 1.242027322378380347e+02 9.947842682953719873e+01 6.792543512480513357e+01
8.867588748128007410e+02 1.331581817041304134e+02 1.232297552947898396e+02 1.004771986553551812e+02 6.797465266487670021e+01
8.871835785517577051e+02 1.332847291308467561e+02 1.222635748892044631e+02 1.014764039278286276e+02 6.798877791919110791e+01
8.876093405002650343e+02 1.334862768929326649e+02 1.213522829137285157e+02 1.024746123783500735e+02 6.799564821954024296e+01
8.880156654224419981e+02 1.336366521023123823e+02 1.204379566753311082e+02 1.034720985482535269e+02 6.805330156542659381e+01
8.884170302514629611e+02 1.336795224168921834e+02 1.194785357716140908e+02 1.044720270016009920e+02 6.806138282775829396e+01
8.888429172648378653e+02 1.337852717344311486e+02 1.184667320923732206e+02 1.054709827561128748e+02 6.809971445971153514e+01
8.892800759364575924e+02 1.340135885873023369e+02 1.174496353536844708e+02 1.064692406458208183e+02 6.814059406647052697e+01
8.897065726459210282e+02 1.341825460563482864e+02 1.164883860209635884e+02 1.074689903645212326e+02 6.814004457600562148e+01
8.901461654511718962e+02 1.342293647035125730e+02 1.155012148604706113e+02 1.084647201603821571e+02 6.810672112628984110e+01
8.906146923928657770e+02 1.342245763315473823e+02 1.144820320072735029e+02 1.094452862317849764e+02 6.791796515453728489e+01
8.910852879055017866e+02 1.342773603346630864e+02 1.135332935440699629e+02 1.104189113350247169e+02 6.769589148235442622e+01
8.915592309228331942e+02 1.342221481198472475e+02 1.125963333480920312e+02 1.114054133983710528e+02 6.753277846628422765e+01
8.920355210203972547e+02 1.342017192072402167e+02 1.116991970880727649e+02 1.123944541797672656e+02 6.742298336879480303e+01
8.925372080628656022e+02 1.342961339035145727e+02 1.107826017172315147e+02 1.133942646319478627e+02 6.744084998067097558e+01
8.930504748980124532e+02 1.344489155096856621e+02 1.098247859521848397e+02 1.143942129578115328e+02 6.745053506683299815e+01
8.935274573189340117e+02 1.346670524956420536e+02 1.089397380075723447e+02 1.153906465054640620e+02 6.750913923917917714e+01
8.939901848941617573e+02 1.348915077659668782e+02 1.080907701587727274e+02 1.163842187956158227e+02 6.760336467913010949e+01
8.944800470194296622e+02 1.352074218897206492e+02 1.072733267987391770e+02 1.173763258514472057e+02 6.768378351475324450e+01
8.950332853712989163e+02 1.356334849188305895e+02 1.063956174635157339e+02 1.183378042429041841e+02 6.794778003525316024e+01
8.955604831319564028e+02 1.360420112471765606e+02 1.054869799021435313e+02 1.192814586326092581e+02 6.827474717780458491e+01
8.960642690726645014e+02 1.365409416542485985e+02 1.046186059137199180e+02 1.202353320334104012e+02 6.857092046322421197e+01
8.965603531161004867e+02 1.370461021233268184e+02 1.037686463337097251e+02 1.211671457861292254e+02 6.893381382960032511e+01
8.970376010372434621e+02 1.376417119046477637e+02 1.030300726099330006e+02 1.220541640222735680e+02 6.938030742270208862e+01
8.975371496363151209e+02 1.384528591079858018e+02 1.024296582262725792e+02 1.228145052333217819e+02 7.002185645468976816e+01
8.980375879620313526e+02 1.393006911285802971e+02 1.019923498711673489e+02 1.234876496775577976e+02 7.076133192390375370e+01
8.985615340579664689e+02 1.402254707367487470e+02 1.017490607664793458e+02 1.240718004505276753e+02 7.155801383947175509e+01
8.990979023350043917e+02 1.411764234680315155e+02 1.016037439475989572e+02 1.244671679193233160e+02 7.247627650357243567e+01
8.996343629565740230e+02 1.421119690542810758e+02 1.014443802489338253e+02 1.248083172092363640e+02 7.341549040865893971e+01
9.001750258309110677e+02 1.430990027515861129e+02 1.013466194852180848e+02 1.250670811821338759e+02 7.438032263730215732e+01
9.006808783095905255e+02 1.440239060633103918e+02 1.013754215592743719e+02 1.252751729436508299e+02 7.535834432136344674e+01
9.012035895234607779e+02 1.449336168004688545e+02 1.015081099641708420e+02 1.254057700541669362e+02 7.634152857230361633e+01
9.017550883450848005e+02 1.459065897696658851e+02 1.015900052042112804e+02 1.253931817873892811e+02 7.734077203182539506e+01
9.023080324823613410e+02 1.469292786501474950e+02 1.017533819112421725e+02 1.253452309736044725e+02 7.833307977516538756e+01
9.028591947674731273e+02 1.478925273950780195e+02 1.021112256733061514e+02 1.250979624629911484e+02 7.929984568321988547e+01
9.033832053617791189e+02 1.487448569012999826e+02 1.025635016444368546e+02 1.247687036894411250e+02 8.024408099356980983e+01
9.039264352232206647e+02 1.495618275183819037e+02 1.030971178818468132e+02 1.243732844411322844e+02 8.115673865381020846e+01
9.044887184553642783e+02 1.503732462165477841e+02 1.036681345535566692e+02 1.238974464735907475e+02 8.203364251964704579e+01
9.050662825920140904e+02 1.510401837219572485e+02 1.043228813423913124e+02 1.234328458615112112e+02 8.291263105708651437e+01
9.056949017569996840e+02 1.515434982838728502e+02 1.051327218042676321e+02 1.228033196537765406e+02 8.368642165754347673e+01
9.063881958365529954e+02 1.518926219655382397e+02 1.059712590468532056e+02 1.220545514881621330e+02 8.434169534967946902e+01
9.072401980067637624e+02 1.521720882608343288e+02 1.067795856833015193e+02 1.211914977920863663e+02 8.484011021211176740e+01
9.091992808419495304e+02 1.524581195265817257e+02 1.074506892754519498e+02 1.202576769315769809e+02 8.519009248453082250e+01
9.125358935037079391e+02 1.524792482135601119e+02 1.082283799511221929e+02 1.192798183556457445e+02 8.538435683969107970e+01
9.145177026786467422e+02 1.523133774080864384e+02 1.092778691137054921e+02 1.182830365292286245e+02 8.542728727143368417e+01
9.153110946590453523e+02 1.521433207295120269e+02 1.102933148372823808e+02 1.172844111965208640e+02 8.543578935693420817e+01
9.159301668748466909e+02 1.519826579986680315e+02 1.112315906000486621e+02 1.162863458648382533e+02 8.544934300179934894e+01
9.165139960105475438e+02 1.519012556054155141e+02 1.121930834046952015e+02 1.152879304474927835e+02 8.544540527283947995e+01
9.171018658059207382e+02 1.518443461037475402e+02 1.132005412091995424e+02 1.142889018623623940e+02 8.548362491007755182e+01
9.176850627254800656e+02 1.517739250000498146e+02 1.142291556749202499e+02 1.132891346401257948e+02 8.550409681417634999e+01
9.182640031250132324e+02 1.517051941818460818e+02 1.152216074801388856e+02 1.122912827452995685e+02 8.556128322440049772e+01
9.188323135085382773e+02 1.516690928580531192e+02 1.161450123647214241e+02 1.112938512923496290e+02 8.562692295118891650e+01
9.193993167794103556e+02 1.515546508679159956e+02 1.170858378114554341e+02 1.102992104412288796e+02 8.571338631404323394e+01
9.200119422497465393e+02 1.513856273921576019e+02 1.180875503057757925e+02 1.093051492234230011e+02 8.579798955821333095e+01
9.206686698892602863e+02 1.512782278799498670e+02 1.190968170129185637e+02 1.083075076823332950e+02 8.585037959086379544e+01
9.213363304679127168e+02 1.511731052728293605e+02 1.200106963524375630e+02 1.073101462403056559e+02 8.590214570323720977e+01
9.220719709901102306e+02 1.510978379544294796e+02 1.208168490703502300e+02 1.063107273366207153e+02 8.592444874707031488e+01
9.233469845743230735e+02 1.512411575549938902e+02 1.215094498874407520e+02 1.053210155568297353e+02 8.604567654115408004e+01
9.368186375482217727e+02 1.513033124885524501e+02 1.215560461009873876e+02 1.052349994713261481e+02 8.610072322199772543e+01
9.403146142912754613e+02 1.512266252682101424e+02 1.222969452095132681e+02 1.042391541881288646e+02 8.602168722341544083e+01
9.412563078933407041e+02 1.511948700763312559e+02 1.232534061266480023e+02 1.032506312423867172e+02 8.615229093196465726e+01
9.420264122658575161e+02 1.510895994835713907e+02 1.243599666143035734e+02 1.022659274938627476e+02 8.598868700798783493e+01
9.426504126302734221e+02 1.509536576482579164e+02 1.254280182951882807e+02 1.012677946785088352e+02 8.604637892244028308e+01
9.432097528483017186e+02 1.507841665858807687e+02 1.264141551127943472e+02 1.002679490608443587e+02 8.602883396331206711e+01
9.437393573650034568e+02 1.506578560101644939e+02 1.274592880177434182e+02 9.926804172756699529e+01 8.601631176364030296e+01
9.442119581390392113e+02 1.505457479587311695e+02 1.284025727991388521e+02 9.826820985902870120e+01 8.601893859262459330e+01
9.446637517977979996e+02 1.504535323372385847e+02 1.293372640424384201e+02 9.727021242018398084e+01 8.596173397028043439e+01
9.451101800065802081e+02 1.502749607319655638e+02 1.302427709786923629e+02 9.627107454618936799e+01 8.599655287639268408e+01
9.455828014085434461e+02 1.500822681352031509e+02 1.312048762087061675e+02 9.527209695087726971e+01 8.595225051969147501e+01
9.460962370106303752e+02 1.499219470407415713e+02 1.322692661611322080e+02 9.427221280547551885e+01 8.594400163852299102e+01
9.466448784858990848e+02 1.498039338285876170e+02 1.332846530793420072e+02 9.327293142129509818e+01 8.597569926688879605e+01
9.472844366845297372e+02 1.497483127368980433e+02 1.343296859384523430e+02 9.227383195161681328e+01 8.594115716931032978e+01
9.480385880394319429e+02 1.495867788202954785e+02 1.353783377983100706e+02 9.127518007236315611e+01 8.598241739420784313e+01
9.488279017204895354e+02 1.494642508732204078e+02 1.363298226392926722e+02 9.027729978793657040e+01 8.592983010375830588e+01
9.495285281643195958e+02 1.493221103018697988e+02 1.373852193321400250e+02 8.927996521311226275e+01 8.598662226590433022e+01
9.500512940615526531e+02 1.492568266068292360e+02 1.383191067732648776e+02 8.828338923956192730e+01 8.591158475418419016e+01
9.505031776771699015e+02 1.491954746484442182e+02 1.391509335916076679e+02 8.728385130043132278e+01 8.594084359483132118e+01
9.509531756002040765e+02 1.490895737715214864e+02 1.400192813539329961e+02 8.628386818096684863e+01 8.594297485388190694e+01
9.514006918997752109e+02 1.489092098026165445e+02 1.409144071649009788e+02 8.528396552843700817e+01 8.593053761856691608e+01
9.518256956482600799e+02 1.486642276682287331e+02 1.417331564493377982e+02 8.428466913534293781e+01 8.592517557618866419e+01
9.522554547883828491e+02 1.484990370810382956e+02 1.426366299372494950e+02 8.329092774288614009e+01 8.581587542640077970e+01
9.527116371533379606e+02 1.483401162196938685e+02 1.436632507822691309e+02 8.229165917516840523e+01 8.577941207373451959e+01
9.531404317852844770e+02 1.481837605579609090e+02 1.446221153920118638e+02 8.129169149462008193e+01 8.577514674900648117e+01
9.535827425811629610e+02 1.480207425125038583e+02 1.456369933883205476e+02 8.029221826346676494e+01 8.576030610544384558e+01
9.540180935906977311e+02 1.478870579353939263e+02 1.465667317193351096e+02 7.929460704999368659e+01 8.582924479599364531e+01
9.544764681380446518e+02 1.479097184163757390e+02 1.474639180300063686e+02 7.829703155701629669e+01 8.589392736025331487e+01
9.549823365663687582e+02 1.479520852954447605e+02 1.484204387918792634e+02 7.730680926409088727e+01 8.603342286232744129e+01
9.554899282634319206e+02 1.479360031043294441e+02 1.492901331360340578e+02 7.631521315282999751e+01 8.615708925287225384e+01
9.561657638500934127e+02 1.479191272253948171e+02 1.499804246394117229e+02 7.531538644249502568e+01 8.617443689553965669e+01
9.583387623583633967e+02 1.478767923505973556e+02 1.503997957274041823e+02 7.431624409526709485e+01 8.619832448174895490e+01
9.629542676152325384e+02 1.475776076596456221e+02 1.512746775361530069e+02 7.331956509301859626e+01 8.612135701911437025e+01
9.643129064090703650e+02 1.474909134565297961e+02 1.523981828178030753e+02 7.232878071202267733e+01 8.599932865547603456e+01
9.650030922896165748e+02 1.473183952821358389e+02 1.534465890405097355e+02 7.133131145811353235e+01 8.599834497882005735e+01
9.655508340980375124e+02 1.470671423128372339e+02 1.544195259361851811e+02 7.034554075127836370e+01 8.583457186825515350e+01
9.660172794831100873e+02 1.468620602216963960e+02 1.552654256380174047e+02 6.934842106385988814e+01 8.575944533853123630e+01
9.664961912012596486e+02 1.468908951542402974e+02 1.561766085552272614e+02 6.835280722255191677e+01 8.567622465680412347e+01
9.669930583575990113e+02 1.469663599538087055e+02 1.571672324187743754e+02 6.735335798336674884e+01 8.570480360158681776e+01
9.674627872444666536e+02 1.468590051344080791e+02 1.581576047191500720e+02 6.635555387091001478e+01 8.575900126833646198e+01
9.679216396579925004e+02 1.466489902240316212e+02 1.591161062236799069e+02 6.535622311702078946e+01 8.572317398210513772e+01
9.683709689342369984e+02 1.464253322393758481e+02 1.600176592638896693e+02 6.435680077747377936e+01 8.569662091602216947e+01
9.688588462077069607e+02 1.463830236306066297e+02 1.610010342114208299e+02 6.335944813615802218e+01 8.562680220420547528e+01
9.693835912933598138e+02 1.464448369583562624e+02 1.619877803363783073e+02 6.235980063092354442e+01 8.561643133675363515e+01
9.698819936800034611e+02 1.464857172172890216e+02 1.629575904927976353e+02 6.136084013739478848e+01 8.565656941443600658e+01
9.703517961188483696e+02 1.464310857251229550e+02 1.639536169633335021e+02 6.036092300536434152e+01 8.564830853820912182e+01
9.707965355799452709e+02 1.462397066479216790e+02 1.648477330012933351e+02 5.936207490785093199e+01 8.564431335705614856e+01
9.712814979998881881e+02 1.460608649670837167e+02 1.657971284976368906e+02 5.836972908802017201e+01 8.552110122391870561e+01
9.717979356046723751e+02 1.458776183882902160e+02 1.668161845568282615e+02 5.738049921151164767e+01 8.537493190108325791e+01
9.722842269488080547e+02 1.454874297328037756e+02 1.677057458045202907e+02 5.640472328639631883e+01 8.517512596120124613e+01
9.727520770619728410e+02 1.449246260923333693e+02 1.685101757500016788e+02 5.549116871920521277e+01 8.476841564163048304e+01
9.732013622667291202e+02 1.442607651792404795e+02 1.691485259573149449e+02 5.459910957251915420e+01 8.432526243047273340e+01
9.736731694710589409e+02 1.434678449012268402e+02 1.697547519043038164e+02 5.383035036052498157e+01 8.368738492904633119e+01
9.741258752075486882e+02 1.426457546026508112e+02 1.702740465459685311e+02 5.313811007970576838e+01 8.296580805272469661e+01
9.745604421497655494e+02 1.418522581686366095e+02 1.706211762919724038e+02 5.250431926764670720e+01 8.220011929079277024e+01
9.750128606938104667e+02 1.410214898898706792e+02 1.709093451689469987e+02 5.208670868083239469e+01 8.129149711361938557e+01
9.754785026365397016e+02 1.401926114398132199e+02 1.711491824994512854e+02 5.167557586563049199e+01 8.037992417543944157e+01
9.760146282391770001e+02 1.392160405660941649e+02 1.713354285968441104e+02 5.126177084294587161e+01 7.946974654431444662e+01
9.765688484169512549e+02 1.382308493819909074e+02 1.716029057136576341e+02 5.080635240232058436e+01 7.857950107253064687e+01
9.771668703020119437e+02 1.372040525677080325e+02 1.718627914912545975e+02 5.037740463742056107e+01 7.768212383267193388e+01
9.777766992009362639e+02 1.361057842730189122e+02 1.719490315379436822e+02 5.017844586604120849e+01 7.670216979920621725e+01
9.783605859867064964e+02 1.350477966510723888e+02 1.719510105001845091e+02 5.002638209968824867e+01 7.571531886765443176e+01
9.789657232059132639e+02 1.339494597468625443e+02 1.720102152017420565e+02 4.997318916000089928e+01 7.471855019576749157e+01
9.795396474060697756e+02 1.329461486822664824e+02 1.719798605656567076e+02 4.982120515080784884e+01 7.373401137306872499e+01
9.801103701521021776e+02 1.318790531474167835e+02 1.718860581699421743e+02 4.984876714826384614e+01 7.273526974711168691e+01
9.806333815286444633e+02 1.308592757571313712e+02 1.717268745147675588e+02 4.981415901495280707e+01 7.173861464102917296e+01
9.811057971828347490e+02 1.300572940213451432e+02 1.712636367051813409e+02 4.999333888477699617e+01 7.076084979105590378e+01
9.815771405840717989e+02 1.294031559400851847e+02 1.705270532801255285e+02 5.042325130059458616e+01 6.985875844180711169e+01
9.820318064295905742e+02 1.291009357278710752e+02 1.695849809151976899e+02 5.098594936213623896e+01 6.905254524851456210e+01
9.824715655908776171e+02 1.291160842272169589e+02 1.685807065339406847e+02 5.185190328749145294e+01 6.855547878317814536e+01
9.828992680722328714e+02 1.291086261582185557e+02 1.676263479846764994e+02 5.278223874390454284e+01 6.819400329965235130e+01
9.833127997669531624e+02 1.292342082000322137e+02 1.666864686802402389e+02 5.375969114797430137e+01 6.799963983265516276e+01
9.837159350800761786e+02 1.293916194685594121e+02 1.657091076665217884e+02 5.475961942862421239e+01 6.799003098089519881e+01
9.840943271787238018e+02 1.295006817151183043e+02 1.647411148048220184e+02 5.575921460215819536e+01 6.800666832290282571e+01
9.844668650573307787e+02 1.295685269694096746e+02 1.638058462952465106e+02 5.675715124781959275e+01 6.807020029441278552e+01
9.848400418527298825e+02 1.296698727174079977e+02 1.628844508852121464e+02 5.775612107830082209e+01 6.809651661588321758e+01
9.852310620230695122e+02 1.297747268045464466e+02 1.619523729079235181e+02 5.875469428659834392e+01 6.805736588890840721e+01
9.856536655638066122e+02 1.298911175379143117e+02 1.610829600237181296e+02 5.975383550421436496e+01 6.809879869523489049e+01
9.860911521410571368e+02 1.300367406297102377e+02 1.601575253131914280e+02 6.075299548954876627e+01 6.813965512161951210e+01
9.865407928728287743e+02 1.301858706868159743e+02 1.591819831550133983e+02 6.175137391781083807e+01 6.818742936076419880e+01
9.870141555868663090e+02 1.302730725285601920e+02 1.580911865879444917e+02 6.274571863061893850e+01 6.828032767125635871e+01
9.874416262006957368e+02 1.301684621617438324e+02 1.570949992532121087e+02 6.374553655490349513e+01 6.826331202136179854e+01
9.878546308343583178e+02 1.300503007014689842e+02 1.561272591131703393e+02 6.474541472455004509e+01 6.825868456708894882e+01
9.882618811550989903e+02 1.300887244673369878e+02 1.551722774539050818e+02 6.574315895469194970e+01 6.820371820309003397e+01
9.886567023557167886e+02 1.301234831487912800e+02 1.542470813824130289e+02 6.673490290713863260e+01 6.809282728109894833e+01
9.890792908939532708e+02 1.301748711842622015e+02 1.532004810968417416e+02 6.773433714426512608e+01 6.811165962220276526e+01
9.895088940702985383e+02 1.303007622468767579e+02 1.521813837701404850e+02 6.873349932192427048e+01 6.807102510271244000e+01
9.899266156553175051e+02 1.304289764224418207e+02 1.513031854780198557e+02 6.973188505895264200e+01 6.806675349229323047e+01
9.903711574872734218e+02 1.305040027453876235e+02 1.503714733779126220e+02 7.072579040387017812e+01 6.816546432344114237e+01
9.908027550439435345e+02 1.305776327311739635e+02 1.494367741296069596e+02 7.172555379999234049e+01 6.816567510808283714e+01
9.912442188134492653e+02 1.305912632135813567e+02 1.484227795881758141e+02 7.272446090506925032e+01 6.819925659801046436e+01
9.916848263243367683e+02 1.305906527653399110e+02 1.473849223465417992e+02 7.372246996439986333e+01 6.814585017797737976e+01
9.920941155267581735e+02 1.306889117530637350e+02 1.464202720180039137e+02 7.471544297020287217e+01 6.804998172913889221e+01
9.925088903336501289e+02 1.307969422850120509e+02 1.454223018783474970e+02 7.571406031395743241e+01 6.809437566262928954e+01
9.929288634159237290e+02 1.309476155914048547e+02 1.444558276125261216e+02 7.671385901009456632e+01 6.808461213507671062e+01
9.933469369794917156e+02 1.311482250297087262e+02 1.434966294569615570e+02 7.771350170555921011e+01 6.811049806782290261e+01
9.937540354388492005e+02 1.311740703872609117e+02 1.424466369749632690e+02 7.871101804570218974e+01 6.809105050141204174e+01
9.941400181146511841e+02 1.310979274866502919e+02 1.414310123789014142e+02 7.969806527070534230e+01 6.793185053118811823e+01
9.945334558691960183e+02 1.310449658099743431e+02 1.404518203027756442e+02 8.069122924701370891e+01 6.781513468547343848e+01
9.949283294972835847e+02 1.311315621267809206e+02 1.395138640117456248e+02 8.168430171157102393e+01 6.769782124637968934e+01
9.953048926849793361e+02 1.312188354910841497e+02 1.385888502997111402e+02 8.267991540792112914e+01 6.761392205668857969e+01
9.956833876329289978e+02 1.312978384585520075e+02 1.376055286962723869e+02 8.367985329774803915e+01 6.761607587479400649e+01
9.960592651671762496e+02 1.313809547509224274e+02 1.366354642015481602e+02 8.467959522855829846e+01 6.760241219279910752e+01
9.964205124239393854e+02 1.315294691037876191e+02 1.357268822828798704e+02 8.567840935737365271e+01 6.764171832733508438e+01
9.968025579106151781e+02 1.317148408665253214e+02 1.347554161574634861e+02 8.667343573743049490e+01 6.774111341099100514e+01
9.971862987804266822e+02 1.319005044948107184e+02 1.337962952355351547e+02 8.766817927319365822e+01 6.783927891608774985e+01
9.975715352471988808e+02 1.321542007421927849e+02 1.328875516797814953e+02 8.865512533451550325e+01 6.800032281291586855e+01
9.979970228747490637e+02 1.324098530461832013e+02 1.318231203597799777e+02 8.964437081160667731e+01 6.814247599824503254e+01
9.984091147632499315e+02 1.325778425611247542e+02 1.307493462385034206e+02 9.064166359602627665e+01 6.821498808874223130e+01
9.988180452327734429e+02 1.326292309733192667e+02 1.297011133658389497e+02 9.163744652327625317e+01 6.829047465004360618e+01
9.992312333198119632e+02 1.326746332600672247e+02 1.286434644479430744e+02 9.263645246680478351e+01 6.824705635270565551e+01
9.996316621825336597e+02 1.327892580804778504e+02 1.275891106276299354e+02 9.363461601997639150e+01 6.818838449518298717e+01
1.000010049409103885e+03 1.328982433057487924e+02 1.265844786339393551e+02 9.463378214883400119e+01 6.815325213360196699e+01
1.000367284577909231e+03 1.330172060411838402e+02 1.256426444837670147e+02 9.563083901306457335e+01 6.809574979535517514e+01
1.000732650729696616e+03 1.331809984044291753e+02 1.246991041002111444e+02 9.662948772129239217e+01 6.814760067930458831e+01
1.001108971363148385e+03 1.333618871619376023e+02 1.237779304957629023e+02 9.762863514142526355e+01 6.818025351083842622e+01
1.001474435958459367e+03 1.335028876259549691e+02 1.228790341965020048e+02 9.862775563859703709e+01 6.817677549685483029e+01
1.001852222610699528e+03 1.336244222253047838e+02 1.219337479697706357e+02 9.962379563749662736e+01 6.826564778176332027e+01
1.002231606083352858e+03 1.337398562311925616e+02 1.209687687801505689e+02 1.006200101295328153e+02 6.834966064732034852e+01
1.002583594510593571e+03 1.339073455101614059e+02 1.201065911908562640e+02 1.016186351338031812e+02 6.839612367825684203e+01
1.002940748366777711e+03 1.339744073301725393e+02 1.192208372849051869e+02 1.026144728917573303e+02 6.848335329173725938e+01
1.003321801949456017e+03 1.339795626004982125e+02 1.182926045558764514e+02 1.036140850820885788e+02 6.851072681636371442e+01
1.003700703042581722e+03 1.341146282756338906e+02 1.174282510151329717e+02 1.046123856842605591e+02 6.854761310021724796e+01
1.004120676489760285e+03 1.342191862297661658e+02 1.164683890964884938e+02 1.056047923681605027e+02 6.866341102141963404e+01
1.004578635088565989e+03 1.343087235609223455e+02 1.153770115524464330e+02 1.066045025120611598e+02 6.868687709151282661e+01
1.005002015677316308e+03 1.344391677973517290e+02 1.143405947797355111e+02 1.076044393473244583e+02 6.869803910103904343e+01
1.005419539329395434e+03 1.345105896078317755e+02 1.133237395672043135e+02 1.086026034968187872e+02 6.867974745296469052e+01
1.005819677576005574e+03 1.345164325386755593e+02 1.123809441354690648e+02 1.095935594262775368e+02 6.854775820369529526e+01
1.006209773435861393e+03 1.346171425919407341e+02 1.114278143732811373e+02 1.105901335654397144e+02 6.846524359933043513e+01
1.006585447787739326e+03 1.347525560024649280e+02 1.104226914105073547e+02 1.115851363362923507e+02 6.836592858603131617e+01
1.006937678942714115e+03 1.348597747937330098e+02 1.094492147738733649e+02 1.125790361429629911e+02 6.826511725917154649e+01
1.007290162730179759e+03 1.349698432083334865e+02 1.084918931149620533e+02 1.135790282182703379e+02 6.826147621483497119e+01
1.007640293061947318e+03 1.351553761984234541e+02 1.075787077008206296e+02 1.145790245704531145e+02 6.826247493399147004e+01
1.007964667245265332e+03 1.354519301901847825e+02 1.067673080585440033e+02 1.155779062393351353e+02 6.828747054913701220e+01
1.008294542312886165e+03 1.358366031050204867e+02 1.059715106010386165e+02 1.165707712474242612e+02 6.840576750470248157e+01
1.008650471756853790e+03 1.362700462116583537e+02 1.050916497579645039e+02 1.175597462783840825e+02 6.855376051969227547e+01
1.009000689868071845e+03 1.367038204895294200e+02 1.042204014803412520e+02 1.185435974348756929e+02 6.872043680124129139e+01
1.009345875691716628e+03 1.371884249817139789e+02 1.034066487220715516e+02 1.194950881375921767e+02 6.902795775973889647e+01
1.009692076142377573e+03 1.377801098375376228e+02 1.026885350925874718e+02 1.204383443754333598e+02 6.935987081762378637e+01
1.010040692517872003e+03 1.383791985273700504e+02 1.020440618101049921e+02 1.213677641870109341e+02 6.972720937989666368e+01
1.010411198123766781e+03 1.389635499499466107e+02 1.013793292362061322e+02 1.222664700742567447e+02 7.016573868864105634e+01
1.010818040140800917e+03 1.395153202151303162e+02 1.005868796124750020e+02 1.231596487280096710e+02 7.061539771868183379e+01
1.011212880992362784e+03 1.400401513333602850e+02 9.978860754397602761e+01 1.240378062995339405e+02 7.109225844954313800e+01
1.011597929940146400e+03 1.406511708911646110e+02 9.903179224939762548e+01 1.248766771370270305e+02 7.163654672076287966e+01
1.011986830904797216e+03 1.412940717357375036e+02 9.826665792005590561e+01 1.257235198977931532e+02 7.216838971824424220e+01
1.012372044699352273e+03 1.419450946174568458e+02 9.752491193953501636e+01 1.265677869519660561e+02 7.270415971791672405e+01
1.012747562291966688e+03 1.425640179765703124e+02 9.677284932514335480e+01 1.274040300114565412e+02 7.325181658144022379e+01
1.013119242381266758e+03 1.431156929115097967e+02 9.600241065459083245e+01 1.282670287113859615e+02 7.375667924656292485e+01
1.013503268934307698e+03 1.436174612574879745e+02 9.519285116964933025e+01 1.291141016327575244e+02 7.428780830525812462e+01
1.013898262536713560e+03 1.440875082426605616e+02 9.436065246042217325e+01 1.299950024096689845e+02 7.475687756294432518e+01
1.014293693123044363e+03 1.444844035409103924e+02 9.349316767241528225e+01 1.309309607210003321e+02 7.510886006197895881e+01
1.014709066419888927e+03 1.448335339978080754e+02 9.255516024149348198e+01 1.318685773444791209e+02 7.545057249436575830e+01
1.015140876402598337e+03 1.450580862376626499e+02 9.157251695105526323e+01 1.328488245011555762e+02 7.564423552422351804e+01
1.015599479960928079e+03 1.452293389530700267e+02 9.054077960836410455e+01 1.338423940524932334e+02 7.575731594513314349e+01
1.016051359047604365e+03 1.453074433401540091e+02 8.947222045929386525e+01 1.348357301699110167e+02 7.584855629992799209e+01
1.016474275437169013e+03 1.452938231222885292e+02 8.845082924724208340e+01 1.358333724292663760e+02 7.578308214409855736e+01
1.016900260454702220e+03 1.452697808070078338e+02 8.743262297997141275e+01 1.368236749827106848e+02 7.565244109763513336e+01
1.017311262539408403e+03 1.452268397742944330e+02 8.645598368165525471e+01 1.377949230708086930e+02 7.541526728705107985e+01
1.017701620011791761e+03 1.450971901524613372e+02 8.550397996611810925e+01 1.387574746792446945e+02 7.514473209732251746e+01
1.018088510790466103e+03 1.448626207571601583e+02 8.454052063538125594e+01 1.397242688383050790e+02 7.489192836033623735e+01
1.018497171354724969e+03 1.445579781410837086e+02 8.353238326646035716e+01 1.406692372785016687e+02 7.456476686117555630e+01
1.018884640231205594e+03 1.442936418368416867e+02 8.256586724351193141e+01 1.416133085564334522e+02 7.423507400035778403e+01
1.019278624495624740e+03 1.439674070345226653e+02 8.158789588665437975e+01 1.425493726191692758e+02 7.388399622653848553e+01
1.019672654163208335e+03 1.436362779103525895e+02 8.062170316748935761e+01 1.434735129957206254e+02 7.350331136624313899e+01
1.020096502903417900e+03 1.432902332838038717e+02 7.958558770497924684e+01 1.444182453271085649e+02 7.317604855940750497e+01
1.020529862978407436e+03 1.429274334538139613e+02 7.855374065943593109e+01 1.453481522802962900e+02 7.280830219310878704e+01
1.020960060847853242e+03 1.425410683129552751e+02 7.759280488253912722e+01 1.462786339441773009e+02 7.244327789861760891e+01
1.021406068849642679e+03 1.420809917829115250e+02 7.663812072890871718e+01 1.472237525858747631e+02 7.211920972180895717e+01
1.021843277104639583e+03 1.416139088889741231e+02 7.572341653768734204e+01 1.481391834113195216e+02 7.171674534129263634e+01
1.022311636312408154e+03 1.409840389136483054e+02 7.484335780551801065e+01 1.490310841534553390e+02 7.127625618485384962e+01
1.022819354576180217e+03 1.400586808728630501e+02 7.412281058287973678e+01 1.497943995188308293e+02 7.063375415848301486e+01
1.023331591973619311e+03 1.389756213899774480e+02 7.368095769465747935e+01 1.504186091771909446e+02 6.986057366973076910e+01
1.023846126455051490e+03 1.376606342960872098e+02 7.359281575015073429e+01 1.507989191434752740e+02 6.894376369400985993e+01
1.024284441284393097e+03 1.365064243245169848e+02 7.347218936426753544e+01 1.509354842733814053e+02 6.795390087868919693e+01
1.024670952203183106e+03 1.354931067368045490e+02 7.334197135508414078e+01 1.509775535574239314e+02 6.695551557480801819e+01
1.025047059416028333e+03 1.344995267191636970e+02 7.321051989415124694e+01 1.509617415081027048e+02 6.595606282410712140e+01
1.025432015510939209e+03 1.334815423589828640e+02 7.310091942246917540e+01 1.509970000408879969e+02 6.495672098274640405e+01
1.025823688104765779e+03 1.324783277292000037e+02 7.301200954444817626e+01 1.510107587932487263e+02 6.395686513939505602e+01
1.026211020888386656e+03 1.315194992534566438e+02 7.287873742775907715e+01 1.510168063680845592e+02 6.295711523562135170e+01
1.026596628624781260e+03 1.305495546353513987e+02 7.275574221754985160e+01 1.510455087197902060e+02 6.195813868201727104e+01
1.026978527142051689e+03 1.295735817448261571e+02 7.268749810926082944e+01 1.510060364554014711e+02 6.095892321586880058e+01
1.027349392915314183e+03 1.286085292463145322e+02 7.267847881269123889e+01 1.509619650549141454e+02 5.995989905287335375e+01
1.027720356911313729e+03 1.276373008008446561e+02 7.270449291149620308e+01 1.509145479398388261e+02 5.896116613519652105e+01
1.028092186654761917e+03 1.266633681722519782e+02 7.263460737015421387e+01 1.508532358784706560e+02 5.796363531386908363e+01
1.028452831622834083e+03 1.256981279661029731e+02 7.249561709723836600e+01 1.508627341056115370e+02 5.696374383273563069e+01
1.028804506090420318e+03 1.247564316650884280e+02 7.236478620280058749e+01 1.508796079113569988e+02 5.596423381304836653e+01
1.029153307914892594e+03 1.238297735378747433e+02 7.225920973697964200e+01 1.508523721756253337e+02 5.496466331448252873e+01
1.029515624865627842e+03 1.228905237861055753e+02 7.213479826774506876e+01 1.508458543691392322e+02 5.396468469211187369e+01
1.029873193478052372e+03 1.219599905829002466e+02 7.197120993689749469e+01 1.508322588677609701e+02 5.296489304361192296e+01
1.030209776993703827e+03 1.210286327561959183e+02 7.184669708106564201e+01 1.508071575378112357e+02 5.196573423806496805e+01
1.030546211594635906e+03 1.200468959232148762e+02 7.178417575741778478e+01 1.508422692590875442e+02 5.096635212454721398e+01
1.030867049020947206e+03 1.190963322756892495e+02 7.170985406920316052e+01 1.508694480678667844e+02 4.996676449581842405e+01
1.031187486467426424e+03 1.181645084712927485e+02 7.158277135691294291e+01 1.508873860437924748e+02 4.896704433433919945e+01
1.031524351440240480e+03 1.171855061771670563e+02 7.146374972158739070e+01 1.509245907826091297e+02 4.796790396255423161e+01
1.031849122147379148e+03 1.162426275662641046e+02 7.136007578537093821e+01 1.509175075307392717e+02 4.696810272222309379e+01
1.032171986852748432e+03 1.153147701159405472e+02 7.122336589498040382e+01 1.508851005026212135e+02 4.596879227012345837e+01
1.032512043638288560e+03 1.143673136085309494e+02 7.105949355151086877e+01 1.508805380307025530e+02 4.496886909622942596e+01
1.032855730968562511e+03 1.134262726980462901e+02 7.093421540620883547e+01 1.508431028184616878e+02 4.396979268074316849e+01
1.033204080180416668e+03 1.124945353239119470e+02 7.083214054093069478e+01 1.507854491104964154e+02 4.297210070978425023e+01
1.033574718400010397e+03 1.115094194310917288e+02 7.068705591281995737e+01 1.507937676134525304e+02 4.197213685059526256e+01
1.033945919523336215e+03 1.105297986562805619e+02 7.052900258093596619e+01 1.507929320437324066e+02 4.097219723445508777e+01
1.034294186702917614e+03 1.096295128800023662e+02 7.032181015869745977e+01 1.507908497631770786e+02 3.997283524540363686e+01
1.034649260802122626e+03 1.086990633664728705e+02 7.012069457479982759e+01 1.508489491521883110e+02 3.897458826627098460e+01
1.035009471536849105e+03 1.077434279403963728e+02 6.995790669854571320e+01 1.508733188609261049e+02 3.797516623552870385e+01
1.035357395404133285e+03 1.068343224685862936e+02 6.981223324289399557e+01 1.508619041200591653e+02 3.697534611711267161e+01
1.035716993615127649e+03 1.058967031940539840e+02 6.964922626513640580e+01 1.508687601305729515e+02 3.597553463051937683e+01
1.036067866365976442e+03 1.049874929573648927e+02 6.947936897808232004e+01 1.508289343162975058e+02 3.497661856560717553e+01
1.036399175431378126e+03 1.041284031919135913e+02 6.934460774187532195e+01 1.507633918021859643e+02 3.397936740823396207e+01
1.036749742226198578e+03 1.032128827402042504e+02 6.920925732818034248e+01 1.507575553950874792e+02 3.297941036313763874e+01
1.037105008799461984e+03 1.022965741593856706e+02 6.908334168488212867e+01 1.507341112112882797e+02 3.197971718298078159e+01
1.037453118110716787e+03 1.014126574688499574e+02 6.892495541518232471e+01 1.507195111367890377e+02 3.098075475850335181e+01
1.037821505510092948e+03 1.004860044919028184e+02 6.872855353422224312e+01 1.507782273310351968e+02 2.998253447679834593e+01
1.038208777315083125e+03 9.952053475694565066e+01 6.854886956574621593e+01 1.508123545204252878e+02 2.898316811641415214e+01
1.038602411527612503e+03 9.855112423350587392e+01 6.836571699974265925e+01 1.508392130883018751e+02 2.798373951000633753e+01
1.039012989913498586e+03 9.761860981161888162e+01 6.813584879912075110e+01 1.509067561141461340e+02 2.698604065336532187e+01
1.039445846299046252e+03 9.683516700270641309e+01 6.772126519788969290e+01 1.510533291374376006e+02 2.600486969556290262e+01
1.039881906090063694e+03 9.625483726238286408e+01 6.703633489425395453e+01 1.515010599993347853e+02 2.512613956746001520e+01
1.040306947458867171e+03 9.583923168289101113e+01 6.616975549339819906e+01 1.522334540195778061e+02 2.445602052873131527e+01
1.040730365296018590e+03 9.567784301825086857e+01 6.519498719246919904e+01 1.531194170275248041e+02 2.400538946633867354e+01
1.041175788350676839e+03 9.566302895275518381e+01 6.415163017713133797e+01 1.540874656008923580e+02 2.376683389112699274e+01
1.041605992999301179e+03 9.564448133721820966e+01 6.313099590092925695e+01 1.550823310486687205e+02 2.369820540928143160e+01
1.041988281356612106e+03 9.569213354768565694e+01 6.220164230797084315e+01 1.560797781375581508e+02 2.376543838879101145e+01
1.042365066327423619e+03 9.573818124721144329e+01 6.125296750232723753e+01 1.570756902707557003e+02 2.383872717607983915e+01
1.042738924997643380e+03 9.576512253479236847e+01 6.029273921174618067e+01 1.580756199876843482e+02 2.382688212503970959e+01
1.043097492728178850e+03 9.582618996669381772e+01 5.937504928649074998e+01 1.590753726059133157e+02 2.380747226748398759e+01
1.043454696306308279e+03 9.589232949410913420e+01 5.846225171584907798e+01 1.600737019619745638e+02 2.375524188854605612e+01
1.043829070845007436e+03 9.592611339280581717e+01 5.749781317150333138e+01 1.610698846453350370e+02 2.366830285324983407e+01
1.044220760807658735e+03 9.596941127581052911e+01 5.651151023299656373e+01 1.620671781335695698e+02 2.359479261504840863e+01
1.044608820043565629e+03 9.608143606046991181e+01 5.556146974638471647e+01 1.630647430946994803e+02 2.352509551988728731e+01
1.044996693903928644e+03 9.626159845668006199e+01 5.457745221443819617e+01 1.640628733873904537e+02 2.349153096901556381e+01
1.045386817967807247e+03 9.646318704552933809e+01 5.355380460106427165e+01 1.650617070640248585e+02 2.353980845415480161e+01
1.045756437140656544e+03 9.662272548976831388e+01 5.259507066140187703e+01 1.660603114123322541e+02 2.359239041301634288e+01
1.046105665375987655e+03 9.674217442583152149e+01 5.169298570612541255e+01 1.670584181510991755e+02 2.365387406842367923e+01
1.046465844005564350e+03 9.686115638618950641e+01 5.074596856054108684e+01 1.680565175722849176e+02 2.368397663473428949e+01
1.046827551579051715e+03 9.696198651884165542e+01 4.979187506829411092e+01 1.690547835422150911e+02 2.362539189886122415e+01
1.047180257106803310e+03 9.699853748090995964e+01 4.885766875023358580e+01 1.700531282002484943e+02 2.357358102230831420e+01
1.047541545196990000e+03 9.700087108547293724e+01 4.792146443915017073e+01 1.710529859045179251e+02 2.355763447986662484e+01
1.047920508929592188e+03 9.702376313164882049e+01 4.701399295185125737e+01 1.720527324563585125e+02 2.353545329349178772e+01
1.048320113962267214e+03 9.699875139749404696e+01 4.613799555578279410e+01 1.730520242476445958e+02 2.350518137430343302e+01
1.048746303675436820e+03 9.694246614940031748e+01 4.522203964291125544e+01 1.740475332126461581e+02 2.341731755755237288e+01
1.049186360323288682e+03 9.691335584042909090e+01 4.426010139985824310e+01 1.750394489584964788e+02 2.329424912474648579e+01
1.049642200970550221e+03 9.687571505116048343e+01 4.324706931595007831e+01 1.760368760284576126e+02 2.322277670284694295e+01
1.050103662934689282e+03 9.696558830769335202e+01 4.220662368116956031e+01 1.770354650539096610e+02 2.318076967418645395e+01
1.050549375634974467e+03 9.718184260371380390e+01 4.114960810604754471e+01 1.780347744459382966e+02 2.320662956511961283e+01
1.050971885710665902e+03 9.740464086609343042e+01 4.012438576651306477e+01 1.790329034561395360e+02 2.326675227149984693e+01
1.051384405100853655e+03 9.763245641438871303e+01 3.913278917519564715e+01 1.800290716910254218e+02 2.334025565274374614e+01
1.051800908569754029e+03 9.794352822889896970e+01 3.815693088386620957e+01 1.810156622385118794e+02 2.350172701545170284e+01
1.052205925598368367e+03 9.839181142731825958e+01 3.733847565830980386e+01 1.819824831389391306e+02 2.374599523587109928e+01
1.052627266644579549e+03 9.905645574924301400e+01 3.671919522118185597e+01 1.828719408757958718e+02 2.418160792059430619e+01
1.053081866728536170e+03 9.990383224793407635e+01 3.625248249598508465e+01 1.836050111389890560e+02 2.485195450299909936e+01
1.053549129540955164e+03 1.009471278122447444e+02 3.596783659503473274e+01 1.841305377244435988e+02 2.569059455736884345e+01
1.053998955728444116e+03 1.020177199305981759e+02 3.587378631981960808e+01 1.844196356143462481e+02 2.664427979851654982e+01
1.054417522298573658e+03 1.029830310001260187e+02 3.589067731824355434e+01 1.845632212704265669e+02 2.763285025956626839e+01
1.054829172128935625e+03 1.039434047949048932e+02 3.593701375264159736e+01 1.846120061333525086e+02 2.863074944674951894e+01
1.055247773074684119e+03 1.049519155611400691e+02 3.592486338360372145e+01 1.846305025582425117e+02 2.962974863224506805e+01
1.055663721656675534e+03 1.059795603415758194e+02 3.591988775090170094e+01 1.847042908718853198e+02 3.062702062443025497e+01
1.056067615647527873e+03 1.069750063087729330e+02 3.597070861802226460e+01 1.847568277584477698e+02 3.162530802974596256e+01
1.056467402716738889e+03 1.079555254689136348e+02 3.608061443329797413e+01 1.847721172537117695e+02 3.262518875680277830e+01
1.056873387074346965e+03 1.089639369819453947e+02 3.621760051257209767e+01 1.847657888451266501e+02 3.362483737762764946e+01
1.057276149930823976e+03 1.099596235148206915e+02 3.634421738008101244e+01 1.847385764166754427e+02 3.462425841877664112e+01
1.057654936592792183e+03 1.108613134171556709e+02 3.646630622880475414e+01 1.847552958439356416e+02 3.562388483607349343e+01
1.058023009576719460e+03 1.117332757891002331e+02 3.658129448765920699e+01 1.847790329765889510e+02 3.662310876385770086e+01
1.058384902573258387e+03 1.126251216533517692e+02 3.667803341930058281e+01 1.847530941799843731e+02 3.762273387119486046e+01
1.058736759326376387e+03 1.135239396545714072e+02 3.677170952242143898e+01 1.847176020707481428e+02 3.862209784948342417e+01
1.059081453423140374e+03 1.144321327142269382e+02 3.688917896192768353e+01 1.846807734634003566e+02 3.962138429896511838e+01
1.059435099957335979e+03 1.153702864524636738e+02 3.706280893843953805e+01 1.846495470836272261e+02 4.062061972572153934e+01
1.059788845344071660e+03 1.163177784101955439e+02 3.723492127554143138e+01 1.846522247172143807e+02 4.162061376379279665e+01
1.060127393141801122e+03 1.172220881322395911e+02 3.734830478184302649e+01 1.846491331155415310e+02 4.262053671292594004e+01
1.060477435258776040e+03 1.181239460714198088e+02 3.742355284037670771e+01 1.846420394082584835e+02 4.362036486686941572e+01
1.060837573274339775e+03 1.190336407593278949e+02 3.744292975496335885e+01 1.846517382958359974e+02 4.462027572666087138e+01
1.061196998048355681e+03 1.199389286689430776e+02 3.741359834850598531e+01 1.846361332245479616e+02 4.562000248478066311e+01
1.061565880027442972e+03 1.208609023457772764e+02 3.741938005126148425e+01 1.846215293414859104e+02 4.661932210907006890e+01
1.061933904310955540e+03 1.217636387023239877e+02 3.747202154315969835e+01 1.846596193161564088e+02 4.761855781232713269e+01
1.062296223136613435e+03 1.226518498025917410e+02 3.750461272733657125e+01 1.847037450125183113e+02 4.861755105763079143e+01
1.062676618699124447e+03 1.236083930574189651e+02 3.753561339733808921e+01 1.847594629553623804e+02 4.961552298565352714e+01
1.063065759988433683e+03 1.246088827340446699e+02 3.758404062470599172e+01 1.848600550471046517e+02 5.061044160715220386e+01
1.063438675568236704e+03 1.255857138518569656e+02 3.768145810928351835e+01 1.849680413999253403e+02 5.160459148104556704e+01
1.063812799981542184e+03 1.265695902722894601e+02 3.783144211460522399e+01 1.850885275157793899e+02 5.259722169741187514e+01
1.064216902590234668e+03 1.275913307470609794e+02 3.787523851868979818e+01 1.852150683512141995e+02 5.358906041398110176e+01
1.064657072521458758e+03 1.286326637626063132e+02 3.781489528630857677e+01 1.853192308101174888e+02 5.458361894605099707e+01
1.065119650803467948e+03 1.296514943175099859e+02 3.783185152107424898e+01 1.853973209769062862e+02 5.558005153656782227e+01
1.065601972090041727e+03 1.306686276787094698e+02 3.793290564634042994e+01 1.853958654064506106e+02 5.657887156171688048e+01
1.066085685501787339e+03 1.317015292547526428e+02 3.805678388567360315e+01 1.853333798415654314e+02 5.757690345720246228e+01
1.066566026702981617e+03 1.327786002393945353e+02 3.820613319224957394e+01 1.852677536762005559e+02 5.857465511013182180e+01
1.067048347655579846e+03 1.338865360583885717e+02 3.840397772777359364e+01 1.851906860678156477e+02 5.957164192164375294e+01
1.067517097169150929e+03 1.349815152601825616e+02 3.863222607952063470e+01 1.850968440569649260e+02 6.056650594845248037e+01
1.067972767109434699e+03 1.360646248744824049e+02 3.886224201637617170e+01 1.849567320979084002e+02 6.155662903113390172e+01
1.068429328374041688e+03 1.371268013177463843e+02 3.905622834931186560e+01 1.848464893653355432e+02 6.255005080625831937e+01
1.068896222774125590e+03 1.381686900071743764e+02 3.918656239761444482e+01 1.847996456871801456e+02 6.354850305964046697e+01
1.069374730038446387e+03 1.391923048933734322e+02 3.934621633927125828e+01 1.847913079841100057e+02 6.454846729116854931e+01
1.069868679339044775e+03 1.401629303738757528e+02 3.965506763801394641e+01 1.847191945581797370e+02 6.554256390238573715e+01
1.070384942800296812e+03 1.409917490708120056e+02 4.026109570326975273e+01 1.844491835079071791e+02 6.649710788614243029e+01
1.070899597639448984e+03 1.415191979496259478e+02 4.122652082322500178e+01 1.838777903178338136e+02 6.728486086536626942e+01
1.071357506944916167e+03 1.417283374383843011e+02 4.230553651089550016e+01 1.830281785855170256e+02 6.779473862123208505e+01
1.071754293375870247e+03 1.417775346821748599e+02 4.331765869209345965e+01 1.820807367217956880e+02 6.810555646815178932e+01
1.072130598669172059e+03 1.417108784595398276e+02 4.430809122033547709e+01 1.810984228772040296e+02 6.828435343493799792e+01
1.072495728619985357e+03 1.415478154555978563e+02 4.528350980123921943e+01 1.801049824552271161e+02 6.839869639658988376e+01
1.072854132464699205e+03 1.414084114053892449e+02 4.624387811332306342e+01 1.791094034683247287e+02 6.848889291884373165e+01
1.073209993573305610e+03 1.413354798752872910e+02 4.720960369637643339e+01 1.781105607963612840e+02 6.853365215356190276e+01
1.073565303317932830e+03 1.412858225718801748e+02 4.820302269340974988e+01 1.771111701555277591e+02 6.856702195450554882e+01
1.073917762503914446e+03 1.412579910647854433e+02 4.919593877301457496e+01 1.761120266453098111e+02 6.860813800936894324e+01
1.074258766995743827e+03 1.412568764391570255e+02 5.014344689002611943e+01 1.751128684383863003e+02 6.864877281036794443e+01
1.074596007385655639e+03 1.412525032292549270e+02 5.105608111791082848e+01 1.741145102849205841e+02 6.870506634974024962e+01
1.074942886021648746e+03 1.412295187226809219e+02 5.196785207684144581e+01 1.731162077409437074e+02 6.876168653673092024e+01
1.075290754946199741e+03 1.411882234918718666e+02 5.289080812023222933e+01 1.721172929066663926e+02 6.880786757328594661e+01
1.075636099941229759e+03 1.411288347184442387e+02 5.383039979418622067e+01 1.711193471907856463e+02 6.887090649953823629e+01
1.075994183004781235e+03 1.410743907314150931e+02 5.479670601097156890e+01 1.701215872402847253e+02 6.893674338291674530e+01
1.076356516890483135e+03 1.410454286785673901e+02 5.575494874092495934e+01 1.691241298722586635e+02 6.900544251335868751e+01
1.076712744420651234e+03 1.410023166104936934e+02 5.668831289271582108e+01 1.681288852518430019e+02 6.910254491220068473e+01
1.077092331277262701e+03 1.409217885054227111e+02 5.767340372841913876e+01 1.671326605325455432e+02 6.918513416090577550e+01
1.077489062573910815e+03 1.408622959198780791e+02 5.871016159266320500e+01 1.661338538742972730e+02 6.923381920109156340e+01
1.077867366744758101e+03 1.408529361931964843e+02 5.972942898253623412e+01 1.651345655225748885e+02 6.927054006027941568e+01
1.078228551892538235e+03 1.408724079144201653e+02 6.071858467009298721e+01 1.641374595887128862e+02 6.933397671974815069e+01
1.078578929022684179e+03 1.408921057799018683e+02 6.169345516824712661e+01 1.631465570957008708e+02 6.946637125950179836e+01
1.078919496732643211e+03 1.408656957864020853e+02 6.266675194601921817e+01 1.621561317505184263e+02 6.960165531715928466e+01
1.079247388474871286e+03 1.407775497783256924e+02 6.361693425646930677e+01 1.611624022739209749e+02 6.971318575437037168e+01
1.079559213156647274e+03 1.406669979416984120e+02 6.453349767804648707e+01 1.601701904405588266e+02 6.983766168756866932e+01
1.079858664752080131e+03 1.405697069989924159e+02 6.542110724719725567e+01 1.591757876649971308e+02 6.993795652695443721e+01
1.080161715291983455e+03 1.404829642406666323e+02 6.632831073798119803e+01 1.581768997257228477e+02 6.997455171759045811e+01
1.080472785603674993e+03 1.404180134375499449e+02 6.727499130081436363e+01 1.571769454821180716e+02 6.998249886004593634e+01
1.080786356942048315e+03 1.403941729431795693e+02 6.820842395903109434e+01 1.561771933816885394e+02 7.000335864312928891e+01
1.081109947394844312e+03 1.404218873933737370e+02 6.910348861105825335e+01 1.551777614994246051e+02 7.003678647667645407e+01
1.081452751387277885e+03 1.405126605968503100e+02 6.998601198639879328e+01 1.541807810500616540e+02 7.010611144927069915e+01
1.081824059890193212e+03 1.406902990914086047e+02 7.089104778211418534e+01 1.531904206886821100e+02 7.024130194848019926e+01
1.082237156496969192e+03 1.409438711076447532e+02 7.184005979932216235e+01 1.522293879160243932e+02 7.049805833002044153e+01
1.082683691725011386e+03 1.413059933351344455e+02 7.278359774017337713e+01 1.513259744621010441e+02 7.092145853646597686e+01
1.083133233398543780e+03 1.418789574326129070e+02 7.364368130021745174e+01 1.504779309815201600e+02 7.144914954825428310e+01
1.083570784856033697e+03 1.426372305693405735e+02 7.439731740314334729e+01 1.497296959763480402e+02 7.210229913690514536e+01
1.083995679545425446e+03 1.435201674536638166e+02 7.496776450579395146e+01 1.491133880534263483e+02 7.288708809857111248e+01
1.084421383083041064e+03 1.445085879936789013e+02 7.531908015005855361e+01 1.486393366505890299e+02 7.376127209978936605e+01
1.084847105804303965e+03 1.455032815358626976e+02 7.556705712735302427e+01 1.483540210544219349e+02 7.471473962522159695e+01
1.085278561589650735e+03 1.463889852822417481e+02 7.575848434423961919e+01 1.481860588941611354e+02 7.570029441665465697e+01
1.085767521929839631e+03 1.471063326671878997e+02 7.586921783028175525e+01 1.480906109834415076e+02 7.669435629327712434e+01
1.088194104625323007e+03 1.475429087765072325e+02 7.594980528002201936e+01 1.480592115257871058e+02 7.769380620517492275e+01
1.093513342186952059e+03 1.477180839805952246e+02 7.593465342746021918e+01 1.484168525634149773e+02 7.852660356803012576e+01
