# ts_seconds,x,y,gt_x,gt_y
3.543331733381513459e+03 1.297339212321421655e+02 7.492287110558838492e+01 1.297339212321421655e+02 7.492287110558838492e+01
3.554722324793259304e+03 1.297033812826198300e+02 7.577645477171242305e+01 1.288823098540050580e+02 7.440840238770394421e+01
3.555795862387504258e+03 1.293741909294404877e+02 7.666292344138356896e+01 1.279070700132603093e+02 7.420139957564452970e+01
3.556620583299501050e+03 1.288690179611976703e+02 7.743142985038718962e+01 1.270177856218976586e+02 7.374423658647452839e+01
3.557645680114945208e+03 1.281631216441694505e+02 7.825941072310502022e+01 1.261347417373359434e+02 7.329606121412265907e+01
3.558684068157293950e+03 1.276626727031151347e+02 7.897575588337706165e+01 1.255195031965762666e+02 7.252180840767523762e+01
3.560014661584089026e+03 1.271321837987513277e+02 7.987317946074333008e+01 1.246184956672636019e+02 7.209770694321268536e+01
3.561536864707764835e+03 1.267537548856051615e+02 8.026819173401248975e+01 1.238607297185042171e+02 7.144976643239296266e+01
3.563425811768156564e+03 1.262567351323712757e+02 8.063023382253166460e+01 1.229590809696812386e+02 7.102223140805372736e+01
3.565206149398141861e+03 1.262327833921539479e+02 8.137966516507930237e+01 1.219894388884121383e+02 7.077771519315965065e+01
3.565848601987845086e+03 1.260494869109177216e+02 8.237902639306531682e+01 1.210201771731746305e+02 7.053247687049393733e+01
3.566376187343357742e+03 1.257927156440128869e+02 8.324902114776469375e+01 1.200383720390925646e+02 7.034269811413652462e+01
3.566841881205609752e+03 1.255566507128805966e+02 8.407042647019555659e+01 1.190611192374162641e+02 7.013081257868027762e+01
3.567308851428606886e+03 1.251968224819252384e+02 8.482390022102374871e+01 1.180887429675398579e+02 6.989792689896937361e+01
3.567800416202832821e+03 1.249127123400127743e+02 8.564220993573574958e+01 1.171070456094115713e+02 6.970769613769373052e+01
3.568279783508189212e+03 1.247207590221318583e+02 8.649833816687102228e+01 1.161298617750256170e+02 6.949576570804295272e+01
3.568744577306474639e+03 1.245072584434491745e+02 8.730954788890103657e+01 1.151431885873302150e+02 6.933730013807625880e+01
3.569243121793022055e+03 1.244132586730394507e+02 8.820292136668950889e+01 1.141446438774110845e+02 6.928356987773319986e+01
3.569752235732591089e+03 1.244654319950113575e+02 8.916717041253963316e+01 1.131467246908308368e+02 6.922739374073968577e+01
3.570230958970485062e+03 1.244974618561804363e+02 9.010721341408675755e+01 1.121482266519914361e+02 6.927324425593947410e+01
3.570685302452536234e+03 1.246176650513326791e+02 9.099269966783315056e+01 1.111558060314144569e+02 6.939202345831239427e+01
3.571158263444215208e+03 1.248215981529324949e+02 9.184847155457572399e+01 1.101564279520472667e+02 6.942633132002374907e+01
3.571624111544180323e+03 1.248738435381170859e+02 9.260205060039166369e+01 1.091579904766770568e+02 6.948211494598552918e+01
3.572046408657286975e+03 1.248381580738729895e+02 9.331009291424489049e+01 1.081589544955146067e+02 6.952265045426473478e+01
3.572496876453307777e+03 1.247563556739948325e+02 9.416158136884240548e+01 1.071595287324208527e+02 6.952911158902500688e+01
3.572978229447248850e+03 1.246539343533401336e+02 9.505376235824299158e+01 1.061639119871227308e+02 6.962200759468126421e+01
3.573442178540645727e+03 1.244916985518881489e+02 9.583172964971384999e+01 1.051656975640359661e+02 6.967582269032652675e+01
3.573926691819491680e+03 1.241515051624184167e+02 9.658587672984349126e+01 1.041663035659570369e+02 6.967338436562994275e+01
3.574419658252664249e+03 1.238280632274824598e+02 9.733173666212579178e+01 1.031706486960865732e+02 6.976615069102705036e+01
3.574870256106391480e+03 1.236387664415277499e+02 9.811464972329855527e+01 1.021765885580113036e+02 6.987348583295114679e+01
3.575304099188747387e+03 1.235293536550187810e+02 9.887100889102671886e+01 1.011783084270025341e+02 6.993196023237837267e+01
3.575747778315339929e+03 1.233771920182051645e+02 9.962784508265282568e+01 1.001792987771280536e+02 6.997221902051899178e+01
3.576173139561439712e+03 1.232463408953527022e+02 1.003728517288754034e+02 9.917936702727905640e+01 6.996114338037793345e+01
3.576576315735872868e+03 1.231473877018025576e+02 1.010676622512425951e+02 9.817969427591255283e+01 6.994892034961846150e+01
3.576979253554027309e+03 1.229794889140003704e+02 1.017316064008678893e+02 9.718063260507531709e+01 6.998876371877257441e+01
3.577358889855984671e+03 1.227699866179819850e+02 1.023633828623192130e+02 9.618074161156241075e+01 6.997985396077446296e+01
3.577760026023538103e+03 1.225465263398412219e+02 1.030984547344071558e+02 9.518142097192608730e+01 6.994536427898272279e+01
3.578189562429477519e+03 1.223228820197419680e+02 1.038507163361095138e+02 9.418142207356611095e+01 6.994515760699967188e+01
3.578606982519192570e+03 1.221565953264333331e+02 1.044853433160890859e+02 9.318143661780047182e+01 6.994981473017627138e+01
3.579059376943247116e+03 1.220974773368130997e+02 1.052080327655274345e+02 9.218240621405597324e+01 6.997545168968341045e+01
3.579525335790296594e+03 1.220952854260795846e+02 1.060312251497181393e+02 9.118887184697516091e+01 7.008848354357841970e+01
3.579960197000879816e+03 1.220419408135439738e+02 1.067805860059873453e+02 9.019207112950439864e+01 7.016241946480333525e+01
3.580422566084597293e+03 1.219747511296972675e+02 1.075132966099991876e+02 8.919209341457127493e+01 7.016217019854049397e+01
3.580913569264833768e+03 1.218391724589096441e+02 1.082763510336187807e+02 8.819222877212666845e+01 7.017450843110042058e+01
3.581363176567022492e+03 1.216388067258874628e+02 1.090908691349661410e+02 8.719258270720378334e+01 7.015305721363958469e+01
3.581807351619991096e+03 1.214724153724464060e+02 1.099477757389749257e+02 8.619420364720733119e+01 7.009883139336956503e+01
3.582261253379762820e+03 1.213019823188963215e+02 1.107884530020991605e+02 8.519425322881072304e+01 7.008958315630191294e+01
3.582677853729513572e+03 1.211499087892832733e+02 1.115045936994885665e+02 8.419427132288386417e+01 7.008737739505356501e+01
3.583096758630262229e+03 1.209789926015637889e+02 1.122619912821050434e+02 8.319458105876175580e+01 7.008081829693830400e+01
3.583550812393978504e+03 1.208116035775895085e+02 1.130221808165146911e+02 8.219579775719843440e+01 7.012722376509128708e+01
3.584002830617551808e+03 1.205840194224088151e+02 1.136336818253435865e+02 8.119580852111512570e+01 7.013174118648781530e+01
3.584457347361366828e+03 1.203538745497119606e+02 1.142886301651822549e+02 8.019681983380348811e+01 7.015037113602572560e+01
3.584950682001476707e+03 1.201239809830129701e+02 1.150777742227619456e+02 7.920372003771240088e+01 7.026761181770638132e+01
3.585440665755752434e+03 1.199374187309956312e+02 1.159086361562254126e+02 7.820956560062649032e+01 7.037534484638162269e+01
3.585921113249592054e+03 1.198369888745950931e+02 1.167518860541722887e+02 7.721327305034704125e+01 7.046030758766961810e+01
3.586432479376267111e+03 1.196291326822226750e+02 1.175790581563695554e+02 7.621526684923857431e+01 7.048888780421451372e+01
3.586959896273703180e+03 1.194405925500887378e+02 1.184577700924704828e+02 7.522090504945046519e+01 7.038285863868411241e+01
3.587466010736221051e+03 1.194790242211743987e+02 1.192955424227380803e+02 7.422605291125867666e+01 7.028698973139732686e+01
3.587973280516924206e+03 1.195110060594491728e+02 1.200736627988835608e+02 7.322647121633072231e+01 7.028066453285616433e+01
3.588500789477961916e+03 1.194274153515406596e+02 1.209478593932684447e+02 7.222840680130472890e+01 7.034270817213217697e+01
3.589019769981189256e+03 1.191754502805953280e+02 1.218705230324569442e+02 7.123061717192140918e+01 7.040172875020823540e+01
3.589500252828020166e+03 1.188374024460556768e+02 1.227056925349383363e+02 7.023077355978844594e+01 7.038578852206644854e+01
3.589965859581480345e+03 1.185813164939345086e+02 1.235509246322482113e+02 6.923125733936920767e+01 7.035707510181035218e+01
3.590461721661469710e+03 1.183437927024914700e+02 1.244456408358177129e+02 6.823126968284411475e+01 7.035437739984463690e+01
3.590971546452789880e+03 1.180950235013027338e+02 1.252901743304024222e+02 6.723206156839007974e+01 7.035910551275827629e+01
3.591449229321213352e+03 1.179692906723069683e+02 1.260508355262260523e+02 6.623688998080127988e+01 7.045712402394613605e+01
3.591942200738776592e+03 1.178583437986310685e+02 1.268673772646039168e+02 6.524271366249594450e+01 7.056479488180950455e+01
3.592473463718212315e+03 1.177389043933398085e+02 1.278063317461100468e+02 6.424952418970718782e+01 7.067659261352355315e+01
3.592987211758567355e+03 1.176953366564619330e+02 1.287734699757135672e+02 6.326539143432730583e+01 7.085287920666293360e+01
3.593465236999408262e+03 1.175847818163864673e+02 1.296942332103232900e+02 6.227338428124318170e+01 7.097834967456790878e+01
3.593922446810795464e+03 1.174537445374203202e+02 1.305859176345242929e+02 6.127801132859922717e+01 7.107443140341371191e+01
3.594384516591437659e+03 1.173532295128350285e+02 1.314771377853480772e+02 6.028211113893462425e+01 7.116106175991217242e+01
3.594851820542293808e+03 1.172329324630108118e+02 1.323662960561680393e+02 5.928264907370051873e+01 7.119304880954337023e+01
3.595281518491176485e+03 1.171428558444452364e+02 1.331983364197857895e+02 5.828427814416968999e+01 7.124801690496776985e+01
3.595713336290170446e+03 1.171015086487643373e+02 1.339572059525466159e+02 5.729027752704759990e+01 7.135200979203182214e+01
3.596167509977862665e+03 1.171764453189165209e+02 1.346978415796467630e+02 5.631535568699566596e+01 7.156255378841778736e+01
3.596593508572581413e+03 1.174036723454505307e+02 1.353609185030198603e+02 5.539066007457225993e+01 7.194109229367522573e+01
3.596997144653652413e+03 1.176938517593441702e+02 1.359422186556589054e+02 5.451120558388047499e+01 7.241541133510096984e+01
3.597436841692245707e+03 1.181220347324321835e+02 1.365320637045011551e+02 5.369283733939049341e+01 7.298672035731210883e+01
3.597872339315807494e+03 1.186930092718083785e+02 1.370071431421301611e+02 5.296766091989576353e+01 7.367441861820563531e+01
3.598290358271721288e+03 1.192950562451857053e+02 1.374118300999301425e+02 5.229922380878642230e+01 7.441804065872001672e+01
3.598768584588944123e+03 1.199741979623037338e+02 1.378744174747378111e+02 5.169146423579991989e+01 7.520664588578968335e+01
3.599280187194313385e+03 1.207167619479018441e+02 1.383289253719838996e+02 5.128289282086316092e+01 7.611624971296713227e+01
3.599773676774294472e+03 1.215017579942274892e+02 1.387834221913714146e+02 5.102719201638659285e+01 7.708261844782181527e+01
3.600271765799620425e+03 1.223953353517052989e+02 1.391977250123441934e+02 5.084863322622809534e+01 7.806535364835720259e+01
3.600786506506693968e+03 1.233488151052474961e+02 1.395094089210124366e+02 5.077436600773969388e+01 7.906237930894162957e+01
3.601323304030048803e+03 1.243266826820992463e+02 1.396873402907997104e+02 5.077032655269934480e+01 8.006064544905594005e+01
3.601830631881767658e+03 1.252399206122899642e+02 1.396787347688134844e+02 5.090132505318400291e+01 8.105123576535031305e+01
3.602317809871492955e+03 1.260851587454732936e+02 1.394976023032817238e+02 5.111612824202205729e+01 8.202772780407084952e+01
3.602847497122889308e+03 1.269521458847199966e+02 1.390762659316564793e+02 5.140857422858424997e+01 8.297983995814421121e+01
3.603346102447420890e+03 1.277364363988855303e+02 1.385364953298754642e+02 5.189179849447410930e+01 8.385235263255644611e+01
3.603806934755510611e+03 1.284240689768004131e+02 1.379982639765415229e+02 5.252039879203960027e+01 8.462599217138365759e+01
3.604299636009621281e+03 1.290309272918980241e+02 1.372934437413839532e+02 5.328685936039766347e+01 8.526225998903510117e+01
3.604803952513662352e+03 1.295490364978398645e+02 1.364523452310147036e+02 5.415640212284233712e+01 8.575478549004806439e+01
3.605281907058305933e+03 1.299903029899587352e+02 1.355674290374236932e+02 5.506354558176842318e+01 8.617443102863458648e+01
3.605716161581495726e+03 1.303732583247781349e+02 1.347221974392354014e+02 5.599670130914821442e+01 8.653344830976200797e+01
3.606139258182411595e+03 1.307473873314917228e+02 1.339068827295276662e+02 5.694348596412836372e+01 8.685501273491962593e+01
3.606576834620967020e+03 1.310570887789826031e+02 1.330056490697671734e+02 5.790653195351314508e+01 8.711569401024866011e+01
3.606991107696688687e+03 1.312396246305460750e+02 1.321310419229219519e+02 5.889850652228838612e+01 8.723348543047748649e+01
3.607413385093907436e+03 1.313805722652230941e+02 1.313007045636079226e+02 5.989791102715231119e+01 8.725788303143514213e+01
3.607869598737122033e+03 1.315565609753572573e+02 1.304712091011712403e+02 6.089625598323183198e+01 8.721676055568737240e+01
3.608308566631035774e+03 1.317468675331741110e+02 1.297048693877774213e+02 6.189157200356631705e+01 8.712673208340841313e+01
3.608733723699650000e+03 1.319374255168060586e+02 1.289095712035970109e+02 6.289060208573013711e+01 8.712311836964708789e+01
3.609155984863580670e+03 1.321500395643557795e+02 1.280289837091777372e+02 6.388828408745106913e+01 8.719097949999716946e+01
3.609549069371325459e+03 1.324084956462428124e+02 1.272057343868259807e+02 6.488584003867009642e+01 8.725919142669903295e+01
3.609936034052981995e+03 1.326494045371059087e+02 1.264155964418459348e+02 6.588161081906709171e+01 8.735100011727053015e+01
3.610341857314107074e+03 1.327824667850987908e+02 1.255800223110895075e+02 6.687884481058850383e+01 8.741146630222151259e+01
3.610735581886827731e+03 1.329063478104458511e+02 1.248261047523126734e+02 6.787877741452646774e+01 8.740448963475554933e+01
3.611125545837264326e+03 1.331041221132709609e+02 1.241548359471014464e+02 6.887825640467563915e+01 8.742696075319450699e+01
3.611519928501197228e+03 1.332654943027534671e+02 1.234649625157026236e+02 6.987687388549574052e+01 8.747166919018994236e+01
3.611914813865938868e+03 1.334086190017661977e+02 1.226644501506544316e+02 7.087687049216427226e+01 8.747169602931067800e+01
3.612326730701481210e+03 1.336866795147039113e+02 1.217543336494071866e+02 7.187675801721107405e+01 8.748238997407496242e+01
3.612738507425483476e+03 1.340493188746086730e+02 1.208571957721714085e+02 7.287641478367639536e+01 8.749783683512842458e+01
3.613131045060002634e+03 1.343641109348030795e+02 1.200232690147721684e+02 7.387606436777957697e+01 8.749387378260912840e+01
3.613536183959584832e+03 1.345782941271231152e+02 1.191916040312252960e+02 7.487369833717677636e+01 8.755377228559093794e+01
3.613947625564812370e+03 1.346779162912471008e+02 1.183613697641286109e+02 7.586828054784153608e+01 8.765509784650816982e+01
3.614348923103143989e+03 1.347657324931672633e+02 1.175671095209671506e+02 7.686595281867083429e+01 8.772287123625007155e+01
3.614768881876780142e+03 1.348830542308425890e+02 1.167291090633101334e+02 7.786291205891093625e+01 8.780070541687670982e+01
3.615190031151180392e+03 1.350158653192160330e+02 1.158340626115912784e+02 7.886088800215289041e+01 8.784371610101086958e+01
3.615584522352578460e+03 1.350739244347191459e+02 1.149438059071824085e+02 7.986045668921126151e+01 8.781570246456270468e+01
3.615977044536779431e+03 1.350365535631966054e+02 1.141444581685703241e+02 8.086028242686371925e+01 8.781345488964178969e+01
3.616362413318427116e+03 1.350416975524489374e+02 1.134712753891648447e+02 8.185909590686338788e+01 8.781122059999670171e+01
3.616741752999092114e+03 1.351830932214460574e+02 1.127967992935471386e+02 8.285557767977743993e+01 8.772752123203352426e+01
3.617147155988399845e+03 1.354435599935783330e+02 1.120177821941315841e+02 8.385244848485172042e+01 8.765252073977728742e+01
3.617552387773103874e+03 1.356880192222870107e+02 1.112047379956588742e+02 8.485130760162822128e+01 8.760748320443779846e+01
3.617946082420761741e+03 1.358506236180813289e+02 1.104103494632141320e+02 8.584892243699070491e+01 8.753849385844848996e+01
3.618358049274883797e+03 1.359962972149232030e+02 1.095840287590001481e+02 8.684738593714946830e+01 8.749151809499372234e+01
3.618777174086290870e+03 1.361075804397891602e+02 1.087259337679956985e+02 8.784738580445043965e+01 8.749171386304861642e+01
3.619199498357526409e+03 1.361046771714746910e+02 1.078641989101015497e+02 8.884738375474925931e+01 8.749338590229724844e+01
3.619622657396009799e+03 1.359970640425252384e+02 1.070015371161132265e+02 8.984719119770699081e+01 8.748556984856674035e+01
3.620025619507995088e+03 1.358074127825418032e+02 1.061436083788529601e+02 9.084547067244190544e+01 8.743290700119894154e+01
3.620424773109914440e+03 1.355621222267855899e+02 1.052946943403519384e+02 9.184126255265982763e+01 8.734131527687557650e+01
3.620838925590229792e+03 1.353441864578612126e+02 1.044151211583430268e+02 9.283791379984003811e+01 8.725999957697902687e+01
3.621239588560186803e+03 1.352455736724821520e+02 1.034996932964671572e+02 9.383505809557138377e+01 8.718530529218779179e+01
3.621645550420199925e+03 1.352884302158967387e+02 1.025584048079783912e+02 9.483124496853979224e+01 8.709850157054275144e+01
3.622064701180849625e+03 1.353793970040844385e+02 1.016494159733438494e+02 9.582926992113233666e+01 8.704003480671326543e+01
3.622474617008370842e+03 1.354316474231484904e+02 1.008033528000561603e+02 9.682908446718977302e+01 8.702175075606781718e+01
3.622894764378478158e+03 1.355389233517868206e+02 9.998315329549366481e+01 9.782869682083193652e+01 8.702985744491839171e+01
3.623345937779445194e+03 1.357850743728174905e+02 9.915432594839849401e+01 9.882576412023685464e+01 8.709977105918646600e+01
3.623792182243595562e+03 1.359918571194755259e+02 9.829382228219985507e+01 9.981974297655463602e+01 8.720803687001915705e+01
3.624228074097175977e+03 1.361390789707161559e+02 9.744214508733413993e+01 1.008160916614670128e+02 8.729324222529766075e+01
3.624682330433268362e+03 1.363214152123830161e+02 9.658946280705826837e+01 1.018111801097060578e+02 8.739191918962885097e+01
3.625114418768610449e+03 1.364408608970117598e+02 9.575456148575506177e+01 1.028067175981338153e+02 8.747701229103932974e+01
3.625525294157866938e+03 1.365337396302191735e+02 9.497850227895820296e+01 1.038064289584026909e+02 8.750069050054538877e+01
3.625961296733465133e+03 1.366693867347110256e+02 9.412563658971451730e+01 1.048055706670154308e+02 8.753967972538588072e+01
3.626391410949228884e+03 1.367751779113628174e+02 9.319308318920799650e+01 1.058042530775418300e+02 8.758454602636098230e+01
3.626805784735043744e+03 1.368416270192332433e+02 9.233679704623840223e+01 1.068042306566221384e+02 8.759116992115801281e+01
3.627249638001847416e+03 1.368970666247467705e+02 9.148768490550432375e+01 1.078042060096859700e+02 8.759774595692591959e+01
3.627698801334690415e+03 1.369152603082862072e+02 9.064691938225398360e+01 1.088035276460394698e+02 8.757983578569526628e+01
3.628124034721471617e+03 1.369620334949418350e+02 8.987449487356416000e+01 1.098017316316871330e+02 8.754144338241128764e+01
3.628550452036610295e+03 1.371220127097583656e+02 8.906257266622296243e+01 1.108013028408210232e+02 8.755947697886614378e+01
3.628984831928722087e+03 1.372709286351920355e+02 8.814421799866137519e+01 1.118003608266909907e+02 8.752488165419801192e+01
3.629395222261517119e+03 1.373111315402824744e+02 8.725841628949372364e+01 1.127984040146802585e+02 8.746974845478473526e+01
3.629820543362576245e+03 1.372641491257463144e+02 8.635385934204202840e+01 1.137979296215080609e+02 8.744635543818452561e+01
3.630257605153959958e+03 1.371062809252820216e+02 8.544831412147601668e+01 1.147936253974673519e+02 8.736427156338814370e+01
3.630683664118295837e+03 1.368985472822053566e+02 8.461857973189829352e+01 1.157841075240082915e+02 8.722752015062179964e+01
3.631120687303154682e+03 1.366866544615366479e+02 8.379058420615508851e+01 1.167750345179243112e+02 8.709601771174077101e+01
3.631566861024091850e+03 1.364948614236730293e+02 8.290267573244454979e+01 1.177513429805835017e+02 8.688694788343651965e+01
3.632005138052175880e+03 1.362452982397811354e+02 8.206635000654456746e+01 1.187049336695183968e+02 8.658625550262519255e+01
3.632458553431906694e+03 1.359160053156937806e+02 8.128257701181557593e+01 1.196418526550256161e+02 8.623887915089721901e+01
3.632929340706952189e+03 1.355289241694549105e+02 8.048963797961877731e+01 1.205454499250292173e+02 8.581247536485966521e+01
3.633376510674502697e+03 1.351957311367951604e+02 7.977250977538703580e+01 1.214279453195873373e+02 8.534255825133064377e+01
3.633815450352305106e+03 1.348483279404333928e+02 7.907915031145068951e+01 1.223233569683232815e+02 8.489732263129825185e+01
3.634278957824728877e+03 1.344074206002475762e+02 7.832011152014136712e+01 1.232146965888553467e+02 8.444408359303798761e+01
3.634748870936840831e+03 1.340344396277736223e+02 7.755012244324223047e+01 1.241080346048057947e+02 8.399559743518119603e+01
3.635219518430684730e+03 1.337173096594417245e+02 7.678365543816069305e+01 1.250135693523501459e+02 8.357188319111457986e+01
3.635688562217278104e+03 1.333531385406713810e+02 7.599754804855044199e+01 1.258987585815218040e+02 8.310708591263124845e+01
3.636148123283926452e+03 1.329819413798674361e+02 7.521443825557552998e+01 1.267778222451720325e+02 8.263104083358545893e+01
3.636608318469302958e+03 1.325340087412466517e+02 7.443507293576953998e+01 1.276734588355625277e+02 8.218626147825936812e+01
3.637085556014440499e+03 1.319440883112414724e+02 7.361025531094821872e+01 1.285685973624165115e+02 8.174049039215778123e+01
3.637587796098393483e+03 1.314473828678903544e+02 7.279071028716566616e+01 1.294671887969842601e+02 8.130171452050355185e+01
3.638069797949472559e+03 1.311060687167742742e+02 7.197141552598807834e+01 1.303566490166342078e+02 8.084604141938653754e+01
3.638523005336991446e+03 1.308248217560584408e+02 7.117427958998433724e+01 1.312236178880060891e+02 8.034770445049552734e+01
3.638998215044821791e+03 1.304782650487767341e+02 7.049280477167901893e+01 1.320957770358150469e+02 7.985850356365901348e+01
3.639490717525706259e+03 1.300739941048105379e+02 7.004580560013782531e+01 1.329338424763093656e+02 7.932149597463804014e+01
3.639984150452467475e+03 1.295385479020735318e+02 6.990174546733638294e+01 1.336664570189253709e+02 7.864276490213330817e+01
3.640610260239487161e+03 1.287507672753270072e+02 6.991882719655653489e+01 1.342440376481799831e+02 7.784587294734225793e+01
3.642026204111058632e+03 1.277675844135116847e+02 7.057366125282896974e+01 1.347086963515521063e+02 7.697593141152198370e+01
3.645656798317649191e+03 1.268837003813569879e+02 7.151453145750113549e+01 1.354408941552746626e+02 7.631023425846768760e+01
3.659131958690747979e+03 1.267723220893046090e+02 7.169323713691626665e+01 1.363433563482465729e+02 7.591610330141348584e+01
3.710294609837170356e+03 1.266494023168504270e+02 7.162386092992214515e+01 1.362276866538234401e+02 7.586671250372542374e+01
3.744081337103759324e+03 1.265584912740163190e+02 7.156333477179853730e+01 1.354341495174064676e+02 7.633211032851322386e+01
3.745958726184974694e+03 1.268516272695683682e+02 7.187292207096942320e+01 1.351090658046186945e+02 7.724483341537892045e+01
3.746692668791757569e+03 1.272067717757258123e+02 7.200773934781919650e+01 1.354487020529401775e+02 7.811164240640891876e+01
3.747322119988577469e+03 1.275978405629414283e+02 7.176764111201914886e+01 1.362171960845238914e+02 7.872885168600227246e+01
3.747893595728136916e+03 1.279977911210023365e+02 7.108080363149902325e+01 1.371665597523292206e+02 7.896861793870766633e+01
3.748425182203128315e+03 1.280728265871689757e+02 7.040672089505893894e+01 1.381543684893250372e+02 7.912248405630698755e+01
3.748905422433639160e+03 1.278146219370864571e+02 6.969587275903998602e+01 1.391353765820762192e+02 7.931580624776016464e+01
3.749335546610253914e+03 1.276894180044838834e+02 6.883042112809314972e+01 1.401156090234997293e+02 7.951362720656254623e+01
3.749754473197263906e+03 1.277328460673691808e+02 6.797829217088477094e+01 1.410592235658279208e+02 7.983441736440603620e+01
3.750171793786378657e+03 1.280510705778545173e+02 6.716279877111455221e+01 1.419658543624903189e+02 8.025492742648351907e+01
3.750567969701872244e+03 1.285016631241575737e+02 6.640431294313806632e+01 1.428584241762851264e+02 8.070577554271703491e+01
3.750950280758507233e+03 1.288733923436888347e+02 6.565023638874831136e+01 1.437179074966678627e+02 8.121543303864889651e+01
3.751334585401431923e+03 1.291894543376788818e+02 6.492379640863502743e+01 1.445668488631255570e+02 8.174391701239456154e+01
3.751717588594038261e+03 1.294876301072872025e+02 6.426340992384346862e+01 1.454441919806744465e+02 8.222249583494854619e+01
3.752153913714778810e+03 1.298084193366653381e+02 6.352719701694482524e+01 1.463080674694816139e+02 8.272525487510118580e+01
3.752605090544664563e+03 1.301905299415330433e+02 6.277240873629990858e+01 1.471651973141538576e+02 8.324034522734497443e+01
3.753020317037384757e+03 1.306549049651139853e+02 6.210981650553523536e+01 1.480394059429746676e+02 8.372547454536669420e+01
3.753473546707500191e+03 1.312928775665679382e+02 6.138329891105917824e+01 1.488702367203410120e+02 8.427894836097799214e+01
3.753936262409447863e+03 1.319432424350453346e+02 6.061067091834814846e+01 1.496569017505143506e+02 8.489580008489885188e+01
3.754386601501938003e+03 1.326001150210162507e+02 5.994662198353328364e+01 1.504281851435199542e+02 8.553226705405734265e+01
3.754836171755109262e+03 1.333970947358568253e+02 5.944597930710893507e+01 1.510617200234451616e+02 8.629740371175390123e+01
3.755282121708839441e+03 1.342583104047944005e+02 5.904700656533506020e+01 1.515519280039683849e+02 8.716652440735599328e+01
3.755731765667101172e+03 1.351207265548102043e+02 5.877846263550587480e+01 1.519682393013623027e+02 8.807535294840226925e+01
3.756182574321194352e+03 1.360343731925384532e+02 5.863712778600667974e+01 1.522468670593901834e+02 8.903243450796193770e+01
3.756660829471305988e+03 1.370226497621177941e+02 5.848557351075404398e+01 1.524176975205708970e+02 9.001699023719770310e+01
3.757113584443854961e+03 1.379766125150170524e+02 5.836762228028892707e+01 1.525335185767630151e+02 9.101006399782407641e+01
3.757530907637026303e+03 1.388786039206770226e+02 5.826511677755156882e+01 1.525602557198518809e+02 9.200858424976993888e+01
3.757948195484317694e+03 1.397867351992206011e+02 5.815638123466323606e+01 1.526658758241166538e+02 9.300077550057770281e+01
3.758368645521050439e+03 1.406890215860830722e+02 5.818685121932983861e+01 1.527484303153433700e+02 9.399659278113610128e+01
3.758761830549295610e+03 1.415229697212075735e+02 5.835414308342118517e+01 1.526574361196805114e+02 9.498821753980551819e+01
3.759183318607273577e+03 1.424250713790800944e+02 5.852124628243970506e+01 1.524731778347310183e+02 9.597082432452722855e+01
3.759602373003349840e+03 1.433260605530475118e+02 5.861155650166210052e+01 1.522740226555518745e+02 9.695079208255501158e+01
3.760011606741823016e+03 1.441991638340113582e+02 5.859384631651291642e+01 1.520869863013865597e+02 9.793311435617488314e+01
3.760453672480791738e+03 1.451433078325773920e+02 5.850038512593271633e+01 1.520871553094198134e+02 9.892687359183680940e+01
3.760849867666222963e+03 1.460179820585441348e+02 5.845041858832912141e+01 1.521402039382256532e+02 9.992542345209162136e+01
3.761217003436428058e+03 1.468640600333227439e+02 5.839590645597552765e+01 1.521242419386521476e+02 1.009245518555348013e+02
3.761625381423737508e+03 1.477914207389136720e+02 5.825138469044602374e+01 1.521188912077171551e+02 1.019243232644124078e+02
3.761995784077089411e+03 1.486309867033975252e+02 5.813853896823302136e+01 1.521876450563179617e+02 1.029212544026518543e+02
3.762359432782575823e+03 1.494973753017760032e+02 5.807758106987631663e+01 1.522597329338109091e+02 1.039185827338987878e+02
3.762725171480423342e+03 1.503593514851918655e+02 5.800493428716767852e+01 1.523364909729423857e+02 1.049156064681177440e+02
3.763065592808964539e+03 1.511558698369002798e+02 5.793180157842287770e+01 1.524147440664391695e+02 1.059125384602867541e+02
3.763452320559010332e+03 1.520773006166768653e+02 5.789648509210454108e+01 1.524552959997371318e+02 1.069114672303840479e+02
3.763831192661328259e+03 1.529631121243541543e+02 5.789678535700608109e+01 1.524757976466272567e+02 1.079112491825935081e+02
3.764203914297345818e+03 1.538072664515121346e+02 5.794511728008518503e+01 1.524896756482710032e+02 1.089111495996220640e+02
3.764604333136894638e+03 1.547087852380392690e+02 5.804557706934912176e+01 1.524446406274736603e+02 1.099095268040384923e+02
3.764966148753518610e+03 1.555088550061926753e+02 5.811904967891536700e+01 1.522913989787629419e+02 1.108962776800040615e+02
3.765375942619029502e+03 1.563923345020411091e+02 5.811294009364018365e+01 1.522014406431914892e+02 1.118905131507178226e+02
3.765806753858088541e+03 1.573400519220971603e+02 5.807372564521494240e+01 1.521239628242968536e+02 1.128874117303284237e+02
3.766204722818198661e+03 1.582399503542146135e+02 5.801098369982049263e+01 1.520339131335479408e+02 1.138833456879373784e+02
3.766614440085578735e+03 1.591811338967078768e+02 5.795884484312998808e+01 1.520422827417651774e+02 1.148814674576402268e+02
3.767008004905680991e+03 1.600668954340966366e+02 5.798577071887442713e+01 1.520978943517002904e+02 1.158798998575149284e+02
3.767408279392092481e+03 1.609491885039867327e+02 5.805623262453713807e+01 1.520505787443353256e+02 1.168766774997394720e+02
3.767854228379063443e+03 1.619176268557759784e+02 5.806053353531815020e+01 1.519925849431916163e+02 1.178748429538568416e+02
3.768283418577366319e+03 1.628434227358999351e+02 5.796783014054634720e+01 1.519677837024948985e+02 1.188744407279997262e+02
3.768687920699546339e+03 1.637206404191396416e+02 5.780911510872476100e+01 1.519462517852265933e+02 1.198742041644474625e+02
3.769097952368756523e+03 1.646148547891804981e+02 5.761476487498056542e+01 1.519931317512137809e+02 1.208721946399300435e+02
3.769474513244365880e+03 1.654512776630495239e+02 5.746926050844570710e+01 1.521130026171765053e+02 1.218645678481117614e+02
3.769844349059474098e+03 1.662995384136634698e+02 5.740602528196463084e+01 1.521669316825257567e+02 1.228618268505619540e+02
3.770244905077292970e+03 1.672302128968445913e+02 5.738359475301944457e+01 1.522052498741778948e+02 1.238610509831066082e+02
3.770612090507893754e+03 1.680643608319848283e+02 5.736482899914476974e+01 1.522171755227711003e+02 1.248607926346102772e+02
3.770993298696186685e+03 1.689286092158926351e+02 5.735217439325747080e+01 1.521501853366157775e+02 1.258577127058533591e+02
3.771418131187547260e+03 1.698905980765412380e+02 5.735157041117776799e+01 1.520920732722988191e+02 1.268558142697357880e+02
3.771814231971438403e+03 1.707529491829408528e+02 5.742342047241389480e+01 1.520702242147092704e+02 1.278554702522958735e+02
3.772223161052434079e+03 1.716537386364455244e+02 5.747419706400674499e+01 1.519836453857631682e+02 1.288507137090123820e+02
3.772667048549941228e+03 1.725732604138709405e+02 5.737068377064952074e+01 1.518872692168986589e+02 1.298460033606703234e+02
3.773096560407659126e+03 1.733112723283295509e+02 5.712404993283044519e+01 1.519395146867576898e+02 1.308409089909735599e+02
3.773557734703553251e+03 1.739111729827707222e+02 5.660619601514504495e+01 1.521760798753354038e+02 1.318090950219820172e+02
3.774099097460240046e+03 1.743247018426611987e+02 5.573981580328820939e+01 1.527790731794028432e+02 1.325746366467971313e+02
3.774599044582028910e+03 1.745254571872732470e+02 5.477556492069326310e+01 1.536660954595356827e+02 1.329941055124140235e+02
3.775049002041552740e+03 1.745928449700807050e+02 5.382579821426617173e+01 1.546243369157032532e+02 1.332791769913234532e+02
3.775505181844861909e+03 1.746212234022077325e+02 5.281369724920360653e+01 1.556143016524896439e+02 1.333660700483271739e+02
3.775946145310935663e+03 1.745830417658818590e+02 5.179944557249709192e+01 1.566141941389986414e+02 1.333632278291351270e+02
3.776351238457515592e+03 1.745496788703990205e+02 5.084748248343331767e+01 1.576141179222537971e+02 1.333696077475617869e+02
3.776747278280638511e+03 1.745693657736566990e+02 4.991063055258388204e+01 1.586133385126761368e+02 1.333394437628884077e+02
3.777145444509121262e+03 1.745647507096359163e+02 4.895513630274584926e+01 1.596117780894351483e+02 1.333713262987970438e+02
3.777509509166974567e+03 1.745077827321770201e+02 4.808096005725014521e+01 1.606059439169877976e+02 1.334757513174831161e+02
3.777881340245367937e+03 1.744533709247502600e+02 4.716119704990114769e+01 1.616038925728157096e+02 1.334916908314161219e+02
3.778273357958594261e+03 1.744233009044825167e+02 4.619956923781195712e+01 1.626038105234449631e+02 1.334800928003125478e+02
3.778658373317076439e+03 1.743942232956800638e+02 4.531984338827044212e+01 1.636013494437439988e+02 1.335381188770781478e+02
3.779068742157891393e+03 1.744085844132521288e+02 4.446144173808713873e+01 1.646003738213845224e+02 1.335460790542093434e+02
3.779476972039967677e+03 1.745294021981578112e+02 4.364662091225881824e+01 1.655992760518774389e+02 1.335810394762213207e+02
3.779872601545344423e+03 1.746348866694085871e+02 4.283835221617673739e+01 1.665891077243348093e+02 1.337149871795436695e+02
3.780342922775524585e+03 1.746143474819238008e+02 4.186420800265207021e+01 1.675856973478703935e+02 1.337551732288968083e+02
3.780835385724035859e+03 1.745392153824649881e+02 4.081047411414164827e+01 1.685848951038658186e+02 1.337201296223250040e+02
3.781252678646514141e+03 1.744856237567973949e+02 3.990062820279197808e+01 1.695845044483841093e+02 1.337210818860531276e+02
3.781705899113129362e+03 1.744204964872097037e+02 3.894846368637610823e+01 1.705835804149765806e+02 1.336893183860098588e+02
3.782132871836184677e+03 1.743573611653913531e+02 3.805577949898659540e+01 1.715824830125450262e+02 1.336424971547057794e+02
3.782527850581718212e+03 1.743589823755024781e+02 3.720145194581943571e+01 1.725805327214770273e+02 1.336805345930613385e+02
3.782977211091341360e+03 1.744483581431023538e+02 3.627096318379833662e+01 1.735786534569122637e+02 1.337417117862017051e+02
3.783388346642344459e+03 1.745474340164632281e+02 3.546257996887133856e+01 1.745755429178030340e+02 1.338197321982700032e+02
3.783781905900005768e+03 1.746073390758442088e+02 3.463961681003950588e+01 1.755609309934870907e+02 1.339834617295534827e+02
3.784213338074338026e+03 1.746133258414442366e+02 3.370950264505961513e+01 1.765528043485061573e+02 1.341035389678780803e+02
3.784640831224441172e+03 1.745761846271548734e+02 3.281808298586578587e+01 1.775513203435372702e+02 1.341495203719534572e+02
3.785090083396198679e+03 1.745237965249713170e+02 3.185493623756734749e+01 1.785460513570375554e+02 1.342444316489886944e+02
3.785536349592039642e+03 1.744490811792733496e+02 3.089223608897826523e+01 1.795432400517022131e+02 1.343138157426442660e+02
3.785949164097817174e+03 1.743638684606006279e+02 3.004386832273557673e+01 1.805427540945272824e+02 1.343411679744593812e+02
3.786376230101864166e+03 1.741827333765195078e+02 2.920443941545730482e+01 1.815426831771103195e+02 1.343522273907162798e+02
3.786855381986812517e+03 1.737564762822757984e+02 2.841146779862303973e+01 1.825311480609355215e+02 1.342237338352881295e+02
3.787326192903070933e+03 1.731970932707783106e+02 2.784189117318441475e+01 1.834551682086135997e+02 1.338590885474322931e+02
3.787794171723319323e+03 1.724717091049775490e+02 2.743179591541549200e+01 1.842811243034299196e+02 1.333020666005801331e+02
3.788314569962355563e+03 1.715137613180558560e+02 2.716015463087263271e+01 1.848819087414125590e+02 1.325176087740145476e+02
3.788779527447495184e+03 1.705900426197357262e+02 2.700904765686476594e+01 1.852108617027802779e+02 1.315817610838261658e+02
3.789199748498298959e+03 1.696872571014174298e+02 2.697275299757182765e+01 1.854231489919061175e+02 1.306050126284752650e+02
3.789630475371325247e+03 1.687221027713446801e+02 2.703025179413659629e+01 1.854539120060704249e+02 1.296096616669550770e+02
3.790026668829505070e+03 1.678159363532989232e+02 2.704400035763123356e+01 1.854555396573610722e+02 1.286097287031786038e+02
3.790411484827419827e+03 1.669485435273908536e+02 2.704344243945687865e+01 1.855346645005382697e+02 1.276136307698103138e+02
3.790839951983170067e+03 1.660031066304856893e+02 2.707452455527843682e+01 1.855493058096061816e+02 1.266148434786708208e+02
3.791225913174100242e+03 1.651436418199989191e+02 2.705060273513010571e+01 1.855415417666116582e+02 1.256148752177069809e+02
3.791601120702832304e+03 1.642991198251685887e+02 2.697200701153374069e+01 1.856308751659598499e+02 1.246202535171952377e+02
3.792004072151792116e+03 1.634013448380503064e+02 2.693612063396759382e+01 1.857097694730684623e+02 1.236235976843397424e+02
3.792385646274075498e+03 1.625460208137956499e+02 2.692045645477008264e+01 1.857346613796194674e+02 1.226241746466489246e+02
3.792756225606332919e+03 1.617026433610545268e+02 2.686860589552066614e+01 1.857939574200613890e+02 1.216262606710333216e+02
3.793108906422252403e+03 1.609235946690869525e+02 2.685115421776018962e+01 1.858495637778888181e+02 1.206278535384944064e+02
3.793450536016004662e+03 1.601676526498095825e+02 2.687295566436226579e+01 1.858257408512597237e+02 1.196289476349808325e+02
3.793796238578967859e+03 1.593817607091856701e+02 2.689042063394014193e+01 1.857760631424112034e+02 1.186301847458332333e+02
3.794136429117512762e+03 1.586150851367079326e+02 2.693112158189410366e+01 1.857758664095533732e+02 1.176305607513666018e+02
3.794492351824496836e+03 1.578530397850972520e+02 2.701818393231187088e+01 1.857334320959002127e+02 1.166319380363021168e+02
3.794827197517977311e+03 1.571307913317262717e+02 2.707109261089679819e+01 1.856370425530092234e+02 1.156367993933955205e+02
3.795189999418249045e+03 1.562994728206550121e+02 2.704430204946209315e+01 1.855849063347507126e+02 1.146386046225487831e+02
3.795533947523223560e+03 1.555251352353897971e+02 2.701331311566294957e+01 1.855915408976636911e+02 1.136388917299723857e+02
3.795901801378082382e+03 1.547272913394580485e+02 2.701854208808095592e+01 1.855620043707539537e+02 1.126396702225507482e+02
3.796259092009892811e+03 1.539468855616734686e+02 2.702820863390812178e+01 1.855148960191629897e+02 1.116407822115640727e+02
3.796622683596848219e+03 1.531199327289190819e+02 2.705757216918143371e+01 1.855088161205117387e+02 1.106410564623322585e+02
3.796995624193466938e+03 1.522800739749678200e+02 2.713592455110977397e+01 1.854958318952834020e+02 1.096411933292204992e+02
3.797378744814108813e+03 1.514290520786498178e+02 2.720400280644741287e+01 1.854434075197119967e+02 1.086427351436691850e+02
3.797819893977428819e+03 1.504415011554692398e+02 2.721869077677669679e+01 1.854197323586333823e+02 1.076432301712120534e+02
3.798261259624302511e+03 1.494764494893809399e+02 2.729465837325105326e+01 1.854160715508239718e+02 1.066432482684364800e+02
3.798694272798680231e+03 1.485442771936202462e+02 2.739498031610532536e+01 1.853121237258216354e+02 1.056501814738472973e+02
3.799139496603939278e+03 1.476086784520079220e+02 2.745306515179687423e+01 1.853304458770142844e+02 1.046535479630745726e+02
3.799563283786677403e+03 1.467492342837241779e+02 2.758796401955594035e+01 1.854018825503059702e+02 1.036561197487250894e+02
3.799962969563750448e+03 1.459101902898808873e+02 2.771077698564711156e+01 1.853443014606832548e+02 1.026601615627750590e+02
3.800374861774667806e+03 1.449782058169615766e+02 2.774525804033309839e+01 1.853101225216005332e+02 1.016612271049383338e+02
3.800769807566129657e+03 1.441113296564240329e+02 2.785890298481847438e+01 1.853597829802168917e+02 1.006630802904754631e+02
3.801178887533478701e+03 1.432547701199443964e+02 2.806860526366206798e+01 1.853167051598033197e+02 9.966565459669990901e+01
3.801627854200244201e+03 1.422790981032800914e+02 2.822992350257393213e+01 1.852290415903871690e+02 9.866953467589874549e+01
3.802049597206088492e+03 1.413464453445355957e+02 2.835714967979041390e+01 1.851871092292505239e+02 9.767074382314515901e+01
3.802483032694297435e+03 1.403755382993919625e+02 2.839777242541621405e+01 1.851083810188223993e+02 9.667418029409601843e+01
3.802915334479009289e+03 1.393860921697009871e+02 2.830002776336628756e+01 1.850951583003747203e+02 9.567508641833281047e+01
3.803303651442725823e+03 1.385000400387525588e+02 2.826019159317617380e+01 1.852085047920159013e+02 9.468299809248922827e+01
3.803709086810892586e+03 1.375914457755025353e+02 2.829100084377273561e+01 1.852428279291501383e+02 9.368504228948030743e+01
3.804130909461711326e+03 1.366551184845584430e+02 2.827996492360306746e+01 1.852923874477870072e+02 9.268650106357262075e+01
3.804527773688547768e+03 1.357981494064948720e+02 2.822550740776966194e+01 1.854327733184750002e+02 9.169722879184971021e+01
3.804957726212473972e+03 1.348600309822586780e+02 2.818254915047809916e+01 1.854778948336260100e+02 9.069991620199013482e+01
3.805375758640224831e+03 1.339808243942736965e+02 2.807939581812937391e+01 1.855100511596423587e+02 8.970046386641800495e+01
3.805773157926759723e+03 1.332028806457461485e+02 2.803050458278188017e+01 1.856211661771293393e+02 8.870735689333379526e+01
3.806216531871201823e+03 1.324820210371996154e+02 2.800102762934337619e+01 1.856473874359624290e+02 8.770900294387745078e+01
3.806666032800353150e+03 1.320843850124369681e+02 2.802924172558411087e+01 1.856248918860457593e+02 8.670932373833421991e+01
3.807098410157679609e+03 1.313964666775766545e+02 2.826642821597135935e+01 1.856176134946451270e+02 8.570940318050813289e+01
3.807547319875009634e+03 1.305437995912817257e+02 2.864295106805052882e+01 1.854696917259043971e+02 8.472295455742352033e+01
3.807987268105824114e+03 1.296934672699675559e+02 2.891543683427994438e+01 1.852968415420132260e+02 8.373801721775716089e+01
3.808427761804058264e+03 1.288268991482105434e+02 2.891639262010102129e+01 1.852097064349263462e+02 8.274264812425343507e+01
3.808881916138920133e+03 1.278908264302448998e+02 2.891301565786486805e+01 1.851252070488495178e+02 8.174625782088301662e+01
3.809341586761997860e+03 1.269091725660288148e+02 2.897829328069603250e+01 1.850434161062757141e+02 8.074961347040816406e+01
3.809774256537432848e+03 1.260006314515439669e+02 2.913032715947079510e+01 1.849270332555707341e+02 7.975656356187182894e+01
3.810199710737277655e+03 1.251223275846204928e+02 2.942794950988242064e+01 1.847615580566117330e+02 7.877054855343686768e+01
3.810650981372178649e+03 1.241278938900656215e+02 2.967025053559278902e+01 1.846193686027375236e+02 7.778083708798517648e+01
3.811110194355067506e+03 1.231086720009238746e+02 2.987915565541654317e+01 1.844413614925894649e+02 7.679703446109253662e+01
3.811567603222041726e+03 1.221244043004560638e+02 3.015434221528464676e+01 1.842473510965349419e+02 7.581603936132950139e+01
3.812032732648066030e+03 1.211140684124874412e+02 3.036410304580751784e+01 1.841713149774580245e+02 7.482057007691523154e+01
3.812501108903171826e+03 1.200774582304291727e+02 3.051671627452399349e+01 1.841240625309579002e+02 7.382168749945427066e+01
3.812913202642372653e+03 1.191738449191886104e+02 3.066916720040894262e+01 1.840738023087567399e+02 7.282295267462123434e+01
3.813328791253675263e+03 1.183184054990554159e+02 3.080134076577946800e+01 1.840770942326699071e+02 7.182328897739890294e+01
3.813758372751291063e+03 1.174914986938893264e+02 3.089269324444144615e+01 1.840708601772014390e+02 7.082336118940239089e+01
3.814166817640640602e+03 1.166430105327040394e+02 3.100721439718780204e+01 1.840146892499690807e+02 6.982516695537408680e+01
3.814595775440520811e+03 1.157302468013729282e+02 3.116424379362778296e+01 1.839989610015196604e+02 6.882557349167878158e+01
3.815019211194932268e+03 1.148559205649421244e+02 3.131695693884674725e+01 1.839753084620340076e+02 6.782589375621137151e+01
3.815417756759550230e+03 1.140109092664043686e+02 3.147464195529962794e+01 1.839323316407644029e+02 6.682684293038857959e+01
3.815832781104540118e+03 1.131204945411296876e+02 3.159808414470782978e+01 1.839422290149401533e+02 6.582724018722741732e+01
3.816255580212235145e+03 1.122130739292064163e+02 3.174855605132165337e+01 1.839860958531105268e+02 6.482825420084235191e+01
3.816668477387486746e+03 1.113219892954940491e+02 3.193110804444732409e+01 1.840410304453569381e+02 6.382976865549876777e+01
3.817108788756630929e+03 1.103879612927099174e+02 3.216200713188614202e+01 1.840880282092303162e+02 6.283088327287556751e+01
3.817541598298279496e+03 1.094970250143071553e+02 3.239461503194620207e+01 1.840502399364946484e+02 6.183234717033361250e+01
3.817932359000259567e+03 1.086448816985297015e+02 3.247873635271380266e+01 1.839576743824524385e+02 6.083678816223369523e+01
3.818334658016572121e+03 1.077324667770832463e+02 3.238560500113250384e+01 1.839360758011447388e+02 5.983769185449457950e+01
3.818735529436512934e+03 1.069265612995538390e+02 3.239698820896981601e+01 1.838875280393768321e+02 5.883907790121964609e+01
3.819130920387833612e+03 1.061419409288536144e+02 3.241415144449587871e+01 1.837562917343250319e+02 5.784830590110713899e+01
3.819571456045282503e+03 1.052556799330159407e+02 3.234348156184218936e+01 1.836615192268442058e+02 5.685309697162843889e+01
3.820001720585449675e+03 1.044303220604422648e+02 3.234239596299796204e+01 1.836121167103304401e+02 5.585444318076488202e+01
3.820412541626312304e+03 1.036152545421292785e+02 3.232979733527709953e+01 1.835578120751860638e+02 5.485593431642980278e+01
3.820823883600514819e+03 1.027453708970139843e+02 3.218135768073452141e+01 1.835240147595370956e+02 5.385656161720554991e+01
3.821207913655912307e+03 1.019354240583516997e+02 3.195481274616953726e+01 1.835107965771298950e+02 5.285667497057475117e+01
3.821585905193634517e+03 1.011431385757342980e+02 3.168976848053497264e+01 1.834889025526342152e+02 5.185692971607561930e+01
3.821959948186454767e+03 1.003753892011586828e+02 3.144678279412135069e+01 1.835278869042793701e+02 5.085810998625549217e+01
3.822316378114525378e+03 9.962836663682558935e+01 3.129556216929605839e+01 1.836119969211003706e+02 4.986175999402254178e+01
3.822697375114963961e+03 9.879370570647338923e+01 3.117186997109784841e+01 1.836349381046997848e+02 4.886249807158263536e+01
3.823076225526168855e+03 9.796342522052444224e+01 3.100247996541920870e+01 1.836608888598258318e+02 4.786286456173161952e+01
3.823479652122874541e+03 9.711543080264475236e+01 3.081451311001951865e+01 1.837488433163216826e+02 4.686709116378547435e+01
3.823916957187288972e+03 9.622862379285480472e+01 3.064132149857388754e+01 1.837861303893217837e+02 4.586818423528858091e+01
3.824311479349665206e+03 9.539481344961139087e+01 3.049908667925377870e+01 1.838262886427146725e+02 4.486901529362668839e+01
3.824694600572335730e+03 9.459208699648507945e+01 3.039273062279903570e+01 1.839155969738853571e+02 4.387322437164297639e+01
3.825095719014354017e+03 9.378084705385839470e+01 3.027169898274819104e+01 1.839154692545903913e+02 4.287418022088797898e+01
3.825472651660874362e+03 9.299712473328933982e+01 3.011889891145053255e+01 1.839049677843097186e+02 4.187424325506705003e+01
3.825845365581581973e+03 9.220539107307413929e+01 2.996583903020480122e+01 1.839475818030872745e+02 4.087540783231339958e+01
3.826234547873094925e+03 9.138556328157704911e+01 2.981997762080946757e+01 1.839273699968649112e+02 3.987612317243277005e+01
3.826601698667459459e+03 9.058917151712508087e+01 2.967804891806216361e+01 1.838751922690728406e+02 3.887751631378362305e+01
3.826978696279113592e+03 8.977378069346222844e+01 2.952895091927475946e+01 1.838954223282202918e+02 3.787826675379376695e+01
3.827362536404781167e+03 8.898204642367738870e+01 2.937858617136051009e+01 1.839248661740209911e+02 3.687870285503289125e+01
3.827761624857226707e+03 8.818836668746467922e+01 2.911201792133637056e+01 1.839676618093403704e+02 3.587963852017740862e+01
3.828195912789060912e+03 8.735974047805170528e+01 2.878266683402212678e+01 1.840953310652895709e+02 3.488846591202894842e+01
3.828619150232438642e+03 8.654815612018009574e+01 2.848497460542127868e+01 1.842561914797103952e+02 3.390151945573502701e+01
3.829048707196646774e+03 8.571365573495560852e+01 2.822291400434621522e+01 1.844151159559101814e+02 3.291423140550671178e+01
3.829501365403158161e+03 8.484497590474650508e+01 2.799551693382570505e+01 1.846430834151022680e+02 3.194104905188351040e+01
3.829944844429254317e+03 8.397802173507338352e+01 2.773766080961787495e+01 1.848748262407782192e+02 3.096828050407286526e+01
3.830389548174872743e+03 8.309808636348307687e+01 2.741284539901559114e+01 1.850412767246957344e+02 2.998261750277479010e+01
3.830859373817462711e+03 8.221581456844467084e+01 2.706865434644747737e+01 1.852449850721381495e+02 2.900381235458688778e+01
3.831336562697539648e+03 8.139851350606875258e+01 2.674752427303043234e+01 1.853920226850265465e+02 2.801508165880816392e+01
3.831817598514931888e+03 8.068148893988674786e+01 2.640861280485446372e+01 1.855199554664433492e+02 2.702330377617623824e+01
3.832311659152150241e+03 8.006978329839766673e+01 2.615996812439765407e+01 1.857655701212572410e+02 2.605523665589374716e+01
3.832906738499305447e+03 7.945060737051890953e+01 2.615566546286523320e+01 1.859049290264636340e+02 2.506643276017890187e+01
3.833633255918579835e+03 7.901424099336719564e+01 2.625804574531262503e+01 1.858702558169156305e+02 2.406870765261388811e+01
3.834481774419560679e+03 7.894613519122079026e+01 2.607963911046990546e+01 1.861460220822673648e+02 2.311463201902262199e+01
3.838089053626872101e+03 7.922527830194792386e+01 2.698117470394652528e+01 1.859243472205711498e+02 2.255166984574624323e+01
3.838938815414526289e+03 7.948442286723101802e+01 2.797039562576487270e+01 1.851118967075753687e+02 2.313266811352518459e+01
3.839575415680634251e+03 7.955850014107888057e+01 2.898846083353836178e+01 1.842341595045636780e+02 2.360566961117246265e+01
3.840102297458311568e+03 7.953844190135868075e+01 3.006059806572615045e+01 1.832868599994023953e+02 2.391330251018626640e+01
3.840630059639585852e+03 7.937913061275000359e+01 3.112104909353897852e+01 1.822991475827935801e+02 2.406852681039566377e+01
3.841149821968765082e+03 7.948176039412582838e+01 3.205299583303750666e+01 1.813096010758016519e+02 2.421026976471511460e+01
3.841614407560831296e+03 7.957183118370207353e+01 3.290799067749746598e+01 1.803224930024945252e+02 2.433146870862893962e+01
3.842075483839699245e+03 7.966905142379846438e+01 3.380010393521910572e+01 1.793233968365338455e+02 2.429403458526645920e+01
3.842541417424220526e+03 7.976390838061668376e+01 3.476751518667468588e+01 1.783241612901392159e+02 2.431105636557995808e+01
3.842971663234754487e+03 7.967546935419656506e+01 3.566543799532455949e+01 1.773265747721590628e+02 2.435102393261279374e+01
3.843412714637771842e+03 7.954122398248644288e+01 3.654167800278349176e+01 1.763276067234789366e+02 2.431025471842594854e+01
3.843877693384607483e+03 7.936893601121171571e+01 3.748121983235873245e+01 1.753278887213381267e+02 2.431627371277564009e+01
3.844305966244244246e+03 7.922121409594879538e+01 3.837276680012458030e+01 1.743303692497598831e+02 2.431687314970843872e+01
3.844728722607267173e+03 7.920394146544262526e+01 3.926790460905653646e+01 1.733354099322933735e+02 2.424559840723293647e+01
3.845182349814391273e+03 7.923413453035460918e+01 4.019783457037578955e+01 1.723378725483858602e+02 2.430846395158272699e+01
3.845609035834442693e+03 7.919510915253383132e+01 4.103724023670600474e+01 1.713436802205662275e+02 2.441556913869162315e+01
3.846017850067874861e+03 7.908390979026017931e+01 4.181104391094968520e+01 1.703476190076744388e+02 2.450420680207921365e+01
3.846460353862579723e+03 7.889200591129412032e+01 4.263140810024548699e+01 1.693503739109904416e+02 2.457440790298363353e+01
3.846898540717058495e+03 7.866714704487748122e+01 4.345510623695868446e+01 1.683524959624320729e+02 2.456599423066436927e+01
3.847323126806467826e+03 7.857352781119014651e+01 4.433640040024492635e+01 1.673592901326864251e+02 2.451741671211831175e+01
3.847748035640994203e+03 7.849471270553841862e+01 4.523378452471648359e+01 1.663659844952788944e+02 2.463205179985229520e+01
3.848132798118994742e+03 7.839572640738398945e+01 4.603117721964492404e+01 1.653691584057572186e+02 2.469024121866673127e+01
3.848521007943773384e+03 7.829343900911787557e+01 4.682580156782146474e+01 1.643695454564504814e+02 2.466271662832173206e+01
3.848931980400084740e+03 7.814622778624240595e+01 4.766060173844216763e+01 1.633699502353453568e+02 2.463590390822493958e+01
3.849337971869450939e+03 7.795729067361916975e+01 4.848921543124531297e+01 1.623744567461121733e+02 2.455934770252888200e+01
3.849760590825123472e+03 7.784949425862885164e+01 4.932402604222070863e+01 1.613864334262268017e+02 2.440684631711117802e+01
3.850164097549858070e+03 7.785586049367849171e+01 5.012865739260588782e+01 1.603912391364780774e+02 2.432016367621411490e+01
3.850569400534071974e+03 7.776883675046957478e+01 5.097984791950458572e+01 1.593929266112771757e+02 2.428083099896497288e+01
3.851011398177271531e+03 7.761876004142374086e+01 5.190850442545907129e+01 1.583989486252963275e+02 2.417126733158216467e+01
3.851461348345198530e+03 7.745239084778221184e+01 5.283191855685450378e+01 1.574044477234421890e+02 2.406754023579826196e+01
3.851903495307511548e+03 7.724415343787411814e+01 5.372541052721147992e+01 1.564104461390057565e+02 2.396454378059409152e+01
3.852385013292757776e+03 7.710203324106019807e+01 5.467595900968414924e+01 1.554202121687983720e+02 2.383672483713700885e+01
3.852898265976125003e+03 7.706746919175253652e+01 5.566112148981484609e+01 1.544210700572192252e+02 2.382252223860804818e+01
3.853377720233786476e+03 7.721396207749995710e+01 5.649409370894947102e+01 1.534258522367761657e+02 2.390417522455855348e+01
3.853865656220148139e+03 7.766222697844204959e+01 5.721343526291603609e+01 1.524983042436454070e+02 2.420248045198083275e+01
3.854382913025510788e+03 7.834906232160214756e+01 5.786410473156696810e+01 1.517651928763068554e+02 2.487364267562713849e+01
3.854880437930225526e+03 7.912466707570688129e+01 5.831455187461191514e+01 1.512146387280505735e+02 2.570132861371500255e+01
3.855346585473716004e+03 7.992755019045844733e+01 5.862758978483477534e+01 1.508889144317011812e+02 2.663819865512488150e+01
3.855783389998497569e+03 8.077215420603920393e+01 5.879987109976724469e+01 1.507881195352561576e+02 2.763152558332866349e+01
3.856220146998196014e+03 8.160354931693127867e+01 5.892887257030307779e+01 1.507876288126104498e+02 2.863128334812157050e+01
3.856618325719187396e+03 8.234006026042571591e+01 5.906662692480801269e+01 1.508382018966680675e+02 2.962965161182856733e+01
3.856999598595982206e+03 8.308138670240209933e+01 5.923619222828098430e+01 1.509114063366646974e+02 3.062658108307102367e+01
3.857388326364795375e+03 8.387973564729125542e+01 5.939707147723849090e+01 1.509386378114717218e+02 3.162619707252808254e+01
3.857752540747242620e+03 8.465030685792635268e+01 5.949341256983900195e+01 1.509643943365563530e+02 3.262581683310389735e+01
3.858123813109437833e+03 8.541934602427568279e+01 5.961988512622296099e+01 1.509861505096636165e+02 3.362514890097977371e+01
3.858488987266349795e+03 8.613173477997187888e+01 5.978738074114338730e+01 1.509472857828866381e+02 3.462410829744239749e+01
3.858846441441981824e+03 8.680874319057802779e+01 5.992586320855257753e+01 1.509067903920720255e+02 3.562185425871539479e+01
3.859224092149768239e+03 8.759704371449630855e+01 6.005819801549105819e+01 1.509369643775351904e+02 3.662125102371391705e+01
3.859568630292402759e+03 8.836817365715238282e+01 6.015780489679099929e+01 1.509360224280387683e+02 3.762122352205401654e+01
3.859930719183501878e+03 8.911786695241828227e+01 6.016761357003080235e+01 1.509304211092147341e+02 3.862115683283445122e+01
3.860286142052097603e+03 8.978383248617595314e+01 6.013861469740833599e+01 1.509664114056618018e+02 3.961970837090078845e+01
3.860642775301225356e+03 9.049867962121771825e+01 6.016690746575411453e+01 1.510434794838688788e+02 4.061626655124700136e+01
3.861006265632595841e+03 9.116233839267162864e+01 6.012428715198094409e+01 1.510450787112442868e+02 4.161529260581394141e+01
3.861361787696841475e+03 9.168259813666450952e+01 5.998042728089983910e+01 1.510084375369831093e+02 4.261364883554016814e+01
3.861763773645825495e+03 9.245453067551676440e+01 5.998428171511836382e+01 1.510300706664490349e+02 4.361332560836572725e+01
3.862153462679867516e+03 9.327263250335086298e+01 6.011629173736885434e+01 1.509982462964208878e+02 4.461154964633288245e+01
3.862555736589475600e+03 9.407506577862272934e+01 6.020519549792485492e+01 1.509215624811174337e+02 4.560746287067733817e+01
3.862999481399058368e+03 9.503500550576110584e+01 6.026807798669347704e+01 1.509215347750502190e+02 4.660743966589461706e+01
3.863420733941858998e+03 9.595391314279051187e+01 6.034387444832754710e+01 1.509097145538889038e+02 4.760681013058732702e+01
3.863848825360195860e+03 9.683707066452029721e+01 6.037847043988371354e+01 1.508808825641014835e+02 4.860511004758046738e+01
3.864316228199736088e+03 9.786075878397014094e+01 6.032631771744828342e+01 1.509296382023894125e+02 4.960391930804806293e+01
3.864786713569645599e+03 9.885576185505901492e+01 6.021245586015896833e+01 1.509562800354417220e+02 5.060287170084006192e+01
3.865256173448140544e+03 9.974281797042715425e+01 6.001093849910161993e+01 1.509644511654465191e+02 5.160124723685707693e+01
3.865733679392140402e+03 1.007084355338982959e+02 5.987346643144442737e+01 1.510264691898075569e+02 5.259825962262257804e+01
3.866212665918209041e+03 1.016615958364588721e+02 5.976373191081690095e+01 1.510123364308279577e+02 5.359810083008282788e+01
3.866662910530213594e+03 1.024481764813087210e+02 5.969498328742086812e+01 1.510116317598477451e+02 5.459711816488024994e+01
3.867082753886907540e+03 1.032325864637369648e+02 5.978290348329636572e+01 1.510492244488995368e+02 5.559554838994993275e+01
3.867511965073106239e+03 1.040568164041148975e+02 5.989720326629423397e+01 1.510395802727754528e+02 5.659526463144103303e+01
3.867917723186443709e+03 1.048112996968971231e+02 5.987873634134891176e+01 1.510917720395016488e+02 5.759294136105658168e+01
3.868325766357328121e+03 1.055993631842794116e+02 5.986781045852487182e+01 1.511964564274813938e+02 5.858727361767153496e+01
3.868774699383179723e+03 1.064767578953752150e+02 5.985834946054837502e+01 1.512659140897882253e+02 5.958479137618299148e+01
3.869180708847561164e+03 1.072819445677279617e+02 5.975158220180436075e+01 1.513214470611625302e+02 6.058323662788561847e+01
3.869575603686110298e+03 1.080685866568952633e+02 5.972565483817436416e+01 1.513604492818717233e+02 6.158185825321531581e+01
3.869982430425914572e+03 1.088735670691516333e+02 5.973153367488629328e+01 1.513500027049732921e+02 6.258179601172683704e+01
3.870389792187354487e+03 1.097021491165889273e+02 5.968390624335748385e+01 1.513486740904378109e+02 6.358178310646474785e+01
3.870811417116868597e+03 1.105761102682380823e+02 5.972268242895717094e+01 1.513142366071610923e+02 6.457939949502134880e+01
3.871255972291681701e+03 1.114999537109149372e+02 5.985630257256696751e+01 1.511745550988561320e+02 6.556927021354510998e+01
3.871679760340923622e+03 1.123745099182452236e+02 6.004695125646308185e+01 1.509979322477368839e+02 6.655354879120893941e+01
3.872087068297044880e+03 1.131768548627184430e+02 6.029804853221082794e+01 1.507926030123940961e+02 6.753125572720774983e+01
3.872506918417367615e+03 1.138816376487984172e+02 6.062641460649467717e+01 1.504943260151416098e+02 6.848461511705647808e+01
3.872916042850799840e+03 1.145086433503584402e+02 6.099266907972720020e+01 1.501054554824038689e+02 6.940495459462634642e+01
3.873333810844366781e+03 1.151353459330594262e+02 6.153795591958407130e+01 1.495985047571964515e+02 7.026025267049899981e+01
3.873733832083986272e+03 1.156967924140991926e+02 6.217882096831775840e+01 1.489409319952433464e+02 7.101262759233723898e+01
3.874101193304938988e+03 1.161816897464795630e+02 6.280031086398663831e+01 1.482372320216932451e+02 7.172307947017957019e+01
3.874476210292462838e+03 1.166648655512398278e+02 6.346695546781296571e+01 1.475155328772234782e+02 7.241497960191014727e+01
3.874857394696000483e+03 1.171270540280292209e+02 6.415887495850961386e+01 1.467575497091139027e+02 7.306628245504650465e+01
3.875235912448546969e+03 1.175823937733624973e+02 6.481784085002097129e+01 1.459769307723559280e+02 7.369083162454830926e+01
3.875632318940330606e+03 1.180582410480503341e+02 6.552834485971030176e+01 1.452125239028176225e+02 7.433543822746810292e+01
3.876022439074230988e+03 1.184678835749209469e+02 6.621330846581237495e+01 1.444234960710319342e+02 7.494904267713435786e+01
3.876431332044515784e+03 1.189153358883168323e+02 6.682827724554952908e+01 1.436172691253556479e+02 7.554021359003093039e+01
3.876855815590710790e+03 1.193825016500780123e+02 6.744793229413812696e+01 1.428319926283389805e+02 7.615935108691139988e+01
3.877292052289406456e+03 1.197235581688564707e+02 6.819180790006170412e+01 1.420277208180772845e+02 7.675111650390370244e+01
3.877742865472575431e+03 1.199699680452675494e+02 6.899984593197925165e+01 1.411730603023912067e+02 7.727009622509513065e+01
3.878190252173001682e+03 1.201718519092570574e+02 6.984274342805356639e+01 1.402927648641227449e+02 7.774224516845680455e+01
3.878609758992430216e+03 1.202699601598886971e+02 7.071176630832631815e+01 1.393670501720936272e+02 7.811563977985282747e+01
3.879018654036657153e+03 1.203090423379506149e+02 7.158334826070354495e+01 1.384135544893538281e+02 7.841678257133825980e+01
3.879428862631018092e+03 1.202413472757119735e+02 7.231767423489660018e+01 1.374589591334030843e+02 7.871282804444491887e+01
3.879840378679213245e+03 1.201957075260840497e+02 7.257326098940694692e+01 1.364806755895709784e+02 7.889724173540642482e+01
3.880256271069479226e+03 1.203333031299943769e+02 7.236802445025737995e+01 1.354816306853948902e+02 7.893784699137549410e+01
3.880691859010554708e+03 1.204550200892736314e+02 7.215563685474626254e+01 1.344819580413398512e+02 7.893754410404186217e+01
3.881150083605057716e+03 1.204778169116949158e+02 7.222528074753205374e+01 1.334861162103698575e+02 7.886352308715272841e+01
3.881638359495644636e+03 1.203566371667057524e+02 7.250162563128492366e+01 1.324959673527457369e+02 7.872410886213882009e+01
3.882150642908936788e+03 1.199033881160493706e+02 7.304119866876418143e+01 1.315055288733375676e+02 7.858782180406264217e+01
3.882658388531503078e+03 1.192014663424118908e+02 7.383365882383164092e+01 1.305317610729148612e+02 7.837193666147095428e+01
3.883174544509234693e+03 1.186199197764308906e+02 7.459060658265514121e+01 1.295979688596993356e+02 7.801902645017757720e+01
3.883709465246673062e+03 1.180250972408801857e+02 7.527700240506227658e+01 1.287215701067796658e+02 7.754319098314749681e+01
3.884254090780887964e+03 1.173357936586092052e+02 7.590936147737166095e+01 1.279053888876124603e+02 7.696577096128017104e+01
3.884798825566643700e+03 1.166179332109413593e+02 7.656002299501513164e+01 1.271103768984592790e+02 7.635925575517116215e+01
3.885320174446165765e+03 1.160021516242991311e+02 7.738097185770074304e+01 1.263237419891575541e+02 7.574183737984587594e+01
3.885786482733896264e+03 1.154994209383333583e+02 7.817415815875867224e+01 1.255315276649676406e+02 7.513173921643499398e+01
3.886221894716376482e+03 1.151054140950228941e+02 7.893953764146692720e+01 1.247292750730092621e+02 7.453476058821640038e+01
3.886662768074143059e+03 1.148065279757215364e+02 7.976178075193796246e+01 1.239190971572050728e+02 7.394908371726397434e+01
3.887075594700138481e+03 1.145090612801181322e+02 8.051464873151979873e+01 1.230703447565830260e+02 7.342277703494636398e+01
3.887490578257017660e+03 1.141152092605194213e+02 8.121283726101265188e+01 1.221863941328180800e+02 7.295520814010660615e+01
3.887907799781154154e+03 1.137007048308761767e+02 8.189311510573936914e+01 1.213062609828110681e+02 7.248050705901997048e+01
3.888305457293176914e+03 1.133726997321476517e+02 8.256502290751978990e+01 1.204183915063163965e+02 7.202165647163162987e+01
3.888714951045162252e+03 1.130925429629741501e+02 8.328717770801954146e+01 1.195054466047087374e+02 7.161381323310928337e+01
3.889124163268116263e+03 1.128993133373722770e+02 8.402370303964534060e+01 1.185796592440197088e+02 7.123623340445678309e+01
3.889533624399102791e+03 1.128046841174973736e+02 8.476983705327214125e+01 1.176287519945735767e+02 7.093638932001138642e+01
3.889956453380844323e+03 1.126819351123648261e+02 8.555582459447981591e+01 1.166474151510252852e+02 7.074433482111091109e+01
3.890366597793459732e+03 1.125448961587914170e+02 8.633687939892108432e+01 1.156635499104099694e+02 7.056542385115191962e+01
3.890788681109107074e+03 1.124958135062988873e+02 8.712431822698702888e+01 1.146744859365542766e+02 7.043084191123207916e+01
3.891223254202380303e+03 1.124701371214520265e+02 8.795782025728334474e+01 1.136772131916691393e+02 7.036080153451864305e+01
3.891646851203174720e+03 1.124433189648627263e+02 8.878324348795251808e+01 1.126874235686310897e+02 7.022579917141182193e+01
3.892050928865257447e+03 1.125002697612525679e+02 8.953925202568858310e+01 1.117017155588029311e+02 7.006408448460615546e+01
3.892450900802761225e+03 1.125275511696626012e+02 9.028193246249605863e+01 1.107050754812618862e+02 6.998809743995830956e+01
3.892838222839875016e+03 1.125459722068520563e+02 9.100750154946845782e+01 1.097059498461475613e+02 6.994711756490603705e+01
3.893232287959010591e+03 1.126058565458692158e+02 9.176032485393623972e+01 1.087074528138678460e+02 6.993468853498974624e+01
3.893620443991870616e+03 1.125811630416601190e+02 9.248305120546416447e+01 1.077108365641119434e+02 7.001286494660941173e+01
3.894015643645251203e+03 1.124150794170946313e+02 9.318644832195766980e+01 1.067150071421943096e+02 7.009413708810954802e+01
3.894426316805240276e+03 1.122612233355940674e+02 9.393587528430951750e+01 1.057162579206463704e+02 7.008336625510735018e+01
3.894821978285702698e+03 1.122065153011256626e+02 9.466684644270647198e+01 1.047184618708782722e+02 7.001873431528412084e+01
3.895210973702661704e+03 1.122109466131763185e+02 9.533253544118230138e+01 1.037203116580142961e+02 6.996065117269593259e+01
3.895589314662509423e+03 1.122806218835122678e+02 9.595528983912353738e+01 1.027239423159462177e+02 6.987561386937619545e+01
3.895962573933105887e+03 1.123698875538769215e+02 9.662146738424385717e+01 1.017265592943140291e+02 6.981891414443511223e+01
3.896343597235213110e+03 1.124604068976198050e+02 9.734762972396154623e+01 1.007266785562810441e+02 6.981147665466650665e+01
3.896717391722471802e+03 1.125526792796236180e+02 9.809688779308879703e+01 9.972745702801088896e+01 6.977491577539181833e+01
3.897096106469362439e+03 1.125192276256316575e+02 9.887300621043021920e+01 9.872846673446051113e+01 6.974041617135983984e+01
3.897475839264369370e+03 1.123226081090723909e+02 9.959096075201010478e+01 9.773084999366463421e+01 6.978434460953073426e+01
3.897857558896371302e+03 1.121075503841033481e+02 1.002423689705163952e+02 9.673619163770338503e+01 6.988634218949532340e+01
3.898257984412877704e+03 1.119680143193807993e+02 1.009457403682833103e+02 9.573887018484262512e+01 6.995850568757958854e+01
3.898641819878193019e+03 1.118355899567070395e+02 1.016454465169131112e+02 9.474159268020837033e+01 7.002966010274056430e+01
3.899035756646231221e+03 1.116200405729480565e+02 1.023008625885778855e+02 9.374470069122844507e+01 7.010126282949859444e+01
3.899452644976731335e+03 1.114644091378316233e+02 1.029469027104199341e+02 9.274513031325565748e+01 7.010800536266421545e+01
3.899890466790955088e+03 1.113046385755708769e+02 1.036684387724212826e+02 9.174543752623934267e+01 7.008591205996586382e+01
3.900358091386424348e+03 1.111189713606740952e+02 1.044832144264995009e+02 9.074664954728415012e+01 7.005159907236347294e+01
3.900818995878388250e+03 1.110131007301028916e+02 1.053420824683556702e+02 8.975127020503569497e+01 6.995731531494037370e+01
3.901266067916242719e+03 1.109517968298043371e+02 1.061755649317812242e+02 8.875704465748498251e+01 6.985112014255938107e+01
3.901731080207833656e+03 1.110259411155263081e+02 1.070127854886859353e+02 8.775981974563693200e+01 6.977895117510121281e+01
3.902192688883326355e+03 1.112106889525248477e+02 1.078077630324485767e+02 8.676055854648063814e+01 6.974737218225072866e+01
3.902620691174871354e+03 1.112628743976226815e+02 1.085735273147807618e+02 8.576099385821021315e+01 6.976340465819492920e+01
3.903034552851952412e+03 1.111974612067894412e+02 1.093861418495795874e+02 8.476180537538877502e+01 6.978617722980872884e+01
3.903447808763683042e+03 1.111140429695551859e+02 1.102064025101995810e+02 8.376215595639996536e+01 6.976056344205828452e+01
3.903834440568542050e+03 1.110075781863587281e+02 1.109977256130481038e+02 8.276253176456418714e+01 6.973696887089607799e+01
3.904220951000774676e+03 1.108693412265332796e+02 1.118214794413456445e+02 8.176296598885984679e+01 6.971575835113242192e+01
3.904629220052481287e+03 1.108132381468409449e+02 1.126328182073655597e+02 8.076433379094581255e+01 6.966376381705083531e+01
3.905050536455170004e+03 1.108495825298823689e+02 1.133979618187824769e+02 7.976588116456643718e+01 6.960836742718787207e+01
3.905477931518616060e+03 1.109679613346864784e+02 1.141804172819652194e+02 7.876703303430439007e+01 6.956040676963742442e+01
3.905886987646823400e+03 1.110869321330384025e+02 1.149417929431021435e+02 7.776805894103264905e+01 6.951513243102165518e+01
3.906294653506541181e+03 1.110826619997428679e+02 1.157188987411861234e+02 7.676891383730560392e+01 6.950129770797335027e+01
3.906718092067460475e+03 1.110422841110771088e+02 1.165302389063902950e+02 7.576933081255856450e+01 6.952389707718840839e+01
3.907130533615622426e+03 1.111139180122763719e+02 1.173069100311996777e+02 7.476935835938259345e+01 6.951897201426815798e+01
3.907550922299046306e+03 1.112300262253000938e+02 1.181139642164891654e+02 7.377021716157001663e+01 6.953618743593965235e+01
3.908003822937576842e+03 1.112482731526963136e+02 1.190317093605859355e+02 7.277169683431894498e+01 6.958719761590531050e+01
3.908461420809365336e+03 1.112052405757760738e+02 1.199887700955018204e+02 7.177198000358031038e+01 6.961058478363213453e+01
3.908902179080411315e+03 1.112242860752196520e+02 1.209328867281466415e+02 7.077410742821587064e+01 6.966082199521221696e+01
3.909331212454153956e+03 1.112510767099669380e+02 1.218519612374171857e+02 6.977837770544296347e+01 6.975180307152406556e+01
3.909756857410986868e+03 1.112587897727600819e+02 1.226929261641228663e+02 6.878030715754955793e+01 6.981243983351411941e+01
3.910176095185809572e+03 1.112623035972368513e+02 1.234761657453752832e+02 6.778118004181278877e+01 6.985414088886169282e+01
3.910613937034199353e+03 1.112577582203016675e+02 1.243045291031405952e+02 6.678172826439960375e+01 6.988618285252184137e+01
3.911043252598673462e+03 1.111927638896837607e+02 1.251165150423100130e+02 6.578212606459155154e+01 6.991339722523994737e+01
3.911449210880110968e+03 1.110566189224885107e+02 1.258951979274243627e+02 6.478427380645474898e+01 6.997238143796340637e+01
3.911850836928229000e+03 1.109444977895039557e+02 1.266847570001304746e+02 6.378827130606599383e+01 7.006135370310630606e+01
3.912239940401457261e+03 1.109168583673909296e+02 1.274455244138301566e+02 6.279140249345732627e+01 7.014042662111587845e+01
3.912635243507766063e+03 1.108938258063996756e+02 1.282061621453482303e+02 6.179679728717212583e+01 7.024066763262432289e+01
3.913042624929119938e+03 1.108199660437059322e+02 1.290019914079287275e+02 6.080374281212566245e+01 7.035586575025307354e+01
3.913448637353291815e+03 1.107534336248755693e+02 1.298254129106669552e+02 5.980674614330428795e+01 7.043259253562580113e+01
3.913880753802235176e+03 1.107768840041763951e+02 1.307061226368039684e+02 5.881289471435540861e+01 7.053293287487781527e+01
3.914311555985980249e+03 1.109140939211911814e+02 1.315598120045559369e+02 5.782581183102866618e+01 7.069313593640721649e+01
3.914719576538409910e+03 1.111622502872646123e+02 1.323294762475977109e+02 5.684128281106081459e+01 7.086763963365621066e+01
3.915141409885937264e+03 1.114890833002005479e+02 1.330939743824691277e+02 5.587596305386453110e+01 7.111828416039550405e+01
3.915569508815375229e+03 1.118423623546434555e+02 1.338627045527173038e+02 5.494517858023210266e+01 7.148223441624013219e+01
3.915979172429194932e+03 1.122391135624984457e+02 1.345001597871353738e+02 5.405241337914293354e+01 7.192875245781991111e+01
3.916403605445091216e+03 1.127903514368017142e+02 1.349617979130356673e+02 5.322547463155569858e+01 7.248688400146700417e+01
3.916846561753874084e+03 1.134751418745742910e+02 1.353634360386791684e+02 5.246783182544512414e+01 7.313834521681961576e+01
3.917278255664184599e+03 1.142069486703017702e+02 1.357413411341568121e+02 5.179871416909473680e+01 7.387579688952860124e+01
3.917710945019319752e+03 1.150108823988383193e+02 1.360558649424609428e+02 5.130231399446348206e+01 7.473564061244182710e+01
3.918131627079003920e+03 1.158495799625154916e+02 1.363086560324736638e+02 5.093394434154735251e+01 7.566531121664752391e+01
3.918537108806513515e+03 1.166871050548789270e+02 1.364770446063023428e+02 5.057223135123154378e+01 7.659759660022426431e+01
3.918977360774572389e+03 1.176060151986848439e+02 1.365498918154509340e+02 5.030770959032783196e+01 7.755518445845531517e+01
3.919443697302854616e+03 1.185762407318246829e+02 1.366201063054831479e+02 5.023453486061494289e+01 7.854998431605011433e+01
3.919889146953374166e+03 1.194762375813874371e+02 1.367518644445396490e+02 5.024275084160683491e+01 7.954995051205693812e+01
3.920324660596946615e+03 1.203023835461553119e+02 1.368208271124310329e+02 5.026150841741365127e+01 8.054969504050997386e+01
3.920771730164691235e+03 1.210452317691295718e+02 1.367109472904049596e+02 5.030328218825130904e+01 8.154877439623000157e+01
3.921233577474517006e+03 1.217153295189191624e+02 1.364529697732214686e+02 5.045302458452712813e+01 8.253099537469623215e+01
3.921696006993915944e+03 1.223902473691929060e+02 1.361123353729196310e+02 5.084447127904667241e+01 8.344121594525216778e+01
3.922155460777298686e+03 1.230612298125987820e+02 1.357038254334771352e+02 5.134962678984867068e+01 8.430381838892823509e+01
3.922626058441117493e+03 1.236738483494657572e+02 1.351879046291595330e+02 5.192568092895884035e+01 8.511096429223819371e+01
3.923123224989450136e+03 1.242588129629489799e+02 1.345434922982049102e+02 5.270221040215083974e+01 8.572529047434822758e+01
3.923644922119953662e+03 1.248030169867174521e+02 1.337856208760704817e+02 5.356083956983847827e+01 8.623782168716029162e+01
3.924154445586808833e+03 1.252650273944661024e+02 1.329848926464824501e+02 5.444112007773010475e+01 8.670917485405114178e+01
3.924618261503931990e+03 1.256264913286192808e+02 1.322174592872125345e+02 5.536640772438563118e+01 8.708499490204087579e+01
3.925060861645236400e+03 1.258568948632797486e+02 1.314448263380115520e+02 5.632084448072451721e+01 8.738147277692368675e+01
3.925487377398244462e+03 1.259831536678238990e+02 1.306582464578258111e+02 5.729661045957681154e+01 8.759395161274603936e+01
3.925896990495370574e+03 1.260734425654467543e+02 1.298836158212141356e+02 5.828367928227272898e+01 8.775423230568577537e+01
3.926331087697293697e+03 1.260519180839161208e+02 1.291066532041179187e+02 5.927521358816793651e+01 8.788019770722202395e+01
3.926785991190163713e+03 1.258716638035787554e+02 1.283508537655490898e+02 6.026758583884673470e+01 8.785193298476221457e+01
3.927250148787064973e+03 1.255992332330660304e+02 1.276531046937436855e+02 6.124538032820338884e+01 8.764990926106877112e+01
3.927763929578585248e+03 1.253100558006769631e+02 1.269937280414037843e+02 6.220576248472493575e+01 8.737222077407925269e+01
3.928300622673812541e+03 1.251021037439586649e+02 1.263480842497392018e+02 6.315297613008593203e+01 8.705229019327425988e+01
3.928838886392774839e+03 1.249172497131468589e+02 1.258695463315688272e+02 6.411440123158035931e+01 8.678678308568073874e+01
3.929458185327421234e+03 1.246502574221735244e+02 1.254010653850207575e+02 6.509858456778303548e+01 8.661113907498959463e+01
3.930186013271952106e+03 1.244338268783031367e+02 1.247951024185924211e+02 6.608985648036190241e+01 8.648136678651594877e+01
3.931067217322505712e+03 1.243611992329162774e+02 1.244161170853955269e+02 6.708711489868818489e+01 8.643430070317431557e+01
3.932313555774755969e+03 1.242837946868739465e+02 1.243787018782198288e+02 6.808653241140618206e+01 8.646192785916973378e+01
3.938923540974205480e+03 1.241781846054470435e+02 1.243637799083206943e+02 6.901906701500999475e+01 8.674298669937986972e+01
3.945942475158485195e+03 1.242194699776980968e+02 1.240914303208228375e+02 6.996775186536558522e+01 8.693404534524020733e+01
3.948942312809819668e+03 1.243726272130965640e+02 1.238023208670989419e+02 7.096283748482572662e+01 8.700773725318951790e+01
3.951259184998475121e+03 1.245159224636729505e+02 1.236553696593604883e+02 7.195965990424954839e+01 8.701595646913045812e+01
3.953358728108187279e+03 1.245762153319481058e+02 1.232916553368517327e+02 7.295167801204574687e+01 8.689820696196458982e+01
3.954910453317663269e+03 1.245025593998596349e+02 1.225929110452180169e+02 7.394771911225616634e+01 8.682009278099300786e+01
3.955977552073705283e+03 1.242187594173860248e+02 1.216988523427615831e+02 7.494672417306534840e+01 8.683552546156595042e+01
3.956803036487080135e+03 1.238257690003866713e+02 1.207926393338593840e+02 7.594196089752531975e+01 8.676641181054871765e+01
3.957608105925895870e+03 1.236345652238095880e+02 1.200323708771352926e+02 7.693907723395315656e+01 8.677675653552702784e+01
3.958437385334337250e+03 1.240273534797688058e+02 1.192243523217539121e+02 7.793864029022590501e+01 8.678899135780315532e+01
3.959327695334027339e+03 1.244597525196478927e+02 1.183716543108058232e+02 7.893302972546922547e+01 8.687837546350098705e+01
3.960243868559122802e+03 1.247243554354070199e+02 1.176679199379727692e+02 7.993087018313042336e+01 8.689702033019730720e+01
3.961315011636050258e+03 1.248071063931977278e+02 1.174225166799949562e+02 8.092603924566903117e+01 8.697599011022522575e+01
3.963832636447486038e+03 1.248305976216577164e+02 1.173479310409017558e+02 8.190284239493489338e+01 8.682778943094628232e+01
3.966626541335844649e+03 1.248486486484614488e+02 1.173167089086034593e+02 8.282621281748392050e+01 8.709448541115412468e+01
3.971745467741507127e+03 1.249723464555447521e+02 1.169904947517493667e+02 8.380269320389116672e+01 8.726682930549551998e+01
3.989633988075620891e+03 1.250456156595393793e+02 1.165851638171455846e+02 8.479009715585056028e+01 8.715171981133217116e+01
3.994055938984420663e+03 1.252439131108231294e+02 1.163919903033245475e+02 8.571046035120023987e+01 8.751470892080887154e+01
3.999347611857994252e+03 1.254899138373264975e+02 1.159908015534174694e+02 8.667181225322003968e+01 8.727719697333679960e+01
4.000525676860637304e+03 1.257949343186588749e+02 1.146183213040856543e+02 8.766501573682381832e+01 8.738623624472771212e+01
4.001171494729240749e+03 1.257168632643110300e+02 1.135813160983718006e+02 8.865533335875872467e+01 8.724742140411723312e+01
4.001753094463746493e+03 1.254653623817489319e+02 1.126258305805458235e+02 8.964370315263512623e+01 8.709553671889881343e+01
4.002301562842000294e+03 1.253097657661607514e+02 1.116867440096059880e+02 9.062084807309913970e+01 8.688376391141756017e+01
4.002877101166789544e+03 1.251875079678562344e+02 1.107916664999176817e+02 9.161733581451409236e+01 8.680031455739072044e+01
4.003471636939056225e+03 1.250982173591813051e+02 1.098790521050606372e+02 9.260870848620254492e+01 8.666932253516765172e+01
4.004032454880916248e+03 1.251174196060673154e+02 1.089927019533623707e+02 9.360379471643123850e+01 8.657031069550833990e+01
4.004601123160792667e+03 1.254245205846148821e+02 1.083411396920389791e+02 9.459883735771413171e+01 8.647133776984590270e+01
4.005210156812072000e+03 1.256869974628111919e+02 1.079734966328021244e+02 9.558604463395731443e+01 8.631345169641443249e+01
4.005929351479560410e+03 1.259947100051520010e+02 1.073933056086980713e+02 9.658558108237207307e+01 8.629935295636505543e+01
4.006816004087256715e+03 1.266512755175473899e+02 1.065449131500666056e+02 9.757470444931628606e+01 8.644439667057457655e+01
4.008776122518703687e+03 1.271406851511814295e+02 1.059634776735045563e+02 9.853356203309206762e+01 8.672801000478897038e+01
4.018401040106644814e+03 1.272151124509148730e+02 1.058118928875556293e+02 9.947559555663302433e+01 8.706030477295178116e+01
4.029212544815617548e+03 1.271446709001149031e+02 1.057549726731590169e+02 1.004665979589044440e+02 8.719414713257687310e+01
4.033040503122156224e+03 1.269171519551967009e+02 1.050561630765093355e+02 1.014549884283521237e+02 8.730811439917827954e+01
4.034828168180908506e+03 1.268471858367254441e+02 1.045593813889579025e+02 1.024019066425692728e+02 8.701729112931583643e+01
4.036128507956139401e+03 1.271219421013209256e+02 1.036279195197521119e+02 1.033661508703127510e+02 8.726260341025061962e+01
4.037127744119515683e+03 1.271976003450661494e+02 1.027319822913750897e+02 1.043553235662572263e+02 8.712607934680376331e+01
4.037926220412382918e+03 1.274035999467911040e+02 1.016361265082901468e+02 1.053527382228190135e+02 8.719732574444381612e+01
4.038629306598560561e+03 1.276655943556187793e+02 1.005988384410922833e+02 1.063521736643079123e+02 8.723003602378186372e+01
4.039299451709518962e+03 1.279073045520048026e+02 9.957160378957996727e+01 1.073521693640447552e+02 8.723233792326097102e+01
4.039925025220689349e+03 1.282410351766261272e+02 9.863459035747482062e+01 1.083521432606579680e+02 8.722646671246955918e+01
4.040487722427444169e+03 1.283755220164357809e+02 9.762090384331071391e+01 1.093518543515656489e+02 8.720814788482462632e+01
4.041060086426280577e+03 1.284145259107542358e+02 9.668854298333708641e+01 1.103508538183558585e+02 8.725230821584308671e+01
4.041583344653536642e+03 1.284793261335319983e+02 9.600098419774670333e+01 1.113450823352539061e+02 8.733986485815155731e+01
4.042139175505083131e+03 1.288342078467184706e+02 9.524745312102326977e+01 1.122916763283180615e+02 8.766215698023583514e+01
4.042735706038083208e+03 1.293814126806707350e+02 9.433137403291219414e+01 1.132302107592318094e+02 8.800117325584722039e+01
4.043281492573858031e+03 1.294953032742496646e+02 9.355582652836140767e+01 1.142252451515759049e+02 8.809830897695394469e+01
4.043812048827503077e+03 1.292987346171299521e+02 9.302885241418586304e+01 1.152241685253035826e+02 8.810215960650972988e+01
4.044376632087704820e+03 1.292933696069679286e+02 9.223337106898060256e+01 1.162089495057745836e+02 8.792988653242667851e+01
4.044975841534692336e+03 1.292481919255712342e+02 9.134030822650366588e+01 1.171739889594499573e+02 8.766884013517014296e+01
4.045575576936823836e+03 1.291166779863375496e+02 9.051133718038742870e+01 1.181065942931083583e+02 8.731199540307930818e+01
4.046139576694763036e+03 1.288576229138207054e+02 8.968637537225612277e+01 1.189462697291673834e+02 8.677053248201319491e+01
4.046716549658654003e+03 1.282904518541155880e+02 8.887032573971120542e+01 1.196904684305579281e+02 8.610311255786049855e+01
4.047282653162006227e+03 1.277451039916371798e+02 8.809465910351137552e+01 1.203726981506853519e+02 8.537241919407577484e+01
4.047796582388254137e+03 1.274857262592938980e+02 8.730828048195817814e+01 1.211291936300923169e+02 8.472158760388374787e+01
4.048293223846681030e+03 1.273864965393781432e+02 8.656202086500812243e+01 1.220157374969940207e+02 8.425929603799545475e+01
4.048804069420849828e+03 1.273245632759011983e+02 8.564583695974418731e+01 1.229292079398694710e+02 8.385241237288914817e+01
4.049334607026755293e+03 1.271891345519740923e+02 8.461931770121508123e+01 1.238363336685304290e+02 8.343156249227703825e+01
4.049824692053463878e+03 1.269659572267797927e+02 8.379713044970191049e+01 1.247373221060702235e+02 8.299795827083958955e+01
4.050284176681118424e+03 1.268158876366602499e+02 8.304552953825418626e+01 1.256180884660169568e+02 8.252479340995439827e+01
4.050794495672309040e+03 1.267496433884069802e+02 8.223127234388134355e+01 1.265311966010094409e+02 8.211790461892707071e+01
4.051337434939022842e+03 1.269572668491411491e+02 8.140190436395327822e+01 1.274788120139045020e+02 8.179890997754503701e+01
4.051842818674941100e+03 1.270205196377245755e+02 8.094545719932763461e+01 1.284428955929237191e+02 8.153331624347224249e+01
4.052377208014763255e+03 1.268185004495952484e+02 8.119960806678192000e+01 1.294001322331939150e+02 8.124837642858247477e+01
4.052931957941638302e+03 1.268077524432490009e+02 8.041513578036156673e+01 1.302964653363899856e+02 8.080499575408849466e+01
4.053471488172213412e+03 1.266406677855495957e+02 7.961892634878378772e+01 1.311966390308217569e+02 8.037006680105830014e+01
4.053978661979087974e+03 1.261718000899153225e+02 7.911469400865446744e+01 1.321225751073796175e+02 7.999469105804907088e+01
4.054514200277520104e+03 1.256433388934372033e+02 7.857697986421825931e+01 1.329843605626902843e+02 7.948793114865064524e+01
4.055128474443479718e+03 1.247281516752832005e+02 7.826617132382246211e+01 1.338019395970292180e+02 7.891242434967412578e+01
4.055784802916870831e+03 1.240501251580689086e+02 7.808040509323416245e+01 1.345481344709948246e+02 7.825972005595409087e+01
4.056535523908328287e+03 1.239167151440267531e+02 7.829076413226522391e+01 1.349617852102946642e+02 7.735156543291313369e+01
4.058020768687060809e+03 1.239719258652984450e+02 7.892136996556244810e+01 1.351022652863336191e+02 7.637750315762690434e+01
4.069076548852453925e+03 1.234953604380395689e+02 7.950238805891697780e+01 1.356655545488213477e+02 7.607592726086149071e+01
4.331064900577925073e+03 1.260411180394320354e+02 8.142058448693981632e+01 1.365756063263360716e+02 7.643610250021401953e+01
4.357693148558258144e+03 1.259799449887698586e+02 8.270265656221660322e+01 1.363203142238177747e+02 7.702822375406972810e+01
4.359084332381897184e+03 1.262566441676976154e+02 8.335874140071359761e+01 1.356072226686073066e+02 7.772824201874603034e+01
4.360201319002070704e+03 1.263977431507665870e+02 8.405892813415789533e+01 1.347156114699954514e+02 7.815108872433863496e+01
4.361173080477736221e+03 1.262530888302829197e+02 8.472461664214135624e+01 1.337285173180749780e+02 7.823317054853612262e+01
4.364790604391719171e+03 1.262095461804215546e+02 8.485133351170453864e+01 1.327558947956516704e+02 7.802807771869967723e+01
4.372287862297253014e+03 1.261489904063920449e+02 8.490659478723767961e+01 1.321116514098514756e+02 7.866087593685099932e+01
