# ts_seconds,x,y,gt_x,gt_y
9.829416338097267669e+01 1.694160490894088866e+02 6.970802967591262700e+01 1.694160490894088866e+02 6.970802967591262700e+01
1.061920662094552910e+02 1.690504598763143633e+02 7.125437760452355462e+01 1.687633923035878638e+02 6.897458352936909876e+01
1.071331175679972318e+02 1.688957625616331484e+02 7.204871272817391059e+01 1.678213079504787970e+02 6.864132125703703480e+01
1.097594198145757360e+02 1.687968168366939494e+02 7.284491360190357057e+01 1.668470403748538331e+02 6.842951812032879388e+01
1.109735935170962193e+02 1.688397125422845022e+02 7.420870826399428211e+01 1.658482530381333504e+02 6.842738252884451811e+01
1.115692892841939710e+02 1.688906403929181579e+02 7.538016839943881564e+01 1.648549778008465694e+02 6.851622826570583413e+01
1.121037312442387162e+02 1.689690388321260457e+02 7.642331781654139888e+01 1.638610107161483143e+02 6.846101214964615167e+01
1.126011190210994215e+02 1.689629334845405708e+02 7.739983995613276591e+01 1.628745653133168503e+02 6.860721571642592664e+01
1.131435309388239148e+02 1.689630385422321979e+02 7.841175576838226391e+01 1.618750812021677916e+02 6.857880548302368595e+01
1.138454244301568679e+02 1.690530642660340561e+02 7.913868553366958736e+01 1.608764684263735774e+02 6.860539623401842846e+01
1.153417056201848112e+02 1.690914900285699218e+02 8.006177075854543546e+01 1.598864481087085210e+02 6.874595340171882185e+01
1.160957054963820383e+02 1.693249224216389450e+02 8.138342588519077481e+01 1.589060131426546718e+02 6.893451375935269709e+01
1.165382759496832108e+02 1.694008735083968702e+02 8.239092715425837810e+01 1.579492257541113531e+02 6.921305848640133718e+01
1.169141978719717088e+02 1.695035456964403693e+02 8.336005347393259513e+01 1.569559009355756132e+02 6.932416117872753603e+01
1.172681113675998716e+02 1.696158734971934052e+02 8.432011077507080188e+01 1.559733402432299840e+02 6.950957288169108494e+01
1.175971665377408044e+02 1.697781898786414558e+02 8.519126305853410486e+01 1.549942138468684050e+02 6.970993012779722164e+01
1.179379504891775952e+02 1.700280025695070094e+02 8.606664951577067768e+01 1.540059092725693404e+02 6.985615316646475037e+01
1.182797943854680085e+02 1.703451520673083621e+02 8.692814266433424564e+01 1.530435676284886313e+02 7.012143200366979556e+01
1.186056593913669417e+02 1.707163547858572770e+02 8.773724063283871999e+01 1.521220433476244693e+02 7.050972909484769957e+01
1.189470265540146698e+02 1.711451758265171748e+02 8.857090115757029025e+01 1.512058933813098918e+02 7.091045666944721404e+01
1.192653401584063886e+02 1.715263770129697605e+02 8.934702030856482224e+01 1.503081378431763540e+02 7.134853169023423902e+01
1.195759986367705494e+02 1.718311020314442317e+02 9.014024662469748250e+01 1.494549565119543786e+02 7.187009401135888709e+01
1.198789152011468957e+02 1.721605855158945815e+02 9.093915396259355077e+01 1.485897205616654730e+02 7.237116529546327115e+01
1.201851768047902880e+02 1.725443633631443276e+02 9.170017018092401884e+01 1.477154437755369258e+02 7.285523459412306124e+01
1.205036450276496112e+02 1.729407914612914112e+02 9.248238270290657681e+01 1.468859283186903610e+02 7.341334344745294516e+01
1.208166869425152612e+02 1.733360838966973745e+02 9.325025077936484763e+01 1.460682865506402948e+02 7.398696194723110864e+01
1.211454523943458383e+02 1.737494898993108166e+02 9.407853514519695182e+01 1.451914156825403381e+02 7.446743438180611463e+01
1.214636565716528622e+02 1.741108283987317975e+02 9.488881544460313933e+01 1.443044100080617795e+02 7.492865158484612209e+01
1.217859344685181640e+02 1.745413515487037159e+02 9.568196291182991331e+01 1.434326455233172908e+02 7.541762020563011504e+01
1.221197928154173553e+02 1.750756092741122814e+02 9.647064907933673794e+01 1.425256877748602449e+02 7.583789341251419103e+01
1.224479972621734731e+02 1.755448395240178172e+02 9.726056442964006976e+01 1.416040070918343474e+02 7.622355962912165239e+01
1.227831771271262227e+02 1.759605339215192430e+02 9.807939369602040358e+01 1.407171913586367111e+02 7.668566425145628784e+01
1.231060678212105870e+02 1.763705455845464485e+02 9.885652168455335698e+01 1.398172388646827642e+02 7.711916743992037482e+01
1.234324162366748681e+02 1.768045235394826307e+02 9.962344151951126037e+01 1.388830380817908861e+02 7.747541387018617343e+01
1.237581109690669194e+02 1.771896394059103841e+02 1.004052401327616337e+02 1.379611596181640323e+02 7.786277810502186014e+01
1.240710958297574535e+02 1.775042662459599683e+02 1.011866669909732366e+02 1.370236441578338429e+02 7.820637273040098592e+01
1.243976295084712547e+02 1.778338628741711318e+02 1.020124825726215221e+02 1.360529889572758862e+02 7.844683829332753078e+01
1.247059907308723581e+02 1.781397507384966730e+02 1.028062666624073671e+02 1.350878471974115484e+02 7.870668347462172676e+01
1.250237290837061437e+02 1.784273043890230781e+02 1.036333962209040607e+02 1.341376531772559417e+02 7.901785936146779932e+01
1.253506220238573547e+02 1.787803264010529460e+02 1.044703445541824607e+02 1.331742375256086177e+02 7.928487803950189061e+01
1.256632006386544731e+02 1.791790653062441265e+02 1.052500669756051082e+02 1.322054096162594874e+02 7.952884677112940892e+01
1.259871154729921869e+02 1.795726798271949747e+02 1.060547516304782647e+02 1.312640467529454043e+02 7.986543765050735999e+01
1.263066030602014109e+02 1.799044954898318167e+02 1.068562426206198097e+02 1.303327034631899437e+02 8.022792399506067795e+01
1.266316981650841029e+02 1.802614089876776688e+02 1.076557230641712692e+02 1.293827635966454466e+02 8.053930154388106644e+01
1.269560323135494571e+02 1.806741637215830565e+02 1.084315489522738005e+02 1.284602120364416749e+02 8.092185508798890226e+01
1.272964004902032542e+02 1.811161888393451136e+02 1.092281118573179413e+02 1.275684952424698508e+02 8.137249299383815071e+01
1.276541453803791057e+02 1.815111529870228537e+02 1.100684711894260488e+02 1.266402964747117466e+02 8.174437077135638674e+01
1.280023796943298180e+02 1.818365950410470475e+02 1.108741221767829188e+02 1.257127960739742747e+02 8.211561376345703422e+01
1.283678326996001715e+02 1.821622728298560219e+02 1.117008838167074600e+02 1.248110628635146782e+02 8.254664708448778754e+01
1.287432135375609619e+02 1.824893375398704052e+02 1.125243650354002654e+02 1.238766860062944346e+02 8.290067915226960338e+01
1.291174349335234126e+02 1.827995358049650747e+02 1.133321440545985723e+02 1.229270135525798651e+02 8.320995003055719508e+01
1.295068927947343127e+02 1.830987048634559073e+02 1.141582397161492821e+02 1.220056060882887152e+02 8.359828617798005723e+01
1.299053669550753227e+02 1.833299793580144978e+02 1.149934851919038437e+02 1.210664340216380452e+02 8.393877798026288417e+01
1.303096758659187628e+02 1.834730392846533107e+02 1.158301112490080556e+02 1.201084858248395193e+02 8.422294241872673126e+01
1.307171903698590540e+02 1.836059368166012860e+02 1.166231069144452022e+02 1.191701220528291856e+02 8.456832490654912249e+01
1.311123258379005279e+02 1.838701038269106505e+02 1.173435968295891598e+02 1.182210554681203831e+02 8.488307735965477718e+01
1.315031727075548531e+02 1.842575714955751494e+02 1.180842594897193436e+02 1.172739864644613874e+02 8.520016537088655184e+01
1.318964414814282406e+02 1.846007439940046027e+02 1.189102840552369145e+02 1.163484632505451373e+02 8.557605595626269235e+01
1.322772434934475143e+02 1.848209819812698811e+02 1.197979411818151618e+02 1.153864540539308621e+02 8.584249466411570495e+01
1.326430843975545599e+02 1.849660344841071264e+02 1.206947493705595917e+02 1.144020642778061614e+02 8.601773193366803127e+01
1.330139851081892459e+02 1.850750364965243477e+02 1.216027050794190814e+02 1.134193921699490915e+02 8.619908483040694591e+01
1.333927297973823443e+02 1.851078887477613648e+02 1.224946384426231702e+02 1.124244901163947077e+02 8.627764393704850931e+01
1.337845968962218706e+02 1.849691695049619398e+02 1.234140854542574885e+02 1.114248974244744090e+02 8.626387164808750185e+01
1.341820412108097287e+02 1.847227739899002188e+02 1.243155574253477340e+02 1.104253750749847853e+02 8.627547377215631741e+01
1.345620284919836536e+02 1.845459434476337890e+02 1.251353181203565583e+02 1.094281765100480470e+02 8.621354686646000687e+01
1.349554953164255835e+02 1.844685241416697181e+02 1.259926575326651488e+02 1.084346102986103233e+02 8.611206898837900781e+01
1.353731772178344670e+02 1.843939766561085776e+02 1.268661249182959239e+02 1.074349616573717867e+02 8.608765798370868083e+01
1.358036172786183045e+02 1.843612602082344836e+02 1.277317842322030117e+02 1.064370993257371936e+02 8.602877361002958878e+01
1.362634925028389148e+02 1.844035565041623954e+02 1.285904491209356877e+02 1.054413359652658073e+02 8.596575801504614844e+01
1.373583825845229285e+02 1.844298644850550772e+02 1.292565282379798646e+02 1.044421553967776788e+02 8.600569254257520413e+01
1.402971632384316365e+02 1.845089199527896540e+02 1.299287838538277242e+02 1.034466908117609734e+02 8.607538461405276564e+01
1.431927336006641553e+02 1.846848210828876233e+02 1.310954872345126034e+02 1.024576243364843577e+02 8.618484740716681358e+01
1.441426904497212149e+02 1.848034616875616223e+02 1.320728648191329455e+02 1.014590821247782486e+02 8.617658570086054226e+01
1.569035310658969138e+02 1.848196006745080808e+02 1.325736804031708687e+02 1.005011536816688817e+02 8.606731899835968136e+01
1.835934598997471880e+02 1.844778874236547210e+02 1.331819175062269949e+02 9.954975159652644834e+01 8.579095580044530323e+01
1.878529782943363386e+02 1.844096087722411710e+02 1.323188660140650939e+02 1.003528166321877961e+02 8.566847110231348950e+01
1.893610551776103819e+02 1.845910515497579922e+02 1.316932337667167872e+02 1.012940052794818655e+02 8.533575591892143564e+01
2.005626225133025855e+02 1.845362455297012332e+02 1.309765077359830343e+02 1.022444298587680578e+02 8.502496996127518969e+01
2.141923508876270148e+02 1.850039371042420271e+02 1.300207774363447015e+02 1.032412705004185796e+02 8.498799505152454969e+01
2.210671374070483353e+02 1.851602502222263809e+02 1.291676173042921789e+02 1.042409767759260859e+02 8.501102940930992702e+01
2.446827138824546921e+02 1.855919970646776562e+02 1.312029471609265556e+02 1.032905282548650518e+02 8.528750612612657278e+01
2.452403066778205982e+02 1.857984064152964550e+02 1.322373668476741670e+02 1.023324438667560230e+02 8.557279438799092475e+01
2.457552425980591124e+02 1.859951927864565846e+02 1.333726129930071806e+02 1.013549264053201142e+02 8.577641494263296806e+01
2.462198763769117704e+02 1.862103037312091942e+02 1.344689541137498736e+02 1.003627498090719286e+02 8.588460678254715219e+01
2.466272796643316383e+02 1.863622083466309221e+02 1.354311963698953605e+02 9.939062917858252888e+01 8.611675720131566436e+01
2.470579785924078635e+02 1.865153060368180320e+02 1.364767701957993040e+02 9.840166619141523086e+01 8.625963730599391965e+01
2.474689821988802123e+02 1.866087860129851492e+02 1.375299451073888974e+02 9.740507100681689678e+01 8.633350529915408345e+01
2.478385501424143058e+02 1.866184492024182475e+02 1.384921283128889513e+02 9.641489548831154366e+01 8.646174126518110370e+01
2.482357152950903298e+02 1.866148993938542731e+02 1.395251326452118406e+02 9.541624238280250836e+01 8.644590428445641805e+01
2.486388507274803601e+02 1.866036688834554127e+02 1.405254449300953752e+02 9.442250091805986756e+01 8.635189357224231799e+01
2.490362458426584453e+02 1.865289617500023098e+02 1.414287068646113141e+02 9.342318336008335677e+01 8.637304237568878307e+01
2.494861284069625071e+02 1.863940113507333933e+02 1.424529079947150763e+02 9.242925013181631755e+01 8.629404469777060172e+01
2.499043229004090563e+02 1.862789376371075605e+02 1.434647882086876507e+02 9.145334467653061949e+01 8.608558692756118091e+01
2.502805512729695749e+02 1.861820795762525336e+02 1.443966690969814408e+02 9.045580713208605061e+01 8.601682726904427057e+01
2.506797212665546510e+02 1.861288707388223713e+02 1.454122638385569246e+02 8.945831904065066453e+01 8.595768770102711187e+01
2.510644203104938299e+02 1.861119352714815136e+02 1.464057877472463929e+02 8.846620224378605712e+01 8.584692591729543665e+01
2.514339763583167553e+02 1.861281401720989095e+02 1.473738539761712616e+02 8.746751146512066555e+01 8.587677048344620800e+01
2.517957725943217326e+02 1.861792316172263497e+02 1.483608522896084310e+02 8.647279474062419524e+01 8.596808483724149141e+01
2.521348405927815861e+02 1.862325901144484703e+02 1.493174343286088401e+02 8.547282476015244868e+01 8.596794444403697355e+01
2.524816678822347171e+02 1.862717123041734055e+02 1.502862382787371018e+02 8.447438508761710807e+01 8.600436238573126957e+01
2.528109643626205809e+02 1.862567332562502145e+02 1.511836800237765601e+02 8.348061480181628724e+01 8.611209317588279077e+01
2.531723229984217767e+02 1.862373923938178848e+02 1.521964624603570542e+02 8.248188333010021722e+01 8.614254063739841172e+01
2.535220380414920385e+02 1.862304949653485551e+02 1.532049582737506910e+02 8.148331808463960613e+01 8.611523262754069208e+01
2.538621161015485939e+02 1.862179445787910765e+02 1.541754866754335183e+02 8.048542100539684441e+01 8.618004675885549659e+01
2.542325030519266420e+02 1.861978561956755414e+02 1.552232068017858069e+02 7.948722249391563821e+01 8.622184298668859981e+01
2.545949953629155971e+02 1.861949050435734136e+02 1.562525640335475146e+02 7.848815356588140446e+01 8.619431025249116374e+01
2.549604250978346727e+02 1.861939203138478263e+02 1.572746906279588757e+02 7.748934104530698619e+01 8.624059378680911436e+01
2.553249824920562787e+02 1.861849123853449726e+02 1.582614822085822937e+02 7.649226429030636609e+01 8.628618537592771531e+01
2.556812167340646340e+02 1.861789966018969267e+02 1.592171114300290071e+02 7.549460852803936461e+01 8.622205153333067074e+01
2.560530141677709253e+02 1.861446935475414648e+02 1.602151760675357650e+02 7.449568558897551895e+01 8.622830449222401228e+01
2.564180937554788215e+02 1.860984294828085410e+02 1.611853988958569062e+02 7.349974146193501667e+01 8.629357119191938352e+01
2.567819502091396089e+02 1.860932400157052768e+02 1.621840885173369600e+02 7.250129244011654350e+01 8.623791843832063364e+01
2.571472571662447990e+02 1.861009887994224243e+02 1.631956565100560965e+02 7.150359667971288502e+01 8.621854824694617037e+01
2.574856282057365888e+02 1.860601005691491423e+02 1.641196681137805058e+02 7.050856980209107405e+01 8.631637856585474822e+01
2.578410096937461162e+02 1.860125268521072144e+02 1.651259966658553253e+02 6.951024644870362579e+01 8.635645321706772393e+01
2.581774787216742766e+02 1.859716172178609099e+02 1.661095516811583650e+02 6.851107871828797613e+01 8.633277067157817442e+01
2.585071483806456740e+02 1.859434641723346431e+02 1.670661916465524541e+02 6.751199791119171323e+01 8.637544077594969849e+01
2.588414160844056937e+02 1.859225127458155953e+02 1.680208727843048848e+02 6.651359439320637534e+01 8.639955000606455826e+01
2.591637747949450272e+02 1.859178762658760320e+02 1.689270903160342243e+02 6.551584469329537797e+01 8.633568964931548351e+01
2.595052991966977629e+02 1.858932748764626126e+02 1.698833403564232754e+02 6.451692094729206417e+01 8.633520236747366994e+01
2.598305294081285410e+02 1.857712060991767089e+02 1.707870747420433020e+02 6.352002958197238058e+01 8.640761883877561900e+01
2.601940823737811002e+02 1.856042057211355711e+02 1.718423782630141261e+02 6.252210163048044933e+01 8.638855655898672126e+01
2.605316222736378222e+02 1.854453404138061501e+02 1.728591550190884618e+02 6.153012769770138135e+01 8.626428800722847257e+01
2.608502274767117228e+02 1.852847409737627231e+02 1.738106877386987890e+02 6.053351807031030063e+01 8.618211517428224511e+01
2.611709640577250298e+02 1.851414520102558185e+02 1.747568242318860712e+02 5.953974473462516670e+01 8.607542257653580009e+01
2.614814694597653784e+02 1.849866675501929478e+02 1.756670679064197884e+02 5.855271040770866620e+01 8.591555622968522243e+01
2.618212184547339234e+02 1.847420513381581770e+02 1.766425392385766315e+02 5.756096688763478397e+01 8.578767709901393346e+01
2.621383462603852763e+02 1.844036857491287549e+02 1.774982535107215540e+02 5.657306595382984682e+01 8.564565772163965107e+01
2.624821168616551859e+02 1.839708466181396886e+02 1.783930917131645231e+02 5.561989817575267381e+01 8.535176291311968555e+01
2.628272153772139177e+02 1.834360367719802127e+02 1.792333197552098625e+02 5.471363375219869596e+01 8.492906803601781007e+01
2.631645283279676732e+02 1.827832351573579786e+02 1.799627584718039088e+02 5.383115250458715906e+01 8.446502124531259881e+01
2.635278601748177039e+02 1.819654318790976788e+02 1.806250553527715681e+02 5.305935948715557515e+01 8.383723145105717833e+01
2.638683216561046834e+02 1.810809546751814878e+02 1.811030742120271100e+02 5.243437617480137902e+01 8.305768122499590334e+01
2.642053862537684950e+02 1.801119363192743776e+02 1.814183392994990527e+02 5.188794011928013106e+01 8.222105859998089272e+01
2.645311769117051313e+02 1.791360238034055783e+02 1.816202435586108948e+02 5.145139669833234564e+01 8.132682464387562504e+01
2.648567275054826951e+02 1.781646186255062219e+02 1.818043031102594682e+02 5.119483180718232518e+01 8.036050050521478738e+01
2.651916681144269319e+02 1.771594902387363675e+02 1.819370319507953866e+02 5.095259556022374170e+01 7.939110772486354506e+01
2.655135977698625425e+02 1.762072468610668636e+02 1.820021517635913426e+02 5.066689324731124344e+01 7.843419584508936282e+01
2.658767514065822866e+02 1.751253179222910319e+02 1.820654506629731486e+02 5.050288051477649276e+01 7.744924736696336254e+01
2.662265211654578820e+02 1.740888289216014186e+02 1.820380803386752575e+02 5.041471344349044870e+01 7.645405356179107059e+01
2.665729318700593353e+02 1.730915160867593272e+02 1.818993848424368025e+02 5.027854788416948395e+01 7.546482734327396713e+01
2.669526056813893433e+02 1.720098804374720771e+02 1.816874390458383175e+02 5.028051622122764286e+01 7.446756673266197879e+01
2.673148654747431010e+02 1.710261832886007767e+02 1.813695403289116257e+02 5.041388263279291948e+01 7.347651416037817285e+01
2.676748526244133473e+02 1.702236292264738324e+02 1.808271439001879628e+02 5.058157461092697815e+01 7.249404590578218688e+01
2.680755923596551611e+02 1.695364143850383982e+02 1.800242622641765422e+02 5.097361333957832130e+01 7.158926165543059028e+01
2.684455159402302229e+02 1.689948934284923894e+02 1.791760237590945053e+02 5.164920696692436053e+01 7.085410597960887458e+01
2.687825102313257730e+02 1.686395872935999591e+02 1.782955168957729768e+02 5.241014159850545440e+01 7.020659897149575102e+01
2.691182501156933995e+02 1.684293499501067686e+02 1.773693328308163188e+02 5.325081440486962236e+01 6.968057216562179690e+01
2.694727518774079726e+02 1.682997189830317950e+02 1.763950458673288040e+02 5.420559056991761082e+01 6.938918880308445125e+01
2.698195589078808894e+02 1.682419707012753918e+02 1.754487950850270011e+02 5.518461188696125674e+01 6.918651160147418011e+01
2.701575963503424873e+02 1.682620479395333177e+02 1.745305678576275739e+02 5.616176557500438093e+01 6.898375683440833939e+01
2.705358548515522443e+02 1.682852318123583473e+02 1.734801183266579869e+02 5.715846469760465709e+01 6.891969342293400302e+01
2.708918020111301530e+02 1.682738358518593600e+02 1.725033859796018021e+02 5.815611293266839255e+01 6.890467737246100910e+01
2.712361540581347299e+02 1.682800029438073466e+02 1.715881154526576040e+02 5.914742871245481126e+01 6.877317543095566066e+01
2.716031036524678939e+02 1.682854347318667010e+02 1.706095859229612302e+02 6.014096475431739464e+01 6.867757648743933885e+01
2.719673325545541616e+02 1.682574700522888520e+02 1.696024052542470315e+02 6.113928894673159675e+01 6.865750053057966795e+01
2.723420284788551271e+02 1.682225604861681063e+02 1.685632405928189996e+02 6.213009425394502472e+01 6.852567676496254023e+01
2.727050085587720787e+02 1.682100924224724565e+02 1.675781400247300041e+02 6.311700610045945581e+01 6.837666857407845100e+01
2.730699063067121983e+02 1.682209248946641083e+02 1.665877036250222147e+02 6.411566073433935742e+01 6.832656011740235158e+01
2.734420679024401579e+02 1.682783535828349670e+02 1.655633330854385576e+02 6.511182796662718886e+01 6.824153786324029625e+01
2.738017922745711985e+02 1.683889364200906300e+02 1.645692586918910933e+02 6.610629217617444908e+01 6.815646472830761127e+01
2.741758947841623808e+02 1.684879851276446345e+02 1.635366421979044844e+02 6.710605364746096768e+01 6.817830475981590155e+01
2.745492674253500809e+02 1.685666348686469576e+02 1.624986712353324947e+02 6.810536184804377058e+01 6.817850691601628910e+01
2.749084179048311967e+02 1.686450766370757037e+02 1.615204171279951879e+02 6.910378509307719241e+01 6.813375728024638533e+01
2.752905206867246761e+02 1.686749358810170918e+02 1.604751906894879880e+02 7.010369722289786409e+01 6.814693977799636571e+01
2.756680260607975583e+02 1.686764773616804121e+02 1.594536111350336398e+02 7.110226143298132229e+01 6.812867602057565364e+01
2.760302170355183193e+02 1.687386396234738299e+02 1.584952249428884556e+02 7.209802840521666667e+01 6.804449064382522749e+01
2.764214312536784632e+02 1.688388540046123296e+02 1.574585826581416939e+02 7.309702959554395818e+01 6.804969450748696147e+01
2.767830364805907379e+02 1.689646098998331922e+02 1.565027254760149731e+02 7.409410766699377859e+01 6.809707713656165140e+01
2.771297681927646295e+02 1.691129411456116713e+02 1.556079030287257581e+02 7.509253354945587944e+01 6.806877470923228657e+01
2.775357961234773825e+02 1.692551810907726235e+02 1.545512563900991836e+02 7.608482733891995053e+01 6.816726618934849569e+01
2.779147105044267505e+02 1.693384636405714616e+02 1.535454815125701771e+02 7.706520794584021417e+01 6.834231533760605259e+01
2.782753573150770876e+02 1.694774916650371495e+02 1.525848647895053602e+02 7.806490989386121271e+01 6.836585309696026513e+01
2.786504765055956909e+02 1.696735218647471584e+02 1.515895925346685260e+02 7.906070801177233420e+01 6.843511536589629429e+01
2.790039767304052702e+02 1.698467848337825217e+02 1.506351658512801635e+02 8.004868121765713340e+01 6.858479308721533130e+01
2.793561123225234724e+02 1.700197132925726464e+02 1.496596285687119803e+02 8.104601523117072759e+01 6.865277038532089193e+01
2.796960181841845952e+02 1.701892576736008209e+02 1.487311266723572771e+02 8.204178894954144141e+01 6.871440940630873229e+01
2.800403710448520656e+02 1.703314324375750175e+02 1.478025151233871952e+02 8.302786170132040411e+01 6.887898420780709330e+01
2.803886839404316333e+02 1.704514428008763502e+02 1.468753117968848585e+02 8.402211269301318453e+01 6.897267407773462367e+01
2.807292185936330497e+02 1.705428789818359689e+02 1.460025470937159469e+02 8.502177145532516533e+01 6.898908618679125482e+01
2.811230583667098699e+02 1.705988086082272446e+02 1.450116934973715956e+02 8.601935429044222303e+01 6.905432494421687295e+01
2.815144612836108990e+02 1.706553035953908761e+02 1.440723774008166060e+02 8.701341981397628444e+01 6.910457290910082406e+01
2.819201238880726237e+02 1.707865156946445779e+02 1.431331736308925713e+02 8.800832658282396892e+01 6.901240787925101472e+01
2.823873516245288897e+02 1.709923866445974738e+02 1.420305853417291075e+02 8.900411125739297802e+01 6.904083628529205896e+01
2.828142613248290331e+02 1.711925032162180571e+02 1.410030945388890302e+02 8.999216413385875057e+01 6.917662788215316994e+01
2.832269559327687034e+02 1.714080610266988458e+02 1.400147216742489888e+02 9.099166890223777671e+01 6.919991923399533107e+01
2.836591121346957038e+02 1.715585133909453077e+02 1.389169382278232661e+02 9.198766482715154780e+01 6.928115996313863434e+01
2.840478727665919791e+02 1.716363370147792295e+02 1.378984961314094448e+02 9.297846624415296901e+01 6.936400995829212945e+01
2.844257939240349060e+02 1.717117332476904608e+02 1.369392523120323233e+02 9.397452189578207538e+01 6.928073767680794504e+01
2.848437840846181643e+02 1.717718865931718426e+02 1.359141360528997495e+02 9.497192151205365462e+01 6.929144208136123950e+01
2.852424896639220151e+02 1.718193865340368518e+02 1.349836942015506054e+02 9.596375191650787428e+01 6.936297451818641946e+01
2.856654324499866107e+02 1.719078478641546042e+02 1.341272410765427594e+02 9.695922802333197410e+01 6.928257724559068720e+01
2.861786240481008576e+02 1.720233750654873575e+02 1.332478850608789571e+02 9.795617486314351652e+01 6.932649935783668127e+01
2.867255379488545941e+02 1.720524134026808554e+02 1.324328598044063199e+02 9.894180520072373497e+01 6.938901379152491700e+01
2.873719742695829495e+02 1.721195472832561961e+02 1.317057366777968355e+02 9.992488909864816549e+01 6.925961112809596898e+01
2.882812327689080121e+02 1.722185435401694633e+02 1.307943646500209240e+02 1.009098545770656159e+02 6.924849015004062380e+01
2.891326253935302475e+02 1.723437057316928929e+02 1.296979462337866948e+02 1.018701517085886223e+02 6.908732971923613775e+01
2.897307917704582110e+02 1.724227822116695847e+02 1.286724826197295499e+02 1.028534314872438813e+02 6.924263840665619796e+01
2.902551049973764634e+02 1.724792026403410716e+02 1.276217504175862700e+02 1.038499620412420370e+02 6.919953696668964938e+01
2.907219229552354136e+02 1.726303105563386566e+02 1.266046795439480661e+02 1.048376698935779103e+02 6.912641722755199680e+01
2.911275662917609566e+02 1.727454916063726671e+02 1.256164314551920000e+02 1.058295293782020963e+02 6.923937842237728546e+01
2.915202881384930720e+02 1.728726229891669561e+02 1.246252961428476169e+02 1.068271003567572706e+02 6.921703971840564407e+01
2.918855266882710566e+02 1.729510189777230380e+02 1.237012296033508960e+02 1.078207752286333942e+02 6.914093565005401842e+01
2.922487307319301522e+02 1.729734911394141932e+02 1.227422136206458703e+02 1.088196530462983986e+02 6.918392599224027606e+01
2.926116273368112957e+02 1.730018072339250352e+02 1.217519709205998879e+02 1.098165441910659723e+02 6.915043304231552668e+01
2.929625318945251138e+02 1.730347087148706180e+02 1.208018423704116486e+02 1.108086699668041888e+02 6.903606688803066049e+01
2.933267709430202785e+02 1.730711902421412276e+02 1.198286863354104952e+02 1.118082580508346098e+02 6.901042763776790423e+01
2.936863570234149847e+02 1.731615242188566981e+02 1.188891003243144837e+02 1.128047875111152933e+02 6.896230185420290582e+01
2.940635124010568120e+02 1.733302102872674766e+02 1.179371456210687654e+02 1.137961876782721617e+02 6.885248556724364732e+01
2.944768336263801984e+02 1.735679048708396977e+02 1.169210362612689522e+02 1.147930189161769050e+02 6.889650011304368604e+01
2.948632247183663821e+02 1.738553412897123849e+02 1.159816666981566868e+02 1.157852708381090707e+02 6.900006273027730685e+01
2.952388418649921391e+02 1.742293926735000014e+02 1.150773255764767526e+02 1.167804664714443845e+02 6.905069597975337103e+01
2.956238918824943767e+02 1.746820302744989135e+02 1.141686106152494204e+02 1.177492639329240234e+02 6.928367306659858116e+01
2.959855596467407963e+02 1.751887969688564795e+02 1.133668417077416137e+02 1.186874873214495523e+02 6.962902279817346596e+01
2.963406332585037717e+02 1.758047748693728067e+02 1.126848450273359390e+02 1.196272274978418722e+02 6.996832320274899075e+01
2.967134776633129150e+02 1.765305526698921312e+02 1.120779033599711880e+02 1.204980821382167164e+02 7.044181744191162409e+01
2.970808988374493538e+02 1.772734617040949843e+02 1.115406468473285031e+02 1.212471819688861103e+02 7.110330029907250093e+01
2.974668887837840998e+02 1.780762559480480718e+02 1.110717795430419983e+02 1.219577167163887452e+02 7.180695134141562619e+01
2.978743726234391715e+02 1.789441782811450707e+02 1.106885267943122813e+02 1.226062963746565231e+02 7.256006252068209506e+01
2.983094257807398435e+02 1.798923309717619929e+02 1.103316400894050560e+02 1.231010662973932597e+02 7.342818174745863757e+01
2.987274163232316369e+02 1.808374420326813095e+02 1.100800666672381709e+02 1.235573783406770048e+02 7.431769777220193873e+01
2.991390261499387293e+02 1.817765882831582758e+02 1.099498255360633010e+02 1.239742283317476108e+02 7.521966395782116876e+01
2.995714581031835451e+02 1.827887608133236199e+02 1.098868996286332873e+02 1.242011636166246831e+02 7.619212928932822138e+01
2.999784981090774636e+02 1.837418589405490366e+02 1.099092371414350424e+02 1.243720811447290231e+02 7.717692697862037221e+01
3.003904710275674574e+02 1.846607885884807558e+02 1.100151937249565037e+02 1.245261604756446161e+02 7.816077601461221036e+01
3.008476982460447857e+02 1.856481899314073587e+02 1.101940380345529036e+02 1.245242741182967734e+02 7.916018428216014513e+01
3.013027125721636708e+02 1.866073900990786285e+02 1.104295118746070301e+02 1.244944964134989220e+02 8.015921337916810785e+01
3.017571502721527850e+02 1.875414482288376234e+02 1.107189125283419600e+02 1.244413676510158524e+02 8.115255095417016662e+01
3.022413397232262469e+02 1.885315112978859986e+02 1.110974015401444461e+02 1.242292260329247853e+02 8.212962341330177196e+01
3.027191165990168997e+02 1.894314908710499026e+02 1.115894832826909493e+02 1.239769024006823912e+02 8.309701353331001883e+01
3.031663347889348188e+02 1.901457984266885433e+02 1.121652657806527316e+02 1.235961733863782541e+02 8.400905089408890092e+01
3.036058450938788837e+02 1.907104587135994791e+02 1.128334130982127590e+02 1.230046403374204829e+02 8.481473161753109480e+01
3.040281669681655217e+02 1.910339591811136017e+02 1.135636428598911181e+02 1.223561694437494509e+02 8.557485889563479020e+01
3.044853512002853790e+02 1.911625014631734700e+02 1.143733238977753075e+02 1.215797093380374605e+02 8.617128749798297349e+01
3.050163615825876491e+02 1.911830174898552457e+02 1.153001597278846333e+02 1.206386202557303164e+02 8.650573901870286875e+01
3.056352495062998855e+02 1.911043793121865235e+02 1.163131601720780850e+02 1.196666369708069482e+02 8.673302544445812146e+01
3.063495912044839429e+02 1.910368654433348752e+02 1.174862407389391450e+02 1.186746427563000879e+02 8.685350137714688401e+01
3.069810426133752799e+02 1.910130480464112566e+02 1.186774622993007284e+02 1.176957600248327225e+02 8.701767054985542416e+01
3.074673705044990584e+02 1.909206559587207437e+02 1.197047552659936400e+02 1.167273153579161971e+02 8.722288411603430802e+01
3.079283522988951063e+02 1.907886784389862100e+02 1.206974663580181044e+02 1.157276877056811486e+02 8.723441813529150579e+01
3.083747548820110183e+02 1.905998238572672676e+02 1.215968992012427776e+02 1.147279376631426544e+02 8.723319058086271127e+01
3.088415749255095761e+02 1.904137157109210818e+02 1.224822753079094753e+02 1.137327480435505009e+02 8.718832438629902981e+01
3.093552464784615381e+02 1.902979217459627250e+02 1.234219218121555741e+02 1.127395767124800869e+02 8.710060560727326617e+01
3.099054950419823626e+02 1.901549859649904306e+02 1.243459652920289358e+02 1.117401075049893393e+02 8.712451252955068526e+01
3.104658918650798114e+02 1.899596741329029612e+02 1.252597357880916746e+02 1.107463722832925299e+02 8.708492558382214099e+01
3.110307664379991479e+02 1.897666595483408116e+02 1.261875650537615314e+02 1.097541693458249767e+02 8.701595901532262189e+01
3.116507086369744002e+02 1.895390665733818594e+02 1.271793764280130716e+02 1.087557257210230830e+02 8.701511070581770468e+01
3.122900116183294585e+02 1.893542100380811348e+02 1.281753241573529749e+02 1.077570990272546254e+02 8.696512375826061714e+01
3.129177458919639889e+02 1.891977835138147839e+02 1.291315036590007992e+02 1.067589106865746942e+02 8.698530658058929532e+01
3.135395059454340299e+02 1.890192509689151450e+02 1.301074046297218558e+02 1.057645279536597229e+02 8.696475963329842784e+01
3.141326914224662232e+02 1.888414975788241748e+02 1.310507220369308925e+02 1.047698161307157676e+02 8.693840126715353733e+01
3.147420791903633130e+02 1.886339990904171202e+02 1.319976701465166400e+02 1.037716635446322186e+02 8.695037924217810144e+01
3.153710349839242326e+02 1.884452353499105755e+02 1.329524443785185781e+02 1.027723929132748850e+02 8.691352931036620078e+01
3.160120229433655936e+02 1.882470780786713647e+02 1.338714531641369092e+02 1.017726603328625288e+02 8.691063092983127092e+01
3.166740402450070064e+02 1.880561533047790022e+02 1.347957502559571310e+02 1.007785127420796272e+02 8.683942126143824680e+01
3.173290241824424243e+02 1.878901839255814821e+02 1.357522441989412982e+02 9.978355389000364539e+01 8.680156754947533670e+01
3.179832462541990026e+02 1.877096845393915316e+02 1.367930472770380561e+02 9.878425113824161485e+01 8.680179765043558859e+01
3.185883378206397083e+02 1.875448603579924054e+02 1.378422736717929808e+02 9.778488861192344928e+01 8.680954152362986065e+01
3.191336749772361827e+02 1.873746516809256946e+02 1.388448449845620587e+02 9.678648508922320559e+01 8.686420899427223219e+01
3.196547846873436356e+02 1.871874028626546078e+02 1.398186930339249727e+02 9.578875341454376269e+01 8.685195594185618972e+01
3.201733051589740171e+02 1.869898067259763366e+02 1.407390959076212198e+02 9.478970859294328477e+01 8.682778550020708508e+01
3.207421798465077813e+02 1.867875841104010135e+02 1.417126567766314054e+02 9.379026136495456001e+01 8.680502749085123071e+01
3.213474838996173162e+02 1.865848400122529256e+02 1.427512756350451184e+02 9.279076169732124413e+01 8.679982178525933989e+01
3.219198047886112022e+02 1.863257391815765516e+02 1.437008999269774279e+02 9.179129634946055205e+01 8.683133961437224002e+01
3.224601518340539883e+02 1.860185442794507367e+02 1.445732142651136769e+02 9.079852367917530387e+01 8.675128634817112072e+01
3.230233501538212408e+02 1.856702727239448052e+02 1.454557130662951749e+02 8.980392847950108148e+01 8.665483420911918699e+01
3.236184717750454638e+02 1.853528997403835206e+02 1.463878648264135904e+02 8.881055301376538580e+01 8.654450322720401800e+01
3.242164822644022024e+02 1.851169341905908539e+02 1.473760385599289577e+02 8.781381042589271146e+01 8.649047371787115424e+01
3.247780675026593258e+02 1.849206550218479777e+02 1.483416063122625417e+02 8.681466231441361003e+01 8.652074094133577375e+01
3.253248675065152611e+02 1.847460535252323268e+02 1.492417789085034485e+02 8.581506945949008980e+01 8.653257778884781715e+01
3.259460624787465122e+02 1.845114204810026308e+02 1.502094806565242493e+02 8.481534977145990695e+01 8.655026394539869727e+01
3.266361995781556402e+02 1.842183261509800332e+02 1.513038949841222518e+02 8.382147492132055788e+01 8.646784268017862018e+01
3.272994823411061134e+02 1.839207278886922268e+02 1.523746668211348094e+02 8.282422242471045593e+01 8.641500460386568250e+01
3.279094655982971176e+02 1.836320748626065438e+02 1.534031371739257565e+02 8.182799217996996788e+01 8.633703902207081171e+01
3.284852520908779638e+02 1.833423973037486121e+02 1.544019970243313935e+02 8.083283061861502006e+01 8.623881846365503634e+01
3.290538633218805558e+02 1.831152594942916494e+02 1.553486511619933026e+02 7.983546147358059386e+01 8.616798607239806529e+01
3.296722131489294725e+02 1.829727255479077712e+02 1.563137326855750473e+02 7.883625447870512915e+01 8.617329403759256934e+01
3.303234423496745080e+02 1.828201142064777969e+02 1.573002403594521752e+02 7.784250367224846912e+01 8.627631896069189565e+01
3.310121402478714003e+02 1.827051944412994544e+02 1.582742563668223852e+02 7.684454374165240154e+01 8.630447004558097035e+01
3.317251026073003004e+02 1.825427643413576106e+02 1.591788507480597730e+02 7.585542517641951576e+01 8.643110286395783248e+01
3.325085856084645570e+02 1.823892956662825213e+02 1.601482048322579317e+02 7.485872448212610664e+01 8.647304265620637409e+01
3.333968654237202713e+02 1.822019218538283383e+02 1.612215865259668988e+02 7.386460963367656518e+01 8.657028482121279467e+01
3.343090650825299690e+02 1.820615147015359696e+02 1.620657672410084729e+02 7.286606683140773555e+01 8.658734209854638664e+01
3.515728488952773318e+02 1.815148115170441940e+02 1.623162555876289446e+02 7.218799945520858330e+01 8.593495553507385409e+01
5.066818166282444054e+02 1.813101833587197120e+02 1.625853358353601834e+02 7.122834903006608442e+01 8.580325081767675499e+01
6.519028498374784704e+02 1.808068113826977878e+02 1.634297102165252227e+02 7.136756010569878583e+01 8.611790704193758472e+01
6.540268484978550987e+02 1.816650071592070219e+02 1.630407527338202840e+02 7.234685064640883922e+01 8.616330095277538703e+01
6.545043051079585439e+02 1.822752094854866982e+02 1.625556605678790731e+02 7.334544492821808603e+01 8.611066266259091151e+01
6.550579008958466147e+02 1.830234586208458722e+02 1.621294208110038539e+02 7.431789904375351341e+01 8.588868144817062955e+01
6.557308521875377210e+02 1.842399176123061579e+02 1.616128573145090570e+02 7.530661808736567764e+01 8.574632713609560142e+01
6.562378207834178738e+02 1.854776786033067424e+02 1.611519758007395922e+02 7.630513777781030171e+01 8.570359359069226457e+01
6.566379915065629120e+02 1.866056547461860760e+02 1.607170631674119079e+02 7.730341571118422905e+01 8.575252444593350276e+01
6.569880686389395805e+02 1.876328763164805764e+02 1.602945306232366818e+02 7.829183839235628284e+01 8.590010987683707810e+01
6.573202715631633737e+02 1.886309032785985949e+02 1.598702702916031342e+02 7.928943056145293156e+01 8.595345837879246176e+01
6.576259200177721596e+02 1.895535721123319775e+02 1.594206540616023915e+02 8.028706623932993125e+01 8.602093685185411687e+01
6.579219533201467129e+02 1.904565289601272582e+02 1.589098807649335185e+02 8.127634514863113679e+01 8.616415995776895898e+01
6.582181122214367406e+02 1.913840518754902860e+02 1.583433063212341381e+02 8.227429437699511539e+01 8.621143721324688158e+01
6.584880198882251534e+02 1.922188328269076578e+02 1.578241949106831612e+02 8.327229981299360873e+01 8.615775012921452003e+01
6.587722395218258953e+02 1.930518698544219092e+02 1.572810990194585941e+02 8.427199512885908916e+01 8.615048438876392822e+01
6.590409707200772118e+02 1.938285461206232014e+02 1.567843524236938322e+02 8.527150936209093857e+01 8.617974371873923189e+01
6.593368720568082608e+02 1.947100889556751895e+02 1.562442904561237640e+02 8.626975825795437913e+01 8.613034724525093111e+01
6.596191743921415309e+02 1.955697956669462201e+02 1.557291747101701560e+02 8.726734259736484489e+01 8.606093974727318141e+01
6.599125812091745047e+02 1.964568602989043882e+02 1.551872569511895676e+02 8.826666320821530576e+01 8.607632755088714305e+01
6.602022584848338056e+02 1.973211221539458506e+02 1.546228271949193243e+02 8.926647520392995716e+01 8.609536913539616876e+01
6.604859934225155484e+02 1.981538843197162691e+02 1.540504098028665112e+02 9.026101918972904059e+01 8.600048014306968014e+01
6.607654605674035793e+02 1.989568031185382608e+02 1.534659300620252793e+02 9.125510606265595470e+01 8.589189850544291005e+01
6.610379254375897062e+02 1.997324973588180228e+02 1.529131338774492690e+02 9.225285330194648736e+01 8.582689283297324323e+01
6.613229554497596610e+02 2.005734917762725047e+02 1.523686091764390653e+02 9.324236358956088111e+01 8.568592466379428174e+01
6.615966191997891883e+02 2.014075552223273178e+02 1.518799068566871142e+02 9.422361351062309609e+01 8.549377708531254427e+01
6.618809058214975494e+02 2.022907285246810147e+02 1.514063748717705380e+02 9.522026632362903342e+01 8.542947739736038670e+01
6.621429761843799042e+02 2.031262246009998194e+02 1.510147670617522806e+02 9.621755410864554392e+01 8.549138797351956498e+01
6.624122300721212468e+02 2.040077245889415565e+02 1.506423694522711685e+02 9.721601961061567465e+01 8.554616613228276378e+01
6.626690664904542700e+02 2.048506786121543826e+02 1.502880773224350719e+02 9.821578153751511309e+01 8.556404914236890136e+01
6.629412724131883579e+02 2.057292309007038682e+02 1.499012340245151620e+02 9.920811353199218274e+01 8.568158696412922382e+01
6.632114892961930082e+02 2.065848448624122682e+02 1.495202776185903133e+02 1.001934214497361495e+02 8.585177746340114879e+01
6.635050151643968093e+02 2.075083987940612644e+02 1.491105352554598085e+02 1.011887593681609019e+02 8.594320723156054953e+01
6.637911878881359371e+02 2.083812061762380381e+02 1.487054798358236951e+02 1.021883497083693726e+02 8.596068826856992473e+01
6.640956928046742860e+02 2.092744498103230057e+02 1.482660370397500742e+02 1.031857656495157443e+02 8.602930316795493582e+01
6.643963681331146063e+02 2.101499089640482509e+02 1.478437446449318315e+02 1.041842186426110857e+02 8.608438267397663424e+01
6.646974545882263783e+02 2.110229661912383676e+02 1.474593996109574334e+02 1.051822229554461643e+02 8.603293644783035177e+01
6.650120804467537710e+02 2.119195144620709357e+02 1.470730193864070827e+02 1.061819540827856656e+02 8.603423378930570209e+01
6.653204742028392502e+02 2.127805448153216048e+02 1.466980198683556580e+02 1.071767248768670555e+02 8.613166506362345842e+01
6.656367353503542290e+02 2.136789281144098425e+02 1.463282289993915128e+02 1.081752861903037939e+02 8.618128198626594383e+01
6.659407369662061456e+02 2.145495350657718632e+02 1.459857074121786127e+02 1.091751220850854622e+02 8.619679304479380733e+01
6.662555421264715960e+02 2.154388571046601442e+02 1.456177899119112737e+02 1.101704707876022269e+02 8.628910794138117524e+01
6.665695661068389199e+02 2.163041210374459808e+02 1.452255964028629762e+02 1.111663792517228870e+02 8.637938902698236632e+01
6.668960652571904575e+02 2.171688848713165214e+02 1.448198472098177092e+02 1.121655650600827130e+02 8.636122578194380139e+01
6.672498162333450864e+02 2.180510821922148068e+02 1.443938102175614802e+02 1.131647036566236721e+02 8.639641928368736501e+01
6.675998714768206810e+02 2.188739915090048669e+02 1.439581441071379686e+02 1.141611390092977274e+02 8.647968557395726918e+01
6.679759111252262755e+02 2.197386845736885448e+02 1.434658842745899676e+02 1.151593451735082283e+02 8.643739534930969626e+01
6.683697216221041799e+02 2.206369897800631179e+02 1.429196890654212098e+02 1.161577750142603520e+02 8.638137881246123584e+01
6.687426212394177583e+02 2.214600960181158484e+02 1.423284301985391949e+02 1.171576217692890935e+02 8.637961390898649938e+01
6.691165786911743680e+02 2.222936820822888251e+02 1.416822255172978942e+02 1.181492658956396298e+02 8.625704445174521595e+01
6.694677703831714553e+02 2.230571974426693203e+02 1.410229001044864390e+02 1.191307575809027099e+02 8.606634449821699206e+01
6.698180964140452716e+02 2.237526917693350015e+02 1.402846100570260433e+02 1.201213407217087621e+02 8.593073317508124376e+01
6.701750081067937117e+02 2.244156677419725554e+02 1.394823727935898319e+02 1.210838810218475885e+02 8.566298464694230574e+01
6.705121381494860771e+02 2.249937522562532024e+02 1.386947669875437441e+02 1.220069524340352842e+02 8.527970763115341413e+01
6.708601592309970556e+02 2.255309801795432065e+02 1.378260995060196308e+02 1.229363266210186794e+02 8.491064213173530106e+01
6.711902718460243022e+02 2.260507204168931139e+02 1.369802684935514776e+02 1.238298811214428667e+02 8.446245130139566015e+01
6.715076436481966766e+02 2.265766240973807442e+02 1.361710575297201729e+02 1.246493779542938114e+02 8.389066064460985217e+01
6.718387338614016926e+02 2.271464239438149093e+02 1.353294417653473829e+02 1.254992933682914469e+02 8.336406275768726459e+01
6.721499153784817508e+02 2.277196928427543980e+02 1.345715678481380735e+02 1.263888126967516143e+02 8.290764414202075727e+01
6.724779368270326358e+02 2.283818692617842032e+02 1.338047078076251353e+02 1.272637965587387896e+02 8.242360062440650381e+01
6.727905001096444266e+02 2.290317363424827874e+02 1.330708055870279907e+02 1.281535199181516589e+02 8.196719832193875277e+01
6.731119701487300517e+02 2.296864509881475556e+02 1.323084912930376333e+02 1.290972657147814573e+02 8.163852948555900468e+01
6.734381946422851115e+02 2.303644916802301168e+02 1.315549122433609170e+02 1.300342496155575418e+02 8.128925722720254043e+01
6.737581890225407051e+02 2.310197483516043349e+02 1.308232008763540080e+02 1.309417677708119072e+02 8.086968721566681495e+01
6.740946911104300625e+02 2.316803452837726809e+02 1.300377155661257405e+02 1.318832512866228797e+02 8.053352695112070592e+01
6.744228404024366910e+02 2.323396565933468594e+02 1.292980115283126565e+02 1.328353840237592465e+02 8.022791379159059488e+01
6.747601404621933625e+02 2.330525465802188876e+02 1.285444967064005368e+02 1.337537745016338135e+02 7.983296899520294687e+01
6.750832157281743093e+02 2.337207591131861193e+02 1.277959084926236955e+02 1.346988760994372569e+02 7.950678601463148709e+01
6.754036735153076734e+02 2.343287700206659281e+02 1.270346938538108787e+02 1.356673322705791804e+02 7.925826571369886153e+01
6.757432578768824669e+02 2.349414584378170332e+02 1.262171879655697069e+02 1.365975713907533020e+02 7.889253418350710945e+01
6.760606425518902824e+02 2.355018874663297481e+02 1.254356736706092050e+02 1.374982507787283623e+02 7.845832218850308948e+01
6.763863825704387409e+02 2.360858220126914659e+02 1.246024696245926862e+02 1.384270550750985933e+02 7.808811882977333596e+01
6.767014160971937144e+02 2.366738896907270657e+02 1.237755122650651032e+02 1.393423672663375612e+02 7.768546812904956766e+01
6.770073870990771638e+02 2.372179857044549465e+02 1.229675818189290339e+02 1.402169184469635752e+02 7.720092004795229457e+01
6.773221263492025628e+02 2.377062258294029959e+02 1.221113019179083352e+02 1.411189425578006933e+02 7.676945290423849144e+01
6.776412843750335924e+02 2.381468367156259092e+02 1.212109253400897728e+02 1.420160017431535096e+02 7.632755327933671197e+01
6.779761693346993070e+02 2.386099373354915372e+02 1.202469599653558134e+02 1.428269950243400217e+02 7.574345373657762082e+01
6.782885731243725331e+02 2.390371951888818387e+02 1.193543865423741295e+02 1.436101676487299130e+02 7.512169932278909812e+01
6.785988975696209309e+02 2.394463663921462171e+02 1.184665978251678240e+02 1.444391194555632296e+02 7.456258449096694108e+01
6.789003018762100510e+02 2.398843237566174764e+02 1.176153691191045709e+02 1.452393305060339799e+02 7.396295046972200282e+01
6.791939804785616843e+02 2.403584595853620272e+02 1.168077993020724250e+02 1.459968797595870740e+02 7.331028555826968329e+01
6.794903156850002688e+02 2.408465538097078422e+02 1.159973392114702762e+02 1.468191460214595736e+02 7.274152029761725657e+01
6.797795444522804473e+02 2.413459785492999856e+02 1.152304760369292751e+02 1.476902207538384744e+02 7.225060701204108682e+01
6.800896443814065151e+02 2.419340433448023191e+02 1.144483884521774826e+02 1.485429841741627399e+02 7.172835281072144653e+01
6.803871764766063279e+02 2.425429095605826717e+02 1.137398069393116771e+02 1.493990588352942837e+02 7.121150222307323929e+01
6.806978365744577104e+02 2.431872765858075240e+02 1.130290591468084642e+02 1.503137106975928532e+02 7.080780252755901927e+01
6.810007532682315059e+02 2.438800654446629324e+02 1.124146832896685737e+02 1.512468877780284231e+02 7.044845544036708418e+01
6.813064791425111935e+02 2.446523823587236279e+02 1.118838937230887183e+02 1.521747667106584174e+02 7.007558177429498869e+01
6.816200591862917690e+02 2.454734419579150142e+02 1.114084068343524194e+02 1.531482595647292158e+02 6.984800960451440233e+01
6.819388153597182054e+02 2.462799040046888308e+02 1.109700134332760939e+02 1.541439383384409325e+02 6.975678178701018339e+01
6.822745894313665076e+02 2.471282617370074774e+02 1.105741330697822491e+02 1.551376632070898722e+02 6.964496863711731578e+01
6.826218783600847928e+02 2.479638360696222605e+02 1.102403574784546407e+02 1.561357780206589325e+02 6.958394485461995771e+01
6.830369246792591866e+02 2.488325492983150298e+02 1.098856119329040268e+02 1.571316578864118298e+02 6.967338504807882771e+01
6.835421413093710044e+02 2.497332315156252207e+02 1.095479763063987519e+02 1.581315085121707114e+02 6.965962150410992137e+01
6.841114433479580157e+02 2.506263872588446020e+02 1.092082176719099493e+02 1.591309495049353586e+02 6.964698584526803415e+01
6.846756179579521131e+02 2.515061157003689516e+02 1.088590394209735592e+02 1.601169107004105854e+02 6.981135176845694446e+01
6.852382420411056501e+02 2.525051847884784024e+02 1.084791838155887262e+02 1.611167762750706629e+02 6.982584304531820862e+01
6.857714321085699112e+02 2.533985638745292306e+02 1.079674070957868537e+02 1.621153050323619595e+02 6.987585265475172491e+01
6.862906430983188102e+02 2.542493164473212630e+02 1.073442907201961702e+02 1.631133335605939010e+02 6.981517682450704854e+01
6.867679464979938757e+02 2.549960789350627408e+02 1.067840670187940901e+02 1.641058215323579930e+02 6.969667984821428774e+01
6.872849892733524939e+02 2.557174037902047417e+02 1.062700075988374948e+02 1.651038675771112594e+02 6.967273984759466998e+01
6.879708269250958210e+02 2.564219977292869999e+02 1.057808838684981083e+02 1.660754563409900868e+02 6.943774243124003931e+01
6.904504692397376857e+02 2.568862973541602059e+02 1.055204079563170865e+02 1.669883931507899035e+02 6.907022337397927458e+01
6.985694710870394601e+02 2.571889564971614845e+02 1.052042956550820776e+02 1.676365739276725719e+02 6.834996157390202143e+01
6.999568348365310158e+02 2.574545361721575887e+02 1.048696549539180012e+02 1.685698842025178976e+02 6.800387866857029451e+01
7.018245588695261858e+02 2.578631977894631859e+02 1.046461836593669972e+02 1.694901654861211000e+02 6.804638931870327667e+01
