# ts_seconds,x,y,gt_x,gt_y
8.889980364529484405e+02 1.648683778040353332e+02 6.692370603977151688e+01 1.648683778040353332e+02 6.692370603977151688e+01
8.953435068959071259e+02 1.648409189233900349e+02 6.869512112371889145e+01 1.638814416590901146e+02 6.708453415333083569e+01
8.960187840017329108e+02 1.649908701523604009e+02 6.975433848119641311e+01 1.628815794537646298e+02 6.709043917159841897e+01
8.966141461360530229e+02 1.650127008926862686e+02 7.067097480591654346e+01 1.618958458249834678e+02 6.725700134293772692e+01
8.972258563170274783e+02 1.650863110919696908e+02 7.167383221949035033e+01 1.608964006401252220e+02 6.723433449387603389e+01
8.977943387673853977e+02 1.651165467786696013e+02 7.257533493124974200e+01 1.599063946120407991e+02 6.737229476226194436e+01
8.985291081507838271e+02 1.653285973232631534e+02 7.364196940469921060e+01 1.589085452735899366e+02 6.735260866435186244e+01
8.993242669643216232e+02 1.656583236669503378e+02 7.463906963554670426e+01 1.579499393593697789e+02 6.763720528143771560e+01
9.001489332701953572e+02 1.658956075632256102e+02 7.574048905496765371e+01 1.570032119419038281e+02 6.795862051364272816e+01
9.008363297182189626e+02 1.660754611842437498e+02 7.700065494252339704e+01 1.560290945576612671e+02 6.818224837499087698e+01
9.013536335230297709e+02 1.662269589889828296e+02 7.811954965799094452e+01 1.550315234885619873e+02 6.825187224723741508e+01
9.017793258703151196e+02 1.665006005174406880e+02 7.905555300436003563e+01 1.540365342849081571e+02 6.833042396037599531e+01
9.021871650674486318e+02 1.668603780164646651e+02 7.994302529397832302e+01 1.530782307740951467e+02 6.861603182845749416e+01
9.025916876176232790e+02 1.673177773309074325e+02 8.082992364530038287e+01 1.521146449100451150e+02 6.888119536782274110e+01
9.029848368310148317e+02 1.677994575339284893e+02 8.171126581327756355e+01 1.511931963121030549e+02 6.926819474834836399e+01
9.033739509327423320e+02 1.683241510734724500e+02 8.258789260422014422e+01 1.503154386560321427e+02 6.974663998759483263e+01
9.037627153938434503e+02 1.689347925142126883e+02 8.345948976033464817e+01 1.494058418085823519e+02 7.016129754016704112e+01
9.041217418398879317e+02 1.695252161897834355e+02 8.427135221961860623e+01 1.485402287573658953e+02 7.066066068630122743e+01
9.044693238794843637e+02 1.700867643645308362e+02 8.505236812275533964e+01 1.477284530036007197e+02 7.124371840709447667e+01
9.048183424309173688e+02 1.706358247490883002e+02 8.585718518932752374e+01 1.468612905521178789e+02 7.174160260925576438e+01
9.051561391910880729e+02 1.711318190499539753e+02 8.667170180829171500e+01 1.459813125272612808e+02 7.221600869477825313e+01
9.054901579016733422e+02 1.716175655524800163e+02 8.749199979745986866e+01 1.451337023811513518e+02 7.274636942344291413e+01
9.058099817842693255e+02 1.720773746461780433e+02 8.831506083734184642e+01 1.442565924167993217e+02 7.322571046564476660e+01
9.061318126646666542e+02 1.725005117726104800e+02 8.918420535247048520e+01 1.433438507854735633e+02 7.363378535577993489e+01
9.064566490461863850e+02 1.728926917269948262e+02 9.006268537509066618e+01 1.424552403049882230e+02 7.409244682799155157e+01
9.067802258098740822e+02 1.732907098471749237e+02 9.092726514127353710e+01 1.415616064498899220e+02 7.453902881085677734e+01
9.071026774226256748e+02 1.737309926706544161e+02 9.179427472237053109e+01 1.406190079774146113e+02 7.487294354496177107e+01
9.074144285966581265e+02 1.741794906915883985e+02 9.262184117060269273e+01 1.396848325738849610e+02 7.522766938308076590e+01
9.077281836072618262e+02 1.746425713947375584e+02 9.342711777687348729e+01 1.387915652788667558e+02 7.567716501320899170e+01
9.080460744792969763e+02 1.751166608217165788e+02 9.424210072632023127e+01 1.378900867263797352e+02 7.610981487802642675e+01
9.083767095441237416e+02 1.755959577207374593e+02 9.511841123185514846e+01 1.369818997800385034e+02 7.652630336499288433e+01
9.087044147008834898e+02 1.760399759142528637e+02 9.598652233397217515e+01 1.361276885513631782e+02 7.704606547627936664e+01
9.090339287610581778e+02 1.764754051658804030e+02 9.682740303223710043e+01 1.352841751003715558e+02 7.758171413271807637e+01
9.093809718831474811e+02 1.769376022846702483e+02 9.771813215550737652e+01 1.343892848579166923e+02 7.802800026453056148e+01
9.097187338736760012e+02 1.773719000857696528e+02 9.861071348390704827e+01 1.334970460167517388e+02 7.847924476170184960e+01
9.100644341711888501e+02 1.778396004783940896e+02 9.952481129691437900e+01 1.326218519358254468e+02 7.896265511124649095e+01
9.104183102386975861e+02 1.783550579606761630e+02 1.004614450568218587e+02 1.317228884264036139e+02 7.940060156238675404e+01
9.107666110757626257e+02 1.788544989263269827e+02 1.014108793691948307e+02 1.308187836547721759e+02 7.982733438848498508e+01
9.111109272797166341e+02 1.793090828885164854e+02 1.023702030197117949e+02 1.299371530447845657e+02 8.029898068354789586e+01
9.114425211238077509e+02 1.797283176602651338e+02 1.032766923134411599e+02 1.290314979444288781e+02 8.072195462325618109e+01
9.117785722390035517e+02 1.801589578205952478e+02 1.041719067256300093e+02 1.281006266720910958e+02 8.108636859038156786e+01
9.121148982206802884e+02 1.805932486734950828e+02 1.050497745904821585e+02 1.271952042285297892e+02 8.151088025145504901e+01
9.124497333811493718e+02 1.810350123360785801e+02 1.059010042960918128e+02 1.262846743634764692e+02 8.192288229675656908e+01
9.127999360562564561e+02 1.814974593527829541e+02 1.067796024502975882e+02 1.253462651312663212e+02 8.226725881212189506e+01
9.131451962329441585e+02 1.819164086635475996e+02 1.076397606081263518e+02 1.244386241273005282e+02 8.268609333707696862e+01
9.135073439758720042e+02 1.822794243660469533e+02 1.085404157996687076e+02 1.235533850277142562e+02 8.314968174685661495e+01
9.138905667243113840e+02 1.825999556031061672e+02 1.094565617839755163e+02 1.226305669387319881e+02 8.353484827493146270e+01
9.142723776404949376e+02 1.828945208557768751e+02 1.103013262196425046e+02 1.217185614909717941e+02 8.394443662123593697e+01
9.147003963413459360e+02 1.832075917765750148e+02 1.111597768822427810e+02 1.208204160923643542e+02 8.438160196021233617e+01
9.151711912817609118e+02 1.835324975473874076e+02 1.120248543431988111e+02 1.198783256552670622e+02 8.471694395169005531e+01
9.156659969176990899e+02 1.837672510718863634e+02 1.129147642826604709e+02 1.189276653102804175e+02 8.502289307914654160e+01
9.162503300971281988e+02 1.839238241689106417e+02 1.139822099003336291e+02 1.179430991827731816e+02 8.518181401628959293e+01
9.168205755881289178e+02 1.841136289066500069e+02 1.150774601787241380e+02 1.169459882162811937e+02 8.522441290756407284e+01
9.173112573243295174e+02 1.842688730793566947e+02 1.161178741859382484e+02 1.159577159109459501e+02 8.537033269202200358e+01
9.177518554550871386e+02 1.843846390645460360e+02 1.171133960628342265e+02 1.149590109803199312e+02 8.541775584666599741e+01
9.181770327159622411e+02 1.845372500578444885e+02 1.180940895756055369e+02 1.139625396810780700e+02 8.546671189712976968e+01
9.185957009558329673e+02 1.846843746747698845e+02 1.190654272335112864e+02 1.129756061888139271e+02 8.562434768998264190e+01
9.190095242216409588e+02 1.847979184112903681e+02 1.200188528675782749e+02 1.119792508936284889e+02 8.570415455135690763e+01
9.194381265073997156e+02 1.848630532570621199e+02 1.209965819678701280e+02 1.109808320854175321e+02 8.574840118632299379e+01
9.198734482933849677e+02 1.848717436572537451e+02 1.219785525418008660e+02 1.099852452806152172e+02 8.582784069391561843e+01
9.203086668778753392e+02 1.849012427979924098e+02 1.229299225744851896e+02 1.089856729927977028e+02 8.580598231015621025e+01
9.207663880702654069e+02 1.849797096720450327e+02 1.238442549092843450e+02 1.079877245046433245e+02 8.578434184516291339e+01
9.212763933134815488e+02 1.850626485554032854e+02 1.247122290432322842e+02 1.069903765010377867e+02 8.584554907056842410e+01
9.218702144934771923e+02 1.852248996368469705e+02 1.254901165425539062e+02 1.059940863341354600e+02 8.588355188975923227e+01
9.235754305751477204e+02 1.854240703470053404e+02 1.261576546830840897e+02 1.050543846731940931e+02 8.616570939761629688e+01
9.270639278209657732e+02 1.854754962685081807e+02 1.271095917253655330e+02 1.041910835978571157e+02 8.646718787585346888e+01
9.282830727711867667e+02 1.853450354100996549e+02 1.283046827503739848e+02 1.032214325908904016e+02 8.626205625549012268e+01
9.288819325602864865e+02 1.852777575774492504e+02 1.294386957307540058e+02 1.022218202942045195e+02 8.623833771601871945e+01
9.294226833814439033e+02 1.852965423956942743e+02 1.305649789345329168e+02 1.012266344197965253e+02 8.617457832178693877e+01
9.298679062865980995e+02 1.853967936226885342e+02 1.315657163500525257e+02 1.002374397966831481e+02 8.612624155146433225e+01
9.302957369843039714e+02 1.854697879555399993e+02 1.325614752916818873e+02 9.924394431950140927e+01 8.623869804219111757e+01
9.307561243390952086e+02 1.855292957518535104e+02 1.336538745280663250e+02 9.824700774957496208e+01 8.627258856268251463e+01
9.311684356736998325e+02 1.855696609382306974e+02 1.346384701173649887e+02 9.724969725183333935e+01 8.627672675176047790e+01
9.315803520120384746e+02 1.856182882436009152e+02 1.355970577911926114e+02 9.625252420991321856e+01 8.634040008570842417e+01
9.320294532833877383e+02 1.857170465173433058e+02 1.366438235488396629e+02 9.525310330460096964e+01 8.632874013340081376e+01
9.324464345288225786e+02 1.857889936027704323e+02 1.376495800751430352e+02 9.426442082225210584e+01 8.638754707834506519e+01
9.328655803088920493e+02 1.858450185305370042e+02 1.386642990501627537e+02 9.328066632753024123e+01 8.652773374465682821e+01
9.333346701373121732e+02 1.859062192531454230e+02 1.397128824007545802e+02 9.228115511056955711e+01 8.650942483559725815e+01
9.338305454631305338e+02 1.858974378279427242e+02 1.406286754843341100e+02 9.128485958958734159e+01 8.652793153995213515e+01
9.343958591970229008e+02 1.858565102778784990e+02 1.414414497942054254e+02 9.030268763460543369e+01 8.649935448123635240e+01
9.351411023001821832e+02 1.858600961285964388e+02 1.421830577235182034e+02 8.933718880676975971e+01 8.645242368849334014e+01
9.476772022893233043e+02 1.857823377516670575e+02 1.428558442102970218e+02 8.842368275312719561e+01 8.638813165034579811e+01
9.654342106727120836e+02 1.857878742434665469e+02 1.439949189437353141e+02 8.752304603758395274e+01 8.618349742599497176e+01
9.674575906736464503e+02 1.860225625600006651e+02 1.454490867019546556e+02 8.653613200298845243e+01 8.631996465687265641e+01
9.681205319078302409e+02 1.863444314505778436e+02 1.465586596811542961e+02 8.553807197737837953e+01 8.638056215718083308e+01
9.686923992959120824e+02 1.867329971183553141e+02 1.475553037737399222e+02 8.457270399576877651e+01 8.659502046537357955e+01
9.692383071380501178e+02 1.871613628762938504e+02 1.485361395630102095e+02 8.360849973064151186e+01 8.679498183029447489e+01
9.697275149869085453e+02 1.876042769820658407e+02 1.495394958903006284e+02 8.265281724901338123e+01 8.701083946088255061e+01
9.701657236232306332e+02 1.879454409904240038e+02 1.506083890823317972e+02 8.170299808851743251e+01 8.728890348135935540e+01
9.705770753854224040e+02 1.881650550785522569e+02 1.516741488710215151e+02 8.070807395556767005e+01 8.734563296013551792e+01
9.709540615726749593e+02 1.882840050450010665e+02 1.526503931012902058e+02 7.970881132344212006e+01 8.735558780893606468e+01
9.713540793268155085e+02 1.884074040075034020e+02 1.536879669218342030e+02 7.871131836833764339e+01 8.733541851677068735e+01
9.717679712000204972e+02 1.885753295204093547e+02 1.547676633654641023e+02 7.771997354424802040e+01 8.720970303681023950e+01
9.721443516495926360e+02 1.887468399948275533e+02 1.557625960686068822e+02 7.672770734819607696e+01 8.716019592659985449e+01
9.725289574380248041e+02 1.889212768731954668e+02 1.567646369342758419e+02 7.572921556285993461e+01 8.716998655070190694e+01
9.729165002636791542e+02 1.890711569616138661e+02 1.577435392238014629e+02 7.473166639868252048e+01 8.710364662492551702e+01
9.732837823373550918e+02 1.891873130729300101e+02 1.586868510843009688e+02 7.373762171877206129e+01 8.712338549259754927e+01
9.736637297043822628e+02 1.893274282415236485e+02 1.596841643831679676e+02 7.274193778588710302e+01 8.716571202029358290e+01
9.740390908873088165e+02 1.894628938081903016e+02 1.606469573004681877e+02 7.174906605650514280e+01 8.706391994865975903e+01
9.743983418747811811e+02 1.895450603909429219e+02 1.615565716949146804e+02 7.075562128174262000e+01 8.698975391291908466e+01
9.747899639716540605e+02 1.896232330205825463e+02 1.625322125962630082e+02 6.975847635482460873e+01 8.694149429300473741e+01
9.752071478643765658e+02 1.897652797286006603e+02 1.635088475371574361e+02 6.877496542923151424e+01 8.677219307431116135e+01
9.756264855481699669e+02 1.899823479767762535e+02 1.644497420712954465e+02 6.778903381849599441e+01 8.669437793473495901e+01
9.760622214604331930e+02 1.902409147477429769e+02 1.654248819888123876e+02 6.679045152695326237e+01 8.674617474540094975e+01
9.764806676623251178e+02 1.904825613566051459e+02 1.663779401678353054e+02 6.579266411653819091e+01 8.672184056835774868e+01
9.768655193100528322e+02 1.906811808797309027e+02 1.672923886697638807e+02 6.479739703117985528e+01 8.673822661422026670e+01
9.772614606633947005e+02 1.908840902435021007e+02 1.682381575226717132e+02 6.380061626773072447e+01 8.676819772869669123e+01
9.776635490784120748e+02 1.911256081101300310e+02 1.691915580008062534e+02 6.280880492940464421e+01 8.665861425383081951e+01
9.780542013604682552e+02 1.913995961743540022e+02 1.701581989749196282e+02 6.181673573840377856e+01 8.660993844500303851e+01
9.784463730053197423e+02 1.917032426468864514e+02 1.711486694366019492e+02 6.081971669756388366e+01 8.668570377755717971e+01
9.788246906113400883e+02 1.919851031445858212e+02 1.720885048805983217e+02 5.982242028097493147e+01 8.669785106239146444e+01
9.792032508921603267e+02 1.922173622332593084e+02 1.730452411501875360e+02 5.882435538405444930e+01 8.670774131997571033e+01
9.795914361727624282e+02 1.923895592376390482e+02 1.740501899971821160e+02 5.782550561773008013e+01 8.674910273299246910e+01
9.799686689131926869e+02 1.924958208934729669e+02 1.750215745092158670e+02 5.683891642172130787e+01 8.663860320149073857e+01
9.803530367115486115e+02 1.925307894440720702e+02 1.759988533125082881e+02 5.586026841807552756e+01 8.643362049703459604e+01
9.807489031278089442e+02 1.924336990680988038e+02 1.769915922938275799e+02 5.488371215971339012e+01 8.621945328320231283e+01
9.811437102988144261e+02 1.922001594224876158e+02 1.779405297138378046e+02 5.396599643490003473e+01 8.584639996853789512e+01
9.815484307483854991e+02 1.918052401893054366e+02 1.788500156139177761e+02 5.310401715811605783e+01 8.533979814278740150e+01
9.819615212842007850e+02 1.912602759824827388e+02 1.797043486458657071e+02 5.228325327409327627e+01 8.477095906077923360e+01
9.823628738624247489e+02 1.906426476074067011e+02 1.804559538336400806e+02 5.161624202716539855e+01 8.404244362497328780e+01
9.827643117862409099e+02 1.899321328109084277e+02 1.811271730742668353e+02 5.105788410986435366e+01 8.321288164434469081e+01
9.831944444442725626e+02 1.891256705705850152e+02 1.817748775473169758e+02 5.050393375890596559e+01 8.238033348281238943e+01
9.836340077890099565e+02 1.883107846211063077e+02 1.823751277020178350e+02 5.008135245422781878e+01 8.148332792282364778e+01
9.840793087477113659e+02 1.874670199450805228e+02 1.828738947083810444e+02 4.971468133919532306e+01 8.055398678677961755e+01
9.845883995311443186e+02 1.864711778329365757e+02 1.833178917866746360e+02 4.938302700485493801e+01 7.961286188605419056e+01
9.850913470850285876e+02 1.854733466112793678e+02 1.837356293160757446e+02 4.924207813929866262e+01 7.862993065758570310e+01
9.855397028964796391e+02 1.845526445757558349e+02 1.841067790345118453e+02 4.906810245923347935e+01 7.765160256295234831e+01
9.860055282566414689e+02 1.835807208125050352e+02 1.844588542269094376e+02 4.889758832816445278e+01 7.666963204828324763e+01
9.864608291172230565e+02 1.826347362366293510e+02 1.847517222006979409e+02 4.883797602267438265e+01 7.567208397959791455e+01
9.868959992267665484e+02 1.817302064161742123e+02 1.849520555250533960e+02 4.874775247625976249e+01 7.467743106855752444e+01
9.873754977309248488e+02 1.807492737105078788e+02 1.850492716738886827e+02 4.877176696529962641e+01 7.368568824827841013e+01
9.878545604030554159e+02 1.798064037643927691e+02 1.849287436760604919e+02 4.895959513289044907e+01 7.270478397633124246e+01
9.883110859717455696e+02 1.789554822005848962e+02 1.845041005660347366e+02 4.921378938030867545e+01 7.173787694947401405e+01
9.887681154764371740e+02 1.781391507917204535e+02 1.838456380658439855e+02 4.979340807913252576e+01 7.096770438663831726e+01
9.891925282781166970e+02 1.774781575909749733e+02 1.831240595416778092e+02 5.059267711099052178e+01 7.037012348107681703e+01
9.895922393054731856e+02 1.770240974443004802e+02 1.823574195872261896e+02 5.142736570644038352e+01 6.981947716644019408e+01
9.900175791047887515e+02 1.766719167335652116e+02 1.814863793102343266e+02 5.236056282141239393e+01 6.950419557315005648e+01
9.904470542542590010e+02 1.763801643648534707e+02 1.806109697469426010e+02 5.335128645271786496e+01 6.938040155238530815e+01
9.908747591653500422e+02 1.761221194856559862e+02 1.797384750766449315e+02 5.434210692807931053e+01 6.924890646628648483e+01
9.913398637741943276e+02 1.757817114110006287e+02 1.787825392831889530e+02 5.533792252960860480e+01 6.917491862266898295e+01
9.918200995643076112e+02 1.754219701863353862e+02 1.777575602771916863e+02 5.633658221041942227e+01 6.912394215352225046e+01
9.922878182761362496e+02 1.751571075688627559e+02 1.767506787115063389e+02 5.733413010691991474e+01 6.905446017127701452e+01
9.927491881556795761e+02 1.749187647811007764e+02 1.757648654085868145e+02 5.832737786020206983e+01 6.912262362057744269e+01
9.932219642330783245e+02 1.746532763173839555e+02 1.747411305708326097e+02 5.932433310526844394e+01 6.918841176178329988e+01
9.936883014775966103e+02 1.743569422583057928e+02 1.737342547389149559e+02 6.032238961277720790e+01 6.924903330760820097e+01
9.941428538862758160e+02 1.739908308127613736e+02 1.727466998816244939e+02 6.131448517406178667e+01 6.937014044315915839e+01
9.945943435827982739e+02 1.736227686425568493e+02 1.717626432237485972e+02 6.230697986574897840e+01 6.932653688894320965e+01
9.950552926648914536e+02 1.732720178321380331e+02 1.707683224447320924e+02 6.330509299110524069e+01 6.928328883871238020e+01
9.954904923984573770e+02 1.729285775817380966e+02 1.698168711906324972e+02 6.430368770618811425e+01 6.932365705966175540e+01
9.959192909074802174e+02 1.725937494868743158e+02 1.688677163198747735e+02 6.530111898268718562e+01 6.928385909441385593e+01
9.963727514382525214e+02 1.722196066386203768e+02 1.678760340198528240e+02 6.629993326653095664e+01 6.929099707122898621e+01
9.968060778408536180e+02 1.718429253500447658e+02 1.669033029319882644e+02 6.729964350665956374e+01 6.928615585500016039e+01
9.972060229169187551e+02 1.715080090942322215e+02 1.659767790455341583e+02 6.829659591941923225e+01 6.921442889202678828e+01
9.976121626828194167e+02 1.711753751479690777e+02 1.650426278287968955e+02 6.929382489938915057e+01 6.924454104040368918e+01
9.980142128416629248e+02 1.708935188036172974e+02 1.641064608556166320e+02 7.029239753221780518e+01 6.929714653906518151e+01
9.983979117979005196e+02 1.706962119780330625e+02 1.631939747001900685e+02 7.129166047329375999e+01 6.933516930474299045e+01
9.987906535200590952e+02 1.704612418994475718e+02 1.622826156197894250e+02 7.227563995601320812e+01 6.949841148760852150e+01
9.991977374952454056e+02 1.701151016483195519e+02 1.613675345308880367e+02 7.326506543443890962e+01 6.963921694852024302e+01
9.996058781940315612e+02 1.697087608375494199e+02 1.604600127006241053e+02 7.426167925841932060e+01 6.961462241828739650e+01
1.000026995445952025e+03 1.692356397031113602e+02 1.595450867897306750e+02 7.526067721661252108e+01 6.957171146675997875e+01
1.000426589571587442e+03 1.687737115883826675e+02 1.586731612295685068e+02 7.625648836137803244e+01 6.948449158893006938e+01
1.000819822463304945e+03 1.683342779540222693e+02 1.578063820112403164e+02 7.724169337669530933e+01 6.931674929110302230e+01
1.001235264346026497e+03 1.678536643312237402e+02 1.568977349828454066e+02 7.823425298566860420e+01 6.920081953786925055e+01
1.001647467827199307e+03 1.673882439657564589e+02 1.559973683378585179e+02 7.922697265976702852e+01 6.908099922021540351e+01
1.002060288564692655e+03 1.669630584282011228e+02 1.550916600985654270e+02 8.021509245047211323e+01 6.892796154379128382e+01
1.002476532075633600e+03 1.665182576473031020e+02 1.541766931661739761e+02 8.121146564069192664e+01 6.885638204338934543e+01
1.002884111339894389e+03 1.660837144988708474e+02 1.532751443433225518e+02 8.220646205718205124e+01 6.875969733761222358e+01
1.003288216930225985e+03 1.657224473946052683e+02 1.523672677873144039e+02 8.319585874012675220e+01 6.861553477348479646e+01
1.003696627082823056e+03 1.653988586163855814e+02 1.514479575180206723e+02 8.419301451554726157e+01 6.861375800804535174e+01
1.004096189968349336e+03 1.651055508618111105e+02 1.505498919301265630e+02 8.519146240782725954e+01 6.866863345521521467e+01
1.004499577570253564e+03 1.648436717183031419e+02 1.496531646998560916e+02 8.619091178347666471e+01 6.869843208612468288e+01
1.004931353642970294e+03 1.645373550958727549e+02 1.487224239967702317e+02 8.718287811453028269e+01 6.881609752407801750e+01
1.005374060709349237e+03 1.641916905869812524e+02 1.477676834517610018e+02 8.817695973903805395e+01 6.892354901193171202e+01
1.005828202494695006e+03 1.638109632635345747e+02 1.467684000360735581e+02 8.917578525938590417e+01 6.896261959428466071e+01
1.006297746466481954e+03 1.633574544616593869e+02 1.457394138609222125e+02 9.016906523381830141e+01 6.907163973289338799e+01
1.006750167410198742e+03 1.629169850607509318e+02 1.447547014090996811e+02 9.116735053650586451e+01 6.911557079056326813e+01
1.007183064211194505e+03 1.625076778090715663e+02 1.438321603478937902e+02 9.216717820374471160e+01 6.910629910629202755e+01
1.007616107021862035e+03 1.620509977599560045e+02 1.429234430846905752e+02 9.316661038517923998e+01 6.913360480061619739e+01
1.008039453491493532e+03 1.616051431905248705e+02 1.420188982926238737e+02 9.416383110967971959e+01 6.907298492936372725e+01
1.008444607357317068e+03 1.612177605483002480e+02 1.411582288192592500e+02 9.516251557139138129e+01 6.902354259184924956e+01
1.008862949063123892e+03 1.608185429848487615e+02 1.402735940303948041e+02 9.616123339013698512e+01 6.906039392580539982e+01
1.009282641498121052e+03 1.604371078692664412e+02 1.393741016486580975e+02 9.715953016446715651e+01 6.901835611958102845e+01
1.009689213379682997e+03 1.600730090034182069e+02 1.385111015562406465e+02 9.815924610623009983e+01 6.900483511485266774e+01
1.010108238704283053e+03 1.596684303419350783e+02 1.376526578530735208e+02 9.915590556990817106e+01 6.907963256213044190e+01
1.010556572041840127e+03 1.592122263794134369e+02 1.367673198171899003e+02 1.001530694572933982e+02 6.902946879515043577e+01
1.011012008061160032e+03 1.587068876531852482e+02 1.358690750063088046e+02 1.011511163970695577e+02 6.896714385836095573e+01
1.011445750135334038e+03 1.582235708053148073e+02 1.349699456951076399e+02 1.021508723571315045e+02 6.895675391861702508e+01
1.011867122097293191e+03 1.578245597608651849e+02 1.340385701357883761e+02 1.031479013700933933e+02 6.888448513607637835e+01
1.012284198223846374e+03 1.574338047002246412e+02 1.331176927624935615e+02 1.041459569450090044e+02 6.892515779466289416e+01
1.012688103158120043e+03 1.569897472210811884e+02 1.322593148107491459e+02 1.051390429080850026e+02 6.904070338499859361e+01
1.013097538199143060e+03 1.565009007208657863e+02 1.314279415583767729e+02 1.061355354562233089e+02 6.898588569072411758e+01
1.013502870883764217e+03 1.559832727007373592e+02 1.306295360855455954e+02 1.071322627046218230e+02 6.890505700666572864e+01
1.013898851887082515e+03 1.554578837773817384e+02 1.298268184716752103e+02 1.081315673506577895e+02 6.887140363672737919e+01
1.014291805738871290e+03 1.549880515398258467e+02 1.289927652193936183e+02 1.091192336439989390e+02 6.872036483753764458e+01
1.014676136847339535e+03 1.545562953528294656e+02 1.281611329846905960e+02 1.101129476013397976e+02 6.860986155331355008e+01
1.015066762128969458e+03 1.540756894809666449e+02 1.273056446617129183e+02 1.111120259279755089e+02 6.862948738378872804e+01
1.015459665322003843e+03 1.536091079570398676e+02 1.264377343453263904e+02 1.121101830491323170e+02 6.857483970328425471e+01
1.015850493420460680e+03 1.531852290988462642e+02 1.255958893056023413e+02 1.131091734527781938e+02 6.853024767149059926e+01
1.016257970139955319e+03 1.527330675264748265e+02 1.247489248463959370e+02 1.141079780085747188e+02 6.857243381830005546e+01
1.016661103084460706e+03 1.523091800535028710e+02 1.239056793816911295e+02 1.151072377938480713e+02 6.854175349080352930e+01
1.017074561341780623e+03 1.519372865387372542e+02 1.230225962443596899e+02 1.161071157176310322e+02 6.855034769412174001e+01
1.017491753072101687e+03 1.516440398071468394e+02 1.220901558633768502e+02 1.170940614869499399e+02 6.870667041475073233e+01
1.017873505367011944e+03 1.515174036366978498e+02 1.211689841339521365e+02 1.180839362350541393e+02 6.884845521851569572e+01
1.018258393033216066e+03 1.515502499023924941e+02 1.201938550425140448e+02 1.190537887863892621e+02 6.909060347393823065e+01
1.018653354392663346e+03 1.516550957846682763e+02 1.192026321962064515e+02 1.199254055645861996e+02 6.957707969971821171e+01
1.019026053335160782e+03 1.518524614395735171e+02 1.183081290974154456e+02 1.207667029965382284e+02 7.011755017488587782e+01
1.019423587260083536e+03 1.522010881591307623e+02 1.173933275091328170e+02 1.215704513408648779e+02 7.071236071299769321e+01
1.019836680216781019e+03 1.526068076123584945e+02 1.164782514757567782e+02 1.222254079242770786e+02 7.146679474567673651e+01
1.020227731152690467e+03 1.530562635744934710e+02 1.156816248937349769e+02 1.228618618836166405e+02 7.223810361555486281e+01
1.020651575822823133e+03 1.536718031910947673e+02 1.149139855273463553e+02 1.235060769424264322e+02 7.300294580147571821e+01
1.021080234156372285e+03 1.543739394451795874e+02 1.141886827237069184e+02 1.239736378923205393e+02 7.388618277346304808e+01
1.021467198703853455e+03 1.550871840494932314e+02 1.135905640069875062e+02 1.242987894311924038e+02 7.483165192310335101e+01
1.021882426732083673e+03 1.559204523920848828e+02 1.130347803510925644e+02 1.245421442761188189e+02 7.580153180965645277e+01
1.022309888503388947e+03 1.567891617635687851e+02 1.125321512905517807e+02 1.245970157054598957e+02 7.679977196605706524e+01
1.022728639487155419e+03 1.576737901787008695e+02 1.121261754682797260e+02 1.246358311606817466e+02 7.779901775039176925e+01
1.023184184760260564e+03 1.586681882142420648e+02 1.117746524364305003e+02 1.246346942086535847e+02 7.879898585029954461e+01
1.023661537556377766e+03 1.596452675404342756e+02 1.115148987861255847e+02 1.244412038424605100e+02 7.978008673391720151e+01
1.024132195110575822e+03 1.605671578563585911e+02 1.114704790613740073e+02 1.242660956519468840e+02 8.076434323538094873e+01
1.024625805486540230e+03 1.615262861754780772e+02 1.115730546924408344e+02 1.238448218632248512e+02 8.166950394111228206e+01
1.025117258847966468e+03 1.624184991338055113e+02 1.117241155734272269e+02 1.232107528277896193e+02 8.244245481272845666e+01
1.025589327175626977e+03 1.632157738518235419e+02 1.120025325296543031e+02 1.226497653049136431e+02 8.326921520941189669e+01
1.026086724212508898e+03 1.640206410218673057e+02 1.124089882685775166e+02 1.219382847408698609e+02 8.396843805884664391e+01
1.026648744543782641e+03 1.647131813374807905e+02 1.127290587516479548e+02 1.210790653973013065e+02 8.448000157685433464e+01
1.027638379392025854e+03 1.652215730538817979e+02 1.125619026059763712e+02 1.203465396982656728e+02 8.503524650267034701e+01
1.029086680125267321e+03 1.655000347396758968e+02 1.117424698151446592e+02 1.210278543874755144e+02 8.573965470766354713e+01
1.039744580944661266e+03 1.664565903906515132e+02 1.120772684032123578e+02 1.211092262666788315e+02 8.621264305843628506e+01
1.049152978188623365e+03 1.675659802576583104e+02 1.132056582973713716e+02 1.201430001578863056e+02 8.643169934782369523e+01
1.049767155836004122e+03 1.682307771062104393e+02 1.140952766682846828e+02 1.191465354645059875e+02 8.651143687338787913e+01
1.050310773611929562e+03 1.688013017753544887e+02 1.149578315075901571e+02 1.181498062076640281e+02 8.647145971484755478e+01
1.050822089007050408e+03 1.693320135547843392e+02 1.158737378965665812e+02 1.171511286695841534e+02 8.644877805175015340e+01
1.051291692136074516e+03 1.698092679760868293e+02 1.167771486537361341e+02 1.161580314276851453e+02 8.635522249923472771e+01
1.051729920812974797e+03 1.702617309699649866e+02 1.176192171790259664e+02 1.151663894237275656e+02 8.622652998646756828e+01
1.052176858235431837e+03 1.707564960499291828e+02 1.184655324650499182e+02 1.141688663577249230e+02 8.617407969456603212e+01
1.052639412911263435e+03 1.712916058675081104e+02 1.192768835198765629e+02 1.131746944019328538e+02 8.607843502430520743e+01
1.053090360276670708e+03 1.718039312466159743e+02 1.199877764006127876e+02 1.121792103451625167e+02 8.598675831322702834e+01
1.053564377037734403e+03 1.722999737296932778e+02 1.206866585294191339e+02 1.111808377449044372e+02 8.599768428109582885e+01
1.054110559036860423e+03 1.728531542374477681e+02 1.214337093318698066e+02 1.101812086636363404e+02 8.600396213165862491e+01
1.054710958261171527e+03 1.733717882640056303e+02 1.221647864431129449e+02 1.091822877815481689e+02 8.603944849359734803e+01
1.055503709721469932e+03 1.737835709122234107e+02 1.227163246923406774e+02 1.081845781927867307e+02 8.610663082586430050e+01
1.068141307747890323e+03 1.742950196433605754e+02 1.236094273901589418e+02 1.072259944656757966e+02 8.588961273110241734e+01
1.075614640099896405e+03 1.748600950219320112e+02 1.245844889765831738e+02 1.062642638247230309e+02 8.599685847289819662e+01
1.085028867218809410e+03 1.755152291503872561e+02 1.253473500374066845e+02 1.052885924551261780e+02 8.588543278544999282e+01
1.094350031814527028e+03 1.764549367963168436e+02 1.262777158032818363e+02 1.043195530690458810e+02 8.565239635366442883e+01
1.097902537973095150e+03 1.770784947764616390e+02 1.270735796310176227e+02 1.033638816375403735e+02 8.589857771066665748e+01
1.099289802985298365e+03 1.777818158665047577e+02 1.276441027149310656e+02 1.023822293278177966e+02 8.576657171183903472e+01
1.100580905716883535e+03 1.784845988229423028e+02 1.285133390930171515e+02 1.014014149865034398e+02 8.592500623470364474e+01
1.102257924942285626e+03 1.792053279258940961e+02 1.291852392783096377e+02 1.004072912002124696e+02 8.581818991485158676e+01
1.104504141345511016e+03 1.799438251864511074e+02 1.300392976255610620e+02 9.941692976089225908e+01 8.582070685706403879e+01
1.105184787767333773e+03 1.808834036406450423e+02 1.308771786977782483e+02 9.845047546493979951e+01 8.606833026886543792e+01
1.105710377430054905e+03 1.816874859646196967e+02 1.317216882894031755e+02 9.745552895026511919e+01 8.616181243207304874e+01
1.106123110008523554e+03 1.823430988675613662e+02 1.324607157087243934e+02 9.645621289904813978e+01 8.619450208517554302e+01
1.106549399687476580e+03 1.830062508713477030e+02 1.332346185527790112e+02 9.545885522814953106e+01 8.622440304957386559e+01
1.106990491302429973e+03 1.837144218535320590e+02 1.340034934531516058e+02 9.446249060144359078e+01 8.614207773665798129e+01
1.107409105579973129e+03 1.844281586037672298e+02 1.347157423338377100e+02 9.346378708938647151e+01 8.612731301374050474e+01
1.107833481111486890e+03 1.851726142144097196e+02 1.354071322122748029e+02 9.246582064355681041e+01 8.617985282943293157e+01
1.108255100179657575e+03 1.859356253230028813e+02 1.360512278846970275e+02 9.146652456898982564e+01 8.618819740620017456e+01
1.108652924569586503e+03 1.866955554731355562e+02 1.366548116282806120e+02 9.047215395200875321e+01 8.628559068925781617e+01
1.109059501578143681e+03 1.875099466529578365e+02 1.372829321819798167e+02 8.948360056347452485e+01 8.642978131530256292e+01
1.109458078256526960e+03 1.883227896299592885e+02 1.379150335330747339e+02 8.848686901265705274e+01 8.650828508758304736e+01
1.109823812779631226e+03 1.890622987465185929e+02 1.385367626535620218e+02 8.749564418607711502e+01 8.663702413371231614e+01
1.110185150564584546e+03 1.897787584344777656e+02 1.391852839502051040e+02 8.650809810358671825e+01 8.678478762671196023e+01
1.110543611069361759e+03 1.904606068835947497e+02 1.398462492484049733e+02 8.550942386482388713e+01 8.683525579318539656e+01
1.110912510212202960e+03 1.911224889268123661e+02 1.405657722393930555e+02 8.451066167644793836e+01 8.688071120207467857e+01
1.111291957077656662e+03 1.917853818101393699e+02 1.413448076520389236e+02 8.351418907659125068e+01 8.691397167382481825e+01
1.111671188796809247e+03 1.924776718965577516e+02 1.421188089777601533e+02 8.252122384010598921e+01 8.679955359049564834e+01
1.112060795986487392e+03 1.932392780150588578e+02 1.428914798027596760e+02 8.153101042498838069e+01 8.667550982518879721e+01
1.112441651920621553e+03 1.939960622080253074e+02 1.436276498369649630e+02 8.053128086097552796e+01 8.665243436136621824e+01
1.112815646538871533e+03 1.947400196300484367e+02 1.443038179818171898e+02 7.953165499842525321e+01 8.662508820980698943e+01
1.113216623560636435e+03 1.955085022772427976e+02 1.450012959011511668e+02 7.853279483019871066e+01 8.662858338003412939e+01
1.113632449026380527e+03 1.962068734082144772e+02 1.457141347349141256e+02 7.753505059399797972e+01 8.668258273546264547e+01
1.114067069695800228e+03 1.968172700510889968e+02 1.464018032139750005e+02 7.653540379122901527e+01 8.666234602146417387e+01
1.114572925640891299e+03 1.973619720982865715e+02 1.470433864124496779e+02 7.553621059389740822e+01 8.663305205602920012e+01
1.115257904734090971e+03 1.978556001077546966e+02 1.475868420743114768e+02 7.453707008853832860e+01 8.666404627501700020e+01
1.118033949573529526e+03 1.983291515589210690e+02 1.480475820305299806e+02 7.355819334712893465e+01 8.661096472317503014e+01
1.131855012115887348e+03 1.988775651443222046e+02 1.486916591385986237e+02 7.260784332618086978e+01 8.630811723608957209e+01
1.150481522067014566e+03 1.994153083693829274e+02 1.492653613039674667e+02 7.167085172195911014e+01 8.651123298280387530e+01
1.164855435554400174e+03 2.000438064433998875e+02 1.500206787095725076e+02 7.073039267893715021e+01 8.635874109432077717e+01
1.169211864519021901e+03 2.007878715413239945e+02 1.508905406124783042e+02 6.974035162009126054e+01 8.630980139824852415e+01
1.170090959313077519e+03 2.014502419083264044e+02 1.516799022498254885e+02 6.875403251195214693e+01 8.615095100497278224e+01
1.170846008700326820e+03 2.021687095405494290e+02 1.523104294822802558e+02 6.775977088729764830e+01 8.604522895920619874e+01
1.171769496977344261e+03 2.029494178024774271e+02 1.528962251224121758e+02 6.676464955675564283e+01 8.602442259551366988e+01
1.172786739330231057e+03 2.038744984662638160e+02 1.534217342275437090e+02 6.580507427034913803e+01 8.627412840735085808e+01
1.174184483999406893e+03 2.045563367674430424e+02 1.540351763131158407e+02 6.482242835180014140e+01 8.625163293187451075e+01
1.177358645763216600e+03 2.054418282232390993e+02 1.547348150521862351e+02 6.388608847179402517e+01 8.652261229951032817e+01
1.181487585973755131e+03 2.062906115615343197e+02 1.551329793772742676e+02 6.291348783272881917e+01 8.652421024026240559e+01
1.185835973341746922e+03 2.074882517783222795e+02 1.556478980614949137e+02 6.195096350382220152e+01 8.673533845044603652e+01
1.186788348630219389e+03 2.083017811427348818e+02 1.561249294851082823e+02 6.095339485758162823e+01 8.679414279339493987e+01
1.187933354467875461e+03 2.090015308437087640e+02 1.566882559618998414e+02 5.995603281630826586e+01 8.682321178115569182e+01
1.190289691259477422e+03 2.100089414063110382e+02 1.576209168366692950e+02 5.896103725091960968e+01 8.687574319445168669e+01
1.192197594272324750e+03 2.110757096046854429e+02 1.588389841135096390e+02 5.797730737204137341e+01 8.682796118269668284e+01
1.192725630358989520e+03 2.117435917750027556e+02 1.599164754965987640e+02 5.705969582053572964e+01 8.646095949693044247e+01
1.193107215260921521e+03 2.121952769069679618e+02 1.608179540864429953e+02 5.615228100505154885e+01 8.604990992023820695e+01
1.193476634872369686e+03 2.125057865759840752e+02 1.617088127006395268e+02 5.525363057576873871e+01 8.562066932419733689e+01
1.193830479495561576e+03 2.127368242475529030e+02 1.625087608366379470e+02 5.445530188995594045e+01 8.502682798044089907e+01
1.194196743488769471e+03 2.129086893429419831e+02 1.632046602386682821e+02 5.370766879004807492e+01 8.436272203236583778e+01
1.194667326679180178e+03 2.129530375289392055e+02 1.639183021681434695e+02 5.298656727837943947e+01 8.367086583845181735e+01
1.195354323026462225e+03 2.128359364922430075e+02 1.648058546745342028e+02 5.239175798169814158e+01 8.287519013565348303e+01
1.196121514664312599e+03 2.125596796378343072e+02 1.657825758988439020e+02 5.184035108460081176e+01 8.204176653981875234e+01
1.196841092985765272e+03 2.122095360509719058e+02 1.667405954738597700e+02 5.150125783513659883e+01 8.112417287802956878e+01
1.197510049456620891e+03 2.118852198845699775e+02 1.676771756579398414e+02 5.122088559707890454e+01 8.016743467472656448e+01
1.198139241878816847e+03 2.114237745373608846e+02 1.686036247598023863e+02 5.088798817206924241e+01 7.922449122413355838e+01
1.198694252481699550e+03 2.108346752073127277e+02 1.694242904655934865e+02 5.075740713814904126e+01 7.824375884201188569e+01
1.199219573064143788e+03 2.101534670088942676e+02 1.701174323772531523e+02 5.072857023580782965e+01 7.724417530628726070e+01
1.199758885233295814e+03 2.093883607872173513e+02 1.707155543070639396e+02 5.088699676653754267e+01 7.626594782670733252e+01
1.200254345956265752e+03 2.086018466832853164e+02 1.711366518509378523e+02 5.117695893691278286e+01 7.530927724212472185e+01
1.200751017419535629e+03 2.076966397677489340e+02 1.713874385373126756e+02 5.145752547339231597e+01 7.434961720614970204e+01
1.201244315521750195e+03 2.066744569886378997e+02 1.715480400880202296e+02 5.197413456110760421e+01 7.350963826288156611e+01
1.201702631276006969e+03 2.056532198564359533e+02 1.716238317020900297e+02 5.261435780214557667e+01 7.274190404387535125e+01
1.202139548215394825e+03 2.046572505472736623e+02 1.715995913216923157e+02 5.332170288525217927e+01 7.203648714337370507e+01
1.202567278275578474e+03 2.036703912581557461e+02 1.715247566337844489e+02 5.413422379467341017e+01 7.145914318541873911e+01
1.202978688959345618e+03 2.027845727947010062e+02 1.713428035628321311e+02 5.497138327412990577e+01 7.091220190359349829e+01
1.203404550369192748e+03 2.019330196059948719e+02 1.709704911183696936e+02 5.585069606208431026e+01 7.043863790717595919e+01
1.203860643584969921e+03 2.010349172931494479e+02 1.704340258225290086e+02 5.681792679086164100e+01 7.022454936844113149e+01
1.204295026856329287e+03 2.002360006078215520e+02 1.698271760947673670e+02 5.781463360958333908e+01 7.015294743323120485e+01
1.204706620994404375e+03 1.995263524273323981e+02 1.692260215177236660e+02 5.881434126170064047e+01 7.014051626957062524e+01
1.205140564752465480e+03 1.987515801903374779e+02 1.686398651133078488e+02 5.980108461679904508e+01 7.028431077668506077e+01
1.205590758190846145e+03 1.979436469977996182e+02 1.680744004911275340e+02 6.079525878959928775e+01 7.038283278840839330e+01
1.206037031341562624e+03 1.971607404415902352e+02 1.675562516709335057e+02 6.179435029754949937e+01 7.042085130796893111e+01
1.206512970154133654e+03 1.963574852328920031e+02 1.670716865759436587e+02 6.279057071271135015e+01 7.050340571475666707e+01
1.207059579222692037e+03 1.955968139545784368e+02 1.666155797757969026e+02 6.378961546811663652e+01 7.053081864510117782e+01
1.207730961641908380e+03 1.947457231534523316e+02 1.662051777347244013e+02 6.478572000262826691e+01 7.045397162352062992e+01
1.208433718461306171e+03 1.937531745061870367e+02 1.657696320214236607e+02 6.574031610115694946e+01 7.017092784548079010e+01
1.209031452739624910e+03 1.927714922646677280e+02 1.652821959112045249e+02 6.671485044596093417e+01 6.995320056882643200e+01
1.209521748276783910e+03 1.918953240699322862e+02 1.647712137923275577e+02 6.770519039700273822e+01 6.981664706863899994e+01
1.209988350681777774e+03 1.910376272999099854e+02 1.641967614292045710e+02 6.870105944941612108e+01 6.972709110619817352e+01
1.210461440589708673e+03 1.901435687355877349e+02 1.636236725726343479e+02 6.969899758543853352e+01 6.976935685792383879e+01
1.210893872840975291e+03 1.893493023251487841e+02 1.631088789174159785e+02 7.069760266000221804e+01 6.973225570476883206e+01
1.211303350152852772e+03 1.885721215740316268e+02 1.626291451859389383e+02 7.169728762397960509e+01 6.970960072214414538e+01
1.211730747639959418e+03 1.876466897882948217e+02 1.621513131244169870e+02 7.269613466503575694e+01 6.975212244550313301e+01
1.212132613196728698e+03 1.867191217174436417e+02 1.616933086391865686e+02 7.369149535266296880e+01 6.966913044528921262e+01
1.212511429036770778e+03 1.858345871009700829e+02 1.612543264849248601e+02 7.468482259988316230e+01 6.955391528438416060e+01
1.212899043457317703e+03 1.849131319242686970e+02 1.608071416639547806e+02 7.568304642288252637e+01 6.949834992712041526e+01
1.213261212721470883e+03 1.840547371239627523e+02 1.603483696303292731e+02 7.667222089189468193e+01 6.935541229317260559e+01
1.213627402624209935e+03 1.831865132200905748e+02 1.598469891361111763e+02 7.766055982744813946e+01 6.920314415093962168e+01
1.214006492255287185e+03 1.822758269881657043e+02 1.593063060138511560e+02 7.865823162518692868e+01 6.914228144002140652e+01
1.214359728802678774e+03 1.814476762151551554e+02 1.587513355476850450e+02 7.965411083652115565e+01 6.905254727471445619e+01
1.214706560882425947e+03 1.806715273457747344e+02 1.581370471171667873e+02 8.065227304400761454e+01 6.899304746071432248e+01
1.215058531612400202e+03 1.798960846163959673e+02 1.574966666358301950e+02 8.164737076179052622e+01 6.908027311602796772e+01
1.215420819489887890e+03 1.791021437433555548e+02 1.568552470694534691e+02 8.264107924868558541e+01 6.919222852965027926e+01
1.215781473967240345e+03 1.783245892252244857e+02 1.562410601613849224e+02 8.364014133417930452e+01 6.922781604384029208e+01
1.216131055224201191e+03 1.775470745743761256e+02 1.556867580697044104e+02 8.463707898494138249e+01 6.930446466381940240e+01
1.216500355874264187e+03 1.767113101943045308e+02 1.551178929925696082e+02 8.563308735729975751e+01 6.939369211822825889e+01
1.216853823985106146e+03 1.759591547914514820e+02 1.545611999550203848e+02 8.663271919031124924e+01 6.939712310278883933e+01
1.217215589023669281e+03 1.752357854894095794e+02 1.540049555162424326e+02 8.763146245371520138e+01 6.944457170493032550e+01
1.217618291075134039e+03 1.744273741090051431e+02 1.534124412844714982e+02 8.862116607742839847e+01 6.958517698768243065e+01
1.218006573324154488e+03 1.736375752016160448e+02 1.528367030601747558e+02 8.961963932296077928e+01 6.963076381228002276e+01
1.218393246659853730e+03 1.727993751117160741e+02 1.522988384629989582e+02 9.061914992620205567e+01 6.966201220314172815e+01
1.218796217020599443e+03 1.718607078830430339e+02 1.517877833057263501e+02 9.161682329127708613e+01 6.972937562772030162e+01
1.219172457113919563e+03 1.709899729348640562e+02 1.513122803368389668e+02 9.261415021237682765e+01 6.966700097605760789e+01
1.219544232922778065e+03 1.701686155425432219e+02 1.508337112168465524e+02 9.361088922438088389e+01 6.958633372408456808e+01
1.219907341502412692e+03 1.693734744985908094e+02 1.503583949452818729e+02 9.461009276775975252e+01 6.961335327424149000e+01
1.220262027831053729e+03 1.685966136304182328e+02 1.498736970317071950e+02 9.560930275006127488e+01 6.957831900372336520e+01
1.220636521798221565e+03 1.677985116972467381e+02 1.493731658927554236e+02 9.660813726748226316e+01 6.953009945731493247e+01
1.221013202781962036e+03 1.670004861312175990e+02 1.489145175652451485e+02 9.760489578271862854e+01 6.960410456963336401e+01
1.221403276276695351e+03 1.661587068051208291e+02 1.484662964530893419e+02 9.860466713324700549e+01 6.960166382255097517e+01
1.221805062036951313e+03 1.652894678022946380e+02 1.479851266549921434e+02 9.959712650861357019e+01 6.948201250865051293e+01
1.222204461828361218e+03 1.644257670298068206e+02 1.474807146013414751e+02 1.005967010573405815e+02 6.947802426980751989e+01
1.222592904749339141e+03 1.635908930524995526e+02 1.469628524161856262e+02 1.015963969918580432e+02 6.950222262564186337e+01
1.222969651785513179e+03 1.628071859333218754e+02 1.464488194281379094e+02 1.025952152136920432e+02 6.945620755805806823e+01
1.223343318519869854e+03 1.620178516084303908e+02 1.459642213860235813e+02 1.035945461366890044e+02 6.948817353222545989e+01
1.223741259734679488e+03 1.611475110249845670e+02 1.454319502539801192e+02 1.045935525013403264e+02 6.953270373893386136e+01
1.224112952942693710e+03 1.603284782385750873e+02 1.449131944803638419e+02 1.055921546633638428e+02 6.948362661932493722e+01
1.224468158347692679e+03 1.595111923351016969e+02 1.444619119572529371e+02 1.065917006879373190e+02 6.950907116077759440e+01
1.224840784035928436e+03 1.586363249467433150e+02 1.439935137935638352e+02 1.075909282956556581e+02 6.954831385943234068e+01
1.225194188602045415e+03 1.578384561849455849e+02 1.435220387065579359e+02 1.085856519242831411e+02 6.944929533920449671e+01
1.225554427311589734e+03 1.570566444175572087e+02 1.430426752809109985e+02 1.095834349264427345e+02 6.938311305658646688e+01
1.225933229777385350e+03 1.562757112140457139e+02 1.425385727202755959e+02 1.105817789503137902e+02 6.943672160471710697e+01
1.226296832762793656e+03 1.555618355570298093e+02 1.420612513356142301e+02 1.115814625471119115e+02 6.941550430660747395e+01
1.226686567395239081e+03 1.548097103549465885e+02 1.416033588566102992e+02 1.125810439109838370e+02 6.938658469934276241e+01
1.227104442837838405e+03 1.539914509763297872e+02 1.411617241488078776e+02 1.135782886483546292e+02 6.945898789638356163e+01
1.227519931689418854e+03 1.531523322163641296e+02 1.406608130135664965e+02 1.145761852453430549e+02 6.939765928382060167e+01
1.227947723695483774e+03 1.523007638985921233e+02 1.400473479630304610e+02 1.155724865169367348e+02 6.931177233141303873e+01
1.228369918090572355e+03 1.515237363910050874e+02 1.394280575548907564e+02 1.165671659348138434e+02 6.941226879468841560e+01
1.228760169699842663e+03 1.508548922104892824e+02 1.388003526317471028e+02 1.175611260897300951e+02 6.952200868442740500e+01
1.229147872049592024e+03 1.502093494896448362e+02 1.381003909951699882e+02 1.185476544423846548e+02 6.968553190926166963e+01
1.229531209901075272e+03 1.495834391745860330e+02 1.374159567610933266e+02 1.194897951095257866e+02 7.002048553532878827e+01
1.229919372569035204e+03 1.490097280535521804e+02 1.367312755619788334e+02 1.204254710194757365e+02 7.037334550384973397e+01
1.230312166623896246e+03 1.485431761867711202e+02 1.360408033478335881e+02 1.213727461238135419e+02 7.069376528477434363e+01
1.230752811499499785e+03 1.480665378587241889e+02 1.352768017446042563e+02 1.222606752626211630e+02 7.115371884370007649e+01
1.231223916529025018e+03 1.476007010147430378e+02 1.343552271057090479e+02 1.231325619644099874e+02 7.164342034526720226e+01
1.231652262130563258e+03 1.472418162751718285e+02 1.334103331679190205e+02 1.240204181818741205e+02 7.210341225036295043e+01
1.232050794666467937e+03 1.468705726196049284e+02 1.324969084391597391e+02 1.248280982795480156e+02 7.269302846669440044e+01
1.232486454355359911e+03 1.464492916668515363e+02 1.314751738912995336e+02 1.256225879159003114e+02 7.330026016900163199e+01
1.232906526349746173e+03 1.460712551044916268e+02 1.304848358447349312e+02 1.264569664892451044e+02 7.385122144030080449e+01
1.233305246600558121e+03 1.456476798746327574e+02 1.295836379512348060e+02 1.272022581955200593e+02 7.451792025514374984e+01
1.233722792381620138e+03 1.451053742210870610e+02 1.286378606364988570e+02 1.279848472585780854e+02 7.513993351444173641e+01
1.234106354495327196e+03 1.445465924040546213e+02 1.278145345976534344e+02 1.288647733520197676e+02 7.561504350391425078e+01
1.234478480630129070e+03 1.438739647169790885e+02 1.271383147339082029e+02 1.297487519723770788e+02 7.608165892575523515e+01
1.234889471449090252e+03 1.430097871245243084e+02 1.264817859062840029e+02 1.307052989823188227e+02 7.637036864787630464e+01
1.235269007330056866e+03 1.421780502392761321e+02 1.259847375560609208e+02 1.317027285942387209e+02 7.644184767619431398e+01
1.235629525901754505e+03 1.413432463469100071e+02 1.256318417338387121e+02 1.326981516685936526e+02 7.653311379823058758e+01
1.236043838855277045e+03 1.403317000330294775e+02 1.252688486129118530e+02 1.336953477928741449e+02 7.647269013532857684e+01
1.236417644338261653e+03 1.394029878156967470e+02 1.249955346402631164e+02 1.346607385310422842e+02 7.621223991794670383e+01
1.236766798095973172e+03 1.384980273548761147e+02 1.248348049777514177e+02 1.356399728527362925e+02 7.600959386439916443e+01
1.237160947826768052e+03 1.374518871547294907e+02 1.247048126344190848e+02 1.366104099154985931e+02 7.577228992197849777e+01
1.237520881309035758e+03 1.365036466466926015e+02 1.246240181242058185e+02 1.375199330917138241e+02 7.535665733986697035e+01
1.237876706737406266e+03 1.355511583358182008e+02 1.246383429437811401e+02 1.384368396173994995e+02 7.495758550304233836e+01
1.238251883417045747e+03 1.345131368335329114e+02 1.246609040982223604e+02 1.393567494956697885e+02 7.456767273795558992e+01
1.238601128751143506e+03 1.335477352719463511e+02 1.246699438435874896e+02 1.402000451230128988e+02 7.403029782340573206e+01
1.238955073712981175e+03 1.325740947605558802e+02 1.247447807833013798e+02 1.410641585413388270e+02 7.352745749345496051e+01
1.239312068048941001e+03 1.315820216574541632e+02 1.248471167472065702e+02 1.419610052506356794e+02 7.308717384180808097e+01
1.239675622004230490e+03 1.305635316726101109e+02 1.249207311550967034e+02 1.427736022950575432e+02 7.250448909072964909e+01
1.240044200140292332e+03 1.295310323090586166e+02 1.249704396594945734e+02 1.435637302115871137e+02 7.189253553474428315e+01
1.240392348437498640e+03 1.285672090629703064e+02 1.250360159367689192e+02 1.444241632140426077e+02 7.138301453032433130e+01
1.240748197934947484e+03 1.275975866176783597e+02 1.250795901975804014e+02 1.452694139081926039e+02 7.084899060575382634e+01
1.241082175363869965e+03 1.267037786127810222e+02 1.250414810572938364e+02 1.460830443175314883e+02 7.026922972492907604e+01
1.241433998384137340e+03 1.257534867977824149e+02 1.249946588703763410e+02 1.469781242893745627e+02 6.982354322214014530e+01
1.241800977680157075e+03 1.247705323447039518e+02 1.249480561898391215e+02 1.478886105909141122e+02 6.941154016744272326e+01
1.242148311323814823e+03 1.238766908718215660e+02 1.249084905177377607e+02 1.487441717264174201e+02 6.889387946284324471e+01
1.242517911284415959e+03 1.229384794643765986e+02 1.249235755814583655e+02 1.496136546236512288e+02 6.840032776460515151e+01
1.242884739499025045e+03 1.220048806141930839e+02 1.249222636615877633e+02 1.505083891946931089e+02 6.795555316620016129e+01
1.243252068976457167e+03 1.210965172173615940e+02 1.248180609923378483e+02 1.513402920756522292e+02 6.740115323853129325e+01
1.243643030264530807e+03 1.201962267743023460e+02 1.245259370563456685e+02 1.522210002889508473e+02 6.693209777709788000e+01
1.244035406275188961e+03 1.193901953122782658e+02 1.241278702787130754e+02 1.531843764538333517e+02 6.666532213713114174e+01
1.244432460116044240e+03 1.187846850954461928e+02 1.236521230471179251e+02 1.541681496166339400e+02 6.650817022981608773e+01
1.244939968228443149e+03 1.182796306039331427e+02 1.229706553286052326e+02 1.551591139067670611e+02 6.663376113967406411e+01
1.245573047881265666e+03 1.178216660183517916e+02 1.220929783514168321e+02 1.561160913877826601e+02 6.691562432457733678e+01
1.246198868521567647e+03 1.174008798721056053e+02 1.211163717342232502e+02 1.569852811433881641e+02 6.740444829443754315e+01
1.246781372910386381e+03 1.165941857074477213e+02 1.203157842291778650e+02 1.577630155216314733e+02 6.800630651748798527e+01
1.247243922578695447e+03 1.157296554447309802e+02 1.198723437169019945e+02 1.587536356535002540e+02 6.813493768274010165e+01
1.247694678347604622e+03 1.147389957615635012e+02 1.195227486615259380e+02 1.597535112185411776e+02 6.814732541137972532e+01
1.248133555873129581e+03 1.136952561627300895e+02 1.192066027366594909e+02 1.607494522168607887e+02 6.810383291648911097e+01
1.248519656334145793e+03 1.127839016519639728e+02 1.189415829808579588e+02 1.617237114358848942e+02 6.787985245824312130e+01
1.248929246085893055e+03 1.118098269461488172e+02 1.186606315006901440e+02 1.627115531746197803e+02 6.772640579376893299e+01
1.249338492449905289e+03 1.108418867344330039e+02 1.183408108133030936e+02 1.637042587489998766e+02 6.761419354369337498e+01
1.249725609350065952e+03 1.099841682092816484e+02 1.180458843970660325e+02 1.646830449110438792e+02 6.741256613112398099e+01
1.250143914390153668e+03 1.090929520972552922e+02 1.178011727575835152e+02 1.656733663487073613e+02 6.727981372830454632e+01
1.250602147398479701e+03 1.081868407422382035e+02 1.174845174213396461e+02 1.666394100806899985e+02 6.702833836802621192e+01
1.251073984022037621e+03 1.075517668645833140e+02 1.171288297932201630e+02 1.675737161009790555e+02 6.669222050256747991e+01
1.251851124043040727e+03 1.068422427051199861e+02 1.169051371306565983e+02 1.685692304041518810e+02 6.660904375552883039e+01
1.253336511826888227e+03 1.053509912744622739e+02 1.160961391501870423e+02 1.695545879499852049e+02 6.645660296400915001e+01
1.253857116196209063e+03 1.045416776554657758e+02 1.154802461769963458e+02 1.705414200496722117e+02 6.654399848300404585e+01
1.254340694990442898e+03 1.036364238036436234e+02 1.150128104435087977e+02 1.714901335798260504e+02 6.681644005699430977e+01
1.254812331057368510e+03 1.026401383330752282e+02 1.144143449822151979e+02 1.724885890831649817e+02 6.677101099070416979e+01
1.255214438447675548e+03 1.017478651879225708e+02 1.136540089553197390e+02 1.734831619789204638e+02 6.671513398766560954e+01
1.255579782992207811e+03 1.009371817445399131e+02 1.129108138610239820e+02 1.744778498880875475e+02 6.681805568999153877e+01
1.255929636362868678e+03 1.001357419054853324e+02 1.122767341365742908e+02 1.754705418150298328e+02 6.693659491647241566e+01
1.256275450155792896e+03 9.927310538747802582e+01 1.117889235234571288e+02 1.764593667347158430e+02 6.708432158382997557e+01
1.256620437285271009e+03 9.835443561811135282e+01 1.114931114935347267e+02 1.774527228127354874e+02 6.713905008760262660e+01
1.256985684001790332e+03 9.737486831694566547e+01 1.113566805592687672e+02 1.784406361225950093e+02 6.699029421972544185e+01
1.257348010707323510e+03 9.640463324690456659e+01 1.113894463794030543e+02 1.794144564932724109e+02 6.676308636920497008e+01
1.257711274716077241e+03 9.541569054211366563e+01 1.115726253418732483e+02 1.803523173935054729e+02 6.644582958850585896e+01
1.258068933077445763e+03 9.444274076926264172e+01 1.118263207452065444e+02 1.811786332941831859e+02 6.588557232303708133e+01
1.258399027054434328e+03 9.357481605890215803e+01 1.121273917703389884e+02 1.819496735091366020e+02 6.524878658013646771e+01
1.258746892325770432e+03 9.270309191351334732e+01 1.125384354155271467e+02 1.826910960981390133e+02 6.458109880978909700e+01
1.259100563127038185e+03 9.186584518678438371e+01 1.130533944301678133e+02 1.833168712516820449e+02 6.380521998260748262e+01
1.259441056711126521e+03 9.114997668763641059e+01 1.136840588330838244e+02 1.838224960002167450e+02 6.294305583504630164e+01
1.259789155154393029e+03 9.050580826972590387e+01 1.144391614955169700e+02 1.842453234861642102e+02 6.203931510064000321e+01
1.260128347851156832e+03 8.995098437422694815e+01 1.152298664426339485e+02 1.845142083023964119e+02 6.108025535752158675e+01
1.260472683738885507e+03 8.946913575899925775e+01 1.160758481306358476e+02 1.846653359371985346e+02 6.009205429902642948e+01
1.260821633444468034e+03 8.903069316585693116e+01 1.169686497839039134e+02 1.848465158248583009e+02 5.910868151160006079e+01
1.261162545275474940e+03 8.862154167912748903e+01 1.178632182253005425e+02 1.849549129514358867e+02 5.811800011458942095e+01
1.261493184310742208e+03 8.823521622697394662e+01 1.187533986164334863e+02 1.849341182793332052e+02 5.711823607135085012e+01
1.261806671539065292e+03 8.788465019077368368e+01 1.196242052606424409e+02 1.849198058047558675e+02 5.611862838295230205e+01
1.262122410446557524e+03 8.755085862696320476e+01 1.205169262094471350e+02 1.849015291654530984e+02 5.512062197063302449e+01
1.262440469545889982e+03 8.722007300049020273e+01 1.214224386860812785e+02 1.847746516230202758e+02 5.412907292083529853e+01
1.262758920488829290e+03 8.688901696891961990e+01 1.223383276335020042e+02 1.846443022919825978e+02 5.313909237654014817e+01
1.263080476881459390e+03 8.655408301760385825e+01 1.232723953665544627e+02 1.845956993511551616e+02 5.214027766179196988e+01
1.263397343287600734e+03 8.620238075252346732e+01 1.241775141302771459e+02 1.845227441392207197e+02 5.114381167176102139e+01
1.263714472562924129e+03 8.581647529990486589e+01 1.250678251220070507e+02 1.844120113827150362e+02 5.015054687111265252e+01
1.264024956197635674e+03 8.539599672216269255e+01 1.259396013319402385e+02 1.843836484390053556e+02 4.915206945553346429e+01
1.264335601104326315e+03 8.494829200823038207e+01 1.268068840802720132e+02 1.844063908047726272e+02 4.815266041535024044e+01
1.264639684483998053e+03 8.451426190904163605e+01 1.276456244443533450e+02 1.843895050707106975e+02 4.715280781567620494e+01
1.264936223616249436e+03 8.413565196571899207e+01 1.284723149230951833e+02 1.844000740583149991e+02 4.615392943007797300e+01
1.265236598493885595e+03 8.379788034079409442e+01 1.293287522585704323e+02 1.844618291102052297e+02 4.515608661922946965e+01
1.265546197414030530e+03 8.347033552030927694e+01 1.302282786841390134e+02 1.844457253575853031e+02 4.415836139732667931e+01
1.265865595599485459e+03 8.314688726736079616e+01 1.311683727085782323e+02 1.843450434617052167e+02 4.316352436496213585e+01
1.266179475016770311e+03 8.284477605055054994e+01 1.320887745179218200e+02 1.842946845664516502e+02 4.216583756470129174e+01
1.266495374667421856e+03 8.254832707131372160e+01 1.330062992729778841e+02 1.842819376387347177e+02 4.116665262750753129e+01
1.266813143033642518e+03 8.221249659003976262e+01 1.339065971309073291e+02 1.841954418740882602e+02 4.017077995339380436e+01
1.267144450060526651e+03 8.181760186092668619e+01 1.348106494053832307e+02 1.841187752190122922e+02 3.917600334590200362e+01
1.267485487372396847e+03 8.139291078508145461e+01 1.357117905211368623e+02 1.841535859709648832e+02 3.817690670453146140e+01
1.267818779997050797e+03 8.096779564395049533e+01 1.365723376973828636e+02 1.841943069745081516e+02 3.717848091387058673e+01
1.268153458520540426e+03 8.054715327431593153e+01 1.374438678467176942e+02 1.841906116027558085e+02 3.617856397907710431e+01
1.268489011334595489e+03 8.013094564861221158e+01 1.383304993846130913e+02 1.842251863949352355e+02 3.517958717652201273e+01
1.268831342824697231e+03 7.969238128314142955e+01 1.392324101677810404e+02 1.842680151905443608e+02 3.418145587058179302e+01
1.269165595508474098e+03 7.923368084957914448e+01 1.401009144977562073e+02 1.842473247345993741e+02 3.318168304853020345e+01
1.269491569633194786e+03 7.875608063014773563e+01 1.409378544660229693e+02 1.842679142703573518e+02 3.218404954640485016e+01
1.269819730110961927e+03 7.824894384490715993e+01 1.417667552254838483e+02 1.843865273208351425e+02 3.119118517978833793e+01
1.270145628117080832e+03 7.772465485207014524e+01 1.425720290637569860e+02 1.845011962457327286e+02 3.019816933799061687e+01
1.270477035899216162e+03 7.718201328736785172e+01 1.433858158704474590e+02 1.846073691524677258e+02 2.920458874080249601e+01
1.270810025273260635e+03 7.662925768344713617e+01 1.441973617594229893e+02 1.847934750939444370e+02 2.822278042768391870e+01
1.271150677947309532e+03 7.605399829120680977e+01 1.449982683862210138e+02 1.849954753039116042e+02 2.724444847252763324e+01
1.271497961262043418e+03 7.547724824433484514e+01 1.457723219758366042e+02 1.851396620757233507e+02 2.625490059312468816e+01
1.271859553203056066e+03 7.495766475847212007e+01 1.465513069333168801e+02 1.853258308314752583e+02 2.527378430338922755e+01
1.272255902571096158e+03 7.454229463483041229e+01 1.473528446556685196e+02 1.855442225238346339e+02 2.429909533009428912e+01
1.272719946705022721e+03 7.432320231887489115e+01 1.480367528906530481e+02 1.856359582158876549e+02 2.330689640830842535e+01
1.274303944823929896e+03 7.491247629556148979e+01 1.478064321794350917e+02 1.853437693118166294e+02 2.243459772656560958e+01
1.275601009073104024e+03 7.577152092398402772e+01 1.465828965020569967e+02 1.852728347450900515e+02 2.305291403052379096e+01
1.276083349253804727e+03 7.629500748825380185e+01 1.456082567802729955e+02 1.851927682678986855e+02 2.404404635377656874e+01
1.276473674629341758e+03 7.679421763066505946e+01 1.447076239876605257e+02 1.851563310293437610e+02 2.504214726403929703e+01
1.276817815253406934e+03 7.721491953813917064e+01 1.438747059483441717e+02 1.851739374975306873e+02 2.604188473700493489e+01
1.277146187496592574e+03 7.755023013746273364e+01 1.430389896131318324e+02 1.850751285937100761e+02 2.703499964346969264e+01
1.277480022221626996e+03 7.786731899457078043e+01 1.421400385765757903e+02 1.850055619208076223e+02 2.803209119386864145e+01
1.277780532634310475e+03 7.818111771463152593e+01 1.413246711317485449e+02 1.851264621236175003e+02 2.902078096467658952e+01
1.278113656220981056e+03 7.854115161992363880e+01 1.403857185170523962e+02 1.852442679592377317e+02 3.001351387586633734e+01
1.278412446902253350e+03 7.886154983831413290e+01 1.395206036078592149e+02 1.852887931599563274e+02 3.101204250028608556e+01
1.278728378881280150e+03 7.922663336897288389e+01 1.385969548614704649e+02 1.853470880129891896e+02 3.201023039278632609e+01
1.279032973845142351e+03 7.961698727077678939e+01 1.377206932524715626e+02 1.854724260806961809e+02 3.300188158025075325e+01
1.279348640964997003e+03 7.998907521801520204e+01 1.368220537040660929e+02 1.854871491155662966e+02 3.399972937252317706e+01
1.279671548512049640e+03 8.036443460879701206e+01 1.358988775410144001e+02 1.854573765746910681e+02 3.499926700227728560e+01
1.279976082436267006e+03 8.073246030382799177e+01 1.350724105054701454e+02 1.855326222954531090e+02 3.599492421244027440e+01
1.280332876352631729e+03 8.117074387456102613e+01 1.341163722706805856e+02 1.855161997064302284e+02 3.699295635815517613e+01
1.280679741946643389e+03 8.159962948456656306e+01 1.332015625187876537e+02 1.853736951830042585e+02 3.798155550084871379e+01
1.281018896111928370e+03 8.200762511785332265e+01 1.323040542604558425e+02 1.853275187097639503e+02 3.897859708053608330e+01
1.281367234236902959e+03 8.241711403192810792e+01 1.313898821837805713e+02 1.853403987785548566e+02 3.997841309578119251e+01
1.281696185110995884e+03 8.280850195274669545e+01 1.305266714753370252e+02 1.852449763363496515e+02 4.097212548670152188e+01
1.282040896723990954e+03 8.325232928815850642e+01 1.296183640247592734e+02 1.851375699597184052e+02 4.196630006951735226e+01
1.282368592683618544e+03 8.368733597246769307e+01 1.287523901159432569e+02 1.851140226567751483e+02 4.296521319607838052e+01
1.282707160778622438e+03 8.409726873514070178e+01 1.278256345623365888e+02 1.849963902639733817e+02 4.395657069233887171e+01
1.283043005959344100e+03 8.446155831597008046e+01 1.268862184572164011e+02 1.848531780337018802e+02 4.494626085343416122e+01
1.283359330105081199e+03 8.477640782884228088e+01 1.260019337879437131e+02 1.848944523769986290e+02 4.594108788831302803e+01
1.283708495729761808e+03 8.508696245925982282e+01 1.250270372626269051e+02 1.849458475293056381e+02 4.693959236543904012e+01
1.284033454272524295e+03 8.536566739615820154e+01 1.241132038477638275e+02 1.849074840527588606e+02 4.793803051198213439e+01
1.284375919488300951e+03 8.567010705767461332e+01 1.231718019639249633e+02 1.849695204111054920e+02 4.893423301641326617e+01
1.284717650511062629e+03 8.600003471793669974e+01 1.222654724938294635e+02 1.851290136947401948e+02 4.992084829615038188e+01
1.285054772486453430e+03 8.635133873799021842e+01 1.213626733896451100e+02 1.851494403225071039e+02 5.091751788623839303e+01
1.285390635052867310e+03 8.676015469949251724e+01 1.204671607503582749e+02 1.851168498017309787e+02 5.191696405671235226e+01
1.285704718406882421e+03 8.716914565568673368e+01 1.196765207801399384e+02 1.851717934195705482e+02 5.291440070295736575e+01
1.286053838620264742e+03 8.762332682567758013e+01 1.187903630101604335e+02 1.851323211284792762e+02 5.391186682671738595e+01
1.286395490275816201e+03 8.804648917171844857e+01 1.179140925354800942e+02 1.849525226100787449e+02 5.489396601670957665e+01
1.286743136966605789e+03 8.848741759663222695e+01 1.170180864209197580e+02 1.848849209907595537e+02 5.588915133006662472e+01
1.287111304354409867e+03 8.902634126989188701e+01 1.160993947761286478e+02 1.848509699353658107e+02 5.688857443754461940e+01
1.287472962947697397e+03 8.964073379422258370e+01 1.152354384787531103e+02 1.846750037668152800e+02 5.787036447428185681e+01
1.287827786780656879e+03 9.032718481461382964e+01 1.144142555586505097e+02 1.845029217281047238e+02 5.885524023707124286e+01
1.288179097292663528e+03 9.101544202990545784e+01 1.136175160489414111e+02 1.843280916532998503e+02 5.983981763718465174e+01
1.288514550834976717e+03 9.163437213572099438e+01 1.128679740785865420e+02 1.839706121065677564e+02 6.076901222201507125e+01
1.288864654344987912e+03 9.231890920386939570e+01 1.121025018814025600e+02 1.835817410624745776e+02 6.169027518689491529e+01
1.289190480727048225e+03 9.301445202455244043e+01 1.114297526578084359e+02 1.832752433607039393e+02 6.264122298919743059e+01
1.289536437178855749e+03 9.375020815094821103e+01 1.107255034254089026e+02 1.828606034478889057e+02 6.354861991710586011e+01
1.289879715160718888e+03 9.449563986725669906e+01 1.100769733418925824e+02 1.823555473169024879e+02 6.441106094543346217e+01
1.290221056116348109e+03 9.528511686152241111e+01 1.095641761485073715e+02 1.819520194610379917e+02 6.532374356615109434e+01
1.290628167399519270e+03 9.627828258441763865e+01 1.091406067368654078e+02 1.814399636921787078e+02 6.617925353651503428e+01
1.291046892290470169e+03 9.734111113977463958e+01 1.088663945835752855e+02 1.807611109701167038e+02 6.690860823452884176e+01
1.291443540440031711e+03 9.840594396225387186e+01 1.088031895725294191e+02 1.800455090475830104e+02 6.760711012625901617e+01
1.291876247111040129e+03 9.954917173838983047e+01 1.089129499227602338e+02 1.791661831402729774e+02 6.806133357312519649e+01
1.292279467452055542e+03 1.005755070160968643e+02 1.091238150769524253e+02 1.782058330715804004e+02 6.833264194736062791e+01
1.292637720525133773e+03 1.014636424598003828e+02 1.094132065676250960e+02 1.772661608828038027e+02 6.867113507400269157e+01
1.293033489874798533e+03 1.024147744436606757e+02 1.097938787421885394e+02 1.762801534766771852e+02 6.878477890808746054e+01
1.293413781543777077e+03 1.033014661514833392e+02 1.102042773142831322e+02 1.752826105394109675e+02 6.873609602449398892e+01
1.293749733393473434e+03 1.040885679576248037e+02 1.106032962454838184e+02 1.742865384178665806e+02 6.879722325937279948e+01
1.294116014347063810e+03 1.049124465722046580e+02 1.110390798950418088e+02 1.732874692625311752e+02 6.879874940099492164e+01
1.294483280483767203e+03 1.057003199408693348e+02 1.114464640255957875e+02 1.722980670430944770e+02 6.866440872257757633e+01
1.294870067627135541e+03 1.065334939873153672e+02 1.118637633682189971e+02 1.713007058153874027e+02 6.861447636276731998e+01
1.295266236659085962e+03 1.073811132112898008e+02 1.122990087722708950e+02 1.703009638067208584e+02 6.859178964077537444e+01
1.295659217471654529e+03 1.082280166280687013e+02 1.126846826262058840e+02 1.693125870057739348e+02 6.845066116142702128e+01
1.296081879769185434e+03 1.091492530980945332e+02 1.130686047050867415e+02 1.683152152925228791e+02 6.841080934300572380e+01
1.296502573617663302e+03 1.100345857834354035e+02 1.134730304865115187e+02 1.673159629530844370e+02 6.844342878661048246e+01
1.296907020166178199e+03 1.108800371090508037e+02 1.138401666028383943e+02 1.663229343901541881e+02 6.834559571730341077e+01
1.297327016968499038e+03 1.117819962709339876e+02 1.141997487946836713e+02 1.653256790238146721e+02 6.827717926633576440e+01
1.297727885764590837e+03 1.126712042698840861e+02 1.145450641666959228e+02 1.643307958212299980e+02 6.835645059400225421e+01
1.298138411840347771e+03 1.136088923879663355e+02 1.148726626517695877e+02 1.633318476122633456e+02 6.837246941669786793e+01
1.298574502154035827e+03 1.146140399330215160e+02 1.152493675203234034e+02 1.623345858798324741e+02 6.843884006169821532e+01
1.298986389816304154e+03 1.155163496779565833e+02 1.156484813832858691e+02 1.613437375716475515e+02 6.857168088737769551e+01
1.299402058509369908e+03 1.163894257587128322e+02 1.160415144694027134e+02 1.603473301774638458e+02 6.854248163285087969e+01
1.299843818317187925e+03 1.171648418792469073e+02 1.163752066936499006e+02 1.593479101883519036e+02 6.851267465138849388e+01
1.300654674202954538e+03 1.175018724524493621e+02 1.165354528516440098e+02 1.583541086658939605e+02 6.860947228166048717e+01
1.302701676444429040e+03 1.162928310593772778e+02 1.157820157620068358e+02 1.590274524000416250e+02 6.887056520201740284e+01
1.303411289260442572e+03 1.151670553897889562e+02 1.153957467813143012e+02 1.600230256238279480e+02 6.877866533847047492e+01
1.303912607704866787e+03 1.141849211395747403e+02 1.151657692771429140e+02 1.610150960046435671e+02 6.868555991862352528e+01
1.304358219933009423e+03 1.132260473297222774e+02 1.149324721631290629e+02 1.619819551715044668e+02 6.843068515180367228e+01
1.304813665101797369e+03 1.122184009160822455e+02 1.147517282500336933e+02 1.629593070505081016e+02 6.822199625625695774e+01
1.305252745388889707e+03 1.113803726560787482e+02 1.146541925535959194e+02 1.639404395829799341e+02 6.804463834146464762e+01
1.305823598234553629e+03 1.108714071474703644e+02 1.146267756335493289e+02 1.648828380506141116e+02 6.771053127718603548e+01
1.308636790672695497e+03 1.105617074514662619e+02 1.146861335410377905e+02 1.654412175449270421e+02 6.732912720913046201e+01
1.318145197066357014e+03 1.105123138539914152e+02 1.144151269954626429e+02 1.646027841444551427e+02 6.714889406151888807e+01
1.322259648152151613e+03 1.102580771717100134e+02 1.132068177170411474e+02 1.646584593886918810e+02 6.801110646948211524e+01
1.323165573520841690e+03 1.095369453783010556e+02 1.124200610065854420e+02 1.652846715216852829e+02 6.876740422970532052e+01
1.323804479822437997e+03 1.083911609687608859e+02 1.121895819089106112e+02 1.662096224934433621e+02 6.903665893042750668e+01
1.324305222168659611e+03 1.073580411636154821e+02 1.123533134419811432e+02 1.671815144137573839e+02 6.886756137012010015e+01
1.324729369927397784e+03 1.066388165728022983e+02 1.125616484273126900e+02 1.680624197353543536e+02 6.840871710661282634e+01
1.325185644479368648e+03 1.059936240863024466e+02 1.127118833412466756e+02 1.689028536669182188e+02 6.786703482819903854e+01
1.325768958677873115e+03 1.055065458688496847e+02 1.127886173787815096e+02 1.697747353187256181e+02 6.737869283842685775e+01
