# ts_seconds,x,y,gt_x,gt_y
1.388249305180179363e+04 1.729841093225244890e+02 6.764047338510975749e+01 1.729841093225244890e+02 6.764047338510975749e+01
1.388675119534966689e+04 1.726295004237462365e+02 6.933109374832939409e+01 1.719877017534738002e+02 6.772447091480756853e+01
1.388732931060173541e+04 1.724700393924426578e+02 7.028832579743929898e+01 1.709911699274565535e+02 6.764328286982284055e+01
1.388789144765918536e+04 1.723536205836554700e+02 7.127384770625310750e+01 1.699971097055962446e+02 6.775107801630629467e+01
1.388844938401331274e+04 1.722443536435374085e+02 7.219554652087136049e+01 1.689975943814808659e+02 6.772105151799836165e+01
1.388910656929081415e+04 1.721305162886137055e+02 7.304841257022125944e+01 1.679985584915436334e+02 6.776442443647739822e+01
1.388987536745846046e+04 1.718469766727032777e+02 7.395704131547614679e+01 1.669988818534106088e+02 6.774453752156992437e+01
1.389070627821202106e+04 1.716106360314584549e+02 7.478491548759022578e+01 1.660089040530615137e+02 6.761468533824232452e+01
1.389285601129910901e+04 1.713251458812549686e+02 7.560623002203915632e+01 1.650228161000447926e+02 6.777944772356994463e+01
1.389652607387089120e+04 1.710924195356380721e+02 7.690943775673152061e+01 1.640252648177755361e+02 6.784674175199036483e+01
1.389713138350248119e+04 1.710569752126924072e+02 7.811810115767313789e+01 1.630349707094220832e+02 6.798343223055576345e+01
1.389759344041330951e+04 1.709952651657134766e+02 7.920000129847986159e+01 1.620358470469234931e+02 6.802428885988439333e+01
1.389800290897127343e+04 1.709492903718107755e+02 8.022607678817198007e+01 1.610386658031218587e+02 6.809914950285536861e+01
1.389840170875814147e+04 1.709210459049417921e+02 8.128562261594086635e+01 1.600401196082568163e+02 6.814996484741182314e+01
1.389877822907962945e+04 1.709902499326952068e+02 8.228481752637158309e+01 1.590405786026850308e+02 6.814104135624181424e+01
1.389912016908501937e+04 1.711317037045820939e+02 8.319543895716202542e+01 1.580464762882141088e+02 6.824699573193468893e+01
1.389946213473190073e+04 1.712578517573062697e+02 8.412408342569494835e+01 1.570641187720328844e+02 6.843398496130173214e+01
1.389980358886851536e+04 1.714167313196366536e+02 8.502756619162265395e+01 1.560806686746938681e+02 6.861457396904455663e+01
1.390013517969984241e+04 1.716600826122605667e+02 8.588038308595132264e+01 1.551094918470513733e+02 6.885201614855064634e+01
1.390048318344929430e+04 1.719895133820330386e+02 8.677985042023793483e+01 1.541596150397226097e+02 6.916434265174110863e+01
1.390083474253589702e+04 1.723799139948984021e+02 8.767468745353721715e+01 1.532281585643827668e+02 6.952758288877529935e+01
1.390118009215982056e+04 1.728175126021242249e+02 8.853401764078215308e+01 1.523278488579059058e+02 6.996261737600477204e+01
1.390152750069355352e+04 1.732550993946814799e+02 8.939195125140942366e+01 1.514499887670465057e+02 7.044150599638645360e+01
1.390186625720895063e+04 1.737061443013823805e+02 9.015672939561959254e+01 1.505845032881937300e+02 7.094191347744758502e+01
1.390222182676865486e+04 1.742984527277290852e+02 9.086150421328650850e+01 1.497675534904686003e+02 7.151767502074281424e+01
1.390258343771218824e+04 1.749674906961974443e+02 9.159178222841219963e+01 1.490225230183844189e+02 7.218464545905116836e+01
1.390292329141903974e+04 1.755826257177440084e+02 9.230922230568452846e+01 1.483002023412604160e+02 7.287612735356522364e+01
1.390326802924176809e+04 1.762049134740013301e+02 9.304111301476720541e+01 1.476054040746197416e+02 7.359520002920866943e+01
1.390361113191119875e+04 1.768137697360286325e+02 9.381396070495640060e+01 1.469393805763386638e+02 7.434070832879424984e+01
1.390395496862867549e+04 1.773634463731085589e+02 9.464490769121474045e+01 1.462090764847355615e+02 7.502362802405673392e+01
1.390429569264841302e+04 1.778913846562011827e+02 9.547228327624362976e+01 1.454447784691029142e+02 7.566837719400051299e+01
1.390462584113240337e+04 1.784167252928077119e+02 9.627721349100154669e+01 1.447056363479244112e+02 7.634190297799669622e+01
1.390497087109167114e+04 1.789365805850239610e+02 9.717551859590915342e+01 1.439514396448713569e+02 7.699841048498481655e+01
1.390531533690533433e+04 1.794029442143256290e+02 9.810627474189149666e+01 1.431691061791095763e+02 7.762126679548352115e+01
1.390565079983585565e+04 1.798205644248645569e+02 9.900805102133664093e+01 1.423859816693017706e+02 7.824249771017923649e+01
1.390599447033785509e+04 1.802252676336302670e+02 9.994770545679614315e+01 1.415434643727750768e+02 7.878002111428966714e+01
1.390632487751839290e+04 1.805888793751330468e+02 1.008597276300215242e+02 1.406455120456309658e+02 7.922011188895147882e+01
1.390663845608792872e+04 1.808589771473471899e+02 1.017396193181564570e+02 1.397453105509902684e+02 7.965557438751413599e+01
1.390695848409847531e+04 1.810310865091429093e+02 1.026630325708613327e+02 1.388360653357851220e+02 8.006969303363689505e+01
1.390727772739508873e+04 1.811276322331828510e+02 1.036131441764451608e+02 1.378765176628049574e+02 8.034941361021687101e+01
1.390761088220341480e+04 1.811321542445084560e+02 1.046189016831429086e+02 1.368936265729138313e+02 8.053359837115007736e+01
1.390793918006525928e+04 1.810866236673571450e+02 1.055823884589314758e+02 1.359091891146485125e+02 8.070819376899483188e+01
1.390826869499454369e+04 1.810434914084948446e+02 1.065370048621549302e+02 1.349153154528515302e+02 8.081785757700460238e+01
1.390861670607627639e+04 1.809646056051719256e+02 1.075523572366713267e+02 1.339178083178196914e+02 8.088814962271952425e+01
1.390894862203705634e+04 1.808542363691878450e+02 1.084895362693651180e+02 1.329214864760945716e+02 8.097282339347528080e+01
1.390928044909222626e+04 1.807998319669322882e+02 1.093644191459986246e+02 1.319227052228939954e+02 8.102114390244702236e+01
1.390962886770227124e+04 1.807951776659610630e+02 1.102264928489476148e+02 1.309271190267191400e+02 8.110984073964684171e+01
1.390997541538095174e+04 1.808162102503292203e+02 1.110210444673228380e+02 1.299430855901190114e+02 8.128776252845520389e+01
1.391031408933081184e+04 1.810550023347194895e+02 1.115502645719158465e+02 1.289559784559823470e+02 8.144718659854649445e+01
1.391063222906425835e+04 1.816458709572505938e+02 1.118165809724330302e+02 1.279634768923716450e+02 8.156884806456920955e+01
1.391094491496026058e+04 1.823298652129054460e+02 1.120558879228274236e+02 1.269765640539045393e+02 8.172953472852167067e+01
1.391126875005967850e+04 1.829003789553833883e+02 1.126751639175446797e+02 1.259966985641694919e+02 8.192919279688572942e+01
1.391159639629178491e+04 1.833009901783129294e+02 1.135678477625002927e+02 1.250210146892015501e+02 8.214304415722347130e+01
1.391193957320647860e+04 1.836556182771171279e+02 1.145080955612289841e+02 1.240891482570573743e+02 8.250413418429273804e+01
1.391227681718643180e+04 1.840422663660893647e+02 1.154119102779538792e+02 1.231966535748226619e+02 8.295517677331537243e+01
1.391261413585503578e+04 1.845228254301774768e+02 1.162678597893388996e+02 1.223039204011369065e+02 8.340499520897058972e+01
1.391296217717152103e+04 1.851081509481372223e+02 1.170776632615878441e+02 1.214505457948493614e+02 8.392591954128575082e+01
1.391330362067381429e+04 1.855943549755560014e+02 1.179003428998214247e+02 1.206209845826644056e+02 8.448343544083022039e+01
1.391364893105199371e+04 1.859082170495304354e+02 1.188265646202117409e+02 1.197392464194907120e+02 8.495374397175693559e+01
1.391399578063222179e+04 1.860479910930172309e+02 1.198187607631472389e+02 1.188125903220335005e+02 8.532950837768518682e+01
1.391433238327995241e+04 1.860653667539097569e+02 1.208074596807036016e+02 1.178707167567041836e+02 8.566221304384080781e+01
1.391466958873870499e+04 1.859527633182554780e+02 1.217942499214891541e+02 1.168908944203284364e+02 8.585870467901159486e+01
1.391500015186113342e+04 1.857629024271120102e+02 1.227292062273676834e+02 1.158960314197570511e+02 8.595989573166761488e+01
1.391532959232559733e+04 1.856050446242803105e+02 1.236644411991900512e+02 1.149013709802595002e+02 8.606122226128051977e+01
1.391567337134522495e+04 1.855573316180598908e+02 1.246940693099577118e+02 1.139024714247048706e+02 8.610161384032882381e+01
1.391602101891512939e+04 1.856376481575282469e+02 1.257531077072793977e+02 1.129027224197467376e+02 8.608453657364128730e+01
1.391636817164696913e+04 1.856967861558895549e+02 1.267881245112178306e+02 1.119029673128602553e+02 8.610655639708248543e+01
1.391672753316009948e+04 1.855806952708200015e+02 1.277648550465968356e+02 1.109033267238675649e+02 8.612848585758209197e+01
1.391710210244781592e+04 1.855119287953750984e+02 1.286644929908784718e+02 1.099034918112377568e+02 8.611425045746295837e+01
1.391750760532026834e+04 1.857713148009987094e+02 1.295672822786088432e+02 1.089037796468195722e+02 8.613452089223679309e+01
1.391792143895567278e+04 1.863384432903713446e+02 1.303316243877755198e+02 1.079051810858983345e+02 8.618738984324841113e+01
1.391832954629079177e+04 1.869285322882049627e+02 1.310431932658222536e+02 1.069069065487326355e+02 8.624210929117997182e+01
1.391877879081184437e+04 1.874357578936395612e+02 1.317216930077929078e+02 1.059133688477920856e+02 8.635533425315774991e+01
1.391982117155313972e+04 1.876477306889018166e+02 1.317339250466064016e+02 1.051607971177388237e+02 8.640501404121800988e+01
1.392263454927778730e+04 1.874553908135709150e+02 1.331612802185908606e+02 1.045720067332660932e+02 8.625280083417058563e+01
1.392330979311628835e+04 1.872894410182435649e+02 1.344344596668127849e+02 1.035756965612172849e+02 8.616897928152006614e+01
1.392375087841954337e+04 1.870803320311270852e+02 1.354716001346271241e+02 1.025774238395035241e+02 8.611023312402284091e+01
1.392416158103211637e+04 1.868177739974117912e+02 1.364848275930724810e+02 1.015792685330100511e+02 8.604953699863457928e+01
1.392454561848286903e+04 1.865873767090474473e+02 1.374942651918426293e+02 1.005806305392176654e+02 8.600140402805229201e+01
1.392490636734430518e+04 1.863981562211876337e+02 1.384414155053307809e+02 9.958119711051315903e+01 8.597090762187045243e+01
1.392527761313545125e+04 1.862072573399517239e+02 1.394083412716680073e+02 9.858229467247255684e+01 8.592434488292026629e+01
1.392564433299880329e+04 1.860213333416231194e+02 1.403803169169556782e+02 9.758391655293638678e+01 8.592588162160940612e+01
1.392600309839052534e+04 1.858635149552407881e+02 1.413254807210229842e+02 9.658618090332868178e+01 8.598849154177939624e+01
1.392637355064379335e+04 1.857090670283129725e+02 1.422756723063384072e+02 9.558645809628215773e+01 8.600519007930110149e+01
1.392673729176164670e+04 1.855727357878309931e+02 1.431895103657107313e+02 9.458761998973990615e+01 8.602927146326820207e+01
1.392709891186354798e+04 1.855063930848366738e+02 1.440804787931737110e+02 9.358982445065011291e+01 8.608669599682333740e+01
1.392747873485569107e+04 1.855094355449744512e+02 1.449827471205995835e+02 9.259034440043201641e+01 8.611249772628282528e+01
1.392786582615502812e+04 1.855045739061620793e+02 1.458748723346552083e+02 9.159500182941980029e+01 8.619763696265447095e+01
1.392825509107438847e+04 1.854352708181070852e+02 1.467621640809971097e+02 9.060332564339411476e+01 8.632292290923446387e+01
1.392865656815717375e+04 1.853382534236108086e+02 1.476578006103904102e+02 8.960577704198560411e+01 8.638654618401079688e+01
1.392904262858121001e+04 1.852845669736214518e+02 1.484087585606709183e+02 8.860672532521610378e+01 8.642514190344476788e+01
1.392952876359474249e+04 1.852488207780144762e+02 1.488988549651396056e+02 8.760831783636213288e+01 8.647903165483997157e+01
1.393221093783439028e+04 1.852678966593134646e+02 1.488338786592786107e+02 8.724658778860946029e+01 8.630222917625577850e+01
1.393703653820507134e+04 1.856043365701610526e+02 1.476107259223776111e+02 8.813664913256293687e+01 8.585359641342576253e+01
1.393787798338088396e+04 1.857588715442163618e+02 1.465042671696010359e+02 8.912913121236523750e+01 8.577376915028071380e+01
1.393840045744659983e+04 1.858722851195900603e+02 1.454371411663034053e+02 9.012763372665449424e+01 8.582073543612676758e+01
1.393885511009892252e+04 1.859890197140341002e+02 1.444338556671681317e+02 9.112737571564329642e+01 8.584146768141691553e+01
1.393927202440789370e+04 1.861680634332373927e+02 1.433816600198306901e+02 9.212724259061367604e+01 8.585777620242855335e+01
1.393967251134122307e+04 1.863867528023021976e+02 1.422757536353084333e+02 9.312692264525652774e+01 8.588295142410525784e+01
1.394004369268472328e+04 1.865871998095022946e+02 1.412391314258260024e+02 9.412679963477390288e+01 8.589837833641922771e+01
1.394040966667456814e+04 1.867631444720039440e+02 1.402121502866311005e+02 9.512467982422181478e+01 8.596207453468427673e+01
1.394078665793231448e+04 1.869939862024938293e+02 1.391427665110848579e+02 9.612346403980809839e+01 8.601112060512589608e+01
1.394113396358138016e+04 1.872000083423637022e+02 1.381678684270369502e+02 9.712312294161409909e+01 8.603653054462409955e+01
1.394147008524387456e+04 1.873573848636383445e+02 1.372647186795121570e+02 9.812195820418897085e+01 8.608434087642585553e+01
1.394181800078682681e+04 1.875455128983302586e+02 1.363425500059299225e+02 9.912102567315197632e+01 8.612748217397485462e+01
1.394215068287637587e+04 1.877215995371037423e+02 1.354579261698616222e+02 1.001197586590786699e+02 8.608300408378875090e+01
1.394248875101126578e+04 1.878762685876923797e+02 1.345524586054069971e+02 1.011191955514245251e+02 8.610942045069182882e+01
1.394282999379810281e+04 1.880383843811331133e+02 1.336503338124314268e+02 1.021185578296302623e+02 8.614511440837968337e+01
1.394318235861049106e+04 1.881881960613496290e+02 1.327529255037133566e+02 1.031174858568376465e+02 8.610360083924102526e+01
1.394357526871578011e+04 1.882901983515266693e+02 1.317933913078935007e+02 1.041165214187865473e+02 8.614144320583066872e+01
1.394397852576179866e+04 1.883712993060802035e+02 1.308215233478146047e+02 1.051142166062932972e+02 8.620901448800057665e+01
1.394436499511988950e+04 1.884657139354185347e+02 1.298387754726993251e+02 1.061089143888105468e+02 8.611524929820720331e+01
1.394476888300342762e+04 1.885996944672791074e+02 1.287488186484178811e+02 1.071058392432374831e+02 8.603717304167673774e+01
1.394514452166258343e+04 1.887430818269722010e+02 1.276972819069037826e+02 1.081033555141302003e+02 8.596675247169751799e+01
1.394549808621609372e+04 1.888699987909018319e+02 1.267100860309504355e+02 1.090985603613286514e+02 8.586918200002817514e+01
1.394584961516464318e+04 1.889461821376293358e+02 1.257600199657535001e+02 1.100977550221776653e+02 8.583218511776330217e+01
1.394620200655509325e+04 1.890102654429549034e+02 1.248529418939610736e+02 1.110972736343152576e+02 8.580116466012533749e+01
1.394656232411020756e+04 1.891081066892772355e+02 1.239536515834801662e+02 1.120912563407710252e+02 8.569330276028587434e+01
1.394694870041267859e+04 1.891991241436480209e+02 1.230413524510940135e+02 1.130887300072335648e+02 8.562303573494662601e+01
1.394735072342073363e+04 1.892696814624410990e+02 1.221679627357405309e+02 1.140885795044768685e+02 8.562551938106624050e+01
1.394777075369468730e+04 1.893794490251314073e+02 1.212860510874811837e+02 1.150856244668592439e+02 8.555127345563573726e+01
1.394823660090536941e+04 1.895157922163605235e+02 1.203737705325560796e+02 1.160854092406838589e+02 8.553785028881084429e+01
1.394873922417492940e+04 1.895772294141684142e+02 1.194275468458782399e+02 1.170845941498883747e+02 8.557653853349776796e+01
1.394924136714670567e+04 1.895861108130675348e+02 1.185588462385713342e+02 1.180824563044626956e+02 8.551588024423888612e+01
1.394980982487219262e+04 1.895672061692781085e+02 1.176992947837896537e+02 1.190756847699202012e+02 8.540028188125391750e+01
1.395051165679377300e+04 1.897582205783320433e+02 1.173296621222938541e+02 1.200587756479845041e+02 8.521779805463634716e+01
1.395269103264381738e+04 1.901021797168933745e+02 1.191728140391663970e+02 1.191836871470299855e+02 8.541011432288061656e+01
1.395342855151363437e+04 1.900307441928134438e+02 1.203139163948741981e+02 1.181955805125802073e+02 8.548053718504476706e+01
1.395399976664410133e+04 1.899167684051083143e+02 1.213062410189418756e+02 1.172022698795007187e+02 8.537707935085030897e+01
1.395454354818984211e+04 1.897936574715267852e+02 1.223048880521838555e+02 1.162042730652412672e+02 8.532616942828958884e+01
1.395509181484253713e+04 1.897777790887294600e+02 1.233007631318003945e+02 1.152083021024077851e+02 8.525306908395643291e+01
1.395563445875489742e+04 1.897882917926182529e+02 1.242468887941209772e+02 1.142110719552689915e+02 8.529777149616423060e+01
1.395615539964024902e+04 1.897708401141139518e+02 1.251194357280502203e+02 1.132173053755675340e+02 8.539557749101555828e+01
1.395670234741130662e+04 1.897410644352366376e+02 1.261154671628210480e+02 1.122184023908755677e+02 8.543283329538385829e+01
1.395728549293189280e+04 1.896212132733150213e+02 1.272048824708208343e+02 1.112206311228354849e+02 8.548194900689507847e+01
1.395790902954011835e+04 1.894369638561026363e+02 1.282442264816716317e+02 1.102223372522127534e+02 8.543799538837886587e+01
1.395855041385175718e+04 1.893046005219920289e+02 1.293238801545951446e+02 1.092264873412505892e+02 8.538984393224143332e+01
1.395913799272708457e+04 1.892955383468688524e+02 1.304197768916961877e+02 1.082279741137515430e+02 8.543923781868200251e+01
1.395972519539890527e+04 1.893518356038610762e+02 1.315296357598999464e+02 1.072318678232765023e+02 8.549915567959060070e+01
1.396029532978340467e+04 1.893704898181521230e+02 1.325069492995229155e+02 1.062414249913418729e+02 8.563437445581034524e+01
1.396082384321714198e+04 1.893429702935083867e+02 1.333066275296656613e+02 1.052455846123295657e+02 8.567268293286281278e+01
1.396136701889390861e+04 1.893550320595795426e+02 1.341900872439400700e+02 1.042484828569334070e+02 8.564113390214590993e+01
1.396199616770758621e+04 1.893226219716046046e+02 1.352168981713968492e+02 1.032500463839964340e+02 8.567899526243154185e+01
1.396265917719278877e+04 1.892708261803892356e+02 1.362908155768779181e+02 1.022502362924725787e+02 8.567112793994817821e+01
1.396330943141210992e+04 1.891854124005168103e+02 1.374369667219153257e+02 1.012512687241131744e+02 8.570767275551061459e+01
1.396389759853118630e+04 1.890540714907345432e+02 1.385086704527502945e+02 1.002559367459617903e+02 8.571226656196279237e+01
1.396444187180487279e+04 1.889577630672538362e+02 1.395283932682999364e+02 9.926226398559829533e+01 8.565491310563706406e+01
1.396498366060518129e+04 1.888665762797314187e+02 1.405285477723907093e+02 9.826568656780251843e+01 8.573689553635857408e+01
1.396554986996560910e+04 1.888636329129529372e+02 1.415118200390518268e+02 9.726868728334339664e+01 8.579691530796471000e+01
1.396609785396177904e+04 1.888431845655942709e+02 1.424680735073528695e+02 9.627160662187930029e+01 8.583923469939375650e+01
1.396667641561005075e+04 1.887448407086725979e+02 1.435397206043523113e+02 9.527759923905691153e+01 8.589172154638295353e+01
1.396725083787573749e+04 1.886373033334654110e+02 1.446643001174573158e+02 9.427936294875165402e+01 8.583664692338953728e+01
1.396780366460772711e+04 1.885142693805331930e+02 1.456696456169582916e+02 9.327999163773547764e+01 8.580263258390752412e+01
1.396836190678315143e+04 1.884902893680252305e+02 1.465787623759053986e+02 9.228102676149094918e+01 8.575718885277913728e+01
1.396890259778045947e+04 1.885411944630445760e+02 1.475050308228077540e+02 9.128582577522519159e+01 8.578776078509613967e+01
1.396943510060536573e+04 1.885118630640966444e+02 1.484239939655258524e+02 9.029259352596200472e+01 8.588251729341099860e+01
1.396998237915383106e+04 1.884026564273771669e+02 1.493521192689983650e+02 8.929354274793510626e+01 8.586224966716315521e+01
1.397052211411514145e+04 1.881865397278950525e+02 1.502399255383135426e+02 8.829768831916776151e+01 8.577452960814410687e+01
1.397107662655642343e+04 1.879316665925479981e+02 1.511028201878402228e+02 8.731607050946917070e+01 8.559832968487583571e+01
1.397170828312899539e+04 1.877737514874008014e+02 1.521724997448976637e+02 8.633841403200162290e+01 8.541242186662803704e+01
1.397235330878897003e+04 1.877161068890289073e+02 1.533283707728066076e+02 8.534175978329179202e+01 8.541306058780619992e+01
1.397291759722501774e+04 1.877162347032187029e+02 1.543282906942515353e+02 8.434576043050256544e+01 8.550155570288993090e+01
1.397348662837398842e+04 1.877020671266509169e+02 1.553831261404507700e+02 8.334961580857951446e+01 8.558795557845409974e+01
1.397408251555338211e+04 1.876578180090238845e+02 1.564528794286630955e+02 8.235351299121033719e+01 8.562379045711679737e+01
1.397469340032858054e+04 1.876452404121899065e+02 1.574710091609268829e+02 8.135452962845675984e+01 8.558635793020815186e+01
1.397531462488461511e+04 1.876522198142658624e+02 1.584328277945128889e+02 8.035462767180045773e+01 8.558997178494261959e+01
1.397593816443909236e+04 1.876961965559691237e+02 1.593291017509868652e+02 7.935478380110201613e+01 8.560749980619914368e+01
1.397657372180112543e+04 1.877728493625376984e+02 1.602590830770525940e+02 7.836520177622311678e+01 8.571036105179405240e+01
1.397724880684656819e+04 1.878316259002288007e+02 1.611485175418140727e+02 7.738521679506254713e+01 8.590823216507199334e+01
1.397799645039548523e+04 1.879471804515079043e+02 1.619787864452785016e+02 7.639922812111211670e+01 8.607485554282966689e+01
1.397881063151645503e+04 1.881187877468074703e+02 1.629227457780049235e+02 7.540769754645414480e+01 8.619892630496781294e+01
1.397967503871410190e+04 1.882604356983864022e+02 1.640415514252425453e+02 7.440966187338479187e+01 8.625573745203257658e+01
1.398066805424499216e+04 1.883921853311932750e+02 1.652487664534497469e+02 7.341177488688204278e+01 8.631305045299340861e+01
1.399548719028495725e+04 1.889853886154072597e+02 1.661471326444703323e+02 7.273074772212343930e+01 8.588593170267539278e+01
1.427426376886881553e+04 1.917322020478376317e+02 1.664957973255690433e+02 7.195797062882509465e+01 8.565391242836470553e+01
1.430211289072064210e+04 1.922267906467308194e+02 1.649947678223417427e+02 7.222596242592443616e+01 8.633212137261612895e+01
1.430324291561297287e+04 1.921719560434489438e+02 1.644271435960581584e+02 7.318583320657752722e+01 8.661076305996448355e+01
1.430464118501668781e+04 1.920433175242002903e+02 1.647478917591922709e+02 7.338755148160358033e+01 8.689657222432713013e+01
1.430534467358495931e+04 1.922168798236924090e+02 1.656990582483800836e+02 7.239844408272810483e+01 8.692667848970984323e+01
1.430579199235917622e+04 1.925003660700768364e+02 1.666009531879074359e+02 7.140122112367720320e+01 8.695644371525763461e+01
1.430623529651295758e+04 1.927514045591877618e+02 1.675792609326233276e+02 7.040331418704303701e+01 8.702052461443300047e+01
1.430666474852415922e+04 1.929445821009546194e+02 1.686035320613103465e+02 6.940395894431433987e+01 8.705104025225087128e+01
1.430704917362952438e+04 1.930700298105404045e+02 1.695512058964723110e+02 6.840593614479060136e+01 8.710786333667873294e+01
1.430743432661829684e+04 1.931957226667466898e+02 1.704991154931362587e+02 6.740694390844466000e+01 8.711972238315233596e+01
1.430782751858524534e+04 1.933307025787682107e+02 1.714614463692037134e+02 6.640843916348116238e+01 8.706970476780632850e+01
1.430820811915020749e+04 1.934341329568678134e+02 1.724007538462750233e+02 6.541020406440964052e+01 8.708765001513725679e+01
1.430860356159971343e+04 1.935289536538528523e+02 1.733958968366914917e+02 6.441072162631735409e+01 8.710161943477059765e+01
1.430898782418315750e+04 1.936498566188711834e+02 1.744041300465381710e+02 6.341276464894868070e+01 8.704704241292709810e+01
1.430934715954166677e+04 1.937915232270900674e+02 1.753773222223513528e+02 6.241370504010039610e+01 8.702339457830369440e+01
1.430971143051134459e+04 1.939841407881945372e+02 1.763519157045648456e+02 6.141370533022848122e+01 8.702329336898708334e+01
1.431006854959837074e+04 1.941831550341959201e+02 1.772784657450420696e+02 6.041373534692849034e+01 8.701669401184204844e+01
1.431042854527186682e+04 1.943578686390811470e+02 1.782160781701132635e+02 5.941684178405938610e+01 8.707876469148938270e+01
1.431080228019529204e+04 1.945270828770569551e+02 1.791876708830372991e+02 5.841921340406901919e+01 8.714472943081700862e+01
1.431117955091876502e+04 1.946935313586652683e+02 1.801306730904502444e+02 5.741965682002182803e+01 8.716440173947179915e+01
1.431156199729406762e+04 1.948365262877784119e+02 1.810712758077412161e+02 5.642151906710514453e+01 8.721630409280143681e+01
1.431197653310394708e+04 1.950050832934670950e+02 1.820495112257596872e+02 5.542381974857014626e+01 8.728398102026196170e+01
1.431238752390106129e+04 1.951962052108832779e+02 1.829862978684441543e+02 5.442510257230402715e+01 8.727518153341979712e+01
1.431279193901763392e+04 1.953633057646134716e+02 1.839077275341401503e+02 5.342793291689966395e+01 8.732101321376718772e+01
1.431321472449450084e+04 1.955212225183289831e+02 1.848748917081905745e+02 5.242934769206331680e+01 8.736673236953909338e+01
1.431364068416683040e+04 1.957191955703111432e+02 1.858756434010344378e+02 5.142974084860451001e+01 8.735579600938511646e+01
1.431403991018694251e+04 1.959430702460386726e+02 1.868363856515742896e+02 5.043271802916490998e+01 8.740963982003572141e+01
1.431444414174742997e+04 1.962060607696760144e+02 1.878376116033159065e+02 4.943682960389532610e+01 8.750022790063846401e+01
1.431484563296995475e+04 1.964484235453542453e+02 1.889021903340095321e+02 4.844028928033142734e+01 8.758318575360264902e+01
1.431520758538098198e+04 1.966198002490415604e+02 1.898832154067438864e+02 4.744756927759719645e+01 8.770086366293965341e+01
1.431556671191691566e+04 1.967735397863375510e+02 1.908116880885286548e+02 4.645052259407641770e+01 8.775586693292794394e+01
1.431593384961638003e+04 1.969124144618184573e+02 1.917434846608047110e+02 4.545343442763938668e+01 8.769904323190385753e+01
1.431629829087783764e+04 1.970073303907973354e+02 1.926827636598588924e+02 4.445473245532072326e+01 8.766520282849974421e+01
1.431667638063117192e+04 1.970923289678316621e+02 1.936446354072475913e+02 4.345663528800878339e+01 8.761145681183444367e+01
1.431707253869807391e+04 1.971637016158862821e+02 1.946455941204665407e+02 4.247050678304786686e+01 8.745502603192468882e+01
1.431748772066165839e+04 1.972070110252746531e+02 1.956831879042921969e+02 4.147953183991764803e+01 8.732871624388187115e+01
1.431792753137815453e+04 1.973027183541580030e+02 1.967454084016439992e+02 4.049247373272828554e+01 8.717325760210428598e+01
1.431840134129153193e+04 1.975336928130477077e+02 1.978922596805487899e+02 3.950080561129973233e+01 8.705057588324716278e+01
1.431886988985350035e+04 1.978382650643864054e+02 1.989923344977870272e+02 3.850275436284748309e+01 8.704775614721272348e+01
1.431929336953650090e+04 1.981652432968845687e+02 1.999452139625592508e+02 3.750314321879686474e+01 8.707455291876534886e+01
1.431972602089347492e+04 1.985782040036738465e+02 2.008924543392320743e+02 3.650692477350916931e+01 8.715291191245657387e+01
1.432020138758703069e+04 1.990524073388763782e+02 2.018359188713457115e+02 3.551465746453760630e+01 8.727629726665946919e+01
1.432068330813051216e+04 1.994980184361260171e+02 2.026869589504734392e+02 3.452415505837637966e+01 8.741374852110745053e+01
1.432114010007335855e+04 1.998490933401402856e+02 2.034542352634384486e+02 3.356051452838995885e+01 8.766918608719349493e+01
1.432162975334650037e+04 2.001613398515993367e+02 2.042310028635862125e+02 3.257917753000749883e+01 8.783781332313580492e+01
1.432216441286599547e+04 2.005160436113581284e+02 2.050532872213285032e+02 3.158377552889864148e+01 8.793316988180872329e+01
1.432267176478992405e+04 2.007667444613293526e+02 2.057921269549340479e+02 3.059846499788754315e+01 8.809674658280670201e+01
1.432324117363770529e+04 2.008834013107042722e+02 2.065141988262823247e+02 2.960424906278782231e+01 8.815872269919783832e+01
1.432508470312242753e+04 2.010481712007758404e+02 2.058276387152877760e+02 2.937337015208636970e+01 8.791902768740989416e+01
1.432570582954342717e+04 2.007860160274585724e+02 2.049928398290874156e+02 3.037009094707817880e+01 8.798002849714723084e+01
1.432631410686902746e+04 2.004734678926834874e+02 2.039413125285150556e+02 3.136425772820587454e+01 8.806646843622404219e+01
1.432687917214503796e+04 2.001404205177657047e+02 2.028224022744336992e+02 3.236424270189331764e+01 8.806268025447403147e+01
1.432739380852757313e+04 1.997415952660977041e+02 2.017498976305506346e+02 3.336330303031864730e+01 8.803137497089898034e+01
1.432786850200947993e+04 1.993235262305736057e+02 2.007659472362022655e+02 3.436129300962538480e+01 8.796942790128065326e+01
1.432831510700365834e+04 1.989612098405668519e+02 1.998435033077535081e+02 3.536039603252303465e+01 8.792713868067022531e+01
1.432876715606392645e+04 1.986705640844280367e+02 1.989019321000533012e+02 3.635861695851578901e+01 8.787164328893828724e+01
1.432922942773119394e+04 1.985209341998580896e+02 1.979174837225463932e+02 3.735626789030985861e+01 8.781249966940315232e+01
1.432968675075636384e+04 1.984580221385848802e+02 1.968685041129715501e+02 3.835619359984391963e+01 8.780833829990200456e+01
1.433013040764786638e+04 1.983428279833145496e+02 1.957406343014388597e+02 3.935607581368775953e+01 8.780811418797475199e+01
1.433057962278662308e+04 1.980421769331627218e+02 1.946289298019633804e+02 4.035582918438136346e+01 8.778597883902035903e+01
1.433102571376416199e+04 1.975182371187088393e+02 1.937568217094541581e+02 4.135356744196507606e+01 8.773175452895972626e+01
1.433144510156992874e+04 1.969067360006119713e+02 1.930791204746497556e+02 4.234878796767043241e+01 8.763512670058902643e+01
1.433185209241982193e+04 1.963979747728809002e+02 1.923032039938599382e+02 4.334679269491842035e+01 8.757898626198540626e+01
1.433225772666626472e+04 1.961104410462630199e+02 1.914046833890319022e+02 4.434608566432641652e+01 8.754668270551833587e+01
1.433265468099668396e+04 1.958117393135316036e+02 1.905038576151250140e+02 4.534471213796332734e+01 8.749490193337929611e+01
1.433304787661156479e+04 1.953295297010879494e+02 1.896774579285901154e+02 4.634332733394655435e+01 8.744392444317767854e+01
1.433345033244839942e+04 1.948382845736167042e+02 1.888627000950482966e+02 4.733821915317847839e+01 8.734929081253874017e+01
1.433384939484161441e+04 1.944427329857196014e+02 1.880489464071775103e+02 4.833011342415665013e+01 8.722389363781907434e+01
1.433424154646578609e+04 1.941049271944667964e+02 1.872594211224549099e+02 4.932671631024211223e+01 8.714626764193833708e+01
1.433463602756983528e+04 1.938080437794009185e+02 1.864294033160118147e+02 5.032524178164974415e+01 8.709390946877078932e+01
1.433502239035284038e+04 1.935619947251120152e+02 1.855741095458120640e+02 5.132355229153773735e+01 8.704109767297870803e+01
1.433540574369673050e+04 1.933282289279034956e+02 1.847101523936318301e+02 5.232312790417897475e+01 8.704238796169730108e+01
1.433580959471801543e+04 1.930528449079379527e+02 1.837764729711365703e+02 5.332253608188726446e+01 8.705846189356404352e+01
1.433621415754761256e+04 1.926994753027201739e+02 1.828211172132334070e+02 5.432235099341869500e+01 8.704098929242827865e+01
1.433659343835372965e+04 1.923145299575343756e+02 1.819338548744088087e+02 5.532227528679908346e+01 8.704330385462134245e+01
1.433696880971208157e+04 1.919899687803084021e+02 1.810651292411087923e+02 5.632217255723411142e+01 8.705431083915962631e+01
1.433734459159148537e+04 1.917701508160031949e+02 1.802119399186297244e+02 5.732056887214631757e+01 8.708820347689285768e+01
1.433771199666450229e+04 1.915567944352866050e+02 1.794045694084763340e+02 5.831430811567932437e+01 8.719777306810784978e+01
1.433807668808001836e+04 1.912310251921648501e+02 1.785901992809166074e+02 5.930787868300164689e+01 8.730286301562092888e+01
1.433844411582202156e+04 1.908882506615902628e+02 1.777388005335976402e+02 6.030694157285440582e+01 8.734435784763522292e+01
1.433881029474441675e+04 1.906451661752118127e+02 1.768808759336059779e+02 6.130673093606215218e+01 8.735835636369789370e+01
1.433918641406805182e+04 1.904650852356156463e+02 1.759954467018197590e+02 6.230555260319041366e+01 8.732535067126995898e+01
1.433957652426479945e+04 1.903145595265835937e+02 1.750485113022899668e+02 6.330303020071341535e+01 8.725522530927322862e+01
1.433996948296830669e+04 1.901545532555363422e+02 1.740590688651811320e+02 6.430176358840452622e+01 8.720558315612043998e+01
1.434036604597400401e+04 1.899103667702129314e+02 1.730632296666919956e+02 6.529946099365882617e+01 8.714409018209850899e+01
1.434076717273667055e+04 1.896271157694400245e+02 1.720953238377690298e+02 6.629614481876060950e+01 8.706741514555334049e+01
1.434116959487727399e+04 1.893720890376825707e+02 1.711511789811464155e+02 6.729526149736895491e+01 8.705758345109246932e+01
1.434158490503409303e+04 1.891306450470800655e+02 1.701716656282979727e+02 6.829364253551717923e+01 8.711219439426564293e+01
1.434200994528310548e+04 1.889397036179103964e+02 1.691481335390635650e+02 6.928878568513611924e+01 8.720719233155044492e+01
1.434241993504412312e+04 1.888713311094006428e+02 1.681362804411112108e+02 7.028255608566448132e+01 8.731603313535597977e+01
1.434281338103961752e+04 1.889300801557511988e+02 1.671636029187476424e+02 7.128065387842289624e+01 8.736654754035561155e+01
1.434319451925245448e+04 1.889685311772880425e+02 1.662448727281323499e+02 7.228019046009600856e+01 8.738899841310835370e+01
1.434356222145513493e+04 1.888782566075394698e+02 1.653793667562385963e+02 7.327937862161543592e+01 8.740976948893468546e+01
1.434393146954411350e+04 1.887000349621494024e+02 1.645024716762123376e+02 7.427727859110139264e+01 8.735708371264379934e+01
1.434430631568823628e+04 1.884594674885542247e+02 1.635724490599907881e+02 7.527291195261385326e+01 8.726411157679153519e+01
1.434467280217558982e+04 1.881619055297325644e+02 1.626620300996762012e+02 7.626838846141065176e+01 8.717018457860605452e+01
1.434503512746576780e+04 1.878078194165547643e+02 1.618170990904835378e+02 7.726030100604887707e+01 8.704448717616828901e+01
1.434539750063621977e+04 1.874137807506450599e+02 1.610170218261052355e+02 7.825196964231658114e+01 8.691851455071559940e+01
1.434574873298912098e+04 1.870715436751018785e+02 1.602194728132223815e+02 7.924769367017233890e+01 8.682613768556555556e+01
1.434608815668971693e+04 1.867942612140568031e+02 1.594021424896752990e+02 8.024197031728873242e+01 8.672066313705198581e+01
1.434642762293443047e+04 1.864322386754938634e+02 1.586147150762998308e+02 8.123631453717732143e+01 8.661908499478501255e+01
1.434677652154456155e+04 1.859666355023626920e+02 1.578618952106201334e+02 8.223474392905352204e+01 8.656398263825523998e+01
1.434714969385717814e+04 1.855526221964993567e+02 1.570521268899575205e+02 8.323290681688959580e+01 8.650632968527960998e+01
1.434754056345402932e+04 1.852856783285868687e+02 1.561938171238857365e+02 8.423094192579185346e+01 8.645742454733142779e+01
1.434792885113574448e+04 1.851635490823785517e+02 1.553160744398692259e+02 8.522939360461475644e+01 8.649217694012905611e+01
1.434831717521957580e+04 1.851282160026957513e+02 1.543604109273299230e+02 8.622467398244776859e+01 8.658865592678475309e+01
1.434870149263666281e+04 1.851001457809275337e+02 1.533737521431107780e+02 8.721751654868862147e+01 8.670749291006821124e+01
1.434908041348623556e+04 1.849751861130542920e+02 1.524705020712937937e+02 8.821019135291518865e+01 8.682711824780143672e+01
1.434947409316312769e+04 1.846877265240722750e+02 1.516280822229448688e+02 8.920710417104913859e+01 8.689713099301795296e+01
1.434986998729375046e+04 1.843232674950222361e+02 1.507690099687161762e+02 9.020689019656187213e+01 8.691187542868640037e+01
1.435025397572058137e+04 1.840129681645334188e+02 1.498422606629302720e+02 9.120623295905136274e+01 8.688718439581759867e+01
1.435063554922924413e+04 1.837597024380673645e+02 1.488604696608660163e+02 9.220318059575009784e+01 8.681222209787030408e+01
1.435101216047936759e+04 1.835149664343179268e+02 1.479006491110529282e+02 9.319877780125663946e+01 8.671904597043996432e+01
1.435138052080777015e+04 1.832386709309787705e+02 1.470043891630297139e+02 9.419423894536411979e+01 8.662523343805551690e+01
1.435174213611908272e+04 1.829178712374868496e+02 1.461875696619462985e+02 9.518530978847685731e+01 8.649378225340866777e+01
1.435209429654881933e+04 1.825382057845354211e+02 1.454622816040068756e+02 9.617610250552891671e+01 8.636255012856703672e+01
1.435243420798492116e+04 1.820381647544166697e+02 1.448112094136721737e+02 9.717360868168869104e+01 8.630419030549046511e+01
1.435277349476152085e+04 1.814180774047408988e+02 1.441847855756341517e+02 9.817343250795362053e+01 8.630888598918231480e+01
1.435310971769585194e+04 1.808921813231135616e+02 1.435214145950067461e+02 9.917193536464235137e+01 8.635702026545197896e+01
1.435343654215814058e+04 1.805403595166768014e+02 1.428169585776240353e+02 1.001686581053409242e+02 8.643789824994161108e+01
1.435376192033522057e+04 1.801370593676511191e+02 1.421043024158323362e+02 1.011666095189324608e+02 8.649012126652210952e+01
1.435408394188683269e+04 1.795965237323493966e+02 1.414202573502195150e+02 1.021665822185251216e+02 8.649750379458069460e+01
1.435441840908853192e+04 1.790548695288186991e+02 1.406660058079041278e+02 1.031664009084966125e+02 8.651331628469411328e+01
1.435476190918097927e+04 1.786083905260697975e+02 1.397691298540918297e+02 1.041660057027873449e+02 8.651903934908598615e+01
1.435509540098596881e+04 1.781769830639268832e+02 1.388665653116741510e+02 1.051655385101635289e+02 8.648868171861259668e+01
1.435542640346525332e+04 1.777018526011912627e+02 1.380199463158212438e+02 1.061651765751094558e+02 8.647079783086932991e+01
1.435575242385188540e+04 1.773201469653994309e+02 1.371856795959232898e+02 1.071651472184915264e+02 8.647066310630476949e+01
1.435606952099660521e+04 1.770396236468447455e+02 1.363417643491027604e+02 1.081650522098941707e+02 8.645761820563178901e+01
1.435638508307006668e+04 1.767018372596990048e+02 1.355190726303774795e+02 1.091648432428115711e+02 8.645622929112307986e+01
1.435669874967585565e+04 1.762855158166281910e+02 1.347435201717666473e+02 1.101645747561938862e+02 8.647940015521493251e+01
1.435701241033027873e+04 1.758740410058184978e+02 1.339736434366647302e+02 1.111644136898044906e+02 8.649405163333470625e+01
1.435732723328777138e+04 1.755820235566027918e+02 1.331449188276983762e+02 1.121638123120684725e+02 8.651755857039469788e+01
1.435764354608340909e+04 1.754442523155581455e+02 1.322380475507920607e+02 1.131615222926570397e+02 8.658363748973290797e+01
1.435796341970043068e+04 1.753449658296846394e+02 1.312937761036770326e+02 1.141592827896828908e+02 8.664532445360275403e+01
1.435828890144529942e+04 1.751499017688068705e+02 1.303650888309796869e+02 1.151589939911116289e+02 8.666622509298737498e+01
1.435862530989804691e+04 1.748364751513043132e+02 1.294559616377117095e+02 1.161589561619253317e+02 8.667468111022400024e+01
1.435896705038081018e+04 1.744731985644032193e+02 1.285768575256101656e+02 1.171585394456173077e+02 8.666332822376784861e+01
1.435931431162784429e+04 1.740481019019554765e+02 1.277757250004261209e+02 1.181562971103983273e+02 8.660064659756216088e+01
1.435968544390876559e+04 1.734608017312933725e+02 1.271304436990052267e+02 1.191455742907380397e+02 8.646503276418960127e+01
1.436010020667111894e+04 1.726604319334493027e+02 1.266252607696133197e+02 1.200601336921233155e+02 8.611160645762645061e+01
1.436053531094068785e+04 1.717498784750227117e+02 1.261317100747462661e+02 1.208040259936056771e+02 8.545614231704686858e+01
1.436094499279476622e+04 1.708372298474869524e+02 1.256799535935998477e+02 1.214577550352151007e+02 8.469944205200009435e+01
1.436132182941374595e+04 1.699211746902046514e+02 1.253350841510237217e+02 1.221068855148957795e+02 8.393889835175053804e+01
1.436167607905689147e+04 1.690144461489989851e+02 1.249780202343671789e+02 1.227517235495927395e+02 8.317465304099194157e+01
1.436201950379702066e+04 1.681392594180452988e+02 1.245124271144703130e+02 1.234387525701612986e+02 8.244974236346196506e+01
1.436234975609915455e+04 1.673320400907549015e+02 1.239675164957127151e+02 1.241783481254629180e+02 8.177703944422660243e+01
1.436267252953283605e+04 1.666261025048941633e+02 1.233416007357910757e+02 1.249521164977119270e+02 8.114435881919736460e+01
1.436298683809941394e+04 1.660772425922180275e+02 1.226320740739337936e+02 1.257782308110825227e+02 8.058399578132458885e+01
1.436329662952721992e+04 1.656988180552701522e+02 1.218716340077082663e+02 1.266506686035269240e+02 8.009583981641866046e+01
1.436361541385288911e+04 1.653908730702809464e+02 1.211283780552007272e+02 1.275369042225278662e+02 7.963261800500940524e+01
1.436394383102842767e+04 1.649993381937850359e+02 1.204172552860605947e+02 1.284360348296281984e+02 7.919580321972387082e+01
1.436428242624583618e+04 1.645153509244007068e+02 1.196375133805041600e+02 1.293564918999633733e+02 7.880565870695542685e+01
1.436461963398174703e+04 1.640651327521474059e+02 1.187904984885740021e+02 1.302834438784934150e+02 7.843059080307592978e+01
1.436495935793250283e+04 1.635827788983500000e+02 1.179729643354040149e+02 1.312177175864845253e+02 7.807559380811603944e+01
1.436531028470905039e+04 1.629552917905011498e+02 1.172539473923227007e+02 1.321789656040374439e+02 7.780592647508426296e+01
1.436565515509592115e+04 1.622845423655145964e+02 1.166362301194234163e+02 1.331548106111046081e+02 7.758760468134747157e+01
1.436599264415300968e+04 1.616793017219308126e+02 1.160292629460405038e+02 1.341280711235699243e+02 7.735792696716886496e+01
1.436632238398193658e+04 1.612166746018096717e+02 1.153747969163360665e+02 1.351054098511596067e+02 7.714771671580405155e+01
1.436665083371419314e+04 1.609087573253061407e+02 1.146368157143371747e+02 1.360808395800513040e+02 7.693031331106385551e+01
1.436698998304017005e+04 1.606501588152026443e+02 1.138142811558899012e+02 1.370326634381624160e+02 7.662824304770066419e+01
1.436732708754630221e+04 1.603657369656060041e+02 1.129811601171962963e+02 1.379659158232085190e+02 7.626905537597222917e+01
1.436766614196816954e+04 1.599497903791626356e+02 1.121423548922659990e+02 1.388933815498543822e+02 7.589530952072111347e+01
1.436800480409823831e+04 1.593492383495110687e+02 1.113133368548853923e+02 1.397956589824150910e+02 7.546714732970529838e+01
1.436832919801574099e+04 1.586670955731302683e+02 1.105368720624069567e+02 1.406708500205449184e+02 7.498345452793479637e+01
1.436864562938446215e+04 1.579990837505349646e+02 1.097975127299684743e+02 1.415516596410338082e+02 7.451051680925303344e+01
1.436896184719895427e+04 1.573776992277215356e+02 1.090691967598517778e+02 1.424363884249570731e+02 7.404468174490232002e+01
1.436928980363282790e+04 1.567872270324392332e+02 1.082959813761031853e+02 1.433110831534462761e+02 7.356003291885819806e+01
1.436962644377555625e+04 1.562304245037453825e+02 1.074727747223069088e+02 1.441998953034487556e+02 7.310333099070629714e+01
1.436997115451396166e+04 1.557002065006387852e+02 1.066166023647666066e+02 1.451106975053099291e+02 7.269061292315005574e+01
1.437032960150904364e+04 1.551676723909157829e+02 1.057322515024267204e+02 1.460245819945217249e+02 7.228465131232655949e+01
1.437068022530870439e+04 1.546404875148283793e+02 1.049020537595811362e+02 1.469514319230369210e+02 7.191133683841007951e+01
1.437102539433910351e+04 1.540913793767497566e+02 1.041372886929471662e+02 1.478888420645766359e+02 7.156339893882230285e+01
1.437138205240730349e+04 1.534928393133971554e+02 1.033837824060475583e+02 1.488031965004889798e+02 7.116106115068559745e+01
1.437174193870348790e+04 1.528700897601281383e+02 1.026653820163069497e+02 1.497027793515196095e+02 7.072441849573918660e+01
1.437211113957071211e+04 1.522242004017068950e+02 1.019996488027988732e+02 1.506035242279541251e+02 7.029013443675452777e+01
1.437250060709885474e+04 1.515819258687026831e+02 1.013662047504889614e+02 1.514820286605036301e+02 6.981412182155675339e+01
1.437290986494637036e+04 1.510162263155522737e+02 1.007240797716503664e+02 1.523560009607798236e+02 6.932920825963878997e+01
1.437334475006211505e+04 1.505415395637770928e+02 1.000061729277021385e+02 1.532645225611783815e+02 6.891385741336927140e+01
1.437380421742686303e+04 1.501719730751464681e+02 9.917007237976264378e+01 1.542016253788989673e+02 6.856588696414749506e+01
1.437428056782675776e+04 1.499141267606125894e+02 9.826553412346081018e+01 1.551727199280801415e+02 6.835872724385984611e+01
1.437477717949132784e+04 1.496808573486527223e+02 9.754667769464768412e+01 1.561706251044610951e+02 6.832534154841667373e+01
1.437589512366022427e+04 1.488133926783141021e+02 9.780726465032969941e+01 1.569560518495605095e+02 6.791966633054072133e+01
1.437671801478877933e+04 1.478384310499795902e+02 9.857952541141673919e+01 1.566354891107494609e+02 6.708627459295007611e+01
1.437716175836565162e+04 1.470752644915585563e+02 9.918194158912264413e+01 1.562186627739095286e+02 6.617990073753097136e+01
1.437756027902208552e+04 1.462412011671162020e+02 9.979008529845260966e+01 1.558263125659704258e+02 6.526008737607158139e+01
1.437791866042416768e+04 1.454481394552671532e+02 1.003446936481739584e+02 1.554275907272905499e+02 6.434301964158147769e+01
1.437825380475695238e+04 1.446969682572593570e+02 1.008472675266856271e+02 1.550729502419393668e+02 6.340829474610756478e+01
1.437861290325185837e+04 1.438626502423264526e+02 1.013383628644266992e+02 1.547024511311750814e+02 6.247955132249371246e+01
1.437895290760273201e+04 1.430669868700257155e+02 1.017467962301716540e+02 1.543038906683315474e+02 6.156247985924401434e+01
1.437930226675703125e+04 1.422515637725456372e+02 1.021393118644322158e+02 1.539984871644723796e+02 6.061150539205961252e+01
1.437966179897580696e+04 1.413709398561618400e+02 1.024698058536145169e+02 1.537305739148286534e+02 5.964809396673738462e+01
1.438000247898027737e+04 1.405029616858155634e+02 1.027307979214687350e+02 1.534368187072501541e+02 5.869231918941635939e+01
1.438036440726160436e+04 1.395368746833605087e+02 1.030147785972662007e+02 1.532852128956620561e+02 5.770640761364793292e+01
1.438071574626166148e+04 1.385555874922889927e+02 1.032683300066756544e+02 1.532169354885858468e+02 5.670902416666596935e+01
1.438104312732517428e+04 1.376083755862566136e+02 1.034667754745607482e+02 1.531241635141327322e+02 5.571347229890760389e+01
1.438138919703792999e+04 1.366048396462173002e+02 1.037222741233695018e+02 1.531052967532486377e+02 5.471436077766017547e+01
1.438172343740708311e+04 1.356848673098955942e+02 1.039999379480363899e+02 1.531513912401296409e+02 5.371566475330831025e+01
1.438206250817271939e+04 1.347904054700525762e+02 1.042539224113408096e+02 1.531428608634705029e+02 5.271614655532570737e+01
1.438240216137727111e+04 1.338799941445460604e+02 1.044738639444981487e+02 1.531310789986219163e+02 5.171622765348327277e+01
1.438272531520184202e+04 1.330030571735637182e+02 1.046878973958931311e+02 1.531408171955060880e+02 5.071631451652361022e+01
1.438307891937232853e+04 1.319919315016936423e+02 1.049328121496793926e+02 1.531480641553831106e+02 4.971634536286362760e+01
1.438340774058219540e+04 1.310301335583553453e+02 1.051991384112017016e+02 1.531342096759679237e+02 4.871648248854519636e+01
1.438374029748402791e+04 1.300409607756770072e+02 1.054966096773783875e+02 1.531397645334412800e+02 4.771655683220735256e+01
1.438407980035732726e+04 1.290008138533872284e+02 1.058089033712025042e+02 1.531321017290042619e+02 4.671662131734049694e+01
1.438438870455180586e+04 1.280578255388674052e+02 1.060859478507979787e+02 1.530438811700922486e+02 4.572114787651573664e+01
1.438473769931240349e+04 1.270014934628185301e+02 1.063919180484836460e+02 1.529783046063344614e+02 4.472346138368818202e+01
1.438507624680528716e+04 1.259992072296783761e+02 1.066353232484610487e+02 1.529767277231011349e+02 4.372379117424880945e+01
1.438541880626276179e+04 1.249789461463779929e+02 1.068301168617000911e+02 1.528979642833926107e+02 4.272773610886991946e+01
1.438577805545752926e+04 1.239290566550198207e+02 1.070463089020643537e+02 1.528557823211247637e+02 4.172894905032001844e+01
1.438611914639385213e+04 1.229534739199250168e+02 1.072487351816877919e+02 1.528784538521432523e+02 4.072950314186763165e+01
1.438647065005784862e+04 1.219622346896038181e+02 1.074418613850389903e+02 1.528505372962082447e+02 3.973029205801318398e+01
1.438682755014559916e+04 1.209790853014090857e+02 1.076732101071678187e+02 1.528303756648956551e+02 3.873054002918305372e+01
1.438717644081237086e+04 1.200405046932629887e+02 1.079132959888893453e+02 1.528909161905496319e+02 3.773298538528732138e+01
1.438752763895421776e+04 1.190634018087463346e+02 1.081032218829594456e+02 1.528732237149581010e+02 3.673406703825600061e+01
1.438786962729005063e+04 1.181109869548387223e+02 1.082579462236137431e+02 1.528357224057398298e+02 3.573477046325919559e+01
1.438820198279197029e+04 1.172097875858931531e+02 1.084399869053437726e+02 1.528978461441616332e+02 3.473773567395569728e+01
1.438858002365122047e+04 1.161673102858126754e+02 1.086847696921303736e+02 1.529117632554866475e+02 3.373832406206938117e+01
1.438894471565696585e+04 1.151987364896666435e+02 1.089720313526257200e+02 1.528860709750749436e+02 3.273872057492004473e+01
1.438931284610045441e+04 1.143014291885387337e+02 1.093450742273682295e+02 1.528634870613324210e+02 3.173898280519374282e+01
1.438971346836280463e+04 1.132982717927982890e+02 1.097527534762926393e+02 1.527336830321339676e+02 3.074868752510186809e+01
1.439010091045382069e+04 1.123193237744851984e+02 1.100903181565814606e+02 1.525628691634464644e+02 2.976342102724913019e+01
1.439047647391536157e+04 1.113781572783989589e+02 1.103564669184672482e+02 1.524386468545758362e+02 2.877143510679849570e+01
1.439085648163171027e+04 1.103734499265248132e+02 1.105027176635096993e+02 1.523218162407017076e+02 2.777828416810350021e+01
1.439125586313036183e+04 1.093561650066320112e+02 1.104880256630515731e+02 1.522758864457805430e+02 2.677986774200616082e+01
1.439164693531094235e+04 1.084914243382863646e+02 1.102950423466006526e+02 1.524595176429286028e+02 2.580174464176653260e+01
1.439203810268335656e+04 1.077446942819841240e+02 1.098569686077909893e+02 1.527737902688578231e+02 2.485328021638832041e+01
1.439249522177414656e+04 1.071324175330658477e+02 1.089740947676354210e+02 1.533614639137677500e+02 2.405506277088371547e+01
1.439289751759435239e+04 1.067140370002670267e+02 1.080197391536921288e+02 1.542365629422410507e+02 2.360430087290752610e+01
1.439327305284802424e+04 1.064113907720794856e+02 1.069770590636318133e+02 1.551989235189526255e+02 2.333859581758549950e+01
1.439362420150305297e+04 1.062020292056214004e+02 1.059594332719252492e+02 1.561913254428668552e+02 2.323145509494231931e+01
1.439396277236163041e+04 1.059739298720293021e+02 1.050029985191255548e+02 1.571905819248713954e+02 2.319956378590701362e+01
1.439432722423228188e+04 1.057016766583597160e+02 1.039320598389594608e+02 1.581860010299012345e+02 2.310891718793156713e+01
1.439467142367434644e+04 1.054118142321516274e+02 1.029245945008025984e+02 1.591850623855354456e+02 2.308315877060920585e+01
1.439499512767319175e+04 1.051220217999432549e+02 1.020051107746282923e+02 1.601850126091314621e+02 2.307318250584203412e+01
1.439535007532292002e+04 1.048315029642902942e+02 1.009566464499083338e+02 1.611819679657198208e+02 2.300038531280137022e+01
1.439568326639842053e+04 1.045804059695570487e+02 9.997582027481986700e+01 1.621787238626874341e+02 2.291992876036953319e+01
1.439602257467423988e+04 1.043415666792742513e+02 9.901918817930598493e+01 1.631780282091056620e+02 2.288976470265441066e+01
1.439638539819307880e+04 1.041517071372242498e+02 9.797347707862478217e+01 1.641779628798670387e+02 2.287921065726522585e+01
1.439671121266038972e+04 1.040270504667585811e+02 9.702218138896006394e+01 1.651779473932922144e+02 2.287383291209776459e+01
1.439705334391793986e+04 1.038679326165448060e+02 9.605859059133963740e+01 1.661769206214139558e+02 2.291442483257890217e+01
1.439737753622529817e+04 1.037021845875824084e+02 9.518002036178118885e+01 1.671740930822029441e+02 2.298875752451498755e+01
1.439769391207253102e+04 1.035580109347488502e+02 9.434401483915175390e+01 1.681731651698867154e+02 2.297556261902524710e+01
1.439804525236992595e+04 1.034268683323380458e+02 9.339101158108533696e+01 1.691711436558928767e+02 2.302732790044269962e+01
1.439838763408868726e+04 1.032499377224432777e+02 9.247847868595601994e+01 1.701667632143289950e+02 2.312017490804932152e+01
1.439874227584791697e+04 1.030428735204056068e+02 9.153671260182120761e+01 1.711657590326235265e+02 2.315532388885943860e+01
1.439910014421281812e+04 1.027995658170307394e+02 9.061382447335834911e+01 1.721636411762335115e+02 2.321793409081375259e+01
1.439946604101589583e+04 1.024811172444145768e+02 8.973246308943471661e+01 1.731632267562183074e+02 2.323287809859058228e+01
1.439986473756925807e+04 1.021326192628382614e+02 8.875414780892563726e+01 1.741583542999685790e+02 2.314342718247599606e+01
1.440024901039948600e+04 1.018202987436850577e+02 8.780242970871225339e+01 1.751562197547609117e+02 2.308136545668098094e+01
1.440059736180276559e+04 1.015141976923885778e+02 8.695893554504716860e+01 1.761547391493801626e+02 2.302697165856592321e+01
1.440096707096709179e+04 1.011890311669299365e+02 8.600503235938515445e+01 1.771447086547894685e+02 2.289046788182352188e+01
1.440133702078036185e+04 1.008695605088365141e+02 8.507320748931478249e+01 1.781380214114630292e+02 2.277629034893207916e+01
1.440170170178467379e+04 1.004927803664174775e+02 8.422799461702601320e+01 1.791358121476807810e+02 2.271266165889902666e+01
1.440210888775457170e+04 1.000717204673184852e+02 8.323177089755233737e+01 1.801140080144132867e+02 2.251495027845968266e+01
1.440252339002193185e+04 9.981572583711142954e+01 8.218067718558111778e+01 1.811032836410226139e+02 2.237388414818337168e+01
1.440290923277276488e+04 9.962869176122528359e+01 8.124432167134905569e+01 1.821019778474931172e+02 2.236148679856276544e+01
1.440329602338752738e+04 9.954877033581105650e+01 8.026342202729597375e+01 1.831019495762121494e+02 2.236895696073006690e+01
1.440369900882228467e+04 9.968658500515265075e+01 7.931035562515668857e+01 1.840586344542697361e+02 2.263618619532902088e+01
1.440409981294066529e+04 1.000684038537522724e+02 7.851575949956169609e+01 1.849257184457964343e+02 2.312725324915022185e+01
1.440451632445816176e+04 1.007675110343216573e+02 7.779317289819182690e+01 1.857122833116809204e+02 2.374282244600297531e+01
1.440492750778608388e+04 1.016936229156412281e+02 7.731543806050740386e+01 1.861923936541991793e+02 2.460532063437787897e+01
1.440529562547199203e+04 1.025972722139032243e+02 7.700551988787307778e+01 1.864469458387371219e+02 2.556927624516799824e+01
1.440562892744361307e+04 1.034794147454818045e+02 7.675722865497169778e+01 1.867152381154584475e+02 2.653241023089238126e+01
1.440598101897999186e+04 1.044259731557165765e+02 7.655736648675149070e+01 1.868837442161808440e+02 2.751698728411423645e+01
1.440631141366496195e+04 1.051567664316816035e+02 7.641728010316583664e+01 1.869490095934762053e+02 2.851421416223300298e+01
1.440667024692248197e+04 1.058587615869597158e+02 7.603377244037299931e+01 1.870023201282677121e+02 2.951279122636871222e+01
1.440702763995977693e+04 1.066593568062520916e+02 7.558143440373395094e+01 1.870146308117413412e+02 3.051255902613910820e+01
1.440736543689024984e+04 1.074121310089660852e+02 7.502169998851952926e+01 1.869299983982583058e+02 3.150824598013534228e+01
1.440772702721785208e+04 1.082883724329745263e+02 7.443310830815894974e+01 1.868854669536125641e+02 3.250696778224168781e+01
1.440804318543498266e+04 1.090657863928268227e+02 7.392086815755214957e+01 1.868510865417065929e+02 3.350637660105984850e+01
1.440836779882904921e+04 1.098517892288434581e+02 7.341560446298311149e+01 1.867918315562569660e+02 3.450456353933792286e+01
1.440872562779098917e+04 1.107039340341425770e+02 7.288236581776386913e+01 1.867957131266845465e+02 3.550414500225083003e+01
1.440906169494773167e+04 1.115521924724010034e+02 7.240873023800062924e+01 1.867878538290120787e+02 3.650406285906579029e+01
1.440940501468924049e+04 1.124675566570753205e+02 7.195687420108762922e+01 1.867170693988017547e+02 3.750124468584912307e+01
1.440975287778652819e+04 1.133135761191057185e+02 7.144909488639838457e+01 1.866641792767707955e+02 3.849977224709238754e+01
1.441009543170152756e+04 1.141254327275709670e+02 7.098731832026088284e+01 1.866767898091735276e+02 3.949936610021531180e+01
1.441044901190064411e+04 1.150261705533059597e+02 7.061414508841262716e+01 1.866248853258665577e+02 4.049751074866497902e+01
1.441079642407366373e+04 1.159274683746298820e+02 7.033752290992988776e+01 1.865776282468247302e+02 4.149636417720439141e+01
1.441113798693387798e+04 1.168516928086622784e+02 7.014760163187408182e+01 1.865937223860838401e+02 4.249591262405877501e+01
1.441148969321793811e+04 1.178405395579623729e+02 6.995102360550907861e+01 1.865569610331206718e+02 4.349487718028306205e+01
1.441182997016376612e+04 1.187619127305057276e+02 6.967181041443264178e+01 1.865058012406324508e+02 4.449356680460624602e+01
1.441217223357920739e+04 1.195775640063145318e+02 6.918842103144943678e+01 1.865485116194595605e+02 4.549186451862403402e+01
1.441252442726669142e+04 1.201858414449033887e+02 6.843938947185394284e+01 1.865806614083198269e+02 4.649128166094785541e+01
1.441286655753860941e+04 1.207060283623735444e+02 6.767036913996108183e+01 1.865860855035273573e+02 4.749122453927054721e+01
1.441324175532661866e+04 1.213467733306182481e+02 6.692643480172581860e+01 1.867240175378296101e+02 4.848001032282030565e+01
1.441359977377521864e+04 1.220530248153083761e+02 6.634009211999946842e+01 1.868785704620864010e+02 4.946799006005205257e+01
1.441396372535707815e+04 1.228715465840912344e+02 6.587078265003111710e+01 1.869897649679541303e+02 5.046163026327274537e+01
1.441435889862950353e+04 1.238167545832899350e+02 6.537957350621258001e+01 1.871207778173224767e+02 5.145294489270879978e+01
1.441474331768813136e+04 1.247139640183445835e+02 6.488841691809508916e+01 1.872076749447530801e+02 5.244895049835314182e+01
1.441513120090627308e+04 1.256282229004312683e+02 6.452608967432855991e+01 1.871923143679972270e+02 5.344806936118059326e+01
1.441554468133163027e+04 1.265624324497642590e+02 6.417942267857229410e+01 1.872360577759054081e+02 5.444662021420249687e+01
1.441595230886280115e+04 1.274642197959701519e+02 6.385892895113209278e+01 1.872593209744110538e+02 5.544625231705168744e+01
1.441634122059877154e+04 1.283327826989947198e+02 6.359372952240371291e+01 1.872172806479971712e+02 5.644506262382556372e+01
1.441674159857833547e+04 1.292370730621176449e+02 6.336318152200712461e+01 1.872566754218515541e+02 5.744356576181579044e+01
1.441716801328561269e+04 1.302125255050387125e+02 6.318185182089457896e+01 1.872063421649524173e+02 5.844135073645514922e+01
1.441758868764567524e+04 1.311888848957343328e+02 6.315980602161298663e+01 1.870728960575082169e+02 5.943203903754730533e+01
1.441800034658055483e+04 1.320709544881999022e+02 6.318214768984833540e+01 1.869362313071117683e+02 6.042265102985601999e+01
1.441845923608586963e+04 1.327584894927754817e+02 6.296017949784420864e+01 1.866769862541273426e+02 6.138706851326548275e+01
1.441906636699453520e+04 1.331690760262166009e+02 6.254312803201779758e+01 1.864130527746176824e+02 6.235158513602393526e+01
1.442097045958875424e+04 1.338128507712587520e+02 6.232389461566872768e+01 1.860375492226699237e+02 6.327708219389691635e+01
1.442341331870469367e+04 1.349523125898612363e+02 6.213075500038448240e+01 1.856043783310263677e+02 6.417824674227625792e+01
1.442421115342473240e+04 1.359483914008195597e+02 6.225758669005458046e+01 1.852260144037261682e+02 6.510362915601757550e+01
1.442477335447221230e+04 1.368731485396766061e+02 6.259431794967177609e+01 1.846554453906771016e+02 6.592164522965308038e+01
1.442533721622177654e+04 1.376589134454215184e+02 6.322682967188070080e+01 1.839452974217373367e+02 6.662398279611194596e+01
1.442586763097754010e+04 1.382441383398134178e+02 6.401654780160458813e+01 1.831194058057199925e+02 6.718550392407212257e+01
1.442636238323648649e+04 1.388572244317454647e+02 6.480433207911505633e+01 1.822451936846641729e+02 6.767054872809325161e+01
1.442685367052904621e+04 1.395270326759535635e+02 6.564091015536781981e+01 1.813495467219974557e+02 6.811516534437038217e+01
1.442731169543523538e+04 1.402432410089239738e+02 6.640986042814107293e+01 1.804338231602216922e+02 6.851677183833898255e+01
1.442772043931223379e+04 1.409270712373730134e+02 6.703360459279834060e+01 1.795091318808202914e+02 6.889744966798856751e+01
1.442813589902115928e+04 1.415249590193274116e+02 6.770952884258944948e+01 1.785504747362653575e+02 6.918049798505765580e+01
1.442856689751104386e+04 1.420428876350437974e+02 6.849377498010157694e+01 1.775759068919506660e+02 6.940408973378632140e+01
1.442898624175418627e+04 1.425378443145206120e+02 6.923994625983446838e+01 1.765983154781424389e+02 6.961458506491783282e+01
1.442941497404853180e+04 1.430471943118695037e+02 6.990121352092573659e+01 1.756053617760206578e+02 6.973000468372958949e+01
1.442988728577617076e+04 1.434239538142822994e+02 7.057623041912309247e+01 1.746069494418981662e+02 6.978435511767858657e+01
1.443047095136054850e+04 1.435838553786390719e+02 7.130881989745702754e+01 1.736075819981646475e+02 6.975609700797647861e+01
1.454901996967887681e+04 1.418168836396358188e+02 7.375307865060105428e+01 1.735729010377745851e+02 6.937526260850452786e+01
1.455636214544462928e+04 1.422660524973080953e+02 7.471245724109797948e+01 1.727099195370155940e+02 6.890681559530054301e+01
1.456191091729884283e+04 1.426077237529978845e+02 7.529007577182881050e+01 1.718450306987734564e+02 6.864830586650977295e+01
1.456239388259011321e+04 1.428804381050367454e+02 7.526420336672053679e+01 1.714377778012444367e+02 6.773754267313350397e+01
1.456312697594439851e+04 1.428453871373949369e+02 7.522647205386982705e+01 1.711770902127468901e+02 6.677411447402778322e+01
1.457165053917948717e+04 1.430214408060151072e+02 7.530219197357041594e+01 1.714308891993835289e+02 6.652992873343221447e+01
