# ts_seconds,x,y,gt_x,gt_y
2.084918746135012952e+03 1.689855658917516905e+02 6.942326775810643369e+01 1.689855658917516905e+02 6.942326775810643369e+01
2.088686794331886176e+03 1.690471241831700979e+02 7.124710130141193076e+01 1.679936442975185571e+02 6.930081354919845182e+01
2.089335505019636003e+03 1.690369225488608436e+02 7.237188701993711959e+01 1.669938865707782440e+02 6.932163613237354127e+01
2.089910337472304491e+03 1.689396315474628523e+02 7.340497068877186848e+01 1.659942711238684581e+02 6.930691285707659688e+01
2.090472219831100574e+03 1.688265800028544561e+02 7.434816105447896462e+01 1.650002457798922535e+02 6.919962394132205930e+01
2.091035653114462548e+03 1.687364329490124817e+02 7.529099169134974545e+01 1.640008328333009331e+02 6.916779436371741951e+01
2.091606262163027168e+03 1.686736855751248640e+02 7.630483731028175498e+01 1.630036611544254868e+02 6.909714437314680424e+01
2.092176845465997303e+03 1.685716124830968852e+02 7.731665772672940307e+01 1.620038365798666007e+02 6.911100742619554183e+01
2.092735728436314730e+03 1.684050548263867597e+02 7.839970351515596292e+01 1.610043146699306078e+02 6.908153217797499224e+01
2.093259108045341691e+03 1.682293295333138303e+02 7.952570251918692179e+01 1.600058618660064553e+02 6.902669496785549086e+01
2.093731052839239965e+03 1.680265088399559090e+02 8.053477054238453547e+01 1.590079357891358427e+02 6.898386025202664484e+01
2.094164481927339239e+03 1.677093990233553598e+02 8.139164547584427112e+01 1.580257370720761685e+02 6.879602591641901199e+01
2.094586350852623582e+03 1.672052209466716590e+02 8.211043552341219254e+01 1.570530545746073585e+02 6.857713517159754701e+01
2.095038948399352194e+03 1.664769499905682437e+02 8.274718192531908301e+01 1.561770674549453304e+02 6.810931533553440431e+01
2.095477073696377374e+03 1.656789617543654174e+02 8.328037940303904918e+01 1.554793599319706345e+02 6.739293563117212216e+01
2.095886899181121407e+03 1.648635160555777475e+02 8.371222951766903009e+01 1.548105166122967660e+02 6.665367274942542508e+01
2.096309374142820161e+03 1.639804765867595222e+02 8.410482004408173395e+01 1.543116540440769029e+02 6.578802151834138101e+01
2.096729136533147084e+03 1.630834229820125927e+02 8.441516879786041727e+01 1.538948737519571637e+02 6.487908670699337677e+01
2.097159659671501231e+03 1.621701683888979630e+02 8.462101344934156089e+01 1.534835153378890595e+02 6.397051328723332375e+01
2.097626372746580728e+03 1.611928248564045703e+02 8.478681649120021291e+01 1.532232809124601829e+02 6.300507899782839161e+01
2.098092395616986323e+03 1.601782241576161994e+02 8.490156146793560765e+01 1.529479330038184060e+02 6.204444454313776447e+01
2.098595917057092720e+03 1.590713777378186080e+02 8.491058053988255949e+01 1.527790545807394835e+02 6.106065132174988719e+01
2.099071756323003683e+03 1.580090818530938179e+02 8.485001955378305638e+01 1.527338125433642517e+02 6.006174236843967407e+01
2.099538674525791066e+03 1.569967511334692460e+02 8.473135060605429203e+01 1.526980173447690845e+02 5.906506851688599369e+01
2.100008358929619590e+03 1.560169476073154158e+02 8.465110117443938975e+01 1.527935722966665253e+02 5.807100737294538817e+01
2.100450002451013461e+03 1.550707814138534388e+02 8.458747148605867494e+01 1.527866023765597276e+02 5.707108629455026971e+01
2.100925516794749456e+03 1.540862985625001329e+02 8.445250958646634842e+01 1.528192362910535849e+02 5.607231015592301304e+01
2.101389076568540986e+03 1.531291069452196894e+02 8.431713918288808429e+01 1.528939976457422460e+02 5.507714030220210333e+01
2.101837215236849261e+03 1.521911322878148951e+02 8.417854553107993354e+01 1.528628775542817095e+02 5.407846147311767737e+01
2.102313517433925426e+03 1.511682441896324747e+02 8.407132885870203154e+01 1.529055892694973124e+02 5.307944860769575257e+01
2.102761120448346446e+03 1.501486995139004534e+02 8.398667220288646718e+01 1.529093345966903144e+02 5.207989471450740382e+01
2.103192270515686687e+03 1.491398099167982423e+02 8.387033149187317349e+01 1.528930001117313395e+02 5.108256734755202189e+01
2.103609967631290147e+03 1.481577661717336696e+02 8.375139813850066162e+01 1.529904745241650801e+02 5.008829928352814420e+01
2.104031983279721771e+03 1.471520823221349303e+02 8.363175496699707878e+01 1.530027363880894882e+02 4.908838322464357873e+01
2.104462166420610174e+03 1.461116952539799456e+02 8.351999221448001265e+01 1.530193396235956982e+02 4.808878008043765817e+01
2.104870319574089535e+03 1.451006590191624639e+02 8.340454470720735003e+01 1.530576528744718701e+02 4.709026978573452737e+01
2.105264666600429337e+03 1.441249349922658496e+02 8.329506207338492629e+01 1.530229878507661567e+02 4.609087112066218594e+01
2.105671571028792641e+03 1.431109902930717226e+02 8.319793214031732020e+01 1.529861986814156296e+02 4.509154876448163662e+01
2.106062510333218142e+03 1.421082857997141389e+02 8.309551625578608025e+01 1.529282945886683081e+02 4.409385038560812831e+01
2.106449268462269174e+03 1.411154450980231161e+02 8.297975238340686133e+01 1.528309836174977647e+02 4.309976201629844894e+01
2.106857438845861452e+03 1.400768169481540895e+02 8.285537069530384713e+01 1.528312467095576324e+02 4.209988544997793980e+01
2.107256689260870644e+03 1.390455278261794660e+02 8.270974505307954416e+01 1.528367089972595352e+02 4.110084905649901543e+01
2.107639180168992425e+03 1.380707404268674452e+02 8.254637250893212297e+01 1.527822295110868254e+02 4.010301338367269608e+01
2.108020091840074656e+03 1.371260208498222539e+02 8.238862865518156298e+01 1.528014093109017608e+02 3.910326254532355961e+01
2.108395254843303519e+03 1.361999907839186505e+02 8.225402897063403884e+01 1.528129812612570504e+02 3.810467038408584273e+01
2.108782021210156927e+03 1.352605240890998459e+02 8.214101590550883714e+01 1.527602031887275871e+02 3.710754037468270639e+01
2.109183908551350669e+03 1.343090116143474972e+02 8.206105694420600116e+01 1.528061418808772203e+02 3.610859632922790041e+01
2.109590508403799959e+03 1.333551635804910234e+02 8.199988373892517757e+01 1.528215205651730173e+02 3.511033955273474305e+01
2.110002528103380428e+03 1.323997873019129941e+02 8.193900509889705575e+01 1.527655502936915184e+02 3.411343539181450524e+01
2.110432210080843561e+03 1.314181719662992407e+02 8.190294220457691665e+01 1.527854854501784700e+02 3.311444122018256309e+01
2.110880403044659943e+03 1.304292362671169485e+02 8.185998160389385703e+01 1.527133813118999512e+02 3.211773039247172790e+01
2.111335810071926517e+03 1.294877648546303419e+02 8.177235444330888470e+01 1.526266238957384758e+02 3.112542691852748433e+01
2.111787680850421566e+03 1.285512411155218615e+02 8.175449827078344356e+01 1.526569725258083565e+02 3.012808846264095664e+01
2.112263887685562622e+03 1.275609711245838298e+02 8.176704701491478033e+01 1.525666860163458125e+02 2.913222097842697877e+01
2.112806020006033123e+03 1.265267833308248129e+02 8.173957702998663422e+01 1.524934419504505740e+02 2.813658820449063569e+01
2.113361520070148799e+03 1.255509128693834526e+02 8.163831349216482636e+01 1.524917731042023377e+02 2.713768770017868448e+01
2.113940284750572573e+03 1.246101867372309471e+02 8.123400991145710748e+01 1.525383171272044649e+02 2.616341605014499194e+01
2.114527350274164746e+03 1.238697773231618839e+02 8.050784253865236906e+01 1.529728637872137540e+02 2.526343622088311491e+01
2.115079370382668003e+03 1.235151469933646240e+02 7.959467318668366431e+01 1.535790768879357131e+02 2.452222463875420644e+01
2.115626341916143701e+03 1.234038426797154813e+02 7.858798244821417711e+01 1.545131018979485020e+02 2.417587719990231676e+01
2.116117341846259023e+03 1.234761573285593101e+02 7.764011560386961719e+01 1.554949349700931123e+02 2.400150735008630321e+01
2.116622823360130496e+03 1.236688191719491954e+02 7.665733047838426728e+01 1.564904885529246314e+02 2.399992020355447764e+01
2.117124881414720221e+03 1.238436889950342703e+02 7.563740981219139314e+01 1.574839282585262197e+02 2.407758247264326101e+01
2.117598555149423191e+03 1.240007262797298750e+02 7.465103126501976760e+01 1.584786581652542168e+02 2.410241769070279716e+01
2.118070450562897349e+03 1.241182777880512447e+02 7.366954368285772148e+01 1.594680729372424821e+02 2.424116797237231324e+01
2.118515369139382074e+03 1.242069810292079950e+02 7.274581503612553490e+01 1.604659043595489720e+02 2.428537277034577002e+01
2.118943938127692036e+03 1.242728217905570887e+02 7.187540692432369838e+01 1.614636335862062708e+02 2.430475484775505990e+01
2.119383237482869845e+03 1.243572905653849148e+02 7.099682499794019463e+01 1.624591523902086578e+02 2.436592426552111590e+01
2.119850528697625123e+03 1.245007380532170629e+02 7.013167599022615661e+01 1.634583227399936902e+02 2.432522713087184840e+01
2.120342324965437911e+03 1.246271824798760122e+02 6.927092923202206975e+01 1.644517263880502753e+02 2.436259108431095655e+01
2.120819789235427834e+03 1.247017098156201484e+02 6.838628365173583745e+01 1.654388936156129546e+02 2.447234957780517561e+01
2.121310229427229842e+03 1.247660130662132332e+02 6.746591965442006256e+01 1.664360924626604685e+02 2.447098891057746428e+01
2.121826204766102364e+03 1.247927516403815673e+02 6.651034286267062612e+01 1.674317007149643359e+02 2.456304937115097786e+01
2.122348234351698466e+03 1.247985453430508613e+02 6.550403936207676736e+01 1.684294404851179650e+02 2.458652357106098663e+01
2.122852544091538675e+03 1.248157456069190943e+02 6.457128141200142579e+01 1.694264381573453591e+02 2.457597264027669581e+01
2.123359065964638376e+03 1.248285528243017666e+02 6.365140419799256222e+01 1.704226537228643110e+02 2.461972905764915964e+01
2.123890166881391906e+03 1.248905132951997246e+02 6.263716736899109350e+01 1.714189888893520788e+02 2.461912503916033756e+01
2.124418196881623771e+03 1.249398289327828167e+02 6.159821926834145245e+01 1.724126709880918611e+02 2.466513234817360001e+01
2.124925789117854947e+03 1.250155188810613680e+02 6.057971221716017141e+01 1.734095435496869015e+02 2.459963004272502474e+01
2.125419589127625386e+03 1.251506667837200126e+02 5.966813574535080278e+01 1.744089845956186480e+02 2.457765950921665521e+01
2.125922477065018029e+03 1.252651634758914696e+02 5.883158074306290075e+01 1.754075472656096792e+02 2.455561295695593316e+01
2.126440802189409169e+03 1.253310942806297419e+02 5.808452111102413795e+01 1.764028670400042813e+02 2.463787747097536496e+01
2.127033704265006236e+03 1.252139733045769674e+02 5.717435781543166939e+01 1.773870081526800959e+02 2.466464842930728096e+01
2.127662766131228636e+03 1.249242300006281283e+02 5.620896893369630476e+01 1.783578721075943179e+02 2.442681426678583279e+01
2.128258838906161600e+03 1.243885575917695974e+02 5.530491225512299280e+01 1.792472784157560284e+02 2.401901566090526075e+01
2.128802230151193271e+03 1.238697585972785902e+02 5.436637806321786570e+01 1.800515401203551846e+02 2.343972513999230145e+01
2.129314735279645902e+03 1.235545699469591767e+02 5.341139585943656698e+01 1.809407272874772730e+02 2.298456989198158951e+01
2.129805416152925773e+03 1.235971857290807918e+02 5.239334047733943578e+01 1.818480021341934503e+02 2.266103940855516541e+01
2.130283244905466745e+03 1.239779637465701967e+02 5.143748864599980664e+01 1.828398969361408319e+02 2.275656003699453578e+01
2.130739609810362708e+03 1.245615875485413824e+02 5.063689740000710060e+01 1.837810396784951479e+02 2.306329767573625844e+01
2.131199762453358744e+03 1.251808768764447422e+02 5.001920566741762997e+01 1.846316985418039565e+02 2.358614810700947473e+01
2.131661818134292844e+03 1.258563077341653837e+02 4.949866679276536274e+01 1.854472303879765036e+02 2.416471545086021067e+01
2.132106103452080333e+03 1.266125577880533228e+02 4.912683957172640703e+01 1.862137932971397163e+02 2.479521995888427455e+01
2.132545992882422524e+03 1.273815858040883739e+02 4.889521269882098409e+01 1.868461254074149451e+02 2.556884309825396073e+01
2.132971752491990173e+03 1.281696885774778139e+02 4.884183735560155526e+01 1.873923673654314825e+02 2.640367615466180951e+01
2.133424671136297547e+03 1.290299532457928535e+02 4.894999915293477244e+01 1.877148958744598417e+02 2.732837605819213067e+01
2.133905563315386189e+03 1.299264464068056100e+02 4.914854692180340123e+01 1.877828436384988890e+02 2.832600442936797691e+01
2.134385645283915892e+03 1.307766370762175541e+02 4.943645813243180243e+01 1.877992339641540127e+02 2.932187869515632173e+01
2.134865683520748917e+03 1.315757055270219098e+02 4.985312053371998786e+01 1.876549167563678964e+02 3.030986082948763283e+01
2.135366817112678746e+03 1.323487726745632358e+02 5.037949156898168468e+01 1.873722268824527646e+02 3.126469230332503813e+01
2.135900119644866209e+03 1.330603896248197202e+02 5.083213003828367249e+01 1.869291148468982726e+02 3.215874341859122154e+01
2.136540680000578959e+03 1.338881501911844509e+02 5.111110127947126358e+01 1.865391567292298021e+02 3.306137918928513386e+01
2.137387427061322342e+03 1.347615071549812740e+02 5.121772603982689986e+01 1.862973770201134016e+02 3.402662796161954617e+01
2.141216921770354929e+03 1.357289351510713118e+02 5.118287744327776068e+01 1.859686991337738391e+02 3.496976554149490823e+01
2.145296740142653562e+03 1.369335936183652791e+02 5.111024683320484030e+01 1.859502621820695936e+02 3.594686202671638853e+01
2.146152587971564117e+03 1.380072426214022983e+02 5.115718482125956257e+01 1.860388623470642244e+02 3.694101824608129903e+01
2.147558774855791853e+03 1.388547209319366402e+02 5.124988390771326152e+01 1.859449638293167766e+02 3.793051843708909132e+01
2.154450869256459100e+03 1.394021997999798543e+02 5.122332518603064244e+01 1.858245226659757066e+02 3.892174806563192391e+01
2.159299142516960273e+03 1.401379247912797723e+02 5.108271979249165184e+01 1.858050646375366171e+02 3.992053862752479176e+01
2.161980877569899803e+03 1.411898082866715072e+02 5.069041889283116831e+01 1.858549810885049851e+02 4.091893883539834320e+01
2.166727067745468048e+03 1.422704738574777537e+02 5.032803144110313553e+01 1.859106444596989718e+02 4.191731540183887006e+01
2.169147454249685325e+03 1.433912492203103284e+02 5.026317309071826145e+01 1.859300832284517355e+02 4.291692142589860737e+01
2.169716350474107458e+03 1.445081345212997235e+02 5.033758196522286710e+01 1.858183450461984023e+02 4.390719933464346525e+01
2.170199679759170067e+03 1.455482010773416164e+02 5.044038701447991713e+01 1.857495250456414624e+02 4.490218868770217142e+01
2.170640089135509697e+03 1.464879878659790222e+02 5.054954669498078346e+01 1.857350599690051070e+02 4.590208166200417850e+01
2.171084853773908435e+03 1.474076383402568240e+02 5.064836071439961529e+01 1.857094337010741754e+02 4.690171405428178275e+01
2.171549563540667805e+03 1.483042943547127948e+02 5.076509080505636717e+01 1.857245309266799893e+02 4.790107136614542327e+01
2.172015057439701650e+03 1.491119184146820373e+02 5.087565126509856128e+01 1.856684823044568304e+02 4.889738195350837202e+01
2.172516281106477891e+03 1.499363886789234641e+02 5.095069972254584201e+01 1.855874647135666748e+02 4.989400100576543906e+01
2.173090180978694207e+03 1.508056334392378233e+02 5.107606081963195521e+01 1.855578745872804518e+02 5.089317657737752398e+01
2.173783850439227990e+03 1.514563398722385443e+02 5.125459411412457911e+01 1.855886837085472507e+02 5.189232455866383020e+01
2.175732741782640460e+03 1.504364324748607089e+02 5.138494676895955138e+01 1.855444037889534741e+02 5.147282467768923908e+01
2.176304427548693639e+03 1.494171645274693105e+02 5.126830591270508819e+01 1.855524818689174822e+02 5.047520570934140238e+01
2.176766460031885799e+03 1.483584152903097788e+02 5.108488591254160127e+01 1.855462793702918134e+02 4.947730712203286174e+01
2.177162560777549970e+03 1.473390002550552254e+02 5.093984304395268481e+01 1.855365637895889677e+02 4.847840583241033130e+01
2.177499300579974260e+03 1.464685077325969189e+02 5.080077424454175627e+01 1.856410798874179022e+02 4.748600551050478913e+01
2.177817056341777061e+03 1.456294169231748867e+02 5.061602845050001775e+01 1.857184760283094818e+02 4.649165764935780487e+01
2.178130589753837285e+03 1.447848225522837993e+02 5.042996061643297168e+01 1.857006919502170490e+02 4.549220820794710818e+01
2.178446720850231941e+03 1.439305102226975919e+02 5.027671836774666048e+01 1.857355760649956835e+02 4.449505016887938069e+01
2.178778032779348450e+03 1.430452311129875795e+02 5.011842960806654190e+01 1.858015979387530479e+02 4.349750269650485990e+01
2.179107095131264941e+03 1.421806022500028064e+02 4.993904027614480867e+01 1.858051804570968102e+02 4.249818236101004487e+01
2.179448482685278123e+03 1.413000810603247146e+02 4.976632116567686381e+01 1.858233494098015228e+02 4.149915417065941625e+01
2.179818634572182418e+03 1.403530507819747299e+02 4.958141266872193853e+01 1.858799325725418043e+02 4.050076127114169111e+01
2.180186511283191066e+03 1.393933355763501538e+02 4.938414324256240207e+01 1.858599160642592949e+02 3.950332326506673297e+01
2.180556034828925021e+03 1.384702932360855527e+02 4.924125803600428952e+01 1.858434939972908069e+02 3.850494727185895982e+01
2.180959932531432059e+03 1.375662342900627380e+02 4.917169308759195445e+01 1.859033793452552175e+02 3.750706086495993219e+01
2.181397730566001883e+03 1.366597800442092137e+02 4.910448127251304129e+01 1.858835360683158910e+02 3.651111505999488571e+01
2.181900082425025630e+03 1.356937963302713115e+02 4.894209905607895195e+01 1.859367856062871454e+02 3.552085699294978127e+01
2.182429828102715419e+03 1.346736647252862156e+02 4.876721332823951371e+01 1.860922164813600261e+02 3.453304025714491843e+01
2.182912085099816977e+03 1.337246673307566311e+02 4.861257371997913879e+01 1.861329398949312406e+02 3.353823418436020631e+01
2.183365177979314012e+03 1.328315568968939431e+02 4.840533919971919374e+01 1.862857508394206434e+02 3.256417472339274610e+01
2.183816109272640006e+03 1.318970706675208646e+02 4.818830968105086754e+01 1.865378459639800894e+02 3.159723230008822270e+01
2.184260728193696650e+03 1.309853354632643914e+02 4.802481004513351337e+01 1.866891676907528677e+02 3.061057020760903669e+01
2.184706687312756912e+03 1.300920914000696484e+02 4.791344819750877093e+01 1.868514286423450983e+02 2.962528497348258227e+01
2.185173054556524676e+03 1.291184264894649800e+02 4.783092650227482068e+01 1.868410829604719936e+02 2.864304521607645526e+01
2.185657739587252308e+03 1.282193880984422947e+02 4.777994436390321198e+01 1.867712714279249724e+02 2.764930752115968460e+01
2.186188547238463343e+03 1.274272139742642196e+02 4.779176137156262882e+01 1.867902524238780586e+02 2.664956204427284803e+01
2.186848640916474324e+03 1.266901592851341718e+02 4.777389366188820219e+01 1.866104283305043054e+02 2.568268030077152275e+01
2.188277945897046266e+03 1.257073248083932953e+02 4.799504346670181576e+01 1.862435762525595919e+02 2.475292320616774688e+01
2.189700510897620916e+03 1.245442690524572953e+02 4.854724961810413220e+01 1.858428309086764330e+02 2.383676994849982123e+01
2.190575553824929102e+03 1.236553082428035566e+02 4.928486872024846832e+01 1.852788593056428681e+02 2.302283483939478614e+01
2.191232509172053597e+03 1.231475796764206052e+02 5.020292852838826292e+01 1.845381761434147734e+02 2.235785641902259968e+01
2.191767316385767572e+03 1.230170504339353812e+02 5.114958639051592826e+01 1.836285842643120532e+02 2.198505207199151101e+01
2.192281310018167915e+03 1.232019783560511996e+02 5.216466196843829550e+01 1.826413722317849420e+02 2.195514165923460226e+01
2.192767395798841790e+03 1.235457845573843514e+02 5.317487710651746369e+01 1.816767420418528332e+02 2.219636617436973580e+01
2.193215840712875888e+03 1.238901909276234647e+02 5.412947146695240264e+01 1.807300619543517257e+02 2.251838460190008462e+01
2.193638526585344607e+03 1.242004053810635611e+02 5.505719157688400145e+01 1.798151802646663668e+02 2.291908864802201506e+01
2.194054267033449378e+03 1.244506390164980161e+02 5.597883556898918300e+01 1.788994435766498157e+02 2.332041112010197637e+01
2.194472818022572937e+03 1.246181506232897505e+02 5.691658045284380307e+01 1.779419859053869857e+02 2.359988234964323794e+01
2.194889366286254699e+03 1.247298107460708252e+02 5.780439715766402031e+01 1.769683955887624904e+02 2.382810989648158539e+01
2.195337032662171623e+03 1.248085990389130870e+02 5.859079436470543811e+01 1.759879821026612206e+02 2.402424620735371619e+01
2.195879178577275525e+03 1.247820513611828375e+02 5.921081967413201852e+01 1.750066618169852291e+02 2.421657991479095173e+01
2.197926761764199910e+03 1.248631331770604476e+02 5.962231572510284394e+01 1.740406949106644277e+02 2.447248545596518809e+01
2.204356648777050850e+03 1.245816064721988283e+02 6.133862544429034358e+01 1.730542578275106962e+02 2.447814834040095278e+01
2.206815333178711626e+03 1.243579882365077083e+02 6.277966231180766243e+01 1.720606361705863776e+02 2.454380211242050081e+01
2.207397814508145530e+03 1.242003758878529709e+02 6.388159423793346292e+01 1.710677824581195239e+02 2.448369626193395732e+01
2.207897974326337135e+03 1.240445263964796823e+02 6.491750832758751244e+01 1.700841840150804103e+02 2.430648180179862194e+01
2.208320165954343793e+03 1.239441519563563219e+02 6.583196224292161958e+01 1.690890648039590189e+02 2.424591166752604465e+01
2.208718477179912952e+03 1.238677867820361342e+02 6.671299835864863326e+01 1.680918035978658338e+02 2.417804446432262111e+01
2.209093370973163928e+03 1.237667166000567960e+02 6.757734182683877577e+01 1.670926917705673986e+02 2.416128940531237035e+01
2.209462703348442574e+03 1.236401174023619376e+02 6.845018548272146575e+01 1.660955074292863287e+02 2.422772001110140039e+01
2.209851367056251092e+03 1.235065412781970196e+02 6.935416852844140578e+01 1.651017243802969574e+02 2.415878085591128865e+01
2.210233635248447627e+03 1.233903514990020227e+02 7.026059588013801260e+01 1.641117034608301140e+02 2.401842374362196608e+01
2.210619358070590351e+03 1.232297537821980598e+02 7.122728663740764432e+01 1.631150231583667960e+02 2.401684477551985708e+01
2.211001205277319059e+03 1.230508801068579032e+02 7.217903477205133811e+01 1.621198556169421465e+02 2.394335119490698105e+01
2.211377388356637766e+03 1.229212697350198482e+02 7.308228331834047253e+01 1.611326069865114050e+02 2.378638637353462926e+01
2.211770270513171909e+03 1.227767524927372165e+02 7.401456170322438766e+01 1.601362699260296836e+02 2.372849346456705888e+01
2.212165521542833176e+03 1.226464166564478688e+02 7.494679838346446843e+01 1.591371744238991539e+02 2.368714462171392299e+01
2.212554919765540944e+03 1.225588285285690517e+02 7.588366014901647816e+01 1.581443260339082428e+02 2.357358445022378035e+01
2.212970721075207621e+03 1.224956360379166114e+02 7.690731909100752262e+01 1.571472986799601870e+02 2.358048331175788803e+01
2.213389373775011791e+03 1.225350280113784862e+02 7.790169137016968648e+01 1.561488078392973193e+02 2.363530026290514741e+01
2.213795843785727357e+03 1.227866273733954614e+02 7.880289511823126247e+01 1.551507839595930704e+02 2.369804742141817044e+01
2.214219235029435367e+03 1.232212424534890118e+02 7.963236496634975481e+01 1.542316852217487053e+02 2.405780066798600814e+01
2.214663858213856656e+03 1.238178162616770095e+02 8.028526790054341689e+01 1.534175141569796779e+02 2.463257226500304853e+01
2.215130388843017045e+03 1.247812727786062226e+02 8.069110103063728445e+01 1.528943895971136726e+02 2.546643032080321589e+01
2.215545357239311215e+03 1.257997666136000987e+02 8.090989406961580244e+01 1.527149400676770767e+02 2.644046127121448109e+01
2.215937392333732987e+03 1.267854854898499468e+02 8.104951468816034321e+01 1.525893720864270904e+02 2.743253550180325462e+01
2.216312832851332132e+03 1.277584803303356296e+02 8.115286700629680183e+01 1.525500198778058234e+02 2.843085910703423735e+01
2.216671768751564741e+03 1.287115673786473451e+02 8.125325679826352143e+01 1.525986060802013924e+02 2.942915784925098777e+01
2.217036396712621354e+03 1.296895493424319454e+02 8.134407059280157171e+01 1.525699770464008225e+02 3.042778685239682446e+01
2.217395366116511923e+03 1.306481089912823847e+02 8.144094737817773932e+01 1.525506745034905691e+02 3.142749906639231838e+01
2.217736716591206459e+03 1.315366558774704231e+02 8.155606032444951836e+01 1.525963361648914542e+02 3.242607843757222241e+01
2.218080350689643637e+03 1.324052301199465376e+02 8.167941753968712248e+01 1.525750832363659697e+02 3.342514797033334872e+01
2.218430924363544364e+03 1.333011287067105002e+02 8.180055193925849721e+01 1.525352941948586931e+02 3.442435598277842956e+01
2.218786701881692352e+03 1.342523886699733282e+02 8.192068041928972377e+01 1.525781166553242940e+02 3.542268898598292992e+01
2.219127033857867900e+03 1.351575173567101729e+02 8.204211711274436425e+01 1.525993810932307042e+02 3.642229115437030629e+01
2.219465000966260959e+03 1.360406884055697105e+02 8.216949651637165175e+01 1.525720607295058926e+02 3.742174493455521400e+01
2.219816712413924051e+03 1.369836240536849346e+02 8.231051135320140588e+01 1.526431641449844676e+02 3.841798714514121116e+01
2.220157619593478557e+03 1.379356132829899195e+02 8.244629642460752450e+01 1.526842222833597305e+02 3.941684471952476088e+01
2.220500486208596158e+03 1.389178222713951527e+02 8.259730504197474943e+01 1.525947303169371025e+02 4.041134804966660710e+01
2.220850223700673268e+03 1.398883924533479899e+02 8.279830038405100368e+01 1.525478771190300904e+02 4.140977984926438893e+01
2.221186819285320325e+03 1.407757500147924929e+02 8.299108864478360204e+01 1.524866032371706410e+02 4.240781820662800072e+01
2.221532698528076708e+03 1.416696232352833817e+02 8.315782162898641161e+01 1.523760317003454645e+02 4.340149003939516348e+01
2.221898845977683322e+03 1.426217647782136453e+02 8.333543457649820141e+01 1.523439374826925530e+02 4.440019347055292087e+01
2.222264144698618111e+03 1.435593606654648227e+02 8.351848185409333780e+01 1.523973450543245178e+02 4.539830571593653730e+01
2.222627665230414550e+03 1.444785573579873414e+02 8.366798208570146755e+01 1.523545866851147821e+02 4.639620655367478719e+01
2.222995632959146405e+03 1.454097091669953272e+02 8.381394361676638027e+01 1.523329711317840918e+02 4.739579355060272547e+01
2.223352340143878337e+03 1.463072291321966247e+02 8.399695543796997299e+01 1.523739408661474783e+02 4.839466911514559655e+01
2.223720996686967737e+03 1.472091978930598941e+02 8.418426749593407976e+01 1.522925459912633244e+02 4.938967867711764370e+01
2.224096110663170748e+03 1.481227666074875629e+02 8.434722699669535473e+01 1.522059041811176598e+02 5.038588076491818413e+01
2.224478374106338379e+03 1.490628185776201349e+02 8.450575672401065219e+01 1.522064372907258019e+02 5.138523604490957553e+01
2.224873879402814055e+03 1.500351653188085095e+02 8.461128282925372446e+01 1.521392466098065483e+02 5.238234092780622575e+01
2.225256059732046651e+03 1.509829777107403856e+02 8.467065131685056656e+01 1.520840840133548966e+02 5.338074997841604841e+01
2.225626590744952409e+03 1.519180247559991699e+02 8.474753820989656106e+01 1.521597101063903779e+02 5.437649010976406316e+01
2.225999091107722961e+03 1.528456986425524917e+02 8.484444001241328692e+01 1.521624688595292980e+02 5.537570098250291295e+01
2.226371092115855845e+03 1.537699748123856125e+02 8.495408868474743258e+01 1.521358316139074702e+02 5.637533175657495121e+01
2.226742572285104870e+03 1.547019549877747409e+02 8.507541673605751953e+01 1.521880480090977414e+02 5.737340997586960611e+01
2.227107485175563397e+03 1.556065765862789192e+02 8.516931521098784685e+01 1.521495707830019910e+02 5.837175662588956015e+01
2.227474595036199844e+03 1.565217325495265186e+02 8.524575582223944537e+01 1.520801136593262868e+02 5.936932632881563165e+01
2.227854214701776073e+03 1.574914950781582093e+02 8.535679621974244924e+01 1.521595343351575877e+02 6.036436466240579790e+01
2.228243923601079132e+03 1.584755499590336001e+02 8.552868494616988926e+01 1.522143329509623300e+02 6.136267727234368152e+01
2.228641517224049039e+03 1.594932265617472638e+02 8.569608578713292957e+01 1.522677855947352157e+02 6.236124460074230313e+01
2.229033148502534914e+03 1.605024372969711806e+02 8.584797761814856187e+01 1.523829576817540499e+02 6.335430414355101902e+01
2.229414555871754601e+03 1.614204131409805143e+02 8.602483016546787553e+01 1.523507739206838494e+02 6.435197455960026502e+01
2.229799729282252883e+03 1.623094002558254942e+02 8.626661169377324256e+01 1.522407615531226099e+02 6.534568307765059103e+01
2.230190319322401592e+03 1.631829165571968474e+02 8.656722513703992661e+01 1.521112599999186443e+02 6.633725243690264506e+01
2.230591894554494047e+03 1.640345836782053084e+02 8.693293814599361724e+01 1.518379776839362876e+02 6.729763766659048940e+01
2.231012685400856753e+03 1.648947409420505323e+02 8.741001596007076557e+01 1.515081119955783322e+02 6.824155570162687923e+01
2.231423804627971549e+03 1.657267096587602566e+02 8.795009958265430328e+01 1.511663135240603708e+02 6.918132509118122186e+01
2.231841893743010132e+03 1.665767871676122809e+02 8.854348903837195905e+01 1.506651530385523756e+02 7.004433996372070226e+01
2.232244536624311877e+03 1.673777471565102246e+02 8.915217893270671823e+01 1.501374107052213844e+02 7.089374082538647315e+01
2.232629108041335712e+03 1.681553588297569206e+02 8.973733032069485205e+01 1.496625536246757520e+02 7.177352539387686647e+01
2.233015352238129253e+03 1.690030831469608756e+02 9.021736184559291871e+01 1.491596913195548382e+02 7.263777495515226690e+01
2.233385654999301096e+03 1.698442745265892313e+02 9.054963238132624781e+01 1.487495152458659504e+02 7.354896121242640561e+01
2.233758697510413640e+03 1.706924821573886959e+02 9.081215530920464118e+01 1.484775414254785346e+02 7.451016233622195273e+01
2.234153648433039962e+03 1.716253124212032617e+02 9.095616503885239013e+01 1.482310236059329327e+02 7.547929346292453090e+01
2.234544710379288517e+03 1.725924463686228592e+02 9.095713959418907280e+01 1.481229048128132320e+02 7.647228429228024993e+01
2.234940094110028895e+03 1.735553817139352475e+02 9.089014020136238514e+01 1.481851738303707862e+02 7.746904604944803907e+01
2.235349418853463703e+03 1.745343222350335282e+02 9.072674372096932416e+01 1.482823028804558874e+02 7.846429985501853821e+01
2.235757969428936121e+03 1.754898256050351506e+02 9.047876512124439330e+01 1.485329114880210852e+02 7.943107946030595201e+01
2.236163756856639793e+03 1.763685101537620596e+02 9.020085747715687319e+01 1.489139252360545811e+02 8.035487566199094545e+01
2.236565089020024516e+03 1.772132438765550830e+02 8.981909875191969661e+01 1.492650826885693505e+02 8.129109344011561689e+01
2.236947065924507569e+03 1.780724459394985217e+02 8.940372956845990871e+01 1.497466036249785759e+02 8.216637886853300188e+01
2.237319226238962528e+03 1.789360100283761028e+02 8.906939028063523267e+01 1.502873244141735256e+02 8.300742410807707472e+01
2.237711147267629258e+03 1.798577649581633864e+02 8.875396845398033463e+01 1.507549455849327273e+02 8.389097603340097464e+01
2.238097699319721414e+03 1.807927071327661110e+02 8.846341362714530021e+01 1.512718718386871046e+02 8.474680788891332384e+01
2.238474433414059149e+03 1.816914697216242871e+02 8.825835654627896076e+01 1.517555999858008704e+02 8.562193646079072096e+01
2.238876272682674880e+03 1.826212012358325580e+02 8.813094309578153229e+01 1.520717133077815504e+02 8.656941628990209381e+01
2.239284177079543497e+03 1.835514044803996114e+02 8.811697866939901758e+01 1.523475084150412897e+02 8.753059969120762673e+01
2.239684246599601011e+03 1.844950277079148862e+02 8.821781266025034540e+01 1.525236152798275384e+02 8.851459891201928087e+01
2.240090529569423779e+03 1.855212586367327958e+02 8.836312022138245936e+01 1.524802832740167275e+02 8.951235878490830089e+01
2.240483494162394436e+03 1.864957859013765926e+02 8.851109140740103953e+01 1.524613435983747820e+02 9.051214092735905581e+01
2.240873702581704947e+03 1.873908886788724146e+02 8.864778567724310676e+01 1.524332174588340365e+02 9.151174170675406572e+01
2.241283120412759217e+03 1.883222773401686823e+02 8.877277692902340789e+01 1.523188874582034487e+02 9.250499263294351238e+01
2.241709687731350641e+03 1.892855775236258751e+02 8.890960792524741407e+01 1.522928910740726565e+02 9.350443631559511459e+01
2.242129297482644688e+03 1.902054944845486943e+02 8.907217945150766525e+01 1.522444805939868218e+02 9.450324563235167830e+01
2.242545730724614714e+03 1.911444525239622010e+02 8.926635376657293364e+01 1.521166775417823942e+02 9.549491461535365033e+01
2.242974752086862281e+03 1.920999292522501776e+02 8.947199266861399281e+01 1.521279428701000995e+02 9.649447627070119893e+01
2.243388662904203557e+03 1.929873498835144119e+02 8.964303168790215182e+01 1.520887119298259620e+02 9.749364944031590596e+01
2.243826386927975818e+03 1.940140109715543417e+02 8.977416138967460313e+01 1.520137662969402754e+02 9.849081992766140559e+01
2.244287887977559876e+03 1.951620483915401110e+02 8.987732406496436965e+01 1.521100374447814829e+02 9.948589935123453643e+01
2.244728828133704610e+03 1.962163169754238652e+02 9.002327632022780790e+01 1.521099001755695497e+02 1.004858091808507226e+02
2.245130772869600150e+03 1.971849885817916856e+02 9.020001506249499812e+01 1.520357138699811230e+02 1.014830163880155851e+02
2.245521367363482568e+03 1.981693798495207091e+02 9.036077239307937248e+01 1.520225734784704912e+02 1.024829054887941879e+02
2.245912302940521386e+03 1.991492921198264412e+02 9.052323014914226462e+01 1.519701608158052863e+02 1.034815207972268922e+02
2.246299120528032745e+03 2.001329481224247502e+02 9.065892486197790845e+01 1.519338657515732507e+02 1.044808602562880111e+02
2.246683416514988039e+03 2.011241955394500280e+02 9.076631074235042718e+01 1.519801445976853813e+02 1.054797600285458401e+02
2.247046491241962030e+03 2.020225106522494798e+02 9.087107232746600971e+01 1.519597377889000143e+02 1.064795334703248528e+02
2.247422269740111460e+03 2.029392608067419133e+02 9.100007236927328336e+01 1.519522241083348604e+02 1.074795045888245824e+02
2.247832535895236106e+03 2.038542480526182601e+02 9.114329686022226440e+01 1.520272656285253561e+02 1.084766719679961398e+02
2.248260459462281688e+03 2.046780855855938057e+02 9.128694387715475500e+01 1.520351730368630570e+02 1.094766328484596443e+02
2.248726683784453144e+03 2.056170984826369761e+02 9.143977725694192316e+01 1.520624807810866912e+02 1.104762579794601294e+02
2.249207798673355228e+03 2.066118958906502030e+02 9.162803891177175331e+01 1.521320822768024641e+02 1.114737040225595592e+02
2.249657407798772510e+03 2.075342816492303086e+02 9.187962674802868435e+01 1.519792495357524729e+02 1.124619301783902188e+02
2.250088260496806470e+03 2.085057074544267550e+02 9.209260600036890310e+01 1.517745137492028391e+02 1.134403895833217035e+02
2.250531982401168534e+03 2.095380696760575461e+02 9.225985965921360332e+01 1.517302593403138928e+02 1.144393961847155055e+02
2.250959599659161540e+03 2.105073278213072570e+02 9.235311986711955967e+01 1.516562071424406781e+02 1.154365558120370991e+02
2.251378866596890930e+03 2.115037665549274095e+02 9.239580028991368010e+01 1.516695420964686889e+02 1.164362969811510737e+02
2.251801842975590716e+03 2.125536807434339721e+02 9.246638787706393714e+01 1.517727672199149538e+02 1.174305637810231815e+02
2.252220101621027879e+03 2.135870919599863100e+02 9.258450394367106639e+01 1.517392651159638035e+02 1.184299765526119188e+02
2.252620659480674021e+03 2.145734085098415846e+02 9.274808119652740857e+01 1.517425124338464286e+02 1.194299389587517766e+02
2.253015213816077903e+03 2.154914981293868550e+02 9.297056064822751864e+01 1.517715424732600127e+02 1.204286429822425646e+02
2.253416812792036126e+03 2.163670125975661733e+02 9.319044717456323212e+01 1.516296267314978650e+02 1.214184944037749574e+02
2.253817948526670079e+03 2.172749043892003726e+02 9.336386501604023636e+01 1.515250697739247698e+02 1.224125797788065597e+02
2.254237379018017236e+03 2.182252624749977201e+02 9.352410079018052613e+01 1.515344675392790066e+02 1.234125324299089215e+02
2.254675537915678433e+03 2.192018758218612504e+02 9.371751376409439160e+01 1.515359331200338602e+02 1.244125028309824899e+02
2.255093499797586446e+03 2.201673837615808509e+02 9.391481195426732143e+01 1.515650701962122184e+02 1.254120546543940122e+02
2.255521457034703417e+03 2.211179021532783793e+02 9.410415740026077458e+01 1.515588889429591006e+02 1.264115008786192220e+02
2.255969209425765257e+03 2.220338280111175209e+02 9.427239676756411768e+01 1.514430879450140424e+02 1.274042095380113011e+02
2.256435424026354212e+03 2.229285395959275320e+02 9.441469945193493629e+01 1.514528083277920985e+02 1.284040730800066115e+02
2.256951757567738696e+03 2.237312953824830402e+02 9.457041637374335608e+01 1.515070969369152181e+02 1.294025962489380959e+02
2.257626568143293298e+03 2.243977723291212385e+02 9.479337290963916018e+01 1.515168614858613978e+02 1.303957874516654272e+02
2.260314416134526255e+03 2.248037818241537877e+02 9.497435502671380902e+01 1.510439356420661738e+02 1.312302394259194500e+02
2.262317173988001741e+03 2.251796858793867102e+02 9.432798251555765034e+01 1.515862209145085160e+02 1.315608976496989442e+02
2.262875988611691355e+03 2.254482639714565266e+02 9.344151395517869219e+01 1.525439533746659038e+02 1.318482687979189052e+02
2.263410873599313618e+03 2.256322784591310153e+02 9.228808682798117502e+01 1.535315203729908831e+02 1.319768391873546989e+02
2.263855553756613062e+03 2.258115231393583429e+02 9.118747230393481118e+01 1.545290302345194675e+02 1.320471346432268547e+02
2.264260927470212664e+03 2.259756047781206405e+02 9.012203258044564791e+01 1.555285217847559522e+02 1.320648381513400125e+02
2.264644770156433424e+03 2.261100841836609732e+02 8.907951449294488100e+01 1.565211798297712278e+02 1.319582660732686179e+02
2.265011987826396307e+03 2.262315373888052079e+02 8.806927645629728829e+01 1.575191012314233490e+02 1.319153201826173927e+02
2.265377700513979562e+03 2.263788276275135161e+02 8.706465738491519346e+01 1.585177425963079827e+02 1.318657461737104484e+02
2.265744443383177895e+03 2.265715199203998793e+02 8.606818507428640430e+01 1.595121281887315945e+02 1.317624907214649568e+02
2.266104928951002876e+03 2.268004578484282092e+02 8.509816743860362465e+01 1.605101808350521537e+02 1.317705582926103887e+02
2.266468261732941755e+03 2.270817029392880784e+02 8.412388500668251368e+01 1.615074638406450447e+02 1.318423846001211643e+02
2.266830435019292054e+03 2.273789151454340924e+02 8.315078320215111773e+01 1.625066176950272734e+02 1.318766463885057192e+02
2.267187579829972947e+03 2.276440513571938027e+02 8.219237280642728649e+01 1.635032405720455131e+02 1.319541472969004587e+02
2.267556358115995408e+03 2.278914251155172792e+02 8.121006868687784674e+01 1.644974234214786293e+02 1.320615432122486368e+02
2.267939235940349135e+03 2.281034865731714376e+02 8.018543862212412421e+01 1.654962180472612374e+02 1.320817074639685700e+02
2.268319006946452191e+03 2.282723392543499301e+02 7.915489921110682303e+01 1.664962059757971815e+02 1.320857365953514204e+02
2.268693879986559296e+03 2.284553080968243250e+02 7.813502635404566377e+01 1.674958001040290014e+02 1.321122938471860948e+02
2.269069655801110912e+03 2.286754908399238388e+02 7.712357452867883012e+01 1.684951289024893128e+02 1.320877915452253717e+02
2.269442610995223731e+03 2.288829680591194062e+02 7.612374693221698863e+01 1.694944729877452971e+02 1.321096069784039457e+02
2.269821760337495107e+03 2.290634138108776199e+02 7.509945121599911033e+01 1.704900345162925248e+02 1.322000468490640230e+02
2.270209831449532430e+03 2.292449359208976603e+02 7.404753361619670216e+01 1.714889359889002947e+02 1.322033169366719108e+02
2.270593656981477579e+03 2.294485647526167327e+02 7.301151979997385411e+01 1.724884074009005417e+02 1.322284971691998123e+02
2.270994916284666942e+03 2.296911922199939795e+02 7.191776740643975074e+01 1.734852176063311049e+02 1.323058230469148953e+02
2.271407059682711861e+03 2.299306118538806913e+02 7.081155340274095522e+01 1.744844562531124552e+02 1.323341340218746325e+02
2.271803386395944472e+03 2.301028758130346432e+02 6.980566309434210837e+01 1.754824546891621821e+02 1.323940345373046057e+02
2.272199078206510421e+03 2.302479013906965690e+02 6.881723328486232560e+01 1.764797420698721169e+02 1.324676137332397161e+02
2.272598356474910815e+03 2.303651376701836568e+02 6.781456437888142830e+01 1.774782215182413267e+02 1.324386553348466578e+02
2.272989863394984241e+03 2.304395003381045512e+02 6.686815005841937420e+01 1.784778192609275607e+02 1.324124643599817546e+02
2.273392899455393035e+03 2.304959414931925323e+02 6.591694849736444439e+01 1.794777299883742785e+02 1.324182112035861678e+02
2.273805296048689797e+03 2.305402931787546663e+02 6.498118205325974372e+01 1.804729782759442855e+02 1.323310118863912805e+02
2.274224877012457455e+03 2.305917574201333196e+02 6.412881836552278969e+01 1.814708331793736420e+02 1.322684521564801798e+02
2.274678899425564396e+03 2.306118296478628054e+02 6.325046121178991143e+01 1.824702257499168070e+02 1.322347529747466979e+02
2.275163299550740703e+03 2.305449324832183606e+02 6.237036706372344952e+01 1.834561046011912424e+02 1.320766877225093197e+02
2.275661578040798759e+03 2.302507569871413580e+02 6.160890129262942594e+01 1.843870338508962163e+02 1.317198915035293112e+02
2.276158353804654780e+03 2.295420192142264568e+02 6.108221741084707901e+01 1.851108431009400874e+02 1.310442266412312335e+02
2.276634198912033298e+03 2.286400511884810385e+02 6.087136159997098872e+01 1.855406808706348727e+02 1.301482481611358537e+02
2.277105511382126679e+03 2.276955050760938946e+02 6.090644136871275549e+01 1.856430757224145225e+02 1.291590088562099083e+02
2.277549253554197094e+03 2.267810226516047294e+02 6.108545253429115007e+01 1.853705995578145860e+02 1.282018362648588266e+02
2.278000060462933106e+03 2.259808385825118364e+02 6.129586765135736215e+01 1.850871481965948249e+02 1.272428618909133604e+02
2.278479659549456301e+03 2.252301211205551397e+02 6.153374746327223477e+01 1.848385275268813643e+02 1.262743026520728193e+02
2.279039291224685712e+03 2.243032621662656823e+02 6.170804498207192523e+01 1.844731154598072180e+02 1.253439733610348412e+02
2.279616774678931051e+03 2.231819416323753273e+02 6.177891027141558311e+01 1.842655346333132798e+02 1.243666779961297379e+02
2.280083775168455759e+03 2.221464907677350027e+02 6.184133429021268569e+01 1.841018048153001132e+02 1.233801954819983422e+02
2.280509507092070180e+03 2.212378143140776103e+02 6.193390615739434679e+01 1.838977963462013747e+02 1.224012502600111958e+02
2.280941094940881158e+03 2.203914926027714785e+02 6.203643175858542946e+01 1.837529070908667563e+02 1.214118436801939964e+02
2.281371901974065167e+03 2.195870888531492824e+02 6.208764263763713132e+01 1.834901238725289545e+02 1.204471550269786206e+02
2.281895605211948805e+03 2.187601628409598788e+02 6.201393240946037366e+01 1.833410438547427361e+02 1.194584730563205568e+02
2.282551189671606608e+03 2.182228825788897666e+02 6.188315073643659758e+01 1.833465752476673174e+02 1.184585307973874109e+02
2.285346045024047726e+03 2.172705207764107911e+02 6.131910394140757603e+01 1.835547481813557056e+02 1.174821951431136426e+02
2.286788146502809013e+03 2.161300406094793800e+02 6.105493499129877222e+01 1.841187773040539923e+02 1.166621878959481222e+02
2.287521535803264214e+03 2.151988327998031707e+02 6.095010462152377073e+01 1.841301532851369132e+02 1.156625001604612635e+02
2.288589497749477232e+03 2.146012940144702270e+02 6.105936434501843024e+01 1.841995337324631805e+02 1.146720572956697879e+02
2.291699988540503909e+03 2.130947555243114664e+02 6.118137515506310109e+01 1.838751406083095787e+02 1.137432401151506411e+02
2.292435682708394779e+03 2.119758893845007321e+02 6.116655877896621263e+01 1.840062089073354628e+02 1.127572639900973286e+02
2.292983839050778442e+03 2.109508067323370142e+02 6.107383208044810630e+01 1.838912312244285943e+02 1.117663797476979113e+02
2.293476069808874399e+03 2.099914474936270210e+02 6.093445766664184760e+01 1.839476026382936880e+02 1.107683379641503478e+02
2.293918450781235606e+03 2.090432909111018205e+02 6.074171694418829048e+01 1.839354231282707701e+02 1.097684200223054916e+02
2.294337585453681186e+03 2.081971163850771234e+02 6.048089363152358544e+01 1.839726048012643673e+02 1.087739583390125659e+02
2.294736753086209774e+03 2.074247079589038663e+02 6.017707892076566623e+01 1.842451404988645720e+02 1.078119779011421571e+02
2.295163062095429723e+03 2.066377226406998489e+02 5.983388299210703565e+01 1.844754146317023924e+02 1.068388534267154029e+02
2.295643912234648724e+03 2.058687379056788984e+02 5.949656523646761741e+01 1.847359825681246264e+02 1.058757631633442884e+02
2.296228904176522065e+03 2.050514200177386499e+02 5.924807819596761504e+01 1.851110533818832096e+02 1.049539245783715984e+02
2.296935262287731803e+03 2.041512284729714963e+02 5.905032921626767006e+01 1.852590656680343670e+02 1.039651034806972518e+02
2.297700554763912351e+03 2.031290459468945073e+02 5.890018382136879893e+01 1.853467587033578070e+02 1.029698883026936898e+02
2.298385560756118593e+03 2.020050885942093259e+02 5.890710056806070583e+01 1.853215653647156103e+02 1.019705961503436811e+02
2.298938622015850342e+03 2.010457787995223100e+02 5.884379293953595180e+01 1.852568852186427648e+02 1.009741828454447869e+02
2.299463809127355944e+03 2.000613619214711605e+02 5.883959931187614956e+01 1.852661131673221746e+02 9.997924437666601705e+01
2.299998785744389806e+03 1.990238583397089087e+02 5.886578357977295894e+01 1.850696179747537258e+02 9.899885138234668602e+01
2.300550338131174612e+03 1.980250715987747299e+02 5.877533991407977254e+01 1.849324270696756400e+02 9.801005724509677464e+01
2.301074136745420219e+03 1.970342602049852019e+02 5.857765927283410434e+01 1.849042162013658128e+02 9.701076852183692267e+01
2.301554266955360163e+03 1.960280178552949621e+02 5.838414563761738663e+01 1.848639339653075240e+02 9.601463165104287611e+01
2.302001377755596423e+03 1.951182581599831849e+02 5.824239754793448753e+01 1.849702119273034384e+02 9.502048025019311694e+01
2.302444285585620037e+03 1.942473133379810690e+02 5.805806444763415897e+01 1.850156925230771776e+02 9.402248193183571345e+01
2.302907541232689255e+03 1.933242071713414418e+02 5.784637809930889318e+01 1.850156937628898390e+02 9.302529284528445430e+01
2.303393108124445916e+03 1.923240864248955972e+02 5.770387372545597060e+01 1.851192037220945679e+02 9.203304210114400519e+01
2.303891794878563815e+03 1.913448078012155804e+02 5.761220265845962984e+01 1.850998219719391784e+02 9.103326745309738044e+01
2.304414697451676147e+03 1.904715321038386548e+02 5.744346386834944695e+01 1.851255482686142955e+02 9.003493992669022816e+01
2.304977836858327009e+03 1.895967840798953148e+02 5.728465178080274711e+01 1.851707046910556471e+02 8.904360404528725326e+01
2.305576608673405190e+03 1.886093491876627866e+02 5.712857860724614056e+01 1.850320530771301719e+02 8.805429013347190903e+01
2.306150170646994866e+03 1.875861845235001226e+02 5.695523793317612871e+01 1.850288069835797842e+02 8.705879186310217221e+01
2.306666619492993050e+03 1.866021129288453722e+02 5.682026924842594440e+01 1.851465318148048027e+02 8.606689178112387140e+01
2.307189235183494020e+03 1.855918649607070847e+02 5.674049710215261655e+01 1.851868899215704403e+02 8.506771537542977057e+01
2.307715547291062649e+03 1.845935523343406715e+02 5.678368000828797335e+01 1.851489806439826680e+02 8.407463441848997832e+01
2.308244976582877371e+03 1.836541230524152581e+02 5.689880395525604229e+01 1.849287272467064440e+02 8.309935116720265569e+01
2.308788805010267879e+03 1.827354500825434513e+02 5.700312535747777076e+01 1.846914188251602127e+02 8.212801199824420451e+01
2.309379486351750984e+03 1.818370059546340940e+02 5.710611656929458491e+01 1.844229002821669496e+02 8.116767200795027293e+01
2.310145007001532122e+03 1.811235083172417433e+02 5.717346044232137814e+01 1.840519015356870511e+02 8.023903961226687898e+01
2.311717061145231582e+03 1.807088270172284297e+02 5.727186880603233732e+01 1.837197776972942336e+02 7.929763334040220002e+01
2.314936773155628089e+03 1.805631918020636135e+02 5.735189831027195595e+01 1.836195337491990927e+02 7.832222459788491165e+01
2.329950187167103195e+03 1.805409723895987497e+02 5.735294984716428957e+01 1.840560957327285223e+02 7.753842166867092089e+01
2.346926588331702078e+03 1.799603344615267986e+02 5.738582706436508829e+01 1.850103697597953669e+02 7.743297480796161381e+01
2.347990312415397966e+03 1.789634737795620367e+02 5.750445866789429772e+01 1.849357374388752078e+02 7.643890077365520597e+01
2.349008000776502740e+03 1.777297782323027207e+02 5.741264033228017638e+01 1.847324211209110842e+02 7.548309203735097128e+01
2.349622559580199322e+03 1.767371446579932979e+02 5.704189469549802283e+01 1.849297641935926890e+02 7.450292399519261721e+01
2.350221965036046186e+03 1.756922621748624636e+02 5.655460365125635036e+01 1.851215440206003962e+02 7.352294101909522794e+01
2.350806904984070570e+03 1.745845486661995665e+02 5.618646705343605419e+01 1.853653668686673370e+02 7.255674856334827894e+01
2.351366922685371719e+03 1.735216563275089925e+02 5.608386752848599599e+01 1.853852547767493775e+02 7.156495675166263482e+01
2.351917156712669112e+03 1.726757902410996053e+02 5.628080158301662550e+01 1.850982776627405144e+02 7.062036395591960058e+01
2.352471021651115279e+03 1.720806530101103817e+02 5.686213195199182024e+01 1.844678670856883116e+02 6.986921498386733731e+01
2.353003962584295550e+03 1.717765432896416087e+02 5.781179945627893346e+01 1.835756845037280982e+02 6.947249940492233122e+01
2.353498368888608184e+03 1.716352371009594435e+02 5.897462453335845822e+01 1.825799794287041777e+02 6.945605791622028846e+01
2.353938846608376025e+03 1.715487706634555138e+02 6.010012472693451002e+01 1.815868972021406194e+02 6.957305871456711088e+01
2.354363405905871787e+03 1.714957141695365976e+02 6.117202259378348828e+01 1.806022985191530097e+02 6.974033835187105979e+01
2.354777499743604949e+03 1.714321687584756262e+02 6.218110223159821714e+01 1.796234634976085260e+02 6.993844206130107466e+01
2.355194947855507053e+03 1.713887680580090489e+02 6.316203837078364103e+01 1.786321935080144385e+02 7.007025105788014230e+01
2.355627646327709954e+03 1.713552488828968308e+02 6.415297828450168538e+01 1.776421399672959751e+02 7.021081226883012505e+01
2.356081680591265922e+03 1.712099362906221245e+02 6.519738172890967576e+01 1.766495330432751985e+02 7.028943209863983554e+01
2.356526987519433987e+03 1.709495073171270576e+02 6.626816646780160625e+01 1.756507670572933364e+02 7.024033088642686096e+01
2.356940378348733702e+03 1.706764396966526363e+02 6.732600034288954305e+01 1.746518917462125557e+02 7.019798358214953282e+01
2.357347437785341754e+03 1.704701581707792002e+02 6.838742627130355345e+01 1.736529711392919921e+02 7.016127913239905922e+01
2.357751493459786161e+03 1.703112872732630763e+02 6.937861501093728123e+01 1.726550479196448862e+02 7.013219849637208370e+01
2.358164585502758655e+03 1.701091811583908111e+02 7.028006580463483033e+01 1.716558033278492701e+02 7.016985035134432280e+01
2.358622372727264064e+03 1.698791579018843549e+02 7.120104026084720772e+01 1.706573684224806016e+02 7.015282327444965915e+01
2.359110793499102328e+03 1.697036638309729710e+02 7.212644884613509078e+01 1.696596473505146037e+02 7.011165510148296676e+01
2.359619773235745924e+03 1.695991095595181548e+02 7.304421816815042234e+01 1.686603346863451520e+02 7.014684927890731103e+01
2.360134194452935844e+03 1.695500532165099230e+02 7.402948732678798649e+01 1.676667245115361311e+02 7.024339451133383250e+01
2.360621441024637534e+03 1.694902047696837712e+02 7.505421197398116817e+01 1.666755608019140880e+02 7.035893813605390790e+01
2.361076104984277663e+03 1.693952881170348519e+02 7.608386409865006783e+01 1.656760886451245369e+02 7.039103629104232596e+01
2.361493816614086427e+03 1.692778340348226891e+02 7.706960490680718578e+01 1.646783699683034001e+02 7.044783977551752230e+01
2.361881605367976590e+03 1.691340026151477787e+02 7.798261278495368742e+01 1.636816985558347142e+02 7.048812604512725954e+01
2.362276361381803326e+03 1.689841506136743590e+02 7.889557140547262293e+01 1.626838583570599610e+02 7.042605586676674534e+01
2.362688707471472298e+03 1.688502810163295464e+02 7.981676557775580250e+01 1.616860974613791768e+02 7.037010477017882693e+01
2.363124188964872701e+03 1.687309118801136094e+02 8.072057214844313933e+01 1.606902023206193064e+02 7.030413867404239170e+01
2.363612786545435938e+03 1.685877162561868943e+02 8.165126337541359192e+01 1.596961654332977503e+02 7.020493996755286048e+01
2.364180779026588425e+03 1.683680967885571818e+02 8.263677739296215918e+01 1.586996274739928765e+02 7.012875741588031531e+01
2.364816245104427253e+03 1.681279320883656112e+02 8.368016919576697887e+01 1.577060162234599829e+02 7.001590860370653502e+01
2.365454688589820762e+03 1.679415801079681216e+02 8.473230554351873423e+01 1.567094976241741620e+02 6.995235536920803554e+01
2.366070954065827209e+03 1.678389038604545647e+02 8.578851619392175110e+01 1.557107898515859858e+02 6.991706118150405302e+01
2.366658845622424906e+03 1.678566675427091468e+02 8.685693428242873892e+01 1.547168857526786780e+02 6.993735173625032076e+01
2.367211738484804300e+03 1.679516679116180455e+02 8.790326782427088403e+01 1.537255816721427948e+02 7.006842649177012561e+01
2.367749207368051884e+03 1.681923472276113500e+02 8.896918242082278994e+01 1.527575586295073151e+02 7.029064628468859155e+01
2.368264979992239660e+03 1.686049437876475565e+02 8.999070314414809957e+01 1.518398281954654578e+02 7.068398375454476934e+01
2.368750226036351705e+03 1.690836990339111026e+02 9.090220046853578140e+01 1.509430949498623988e+02 7.112651885814945274e+01
2.369221318028474343e+03 1.696121077617186756e+02 9.173867437167545802e+01 1.501158388540770545e+02 7.167119627833973539e+01
2.369680711682746733e+03 1.701711639191150027e+02 9.251130856672889990e+01 1.493381383016875077e+02 7.229758006745048249e+01
2.370150769163681161e+03 1.707885562372863717e+02 9.331334414190486370e+01 1.485543663343317178e+02 7.291685011961016016e+01
2.370624948037134800e+03 1.714147612656295223e+02 9.413980058574233567e+01 1.478161764033962413e+02 7.359102812810152727e+01
2.371074896028418607e+03 1.720017456989657489e+02 9.493224198153569660e+01 1.470453481190907610e+02 7.422319784537756959e+01
2.371506966222821120e+03 1.725266917685018200e+02 9.573796182777005015e+01 1.462769039710997276e+02 7.485754675101841826e+01
2.371938995951652032e+03 1.729814999592273352e+02 9.659775874603236900e+01 1.455108368647932764e+02 7.549516898978534130e+01
2.372375149219414652e+03 1.733976622334219826e+02 9.751066870116071073e+01 1.446628759852353028e+02 7.602225297150573624e+01
2.372807123651193251e+03 1.737388253658636188e+02 9.846630927769413688e+01 1.438171540620830342e+02 7.655265663663996634e+01
2.373244643357833866e+03 1.739781078430114576e+02 9.947562302528980638e+01 1.429367519169588832e+02 7.700591713147008477e+01
2.373706208341792262e+03 1.741463754046212387e+02 1.005625967500415783e+02 1.419942355587917291e+02 7.734006744106724796e+01
2.374181833608813577e+03 1.742493008373066345e+02 1.016813306820719305e+02 1.410431787485094048e+02 7.764771693073430470e+01
2.374654296652064204e+03 1.742929758558252615e+02 1.027830637173913431e+02 1.400653288619515706e+02 7.783670604710147245e+01
2.375109994367940544e+03 1.742578598398057750e+02 1.038428114658000112e+02 1.390844472791755777e+02 7.801698333731272328e+01
2.375549962023903390e+03 1.741660416875749320e+02 1.048709474702573345e+02 1.380993998415027306e+02 7.812456453420125513e+01
2.375992797984292338e+03 1.740840345764787571e+02 1.059312221296981988e+02 1.371000105452608864e+02 7.809203230700168774e+01
2.376434690556971873e+03 1.740263899790262485e+02 1.069847453584365269e+02 1.361015005842053824e+02 7.810485688250015812e+01
2.376870865519358631e+03 1.740108909950785119e+02 1.079981473596490247e+02 1.351032688088077691e+02 7.810271039323551179e+01
2.377313878836397635e+03 1.740281101885139492e+02 1.090364450826855887e+02 1.341139314793513790e+02 7.817945435847531144e+01
2.377766671934167334e+03 1.740836512497816102e+02 1.101132032007699308e+02 1.331292492551763189e+02 7.835310212796282769e+01
2.378220397439937187e+03 1.742127259171616345e+02 1.111921834732717826e+02 1.321380249989123286e+02 7.848233714510253378e+01
2.378653791337914754e+03 1.743745334580451924e+02 1.122197272592534461e+02 1.311664504058841203e+02 7.869610922408745068e+01
2.379080043887002830e+03 1.745673585954374403e+02 1.132283948402625526e+02 1.301956319622840113e+02 7.892571454290830957e+01
2.379525973607318974e+03 1.748104881518061404e+02 1.142791957528976496e+02 1.292276928378204559e+02 7.916768859616206555e+01
2.379975359568900785e+03 1.750337630814618990e+02 1.152864669579348487e+02 1.282832998050858748e+02 7.949551079422667499e+01
2.380431172902084199e+03 1.752770164082443785e+02 1.162125429223948743e+02 1.273206559934722435e+02 7.975230610258813613e+01
2.380897183637071066e+03 1.755986713509738593e+02 1.171005146380411190e+02 1.263938872426661533e+02 8.009602110343277559e+01
2.381395494954595051e+03 1.759816045711226309e+02 1.179575511545811253e+02 1.254799550035382794e+02 8.049617750028509988e+01
2.381969307181861950e+03 1.763805207765026637e+02 1.188627625078265169e+02 1.245621639265457787e+02 8.089058698946496406e+01
2.382619873451050353e+03 1.766636028350464471e+02 1.197987442321986862e+02 1.236440121302582611e+02 8.128529903088654862e+01
2.383430546688192862e+03 1.769735464752638734e+02 1.206824404148193821e+02 1.227091360309553636e+02 8.164008885564796003e+01
2.386944623591491109e+03 1.772290250677017411e+02 1.212510027500291017e+02 1.218108392378682368e+02 8.207165422063887661e+01
2.397047550934812989e+03 1.771010698010880731e+02 1.208044989435845054e+02 1.220012844986998743e+02 8.211163202133670325e+01
2.399660763997117556e+03 1.765348959237484507e+02 1.202302048138862602e+02 1.228980088508081536e+02 8.167460050560305262e+01
2.400222407192819446e+03 1.756070500706098869e+02 1.195851555482351785e+02 1.235760702328760772e+02 8.095268522462156113e+01
2.400749389674379472e+03 1.746698757804176694e+02 1.189564819390749051e+02 1.241309770206895706e+02 8.012197266782425231e+01
2.401221403156254837e+03 1.737707054507939404e+02 1.184780298111254524e+02 1.246367712639289778e+02 7.925947803549874493e+01
2.401654646640369720e+03 1.729525818599582010e+02 1.180976106790053990e+02 1.249702177305462669e+02 7.831950193128805893e+01
2.402106295708133075e+03 1.721113092621812086e+02 1.179379817895667344e+02 1.252933495670304183e+02 7.737317159631615482e+01
2.402555888763977237e+03 1.711642221073284986e+02 1.180606314654128681e+02 1.253223743531773096e+02 7.637985789440357109e+01
2.402990176099556265e+03 1.702750741220659449e+02 1.183108740187722816e+02 1.251540790755253738e+02 7.539577893124631203e+01
2.403414689422268566e+03 1.694443930495975792e+02 1.187182191005109360e+02 1.248353505606576022e+02 7.444919240485208434e+01
2.403842839229523179e+03 1.686443318062756020e+02 1.192556974532350154e+02 1.242527972653457340e+02 7.364176992361234397e+01
2.404266687954698682e+03 1.679121443128072428e+02 1.198383839557096024e+02 1.236490312867426695e+02 7.284461220872232445e+01
2.404684362153718666e+03 1.672230491367332093e+02 1.205075737378990794e+02 1.229858545737013884e+02 7.209659614885242718e+01
2.405109767478007143e+03 1.665571578323776407e+02 1.212630355627747321e+02 1.221597039312184307e+02 7.153790235240911954e+01
2.405535148405601831e+03 1.659881389266825238e+02 1.220685476446412423e+02 1.213503367496224286e+02 7.095083270529917741e+01
2.405951700515514403e+03 1.655265345729313538e+02 1.228482849006856270e+02 1.205158853270422696e+02 7.039994940402726797e+01
2.406369508543116808e+03 1.650913577368709468e+02 1.235650389427092932e+02 1.196159083728330472e+02 6.996561323926874820e+01
2.406818865532208292e+03 1.646858018276140285e+02 1.243383618662030585e+02 1.187331418894222281e+02 6.949601747872721091e+01
2.407291251586607359e+03 1.643289501031344457e+02 1.252351417730439209e+02 1.177802547109254476e+02 6.919735752001480478e+01
2.407737878957530484e+03 1.640409264696864113e+02 1.261286586503100722e+02 1.167909318730523580e+02 6.905656388383987121e+01
2.408175935425785156e+03 1.637969653872434037e+02 1.269961309499845470e+02 1.158227340834795882e+02 6.880804396898201958e+01
2.408673770500865885e+03 1.636017283644993370e+02 1.277672891741557919e+02 1.148383925482095549e+02 6.863284855408005569e+01
2.409336594743983824e+03 1.635053618923824388e+02 1.284582200362713706e+02 1.138458592366181534e+02 6.851144757537984731e+01
2.410488188583449300e+03 1.634643423190360352e+02 1.290977602026830482e+02 1.128473081141372347e+02 6.855137886141724834e+01
2.418716366327864762e+03 1.636437521123842487e+02 1.285882115146574449e+02 1.136692900061830045e+02 6.875066666636317336e+01
2.421178707275940269e+03 1.638070920267476822e+02 1.282104833395426340e+02 1.146511888301763946e+02 6.893835231035428990e+01
2.492059529070435929e+03 1.637207627505875962e+02 1.287700066753137662e+02 1.147933256061206180e+02 6.879431899754216317e+01
2.493508665540261518e+03 1.637985557007487785e+02 1.298462911763144234e+02 1.138605631349380189e+02 6.860591939142918250e+01
2.494388043900411958e+03 1.640231792981795422e+02 1.310310702184916352e+02 1.128687969104817341e+02 6.873028293867641025e+01
2.495074375575949034e+03 1.642489003664566667e+02 1.321277454603185220e+02 1.119050158116625653e+02 6.898139329597866265e+01
2.495671262466126791e+03 1.644487622490352692e+02 1.330334233339907541e+02 1.109320358983321029e+02 6.918532541180167073e+01
2.497019842728518597e+03 1.645407762443820161e+02 1.336934864713483648e+02 1.099354330891534488e+02 6.926088388878339686e+01
2.527344010370181877e+03 1.647767619619314132e+02 1.344597134667671128e+02 1.089666203343250857e+02 6.945700138775653443e+01
2.532163143750289692e+03 1.651576402129997518e+02 1.358287842668557630e+02 1.079750473302993754e+02 6.956073540367886210e+01
2.532888083954275771e+03 1.652122228421260672e+02 1.369638722664540751e+02 1.069777145653517039e+02 6.951999314499589389e+01
2.533471539473302528e+03 1.652137786522126248e+02 1.379990003146776587e+02 1.059824055919720394e+02 6.942331251462830721e+01
2.533999137691736905e+03 1.652370624817792759e+02 1.390150329076346054e+02 1.049863897031010964e+02 6.942073742123692170e+01
2.534499690615356030e+03 1.652717153396470167e+02 1.400067111508553808e+02 1.039912938089492656e+02 6.940581495079169372e+01
2.535013230389906312e+03 1.653295860867062572e+02 1.410446997632943749e+02 1.029943222592110459e+02 6.936116987474945006e+01
2.535525766995299364e+03 1.654318236357324849e+02 1.420835499023560828e+02 1.019968550858250751e+02 6.941982091265076349e+01
2.536041394583454803e+03 1.655939844642334720e+02 1.431101186500345932e+02 1.010003267143792129e+02 6.950176058666924916e+01
2.536537059127818793e+03 1.657318080648758212e+02 1.441256923822814713e+02 1.000323539473296677e+02 6.971102548172494551e+01
2.537004664989033245e+03 1.658060389368145309e+02 1.451411667693195682e+02 9.906040477254336452e+01 6.986869953586550253e+01
2.537480343714901664e+03 1.658405326997805957e+02 1.462230852385035860e+02 9.806048184501867127e+01 6.987523252246460004e+01
2.537939152950413245e+03 1.658181493610636039e+02 1.472789355592348670e+02 9.706056193661602549e+01 6.987803516214101762e+01
2.538369095279972043e+03 1.657937672651393655e+02 1.482903235589594715e+02 9.606964907136246268e+01 6.977533465560945558e+01
2.538796203310347664e+03 1.658061533694543357e+02 1.493434371992874787e+02 9.507739198622124377e+01 6.970445983099685350e+01
2.539230232779751077e+03 1.658315288160782757e+02 1.504145296570529240e+02 9.407753056316560958e+01 6.972003106973853903e+01
2.539649176776624699e+03 1.658622905976641846e+02 1.513838429486206110e+02 9.308059744769477106e+01 6.966692952296337182e+01
2.540063596610269997e+03 1.658158932903612310e+02 1.522641232386376373e+02 9.208924879653810081e+01 6.970158981402839515e+01
2.540506897444898186e+03 1.658728759328834599e+02 1.531955560012552553e+02 9.109515964419161094e+01 6.980002526638939742e+01
2.540960687682658772e+03 1.661123921465822946e+02 1.540049752827463578e+02 9.009668356346894313e+01 6.985516800072134913e+01
2.541444630146533200e+03 1.663193346564367801e+02 1.545513385488679319e+02 8.910779118374480845e+01 6.998618111224151050e+01
2.541955744046636028e+03 1.664850293770295195e+02 1.547980611463952130e+02 8.812363525428050082e+01 6.998112175270493651e+01
2.542452562877447690e+03 1.669420680948607014e+02 1.549127979591702342e+02 8.713057770997511398e+01 6.994431332728690620e+01
2.542951728729266506e+03 1.675364033511432353e+02 1.547935894330325652e+02 8.613247372260849488e+01 6.993628331064111592e+01
2.543443100725423847e+03 1.681171794483961150e+02 1.544858607064661555e+02 8.513343394301527667e+01 6.989706785725903160e+01
2.543936614736632691e+03 1.685306788577385930e+02 1.546408512059973930e+02 8.413370778449137788e+01 6.990125076340312660e+01
2.544420725413814125e+03 1.687862395937484337e+02 1.553095129909845582e+02 8.317632060071898081e+01 6.969654090301835936e+01
2.544886450235065695e+03 1.689687989105869974e+02 1.559906189842932633e+02 8.221065966758192189e+01 6.958346413048420231e+01
2.545376326385762695e+03 1.690056822783399753e+02 1.562404282523863799e+02 8.121690432377928914e+01 6.969334025230919849e+01
2.545872222452443566e+03 1.691598928048981634e+02 1.564334307511260249e+02 8.022066843201450581e+01 6.976754208161486304e+01
2.546348697873888341e+03 1.692917603103369117e+02 1.570835939057513144e+02 7.923054823173103500e+01 6.988764259619797770e+01
2.546829523688861173e+03 1.691540503518883725e+02 1.580726792639698601e+02 7.824072107273919130e+01 6.990402826510771206e+01
2.547337194761918454e+03 1.689469470500346233e+02 1.590920632641710881e+02 7.724692480576807441e+01 6.992733479355577231e+01
2.547867425304483277e+03 1.689202686854195292e+02 1.601800675666243876e+02 7.625003708736743135e+01 6.999401731164012119e+01
2.548383569211726808e+03 1.691637918861176786e+02 1.612637285788803752e+02 7.525244811994684824e+01 6.995644847213280570e+01
2.548881903732596129e+03 1.693408517740012087e+02 1.622964721584307881e+02 7.425790185391706189e+01 6.998663830106450234e+01
2.549385493093634068e+03 1.694029796590556032e+02 1.634099512148989675e+02 7.327283715590749580e+01 6.991679486067931748e+01
2.549893042868801786e+03 1.694695578912677547e+02 1.645011690755023892e+02 7.228165453241777527e+01 6.983833434712046540e+01
2.550436664385070344e+03 1.693931313986615805e+02 1.656568927340776440e+02 7.128475858233053941e+01 6.978363112181494898e+01
2.550962805243673301e+03 1.693917310815497217e+02 1.668338641484374705e+02 7.029048490320535336e+01 6.967682318818890508e+01
2.551449195252010213e+03 1.694358527442820446e+02 1.679377001980297166e+02 6.929316012831010596e+01 6.961790021520573646e+01
2.551939593888601848e+03 1.695599356242131535e+02 1.689997516162241311e+02 6.831676591100955420e+01 6.944494564685861349e+01
2.552423876794912303e+03 1.697452114899717515e+02 1.699942479333155347e+02 6.733856715533813997e+01 6.940369507065902610e+01
2.552912138156490073e+03 1.698528907138576756e+02 1.709611559781418748e+02 6.634228375333246674e+01 6.947210389993884405e+01
2.553417575264630614e+03 1.700768915005145629e+02 1.719725488660616861e+02 6.534262656540838066e+01 6.949824171969099496e+01
2.553913083388752057e+03 1.702750030149950646e+02 1.727097568113275372e+02 6.435031131726961462e+01 6.960312689199277258e+01
2.554393262511927787e+03 1.705973643139910223e+02 1.733471031891118912e+02 6.335886240726454588e+01 6.960800769668763621e+01
2.554840807324358138e+03 1.708812538492275905e+02 1.741747171402065533e+02 6.237094011869658061e+01 6.967201829033415095e+01
2.555273523254304564e+03 1.708047850124898730e+02 1.751249632626171717e+02 6.137856517221209884e+01 6.977685978972131409e+01
2.555705756041203131e+03 1.707115140581199455e+02 1.760608398408726032e+02 6.038073136019964693e+01 6.975399014383415874e+01
2.556125394351306568e+03 1.708514997232684891e+02 1.768007812547446065e+02 5.938863079970842307e+01 6.981290619354444971e+01
2.556565816348413136e+03 1.710614563990587556e+02 1.770779006898301020e+02 5.839460083406660829e+01 6.991369415089475581e+01
2.557043506785994396e+03 1.715014341137146516e+02 1.773802379214315295e+02 5.743102193041192294e+01 7.014307088773929877e+01
2.557530418599122186e+03 1.718269479400401565e+02 1.779839760656394105e+02 5.650999645513527980e+01 7.053032825749750145e+01
2.558026225227536088e+03 1.721685685238253996e+02 1.783964764971447892e+02 5.557528153864082299e+01 7.088048579173701569e+01
2.558566142981361736e+03 1.727708043890905856e+02 1.788655162328448682e+02 5.475216256450256225e+01 7.140847850069619085e+01
2.559117124599748877e+03 1.735579248707468309e+02 1.794062101918386531e+02 5.399448389367970691e+01 7.206069318893096920e+01
2.559681073657804063e+03 1.745609087259171872e+02 1.798917326486108834e+02 5.335135825726815995e+01 7.281409713174653575e+01
2.560211366943422036e+03 1.755573773857419155e+02 1.803137222078897821e+02 5.286490848685575372e+01 7.368502279345894124e+01
2.560744735260664584e+03 1.766428165529507339e+02 1.805553548437479776e+02 5.244242414397789531e+01 7.459128450738536742e+01
2.561280054038573780e+03 1.777648056432086037e+02 1.807158801503737493e+02 5.214630909176653262e+01 7.554150847736841001e+01
2.561811630253337626e+03 1.789342686642693536e+02 1.806769352128411583e+02 5.181915694324671051e+01 7.648263032432980424e+01
2.562338787701784895e+03 1.801231027062366365e+02 1.805775619136620094e+02 5.160976084329706026e+01 7.744989262534080865e+01
2.562821022730842287e+03 1.810280139624373987e+02 1.805665174251461735e+02 5.138415219825188274e+01 7.841947936077562531e+01
2.563317171469430832e+03 1.818524956652171340e+02 1.806400973539907397e+02 5.124582720359484966e+01 7.940249646873635925e+01
2.563800267161772808e+03 1.827244419574083736e+02 1.806915772981629402e+02 5.133279081731414806e+01 8.039361276549612967e+01
2.564290338961524867e+03 1.832736745451215654e+02 1.805520738648597217e+02 5.143687037250501248e+01 8.138729557211880206e+01
2.564815225467540586e+03 1.835552510608371790e+02 1.803406081985088747e+02 5.183236334143490609e+01 8.227662695857802078e+01
2.565330824753013530e+03 1.838641357731000596e+02 1.799039485323526435e+02 5.242203176998008729e+01 8.308333616785768072e+01
2.565865930276816471e+03 1.842389744322990452e+02 1.789259599936495420e+02 5.314369253248939629e+01 8.376775733324099349e+01
2.566390108212253381e+03 1.844297413884845014e+02 1.779401097551122746e+02 5.402049908597902572e+01 8.423187742860312710e+01
2.566929454994904972e+03 1.845125222582173592e+02 1.771541789337878754e+02 5.494597100704122994e+01 8.461049110466599643e+01
2.567469120838298295e+03 1.847200083610364345e+02 1.762302180486751411e+02 5.592228939449419300e+01 8.479415599788099200e+01
2.567968851042445294e+03 1.848698384040147005e+02 1.751962725446921922e+02 5.691380097529096815e+01 8.492399473414860722e+01
2.568446125893415683e+03 1.848795280133161612e+02 1.741171085262761835e+02 5.791003503500282079e+01 8.500481493654561405e+01
2.568906341656841505e+03 1.848352594283448980e+02 1.730707818106036200e+02 5.890854273568267274e+01 8.505922960213187878e+01
2.569373552234370436e+03 1.848141379108023727e+02 1.720013880058714051e+02 5.988264203412028053e+01 8.526752934762285463e+01
2.569837937697193865e+03 1.848242272453834687e+02 1.710136515022491608e+02 6.085574390758714713e+01 8.549739847044617136e+01
2.570279934482050066e+03 1.848839193426949521e+02 1.701519074234733182e+02 6.183475000943257527e+01 8.570097174472101642e+01
2.570755053382432834e+03 1.847906571437421235e+02 1.691517454408779599e+02 6.282659833007146943e+01 8.582058369102210804e+01
2.571250441180924099e+03 1.844777250204627705e+02 1.680240806226375412e+02 6.382251991872854546e+01 8.577314369066307620e+01
2.571716560262869280e+03 1.841401052890155654e+02 1.669045301627416507e+02 6.482144857819260153e+01 8.573609886452922524e+01
2.572175643137613406e+03 1.838288162710924496e+02 1.658149151711358513e+02 6.581970376779948140e+01 8.567989998035646693e+01
2.572654893085094500e+03 1.835273127290449793e+02 1.648276026641123622e+02 6.681480193214454744e+01 8.558237722121016589e+01
2.573213065781416390e+03 1.832460805909373391e+02 1.638830263982295037e+02 6.780081624231358717e+01 8.541833456423083248e+01
2.574038425834911322e+03 1.830391840967055543e+02 1.630818086438032992e+02 6.875493739182707031e+01 8.512387256231430399e+01
2.579615136729782080e+03 1.831232205381231211e+02 1.623561382851171118e+02 6.965482424605266942e+01 8.469117259827743283e+01
2.583480861813842694e+03 1.830690294640177171e+02 1.614371316803457148e+02 7.064105991817069707e+01 8.465576360208486051e+01
2.585873154093360426e+03 1.829291406988829465e+02 1.611221723161531543e+02 7.161588830978202225e+01 8.443998003709695865e+01
2.599159912661991257e+03 1.821215198137821289e+02 1.605026716171151975e+02 7.260494020944923932e+01 8.457199996494048833e+01
2.600783422801916458e+03 1.822655952134014683e+02 1.599025608977191837e+02 7.358275982852818231e+01 8.478118564466431906e+01
2.614050827931655476e+03 1.824976519061386284e+02 1.599150185571432132e+02 7.448853999976078910e+01 8.498440241823482211e+01
2.619461024727798304e+03 1.828976000753307858e+02 1.611633958756460174e+02 7.351041254012714887e+01 8.519082216114294681e+01
2.620221842939083672e+03 1.831498897075558148e+02 1.622231269636723425e+02 7.252362216598821476e+01 8.535274975386761298e+01
2.620965922305649656e+03 1.831413162667585084e+02 1.633885592952870525e+02 7.153420763708814434e+01 8.543368539621498314e+01
2.621644173273600245e+03 1.832229035336891343e+02 1.643821421291048352e+02 7.055163960635654519e+01 8.542834257526534714e+01
2.623384078719139779e+03 1.833595631315449452e+02 1.649369069171339959e+02 6.958614171458148689e+01 8.562165439170071579e+01
2.629791850950304251e+03 1.837400148903240336e+02 1.643677706638214886e+02 6.934898110567294793e+01 8.540677200110951617e+01
2.634984135205762414e+03 1.842174007064709542e+02 1.631425135087897047e+02 7.029522035410164449e+01 8.529832552107997401e+01
2.635720011438130769e+03 1.844993685431344090e+02 1.618448953048362284e+02 7.128392853809988594e+01 8.543000751844927265e+01
2.636239273683487681e+03 1.845502059099514156e+02 1.606786245267747120e+02 7.227777518031577131e+01 8.553337525873115510e+01
2.636672990160695008e+03 1.846427773419498806e+02 1.595971041513941202e+02 7.327298974096201789e+01 8.559686238225806676e+01
2.637081051563963683e+03 1.847457900457550011e+02 1.585458156803549912e+02 7.427050624936259737e+01 8.554239221460278486e+01
2.637469074952345636e+03 1.846927092961721257e+02 1.575401722215264613e+02 7.526825267409412845e+01 8.548862019072899443e+01
2.637856997374878574e+03 1.846643556318551305e+02 1.565513642845508002e+02 7.626371661541574554e+01 8.541221933110601583e+01
2.638246846405413635e+03 1.846886050334608171e+02 1.556531971514438908e+02 7.725559882491923247e+01 8.528507746315068516e+01
2.638640699191101248e+03 1.844906679908040132e+02 1.549339068521488798e+02 7.825194235092403972e+01 8.522543849218665457e+01
2.639045940518795760e+03 1.840643270054446816e+02 1.543233075789900965e+02 7.925024752223194469e+01 8.518156270625698312e+01
2.639469865228812068e+03 1.839206788143357869e+02 1.536192982291994156e+02 8.024869390209400422e+01 8.513464513706556147e+01
2.639916484595300062e+03 1.840420684971963396e+02 1.528152505735075692e+02 8.124496713869046971e+01 8.518843997769373289e+01
2.640363750087696189e+03 1.840897811326602778e+02 1.520133242464974614e+02 8.224102283890265142e+01 8.521133068565507074e+01
2.640826514155011864e+03 1.840776630406458594e+02 1.511663509318061074e+02 8.323739991975783425e+01 8.524232787476837814e+01
2.641343078752568545e+03 1.840302453596236774e+02 1.503450982758415364e+02 8.423418331696717587e+01 8.531879432572343092e+01
2.642010908776298493e+03 1.839755262634082555e+02 1.498575117578797062e+02 8.521461082485782867e+01 8.548679779209184915e+01
2.643448270253446481e+03 1.837310487549463005e+02 1.493163151947901781e+02 8.619950067069737543e+01 8.558777100551503736e+01
2.645421655592746447e+03 1.834852535491691299e+02 1.483941470588735001e+02 8.719811515056817086e+01 8.553996597236674404e+01
2.649858753667059773e+03 1.837060659147378203e+02 1.474748805026638649e+02 8.818695015204080789e+01 8.561830242666344759e+01
2.668359066357110351e+03 1.839771400366963974e+02 1.470199391263341511e+02 8.848639282848732535e+01 8.591223138748271992e+01
2.676982913372624353e+03 1.841005708807429642e+02 1.461345017085834854e+02 8.939597939011008521e+01 8.560358768512979566e+01
2.678301068229582597e+03 1.842292443450369603e+02 1.449269611057442830e+02 9.039474513220868346e+01 8.555913159857773564e+01
2.678876330627741027e+03 1.842719125730836254e+02 1.438295885031348860e+02 9.139379496747017129e+01 8.551800561490088626e+01
2.679356895687179531e+03 1.843135783467326974e+02 1.428587647748259144e+02 9.239045110970953090e+01 8.543924706336734687e+01
2.679815046621088641e+03 1.842758217289948277e+02 1.419298882344351966e+02 9.338370903583151517e+01 8.532428052597525436e+01
2.680278399246712070e+03 1.841197657784194917e+02 1.409994789297194302e+02 9.437865376487471281e+01 8.522723780550553840e+01
2.680748067394205464e+03 1.839346307301345291e+02 1.400692445136819515e+02 9.536309608125212378e+01 8.506701023177529919e+01
2.681209245826886672e+03 1.839302686187339759e+02 1.391494226804483390e+02 9.634397227698836730e+01 8.487372134899455034e+01
2.681666354312371823e+03 1.841159394970680978e+02 1.382368726776832375e+02 9.733735267187516627e+01 8.478019109173183665e+01
2.682139816755342054e+03 1.843549125543827927e+02 1.373164788848935132e+02 9.833702326654919545e+01 8.476926533746188852e+01
2.682644461551929453e+03 1.845648281227855136e+02 1.363774983847888791e+02 9.933206305265602509e+01 8.484939036866197171e+01
2.683192884714587308e+03 1.847188495237099630e+02 1.354433847311812826e+02 1.003282017923776976e+02 8.492693578302370838e+01
2.683853546756247397e+03 1.848538594793171228e+02 1.344926763850479006e+02 1.013246681136327112e+02 8.500618708195148088e+01
2.695409606145195539e+03 1.848612732204607880e+02 1.336775926690202994e+02 1.023217548478098280e+02 8.500864276062088720e+01
2.704400843735124454e+03 1.851980947234487758e+02 1.329466991089661860e+02 1.030284205478346280e+02 8.554006794183243301e+01
2.706029551237026226e+03 1.856153022265692130e+02 1.319111421179828767e+02 1.039010114686152519e+02 8.588500440931832713e+01
2.706528750048807524e+03 1.858232045608330054e+02 1.308602205819673543e+02 1.048904462930653949e+02 8.602913478681482218e+01
2.706925863806742655e+03 1.858898438842600171e+02 1.301920821300605269e+02 1.058699155081327632e+02 8.622733254359179966e+01
2.707309776918413263e+03 1.861157947131253820e+02 1.298582696731347710e+02 1.068628271715708991e+02 8.632140006737108706e+01
2.707709085778761164e+03 1.863577410679566242e+02 1.302404001534496274e+02 1.078417250126634173e+02 8.650986949819478866e+01
2.708104906530593780e+03 1.865638243049443759e+02 1.309046100175690981e+02 1.088239693060936730e+02 8.669534961213942381e+01
2.708483701909513002e+03 1.868059126949099777e+02 1.304669562403328200e+02 1.098203314481499149e+02 8.673006329915061485e+01
2.708860344356313362e+03 1.871028974431402219e+02 1.296725348622947536e+02 1.108201233627996061e+02 8.674476103799622706e+01
2.709231928520266592e+03 1.870882897137096563e+02 1.292186044579487998e+02 1.118190185594530988e+02 8.671091222668404441e+01
2.709596707767964745e+03 1.870068654169230342e+02 1.290315401582059280e+02 1.128180472854346874e+02 8.666714226917783037e+01
2.709953492818384348e+03 1.870416907119947894e+02 1.286384876727117330e+02 1.138060626951903345e+02 8.678953704242758249e+01
2.710326713893723536e+03 1.870647457695935998e+02 1.280230361687391110e+02 1.147932301638994943e+02 8.671756614149647646e+01
2.710700683071387630e+03 1.869656436638665014e+02 1.271461067288525726e+02 1.157855646495485615e+02 8.659534625981554257e+01
2.711079962556877035e+03 1.867676320926372000e+02 1.261807298839872118e+02 1.167794859201938209e+02 8.648525758559799215e+01
2.711474635927647796e+03 1.864523930302394206e+02 1.253915111361245636e+02 1.177385177728420018e+02 8.621760483895057803e+01
2.711869154512019577e+03 1.862779079647785068e+02 1.251384903045057513e+02 1.187022690176495701e+02 8.595282357670744489e+01
2.712261798420834111e+03 1.861213252032960099e+02 1.249270471573177304e+02 1.196313546158687018e+02 8.558973036616507102e+01
2.712644173679272171e+03 1.858661612970775252e+02 1.243040851836298089e+02 1.204706400739247414e+02 8.505333782979765544e+01
2.713025225393413166e+03 1.854929468959724943e+02 1.233676552872110506e+02 1.213196782987005804e+02 8.452626327246275650e+01
2.713405983356702109e+03 1.851042553866242315e+02 1.223552740823823655e+02 1.221371021280783822e+02 8.395193474426093871e+01
2.713760331028870496e+03 1.848059450765861982e+02 1.214670183872445932e+02 1.228903698553516364e+02 8.329575794355113771e+01
2.714118876398149951e+03 1.843985206121098770e+02 1.206426826376040111e+02 1.237106514858817548e+02 8.272917469601964058e+01
2.714499165565267958e+03 1.839586167354549104e+02 1.196999259139020921e+02 1.245546683502434178e+02 8.219286920923512696e+01
2.714856903745324871e+03 1.836926656173887125e+02 1.187917292415866655e+02 1.253990521520276644e+02 8.165713258504653993e+01
2.715214892374422107e+03 1.836211565087551207e+02 1.178904768255171405e+02 1.263191500397999079e+02 8.127790807867363299e+01
2.715595566329616759e+03 1.836380960849720623e+02 1.168566953665232120e+02 1.272520847348948934e+02 8.091833064713286205e+01
2.715950232679833334e+03 1.836514348965731642e+02 1.158352794900404632e+02 1.281840506909842645e+02 8.055580844177229949e+01
2.716291798577967256e+03 1.835289217844388929e+02 1.148198776699021124e+02 1.291542110463165898e+02 8.032573385213527217e+01
2.716664686265691671e+03 1.833299189518134824e+02 1.137317640578284283e+02 1.301156407266991550e+02 8.005487863271076776e+01
2.717028933321345903e+03 1.831156089442106918e+02 1.127057543748844921e+02 1.310728858488760409e+02 7.976563712108553261e+01
2.717390768890845720e+03 1.829450874019841251e+02 1.117000042351462525e+02 1.320611858653794002e+02 7.964687817786436597e+01
2.717772661564153168e+03 1.828296735720713286e+02 1.106324946757274006e+02 1.330437722449009073e+02 7.947162475102842905e+01
2.718143583761574973e+03 1.826221858479910338e+02 1.096169204854212893e+02 1.340194363958244423e+02 7.925242557469181293e+01
2.718508404508978401e+03 1.823577384595311628e+02 1.086289993059303214e+02 1.350055073702837944e+02 7.908956201475012904e+01
2.718886146431756060e+03 1.821743528836421717e+02 1.075599000111573389e+02 1.359740607442551834e+02 7.884712560367717060e+01
2.719256936599436358e+03 1.820039878656200187e+02 1.065413638356498467e+02 1.369465812429715470e+02 7.861552463421519121e+01
2.719628555136291652e+03 1.817637570158881886e+02 1.055655265041879005e+02 1.379331680043412973e+02 7.845573419360589185e+01
2.720031121062330385e+03 1.814247697162765860e+02 1.045053144025266363e+02 1.388749535223886653e+02 7.813543826210582210e+01
2.720422048302191342e+03 1.810612351438547591e+02 1.034907944411377088e+02 1.398114879368546042e+02 7.778516277612258989e+01
2.720799298467309200e+03 1.806581984873825490e+02 1.025131182761785595e+02 1.407468594505124599e+02 7.743155343339678609e+01
2.721171553882757053e+03 1.802013102487428853e+02 1.015490668251143660e+02 1.416322804687759458e+02 7.697104530295088409e+01
2.721552259683383454e+03 1.796791982634638885e+02 1.005939106011169315e+02 1.425343470697324335e+02 7.654113312576072303e+01
2.721929885183522401e+03 1.790835671332631875e+02 9.964982076531906330e+01 1.434134371193391928e+02 7.606609509618481013e+01
2.722287979031479153e+03 1.784817787743050133e+02 9.874621240120046650e+01 1.442276007957043760e+02 7.548805448188777234e+01
2.722645865875525942e+03 1.779211159595930383e+02 9.786568307238525222e+01 1.450684708111165264e+02 7.494843807431895755e+01
2.723001197618989863e+03 1.774202738279237508e+02 9.701097390709681179e+01 1.459032199631295725e+02 7.439814053741334021e+01
2.723344887826393915e+03 1.769491164552709961e+02 9.618583121946690540e+01 1.467038186064799277e+02 7.379952769081985764e+01
2.723712063523018969e+03 1.764142319355860309e+02 9.532817120266307143e+01 1.475518510192027293e+02 7.327238142095548312e+01
2.724095499721026499e+03 1.758504788101780321e+02 9.443320831298757412e+01 1.483985051628793315e+02 7.274056134641978133e+01
2.724471699884360078e+03 1.753037214492530893e+02 9.355698954215424124e+01 1.492130051218826452e+02 7.216096952248341267e+01
2.724865091801647850e+03 1.747853470616153402e+02 9.265353987686746962e+01 1.500800085904171226e+02 7.166646447542838416e+01
2.725266373070802729e+03 1.743544290976413436e+02 9.168562327090604924e+01 1.509309094652267333e+02 7.114236799672954703e+01
2.725645704960931653e+03 1.740384300177526313e+02 9.072422926900472362e+01 1.517777506228651134e+02 7.061055286071692194e+01
2.726034834762512673e+03 1.738480813761962054e+02 8.972318089659813722e+01 1.527094120482160235e+02 7.026305345978934724e+01
2.726424245328198140e+03 1.737833655676504065e+02 8.869770508854323054e+01 1.536822645997557117e+02 7.003463896997240568e+01
2.726795371582674306e+03 1.738002489341918704e+02 8.769505958934772138e+01 1.546772612172450465e+02 6.997203450739050368e+01
2.727164336992427707e+03 1.738735591827354767e+02 8.669246422273221242e+01 1.556714613669058451e+02 7.006218567079288562e+01
2.727535052894075761e+03 1.739826028761584666e+02 8.568427279266030894e+01 1.566698280590919410e+02 7.007674887011678777e+01
2.727903251614487090e+03 1.740908484871318365e+02 8.470306020098219335e+01 1.576633181993361177e+02 7.017478139453673691e+01
2.728287886565328790e+03 1.742090026825484870e+02 8.369582156699298991e+01 1.586544460964401821e+02 7.030766824372550161e+01
2.728673032913080988e+03 1.742924565766346916e+02 8.268832824904897905e+01 1.596524200893000227e+02 7.035037385764533724e+01
2.729080874746040081e+03 1.742834916736008211e+02 8.161523334871711199e+01 1.606501164405736120e+02 7.041411921750507474e+01
2.729506805708099819e+03 1.742637694036880873e+02 8.046350715196980730e+01 1.616464504507623303e+02 7.035980777132593289e+01
2.729919647363555669e+03 1.742611833640570751e+02 7.941596260314929623e+01 1.626442527516774135e+02 7.029456455178386420e+01
2.730338258153047718e+03 1.743260553541788624e+02 7.852185402340820986e+01 1.636437631778633772e+02 7.026812886962582638e+01
2.730835988960011946e+03 1.744530427823669356e+02 7.786595313477518232e+01 1.646326646086768051e+02 7.013206568824925569e+01
2.734129801527114068e+03 1.743289790409518218e+02 7.715589135834719059e+01 1.656252367970814987e+02 7.001271849106876743e+01
2.741048221332428056e+03 1.743398659611023618e+02 7.593548834663052105e+01 1.656237539768974329e+02 6.921448256507942176e+01
2.742290366011765855e+03 1.741919471670248072e+02 7.553045819411444484e+01 1.658648366613165024e+02 6.824977193953876053e+01
2.743447018482831481e+03 1.741106923552929686e+02 7.429901041074640489e+01 1.668157513983132105e+02 6.801693171189843667e+01
2.744066649791287546e+03 1.740943845178242952e+02 7.346073911696679204e+01 1.677950483781344815e+02 6.821821954962361190e+01
2.744689231983817081e+03 1.742119367396344956e+02 7.303440520910469047e+01 1.687854211118375645e+02 6.835626539849985761e+01
