# ts_seconds,x,y,gt_x,gt_y
1.458942701526388191e+03 1.468106917222128800e+02 7.490186420947034662e+01 1.468106917222128800e+02 7.490186420947034662e+01
1.462465955845209237e+03 1.476638127119171884e+02 7.498779919104190128e+01 1.462851594272563602e+02 7.573356481249274452e+01
1.464296582518454215e+03 1.485341087378949965e+02 7.558123680489906349e+01 1.461794592915763644e+02 7.666806685061703774e+01
1.464989505551503726e+03 1.493419609283165244e+02 7.648409348513347084e+01 1.453458306954143495e+02 7.721734514376844061e+01
1.465564814348516165e+03 1.499554022227665371e+02 7.759230265891910960e+01 1.445721510338898952e+02 7.784193343290593248e+01
1.466046702988679726e+03 1.503658940250705029e+02 7.863838583738176169e+01 1.436679491655927734e+02 7.826824235340856717e+01
1.466494848722570168e+03 1.506858961607368030e+02 7.966657790198338773e+01 1.427737610058506448e+02 7.870233355031854217e+01
1.466943936938679599e+03 1.509202925675027700e+02 8.074876539308188228e+01 1.417980845672698536e+02 7.891989503110342241e+01
1.467365513625554513e+03 1.511035909889400841e+02 8.183024108784654516e+01 1.408325747144877766e+02 7.917696298217747142e+01
1.467790119993720737e+03 1.512902273364644543e+02 8.295119532453064437e+01 1.398464008131175262e+02 7.934257370320820257e+01
1.468177201018345158e+03 1.514285176255258420e+02 8.401039701155532669e+01 1.388610192407721229e+02 7.950988709589007897e+01
1.468565400426819224e+03 1.515663607511391717e+02 8.506682037557527565e+01 1.378844117125052264e+02 7.971172705436153194e+01
1.468958724893630233e+03 1.516672962264215982e+02 8.613709923957254944e+01 1.368860639758861169e+02 7.976551316631669408e+01
1.469332807817220328e+03 1.516863367227077788e+02 8.716833355990672771e+01 1.358909339379925711e+02 7.986403130995479671e+01
1.469724000868041912e+03 1.517078915045472343e+02 8.819707189878181453e+01 1.348956081944462255e+02 7.994326457040170908e+01
1.470133189403886263e+03 1.518129328162000604e+02 8.923828460620320868e+01 1.338972136502904959e+02 7.993255752081145715e+01
1.470527022361367699e+03 1.520047487472644150e+02 9.023428153037997390e+01 1.329041568056291283e+02 8.004830271716753032e+01
1.470918458900298447e+03 1.523139044087343450e+02 9.117834520845813984e+01 1.319178916243650690e+02 8.021306284817011090e+01
1.471302092389949166e+03 1.526962555139681115e+02 9.209745551454436452e+01 1.309495956269183523e+02 8.044517721790955989e+01
1.471688885726453236e+03 1.531157160619924866e+02 9.307159557927344906e+01 1.300345834467241559e+02 8.084827380650392570e+01
1.472070542014043212e+03 1.535463737507365067e+02 9.403911893938868616e+01 1.291072215567079979e+02 8.122242613275525969e+01
1.472435581746203525e+03 1.539565960159538633e+02 9.496394912467327742e+01 1.281919390790469038e+02 8.162274448069155142e+01
1.472809934899031759e+03 1.543940279421727553e+02 9.588215455719580405e+01 1.273034594466766407e+02 8.207837405440577072e+01
1.473208855779796295e+03 1.548855577981416332e+02 9.683412375184880716e+01 1.263749805163883195e+02 8.244873815900756142e+01
1.473611290894519243e+03 1.553825983884742925e+02 9.779860064756447002e+01 1.254747904562170788e+02 8.288314487275192732e+01
1.474018193724354433e+03 1.558647542609718357e+02 9.875238533475207703e+01 1.245916625721930870e+02 8.335010897666373353e+01
1.474446467587257530e+03 1.563456504995049556e+02 9.974097878389460448e+01 1.236787547646027008e+02 8.375657546103455786e+01
1.474890120022872452e+03 1.567870416010622421e+02 1.008022633417935481e+02 1.227890051290272027e+02 8.421181519053284603e+01
1.475335632663500519e+03 1.571365707107713376e+02 1.019125594644807649e+02 1.218618667975462557e+02 8.458252057016065351e+01
1.475755945497159018e+03 1.573406814871667905e+02 1.030027902612287534e+02 1.208965101955908494e+02 8.484208394128272346e+01
1.476188383727639803e+03 1.574340319041764644e+02 1.041272740715688769e+02 1.199137577707498679e+02 8.500486774602536855e+01
1.476628971584374995e+03 1.574465215581653013e+02 1.052490389108521214e+02 1.189143923254376176e+02 8.502470642598991901e+01
1.477062056180722266e+03 1.574638929541720529e+02 1.063180549954299465e+02 1.179166479080643910e+02 8.509018692042828036e+01
1.477509270991613448e+03 1.575220323598179561e+02 1.073713485118139630e+02 1.169176048906967509e+02 8.513320078251706491e+01
1.477948379475186357e+03 1.575827003955392911e+02 1.083923754588229826e+02 1.159203893549470337e+02 8.520385573733500451e+01
1.478387371328275094e+03 1.576016887220814056e+02 1.094277138978097810e+02 1.149252531869950076e+02 8.528756066821152615e+01
1.478840153116256943e+03 1.575918887197694005e+02 1.105102760090195488e+02 1.139260248150426946e+02 8.530134212807440974e+01
1.479274335139231653e+03 1.575823665792941597e+02 1.116037077744311432e+02 1.129283103299271858e+02 8.535704471956429984e+01
1.479696596980208142e+03 1.575992341448860543e+02 1.126887115515459072e+02 1.119284454075459223e+02 8.535587840142409277e+01
1.480110136113067483e+03 1.576434287728968400e+02 1.137659360213186943e+02 1.109298156234459469e+02 8.539980593133117281e+01
1.480525208826345533e+03 1.577146879750670507e+02 1.148342969633313544e+02 1.099330326536541094e+02 8.546060664530440931e+01
1.480952511177278893e+03 1.578073435371041739e+02 1.159298414310701304e+02 1.089345330997457921e+02 8.546771743082419448e+01
1.481385247453578813e+03 1.578721911198986447e+02 1.170444987568174611e+02 1.079381211502726075e+02 8.554830419177973511e+01
1.481815804291617496e+03 1.579039982041646226e+02 1.181380727847864875e+02 1.069389102134610852e+02 8.558794927461187285e+01
1.482234125218291638e+03 1.579181110725168367e+02 1.192295135505144117e+02 1.059413845530570484e+02 8.565094783886466701e+01
1.482639093083146008e+03 1.579555320363403723e+02 1.203045433043529329e+02 1.049459389965655163e+02 8.572812532472386238e+01
1.483041235713732931e+03 1.579696805236883392e+02 1.213704301090796633e+02 1.039470678152747070e+02 8.574581566066589744e+01
1.483441623467879481e+03 1.578991759919261710e+02 1.224167339097656964e+02 1.029497279922214119e+02 8.580809627987486010e+01
1.483842892224770594e+03 1.578139204381527634e+02 1.234519209319089441e+02 1.019511667290296373e+02 8.578090935527522731e+01
1.484244969900818887e+03 1.577723458714245908e+02 1.245314606128960122e+02 1.009544756760758446e+02 8.571834853301598400e+01
1.484638592340593505e+03 1.577379251828706970e+02 1.256314870819231686e+02 9.995501059996666982e+01 8.571170787563440285e+01
1.485014417376416759e+03 1.576780618080255181e+02 1.267217684345793742e+02 9.895606518180265709e+01 8.567910891923631311e+01
1.485373193265152395e+03 1.576194536267686885e+02 1.278113810297881514e+02 9.795677574494062867e+01 8.570964025798157593e+01
1.485719604673099866e+03 1.575830966844372654e+02 1.288588138956473301e+02 9.695816495970368010e+01 8.574768194207489103e+01
1.486060528383471365e+03 1.575676167864569095e+02 1.298701013109535438e+02 9.595944869849738268e+01 8.576520451807513723e+01
1.486402513125168070e+03 1.575492298948699386e+02 1.308746331472763131e+02 9.496338592070856066e+01 8.585380985908666673e+01
1.486756608732655877e+03 1.575317390888255602e+02 1.318699540854169356e+02 9.396634368263124770e+01 8.591012436001929586e+01
1.487115982477775106e+03 1.575480296467619894e+02 1.328224236312876201e+02 9.296646306333565235e+01 8.589815650781005729e+01
1.487471060604699460e+03 1.575495269121425679e+02 1.337534282921214981e+02 9.196658150446513957e+01 8.589079971877418984e+01
1.487827127379087187e+03 1.574623589947580626e+02 1.346648399266500462e+02 9.096818347172744268e+01 8.584290042667413445e+01
1.488189224312961414e+03 1.572695254062104766e+02 1.354049063975194258e+02 8.997102172177029900e+01 8.579024882446334743e+01
1.488550770185329156e+03 1.570454670237976984e+02 1.358413110333105749e+02 8.897132043833065040e+01 8.581465939297699208e+01
1.488918445223931712e+03 1.569945333433182668e+02 1.360609636304413073e+02 8.797196158688673506e+01 8.581519365095030594e+01
1.489293636604277935e+03 1.569958780045515141e+02 1.362845792852517661e+02 8.697278286726370311e+01 8.578481982411601336e+01
1.489650292904916796e+03 1.566443049961060012e+02 1.366360029902907627e+02 8.597319010731260391e+01 8.577325969783865389e+01
1.490010006744357042e+03 1.559492276004563678e+02 1.371534243373438073e+02 8.497549877484291869e+01 8.570912384220680735e+01
1.490399857286064162e+03 1.551638086926479900e+02 1.378364509847392014e+02 8.397844097560192722e+01 8.564872052562728300e+01
1.490791189062424564e+03 1.544612651083246817e+02 1.384696880241308463e+02 8.297860371494772380e+01 8.564093192803557031e+01
1.491175949205355664e+03 1.539057806041911647e+02 1.387654265694759772e+02 8.197896970608242384e+01 8.562845219690763088e+01
1.491571463692352609e+03 1.536152116681263635e+02 1.388454992679540396e+02 8.098030928689918539e+01 8.567078616684243286e+01
1.491967864996159733e+03 1.537588121390889739e+02 1.391431017089981594e+02 7.998250652069044975e+01 8.572639776138717593e+01
1.492353213038429885e+03 1.542147326730758152e+02 1.395617561338701194e+02 7.898416537694708950e+01 8.576529156304690105e+01
1.492728499825511562e+03 1.545905450863943429e+02 1.397548472702740696e+02 7.798857629639454103e+01 8.585907361511389979e+01
1.493108003941118113e+03 1.547248737940329306e+02 1.399319053374622968e+02 7.699117771345366634e+01 8.591094815110422189e+01
1.493487109902244356e+03 1.547569131446932715e+02 1.402880457015634477e+02 7.599181560730926321e+01 8.592329295252702082e+01
1.493857612375053122e+03 1.548602748052825859e+02 1.406049425619948749e+02 7.499302732678741279e+01 8.594554301064542301e+01
1.494239623485494121e+03 1.550492161943260783e+02 1.409283263132552690e+02 7.399532843722707298e+01 8.588573656542705237e+01
1.494626985780546875e+03 1.551332961936742834e+02 1.415210033728801307e+02 7.299845412697190739e+01 8.582316370613955314e+01
1.494991279551343723e+03 1.550487393599537143e+02 1.421831712678219617e+02 7.199878172937850707e+01 8.580644327648244030e+01
1.495346367138166215e+03 1.549857256100249856e+02 1.428246950451257078e+02 7.099931671129202471e+01 8.578379877068876169e+01
1.495714507808637109e+03 1.550008994121041894e+02 1.435577800796798158e+02 7.000077653808564548e+01 8.582176316369992719e+01
1.496082276137069584e+03 1.549491274104042020e+02 1.443670937130734444e+02 6.900321290166940003e+01 8.586161701615081654e+01
1.496447603342812045e+03 1.548146563103441053e+02 1.452516560834939412e+02 6.800352456279613023e+01 8.584589681573523023e+01
1.496824530043324103e+03 1.546671917409469472e+02 1.462398548381628700e+02 6.700540300227149260e+01 8.588946788860033621e+01
1.497201590429495354e+03 1.545487262303444993e+02 1.472037681495394850e+02 6.600822843667498319e+01 8.595423279263691541e+01
1.497564290149837461e+03 1.544498350488472909e+02 1.480235498546917938e+02 6.500878620576909839e+01 8.598445556552348989e+01
1.497920696405645458e+03 1.543030099484982998e+02 1.487451129385850095e+02 6.400962709468146272e+01 8.602444266979166798e+01
1.498277979348702274e+03 1.542272898337800200e+02 1.494711221892957838e+02 6.301170759933102516e+01 8.600283444005984279e+01
1.498629100035573401e+03 1.543250110448078090e+02 1.502086019096821303e+02 6.201467953967598135e+01 8.593047265732153051e+01
1.498974697683463319e+03 1.543188325661472504e+02 1.510182048756061022e+02 6.101518220897753508e+01 8.590298576863293079e+01
1.499315597009562453e+03 1.541676328121048414e+02 1.519442374731504799e+02 6.001650530163453823e+01 8.586501855299226804e+01
1.499651631884196377e+03 1.540501946782623577e+02 1.529191466954218015e+02 5.901854687947172806e+01 8.580547199772964007e+01
1.500004504177736862e+03 1.538813419459233103e+02 1.539076591828304288e+02 5.801965760451840026e+01 8.576072785716971225e+01
1.500381879484854153e+03 1.536235342340628733e+02 1.548357070003558817e+02 5.703218356906285180e+01 8.562732106849837521e+01
1.500761445274506059e+03 1.532730773007070297e+02 1.556348626694245638e+02 5.606269486593304663e+01 8.538273813318680538e+01
1.501152753107328408e+03 1.526730476383869757e+02 1.563368718611536394e+02 5.511718905659621726e+01 8.506430257109541060e+01
1.501568445112402742e+03 1.518428717340937624e+02 1.569727525960541925e+02 5.425411266358281637e+01 8.457502438523135879e+01
1.501978591825964486e+03 1.509598234221048472e+02 1.575224638396131240e+02 5.347470371106604858e+01 8.394890735443651408e+01
1.502386224183028162e+03 1.500344437308015131e+02 1.579940431876114530e+02 5.275207294080893661e+01 8.326083265607950068e+01
1.502822147280420040e+03 1.490583435613506254e+02 1.584606463102436464e+02 5.212998854826894757e+01 8.248088774930742773e+01
1.503280084985858593e+03 1.480538705944292133e+02 1.589343534518156673e+02 5.158183183239903968e+01 8.164474730102998024e+01
1.503750678711843193e+03 1.470123941549145741e+02 1.593175683028511287e+02 5.113349995760537325e+01 8.075639756708164896e+01
1.504235600700681289e+03 1.460305219506543040e+02 1.595184274616145217e+02 5.081681011238726597e+01 7.980867796367523681e+01
1.504762227135395278e+03 1.450990154321869170e+02 1.595865950010671668e+02 5.064731824667822480e+01 7.882996621029849393e+01
1.505351492471452275e+03 1.440570953815500843e+02 1.595978915638418414e+02 5.071543849468221765e+01 7.783895100534680012e+01
1.506005248516483107e+03 1.428483768767710842e+02 1.594231086099104857e+02 5.092564496656375184e+01 7.686172619177804677e+01
1.506693768201901548e+03 1.415940118467994182e+02 1.590980525605587843e+02 5.114943379473517382e+01 7.588719671773581865e+01
1.507384381932992483e+03 1.403959572463540155e+02 1.587526459032197010e+02 5.136978837733018821e+01 7.491183286636456273e+01
1.508079705994364986e+03 1.393149527782434802e+02 1.584864856176987473e+02 5.164605884984030837e+01 7.395187843266550942e+01
1.508811208697422899e+03 1.384029838200570737e+02 1.580794734400058132e+02 5.203029284658328635e+01 7.303113768303836650e+01
1.509545631269570094e+03 1.374946908663384875e+02 1.574461680978895401e+02 5.252075953924036611e+01 7.216112968374218894e+01
1.510232812278190977e+03 1.364698002167725690e+02 1.568461156412948299e+02 5.312617197279255521e+01 7.137010037595543110e+01
1.510871539684146001e+03 1.356179527677311967e+02 1.561193871251739154e+02 5.388145981803948814e+01 7.072592497475574191e+01
1.511435800793915860e+03 1.352157547801982673e+02 1.551427275181605694e+02 5.469222933022436450e+01 7.014147462230103258e+01
1.511939394372457855e+03 1.350737078616255360e+02 1.541882495181741035e+02 5.557515935929042428e+01 6.971314701094885891e+01
1.512438771365948696e+03 1.350888556717428912e+02 1.534051155998204479e+02 5.652857447522354306e+01 6.941336651087493692e+01
1.512979624175500021e+03 1.351435892225178463e+02 1.525555650995067936e+02 5.750280257897762937e+01 6.927552482658937549e+01
1.513556959745762697e+03 1.349946778554007949e+02 1.515257708112582691e+02 5.850154540889131738e+01 6.932171242117594545e+01
1.514104067972711164e+03 1.347813063111723579e+02 1.504796805575772396e+02 5.949895322830306554e+01 6.930709279223998465e+01
1.514619918084831397e+03 1.346378839962002871e+02 1.499066133876175400e+02 6.049437852361398882e+01 6.933187399865843759e+01
1.515155117181878950e+03 1.344938868261937444e+02 1.495491987793880071e+02 6.148270230921399815e+01 6.927952255726616215e+01
1.515755184738224898e+03 1.344279940589594844e+02 1.491026138910869179e+02 6.247264233390875887e+01 6.925687910231091848e+01
1.516378202132222441e+03 1.341570747073712937e+02 1.483874119202704094e+02 6.346669778428333331e+01 6.923610205909643867e+01
1.516989752106618653e+03 1.337675266543115811e+02 1.473524162931065291e+02 6.446368045677647274e+01 6.920027886401089745e+01
1.517565492157497829e+03 1.336125511931041387e+02 1.462330618409324359e+02 6.543368907922845779e+01 6.902897123175850425e+01
1.518113407714089135e+03 1.336232926456235646e+02 1.450739855391929893e+02 6.640958080247922624e+01 6.884892715123100970e+01
1.518642820358410972e+03 1.338002174123334669e+02 1.439134280943569593e+02 6.740835640744261070e+01 6.881991391661595969e+01
1.519123040341037949e+03 1.339679142153214286e+02 1.428539346236607628e+02 6.840149446104722131e+01 6.873370561244169608e+01
1.519577617016833528e+03 1.341278085709789707e+02 1.418631108146905149e+02 6.939343075217551871e+01 6.872695900109761169e+01
1.520052783413329053e+03 1.343005599728890047e+02 1.408260052332279599e+02 7.038749797495015059e+01 6.870477548681212454e+01
1.520545627029989419e+03 1.343274041591000412e+02 1.397553792305400862e+02 7.138407399931712405e+01 6.862855860873791869e+01
1.521013623196985918e+03 1.344376605245657572e+02 1.387623155024468247e+02 7.237981420004074096e+01 6.867359061198962422e+01
1.521439822620651512e+03 1.346028881534974744e+02 1.378619621846289647e+02 7.337301036553628819e+01 6.865353472111993938e+01
1.521892610991744959e+03 1.346642361437002080e+02 1.368873481613884167e+02 7.436363282492595772e+01 6.868929557686753640e+01
1.522378536559802569e+03 1.347928492880246267e+02 1.358999104425332973e+02 7.535309121366688601e+01 6.883407507742852260e+01
1.522861190890579564e+03 1.348754537425262754e+02 1.349761371877648344e+02 7.634875792924634652e+01 6.888624784864150286e+01
1.523365554592876379e+03 1.349154862215665105e+02 1.340267450493383024e+02 7.733558374114791434e+01 6.900300716426117731e+01
1.523878510952675242e+03 1.350316519140006051e+02 1.330779770934590545e+02 7.832400201027286357e+01 6.904465113869449056e+01
1.524373153309722738e+03 1.350119683292238619e+02 1.320705545885096512e+02 7.932254741885250837e+01 6.901236497270645032e+01
1.524843921457917077e+03 1.349843878928972742e+02 1.310283851293690986e+02 8.032052107976751643e+01 6.906260529054193853e+01
1.525288313796514331e+03 1.350268916359470097e+02 1.300660512081792604e+02 8.131366251322178584e+01 6.901904165181765904e+01
1.525755422714558790e+03 1.350875098753153054e+02 1.290847426768818309e+02 8.230730821486257298e+01 6.901493504345921792e+01
1.526234182389673606e+03 1.351997068266314557e+02 1.280816918327238625e+02 8.330522573871409975e+01 6.907247610344242617e+01
1.526685340563776663e+03 1.352878510845316100e+02 1.271352157070565454e+02 8.430129869373152474e+01 6.902080974442398542e+01
1.527138280255954214e+03 1.353661615054975300e+02 1.261784465843622343e+02 8.529166545126243193e+01 6.906338353758830806e+01
1.527615960045864995e+03 1.354574162762380070e+02 1.251491702115906435e+02 8.628645754571400062e+01 6.911205883156726770e+01
1.528101752660540342e+03 1.355262059470089753e+02 1.240999426646686317e+02 8.728579072833497321e+01 6.912530490769992753e+01
1.528590711505108402e+03 1.356287763745968675e+02 1.230676730926103346e+02 8.827667638610537892e+01 6.924346056524319692e+01
1.529071075167958952e+03 1.356301127366338619e+02 1.220538349304559631e+02 8.926635465603567354e+01 6.924534970929313715e+01
1.529550066023037971e+03 1.354833928763296456e+02 1.209940757020388844e+02 9.026243588872725354e+01 6.923117889185421348e+01
1.530013704709494277e+03 1.353566529891161849e+02 1.199301759964880176e+02 9.125772405920638164e+01 6.918689851014376302e+01
1.530450457200150367e+03 1.353134535694425438e+02 1.188989997340076741e+02 9.224527945952985419e+01 6.903288030973645562e+01
1.530850574487643144e+03 1.353734830308645769e+02 1.179199110090991383e+02 9.323634492050977940e+01 6.901108986345781204e+01
1.531241384462581436e+03 1.354895427393600471e+02 1.169708464339700953e+02 9.423405773649234618e+01 6.901695640004373900e+01
1.531624401933546778e+03 1.354630274734916213e+02 1.161000201333425537e+02 9.523303877253439964e+01 6.897200898783083289e+01
1.532013706647650224e+03 1.353301387965153992e+02 1.152424083424962191e+02 9.623197027843096407e+01 6.898430852701062577e+01
1.532427215035513882e+03 1.352741300166560166e+02 1.143148698350463377e+02 9.722761493496217611e+01 6.893644910663996939e+01
1.532866918998218807e+03 1.353785745362064006e+02 1.133936411585513042e+02 9.822496482168379828e+01 6.888505712680627369e+01
1.533315610679469728e+03 1.355233410400349783e+02 1.124598126409886589e+02 9.921910852140932491e+01 6.896475254976195401e+01
1.533754027465837453e+03 1.355723225555981060e+02 1.114881184528863542e+02 1.002099400313326072e+02 6.894058328783603429e+01
1.534197415035833501e+03 1.356403526565230493e+02 1.104676730632451438e+02 1.012055494564557847e+02 6.892169693545471887e+01
1.534642679960540363e+03 1.358461276244350699e+02 1.094363122194834403e+02 1.022037933644268293e+02 6.898084867057227143e+01
1.535068423819684767e+03 1.360915711093702214e+02 1.084492272856338388e+02 1.032007888031954508e+02 6.905737345247180770e+01
1.535483158474308993e+03 1.362646432614171772e+02 1.074885931864319843e+02 1.041824702628206296e+02 6.923327775470740164e+01
1.535910199103716877e+03 1.362721262739351289e+02 1.064922516146615123e+02 1.051711873333775031e+02 6.934728524684447848e+01
1.536335979515297140e+03 1.361827230561270596e+02 1.054768223245573751e+02 1.061709206413849529e+02 6.936056697652752234e+01
1.536739854330325670e+03 1.360791575195599705e+02 1.045121413580353362e+02 1.071699885642705965e+02 6.939352850956611007e+01
1.537140735374920951e+03 1.359934815493682834e+02 1.035479330160991367e+02 1.081654935762014844e+02 6.934592601630970421e+01
1.537554662109205537e+03 1.359506451653290071e+02 1.025566576103788208e+02 1.091624604158163692e+02 6.932893786727956353e+01
1.537971248958826436e+03 1.359580163964627957e+02 1.015727746346056648e+02 1.101605149382599222e+02 6.938970508789410019e+01
1.538378476715908164e+03 1.360021760957080517e+02 1.006251428792012490e+02 1.111565696916062649e+02 6.935678900162920968e+01
1.538823265759301648e+03 1.360604761593739624e+02 9.964986019399073314e+01 1.121518985431477518e+02 6.937911153793204733e+01
1.539299272172718247e+03 1.362433142770501320e+02 9.882933711394976228e+01 1.131425847204681361e+02 6.951208552827041842e+01
1.540080467217084106e+03 1.367300327101048651e+02 9.837941934154628143e+01 1.140927207762856597e+02 6.980379103263500440e+01
1.542515773711548036e+03 1.366512490511002227e+02 9.896922102072780092e+01 1.140758675138747691e+02 7.014313836935744462e+01
1.543366234174163765e+03 1.361779144816428015e+02 1.000320963417698010e+02 1.131505119679440838e+02 6.977375426093894362e+01
1.543828455390752879e+03 1.359981653355490039e+02 1.011287522625668487e+02 1.121730487832419243e+02 6.957763889286458436e+01
1.544251950797042809e+03 1.358129725720895919e+02 1.022044394833985876e+02 1.111799518228262400e+02 6.946469578659964839e+01
1.544659129788663677e+03 1.356400756880863128e+02 1.032439791257596369e+02 1.101879557549202531e+02 6.935418981696153651e+01
1.545052335153826107e+03 1.354560635532052686e+02 1.042485690365295596e+02 1.091904634909746221e+02 6.929591764742787063e+01
1.545430437346996086e+03 1.352302878405343449e+02 1.052147236978809275e+02 1.082013233066615925e+02 6.915428692624793428e+01
1.545806257177167254e+03 1.350220164348125707e+02 1.061828680358819668e+02 1.072141360294395724e+02 6.900600465049311083e+01
1.546180216159341853e+03 1.348577476577474386e+02 1.071373870969695190e+02 1.062180258066125162e+02 6.891993280798438093e+01
1.546555216072274334e+03 1.347173152804891458e+02 1.080962866977177157e+02 1.052254124106904811e+02 6.879931290713305714e+01
1.546939606148619987e+03 1.346061631825266431e+02 1.090972985424090211e+02 1.042313999822605126e+02 6.870637620207030238e+01
1.547322220571207936e+03 1.345089034763701648e+02 1.100855822356411835e+02 1.032318932958672235e+02 6.867756641194792167e+01
1.547703527524700803e+03 1.343973987153924554e+02 1.110586489707255282e+02 1.022328070195555227e+02 6.863492580573178259e+01
1.548096014943095497e+03 1.342877728337390693e+02 1.120437949149519312e+02 1.012344372307206584e+02 6.864068877676025693e+01
1.548493691051824953e+03 1.341974176527968723e+02 1.130069288909031826e+02 1.002365167454122741e+02 6.870128282222617599e+01
1.548901531530826560e+03 1.341354380038504530e+02 1.140054571785639723e+02 9.923696738611779722e+01 6.871171506156697717e+01
1.549324622872950158e+03 1.341048301066105921e+02 1.150805958965503635e+02 9.823719625780860554e+01 6.870154182032418078e+01
1.549747542243708267e+03 1.340668879027070375e+02 1.161527873474693706e+02 9.723793824547014708e+01 6.868687491539039058e+01
1.550164225235309459e+03 1.340082811246363690e+02 1.172098741754929847e+02 9.624056115371583076e+01 6.861591624662190725e+01
1.550579341208118876e+03 1.339258603636258442e+02 1.182628282215990794e+02 9.524296328557480251e+01 6.855972143525978879e+01
1.550985520783384118e+03 1.337557169458648048e+02 1.192584277945836249e+02 9.424440993747700190e+01 6.852256298152917680e+01
1.551395982922259009e+03 1.335333002523010748e+02 1.202664895530252807e+02 9.324780537021939608e+01 6.844031904835183866e+01
1.551826473541613041e+03 1.333235395179724492e+02 1.213450732627314608e+02 9.224960411042941644e+01 6.839213355666070981e+01
1.552253486162522449e+03 1.331162515142877396e+02 1.223979797396217748e+02 9.125090126246612954e+01 6.835704797895213858e+01
1.552662439135954628e+03 1.329772604776038349e+02 1.234101760621287980e+02 9.025287459003500601e+01 6.831676780780398417e+01
1.553072262576587036e+03 1.329371039422104843e+02 1.244387498810447710e+02 8.925460060820246611e+01 6.836410316729880776e+01
1.553493001404030792e+03 1.329428888943490961e+02 1.254885580047170492e+02 8.825699071703422760e+01 6.842446577908168592e+01
1.553911262110703092e+03 1.329732989448645242e+02 1.265301421338852350e+02 8.725941555314750531e+01 6.848016444357895693e+01
1.554318123661794289e+03 1.329781809662200089e+02 1.275278367893325253e+02 8.626364164442748006e+01 6.857029025273686784e+01
1.554729527412585185e+03 1.329520913943957225e+02 1.285311154688423301e+02 8.526508780583316138e+01 6.860291495821536500e+01
1.555147198490889423e+03 1.329516166580070546e+02 1.295713016860154596e+02 8.426662433581597611e+01 6.862837251566759278e+01
1.555561015383658969e+03 1.329270100975792275e+02 1.306175907913722654e+02 8.326878862134239512e+01 6.868913060487237487e+01
1.555969105199900923e+03 1.328117511230416312e+02 1.316641030462770914e+02 8.226949494624955150e+01 6.868792509715370898e+01
1.556364867274620792e+03 1.326265571372017007e+02 1.326737091252995242e+02 8.127006905840748630e+01 6.866814341258596244e+01
1.556749940215248898e+03 1.324236832943122977e+02 1.336295416913039276e+02 8.027092428699081950e+01 6.864791474633915414e+01
1.557145436744127664e+03 1.322683435504100657e+02 1.346104057745457396e+02 7.927251080422958296e+01 6.859191518038778668e+01
1.557556327845360101e+03 1.321759049605789471e+02 1.356290725357370945e+02 7.827413494494517465e+01 6.859348478058777232e+01
1.557973800501821643e+03 1.320942509080212801e+02 1.366494449088717715e+02 7.727533329481580893e+01 6.862586681650958553e+01
1.558400075317521896e+03 1.320358265383860612e+02 1.376909350977934992e+02 7.627546843346355843e+01 6.863128432885382324e+01
1.558840799076565190e+03 1.319719279269365018e+02 1.387519406111740636e+02 7.527616814120131039e+01 6.866618245679404708e+01
1.559289750668135639e+03 1.317958164582639426e+02 1.398114441603766807e+02 7.427853479329867525e+01 6.865370174384887036e+01
1.559725356702083673e+03 1.315568964190684653e+02 1.408574170132462484e+02 7.328170332474509507e+01 6.857451381330722029e+01
1.560143113171133109e+03 1.313465580272355453e+02 1.418797590323608802e+02 7.228388954196621796e+01 6.850866834705389863e+01
1.560558728840466983e+03 1.312038994196276747e+02 1.428885397853727000e+02 7.128576648996032361e+01 6.844744858273708132e+01
1.560961167991178399e+03 1.311738546249334831e+02 1.438605193163991203e+02 7.028780234915066671e+01 6.844371302444652372e+01
1.561351673897032697e+03 1.311793905654304240e+02 1.448057400923908915e+02 6.929083045659926654e+01 6.852041519398001412e+01
1.561750099878622677e+03 1.311175850125841009e+02 1.457828857825022908e+02 6.829315728599330271e+01 6.858042481550596392e+01
1.562141108015725422e+03 1.310405766098083120e+02 1.467599557023099806e+02 6.729494135239988850e+01 6.863283330381379699e+01
1.562521509302630875e+03 1.309847164136454580e+02 1.476999604057793078e+02 6.629871618444056480e+01 6.871954187258948821e+01
1.562905219768803136e+03 1.309136562110658701e+02 1.486316531952709852e+02 6.530098978481640870e+01 6.877627124882312160e+01
1.563289741965876601e+03 1.308467342830140296e+02 1.495745659704889476e+02 6.430232134620904105e+01 6.882017069562269285e+01
1.563685096871067572e+03 1.307805319276367868e+02 1.505480939112509304e+02 6.330440485003450135e+01 6.888404340535656445e+01
1.564091603031592513e+03 1.306721745695340928e+02 1.515403604152654680e+02 6.230618702774653173e+01 6.888141401711675371e+01
1.564496460115285572e+03 1.305468237328495604e+02 1.525005143361787816e+02 6.130729904795072827e+01 6.884483880229137753e+01
1.564943390263777928e+03 1.304122257508383029e+02 1.534697211892190865e+02 6.031138591338957866e+01 6.877937415398385212e+01
1.565464569962488667e+03 1.302360069383125847e+02 1.545189350033638505e+02 5.932197484378759356e+01 6.863499502489356985e+01
1.565989947866920375e+03 1.301376754225228467e+02 1.555620429006328891e+02 5.833184485733492153e+01 6.861530168236782856e+01
1.566464470027704238e+03 1.302079636520988686e+02 1.565422075430691962e+02 5.734396800855174803e+01 6.876703173561806182e+01
1.566914984363420217e+03 1.303943533779875281e+02 1.575144025097700080e+02 5.638328362856913145e+01 6.903219332350461457e+01
1.567377955032816772e+03 1.306965203267917559e+02 1.584834501550965626e+02 5.545790267516305505e+01 6.940952584212548970e+01
1.567846868020964848e+03 1.310255825622529073e+02 1.594171245924461857e+02 5.451977086096639624e+01 6.974864678586229161e+01
1.568299458272055517e+03 1.312307474477222513e+02 1.603149335040169490e+02 5.355476588534113347e+01 7.001046099070883599e+01
1.568767072428418942e+03 1.312121992915996884e+02 1.612706630859692041e+02 5.256982920064489662e+01 7.014756097786739986e+01
1.569261084434269833e+03 1.309866428484843084e+02 1.623077626994079026e+02 5.158111495159790394e+01 7.005637437558347358e+01
1.569734470139122323e+03 1.306307077916666231e+02 1.632855154000603477e+02 5.060442590326262291e+01 6.984219492295081011e+01
1.570187221250263292e+03 1.301817427266844049e+02 1.641672213049301376e+02 4.966716827892674502e+01 6.950870135595063459e+01
1.570674320501553211e+03 1.297177375398450465e+02 1.650673091504530987e+02 4.874901916135492996e+01 6.911316159984062324e+01
1.571210811350380027e+03 1.292954834152153580e+02 1.659999296758902290e+02 4.780198392505710103e+01 6.879677858316516392e+01
1.571763222146420276e+03 1.290095267529059697e+02 1.668271491984786223e+02 4.683916702424511413e+01 6.852662640679064054e+01
1.572534614634451373e+03 1.288209339611630924e+02 1.671427403627056947e+02 4.586051246890363586e+01 6.833185655168333028e+01
1.573687971724990348e+03 1.286568608664938722e+02 1.664478433642009918e+02 4.596916095021853721e+01 6.803666362200556250e+01
1.574651464541923133e+03 1.291811792864074562e+02 1.654823478149344851e+02 4.691711227729027200e+01 6.828057998653730465e+01
1.575400979935844134e+03 1.298255144077709531e+02 1.645550781367132060e+02 4.788285222765437510e+01 6.853980947711110616e+01
1.576118309624061794e+03 1.305927636681739727e+02 1.637071056492243599e+02 4.866236772049139603e+01 6.915874121073284186e+01
1.576760861053710869e+03 1.314217625885831637e+02 1.629566122839899549e+02 4.931695773626628210e+01 6.991386558640512305e+01
1.577378007193181702e+03 1.321992488397935119e+02 1.624092436889312978e+02 4.991228400634665974e+01 7.071720797468499597e+01
1.577994328999496020e+03 1.330779657056754957e+02 1.619881845190584500e+02 5.026877475250254435e+01 7.164964580566361008e+01
1.578724070016680344e+03 1.342069636682630005e+02 1.616946113156373315e+02 5.083324094143382865e+01 7.247333490814276047e+01
1.579348871897541358e+03 1.352943741895083747e+02 1.614874825865445302e+02 5.094912681655833353e+01 7.346145771767797328e+01
1.579973398227085909e+03 1.363653695672720687e+02 1.612532161031413125e+02 5.132183799705099858e+01 7.438763543518831511e+01
1.580574446505314199e+03 1.373602823758820648e+02 1.610776757427770747e+02 5.138207737628764704e+01 7.538374795561267661e+01
1.581263574436769431e+03 1.384735026073217057e+02 1.609192367072986372e+02 5.172383559198920011e+01 7.632187213354227140e+01
1.581978260422473113e+03 1.390633990255307708e+02 1.607476054633715421e+02 5.164270352455103108e+01 7.731591053131054991e+01
1.583839518649083629e+03 1.382392284460743781e+02 1.608496673329931355e+02 5.148992092088728612e+01 7.750825185765815206e+01
1.585358718581337371e+03 1.378791754163123358e+02 1.603291176216471854e+02 5.191747553187996544e+01 7.675750474919942690e+01
1.586537446949201467e+03 1.385260760939784461e+02 1.602401833366576795e+02 5.216470493226735528e+01 7.712703775916408233e+01
1.587339032711722211e+03 1.394971524238706877e+02 1.607879597411407815e+02 5.204379918629532398e+01 7.811969661063884018e+01
1.588049149342366036e+03 1.403184618528792669e+02 1.614373679708401994e+02 5.137665686383790842e+01 7.875726883178886339e+01
1.588719376756760539e+03 1.410642148921764942e+02 1.619310608991620484e+02 5.088939981704233162e+01 7.958622082496576411e+01
1.589453373102811611e+03 1.416730752345273743e+02 1.629346408688077474e+02 5.019102517703373678e+01 8.026501492922405134e+01
1.590126901247916066e+03 1.423107734720722419e+02 1.639354173721716563e+02 4.938905905386494055e+01 8.086237060314601877e+01
1.590816383749684974e+03 1.430832279143675976e+02 1.647927803122588557e+02 4.861438211710115098e+01 8.149422179790225584e+01
1.591506442791351446e+03 1.438186557616406276e+02 1.655416861445002610e+02 4.800719977409832495e+01 8.228029597420875518e+01
1.593236986798154703e+03 1.434542147596080497e+02 1.657854390163296330e+02 4.743830197757618095e+01 8.282104828283212328e+01
1.594475150595195146e+03 1.420839587179376338e+02 1.654297274340351009e+02 4.769948244517755143e+01 8.186152559364357728e+01
1.595261880620256306e+03 1.411599095756200200e+02 1.650723889452519302e+02 4.819850787868134745e+01 8.100050645873263022e+01
1.596220511103185800e+03 1.400221116592153123e+02 1.647865900942141479e+02 4.845494868474641237e+01 8.003399724130319726e+01
1.597077788639423488e+03 1.389473480663446310e+02 1.646557137329670013e+02 4.868246616817319961e+01 7.907089141255308107e+01
1.597841442654937055e+03 1.379519459594204989e+02 1.645862989103084999e+02 4.858404603496769880e+01 7.808364389423051932e+01
1.598605026140775408e+03 1.371412024907258456e+02 1.645838174242537946e+02 4.873965328297737187e+01 7.710786006708150353e+01
1.599413456949391730e+03 1.363756375626219892e+02 1.645744260420190983e+02 4.858518718684563709e+01 7.613064769062697223e+01
1.600264448522906378e+03 1.354352286928969420e+02 1.643715116681049722e+02 4.875363338414479131e+01 7.514561910638705911e+01
1.601150830971290134e+03 1.342604551848158394e+02 1.640624277886762741e+02 4.889604222619501428e+01 7.416403242401368345e+01
1.602024398076437365e+03 1.330687491125668203e+02 1.636954920920485961e+02 4.919176878517080809e+01 7.323190952642043783e+01
1.602714120647007576e+03 1.319657202702427981e+02 1.634241757877522900e+02 4.921268628107922893e+01 7.225045117220747670e+01
1.603373024570497137e+03 1.309118032615155016e+02 1.629780233337871493e+02 4.955229966948746778e+01 7.130995231894300446e+01
1.604010334537007111e+03 1.299282896140783521e+02 1.623161582759715031e+02 5.000152538515690992e+01 7.044831387695528235e+01
1.604571915193108453e+03 1.292275994408822157e+02 1.614908583915276949e+02 5.076125990406600152e+01 6.979837061843129220e+01
1.605105743126560128e+03 1.287737211927537260e+02 1.605170488458532532e+02 5.160677339486047543e+01 6.931277694742327355e+01
1.605603271422696025e+03 1.285198945608565282e+02 1.594811524983003892e+02 5.258516003598385424e+01 6.910619028913522754e+01
1.606077238677674814e+03 1.284061830678816420e+02 1.584492038902572801e+02 5.356734740334194100e+01 6.892747427945512584e+01
1.606548384061811475e+03 1.283973288807964082e+02 1.574337330593473041e+02 5.456307988523067820e+01 6.889137642562481290e+01
1.607004506866409656e+03 1.284571878943792171e+02 1.564325185222904793e+02 5.555980268041626147e+01 6.891662298222753691e+01
1.607467985724882965e+03 1.284313748879798425e+02 1.553944075900447217e+02 5.655766627563605198e+01 6.885797038882856214e+01
1.607935847945287151e+03 1.283611286573955113e+02 1.543249022276089875e+02 5.755580082642869399e+01 6.881044901088279175e+01
1.608383131955033150e+03 1.283023996516930367e+02 1.532750847609108291e+02 5.854809328396667212e+01 6.868983151958178723e+01
1.608831628683354438e+03 1.283003152241726639e+02 1.522191100644553501e+02 5.953822812209308779e+01 6.862807777260957209e+01
1.609287346806542246e+03 1.284256187197244969e+02 1.511898437393418533e+02 6.053438071008606158e+01 6.871300462236141016e+01
1.609766969139016282e+03 1.287038147322807333e+02 1.502150691446087194e+02 6.152620902636837030e+01 6.882148789799713029e+01
1.610287113158884949e+03 1.290868992481940154e+02 1.492738087726754088e+02 6.249924805963883045e+01 6.904823393355543715e+01
1.610831960662529127e+03 1.294525346803204684e+02 1.483590352301434336e+02 6.346476307136866524e+01 6.930726826663047291e+01
1.611388113745779265e+03 1.296765842469314407e+02 1.474676294116992210e+02 6.443123463192600298e+01 6.956174411222406206e+01
1.611952379866358797e+03 1.296784773879128636e+02 1.464890040857227973e+02 6.540316605106285408e+01 6.966751975387317941e+01
1.612507025242295413e+03 1.295840900062610217e+02 1.454847267307869458e+02 6.639840075213828641e+01 6.958008363094234028e+01
1.613063128431463383e+03 1.295549319115703781e+02 1.444618378944504968e+02 6.739701160364862176e+01 6.952891033623413364e+01
1.613582421583098721e+03 1.296212092525060484e+02 1.434603819237267430e+02 6.839083944749508248e+01 6.942588625829743876e+01
1.614074349605243242e+03 1.297626483495436389e+02 1.424839274054353382e+02 6.938404769252167625e+01 6.938181730065844022e+01
1.614569009978098165e+03 1.298797176097586146e+02 1.414830631261646943e+02 7.038277860287600163e+01 6.941076784269158395e+01
1.615042986811424498e+03 1.298945047124255723e+02 1.405097703866661050e+02 7.138272707438198950e+01 6.940357496181826491e+01
1.615502196571908826e+03 1.298849333492717051e+02 1.395415402856010871e+02 7.237986537019079947e+01 6.945672162795857218e+01
1.615971980249852550e+03 1.299020371432031595e+02 1.385468050253004151e+02 7.337661603965429435e+01 6.949250719472750859e+01
1.616436641804530154e+03 1.299325300929271521e+02 1.375951128435453938e+02 7.437580749564982341e+01 6.949582289550551195e+01
1.616890807647587962e+03 1.299235040143504420e+02 1.366596811553733630e+02 7.537375002188191786e+01 6.955739689198819065e+01
1.617343104158668211e+03 1.298680845970404505e+02 1.356552644817672046e+02 7.637067610439783039e+01 6.955571367170499286e+01
1.617775528060508805e+03 1.298474576233595599e+02 1.346202899913751025e+02 7.736899642839040325e+01 6.953339719914551154e+01
1.618201040880041319e+03 1.298360797604531740e+02 1.335621098219318981e+02 7.836870588278584648e+01 6.955680038005984045e+01
1.618627471851915971e+03 1.297360825235506354e+02 1.325211477977428842e+02 7.936408840803744624e+01 6.949577585073440389e+01
1.619041709179429972e+03 1.296119410614405183e+02 1.315391414634608509e+02 8.035960561709266869e+01 6.941191078381150703e+01
1.619446818044008296e+03 1.295713552789022742e+02 1.305605747015165718e+02 8.135841701580770291e+01 6.936343162140667573e+01
1.619854667511322077e+03 1.295967241287496563e+02 1.295669809672670283e+02 8.235664045084340046e+01 6.930412120966201428e+01
1.620285516252628668e+03 1.295575141569989626e+02 1.285115093815771274e+02 8.335566920236503563e+01 6.927021346267052593e+01
1.620736166799289322e+03 1.294002391897852533e+02 1.273979520653211353e+02 8.435146181045031710e+01 6.919902149935165880e+01
1.621193687395980078e+03 1.292966735807463294e+02 1.263135170629020791e+02 8.534670729507541864e+01 6.910568313822207642e+01
1.621663273124178886e+03 1.293351788319217803e+02 1.252231035868549469e+02 8.634420566996337243e+01 6.903503136338764534e+01
1.622131260309376557e+03 1.294263250603226254e+02 1.240978915708280397e+02 8.734137987910963830e+01 6.895993685899821912e+01
1.622582050651823238e+03 1.294871523824605788e+02 1.229907136306643878e+02 8.833466711340933841e+01 6.900616327183958276e+01
1.623016064792851239e+03 1.294979128531500692e+02 1.219317557531901457e+02 8.932856817294720031e+01 6.911328339224536421e+01
1.623435470800892062e+03 1.295100476744970308e+02 1.209323922834788618e+02 9.032557748073658388e+01 6.919028123683159492e+01
1.623866812802403274e+03 1.295230856879137775e+02 1.199140008617876276e+02 9.132182037206877112e+01 6.927603517722047854e+01
1.624310983823167589e+03 1.294539194803919600e+02 1.188838342317976640e+02 9.231949766418377124e+01 6.929257405004173620e+01
1.624751938117865166e+03 1.292683730825797284e+02 1.179270447875194066e+02 9.331885316414428644e+01 6.929698247229326569e+01
1.625199579326289040e+03 1.289904121464376772e+02 1.170219322471078129e+02 9.431859617682950159e+01 6.930524199247273032e+01
1.625647161162885141e+03 1.286262683036408703e+02 1.162678055961027042e+02 9.531608884173972740e+01 6.924656049458437224e+01
1.626087342465278880e+03 1.283821494830065717e+02 1.159197326911510970e+02 9.631451367351979798e+01 6.920785612546178811e+01
1.626526407914546098e+03 1.284686065915053064e+02 1.159109159387329271e+02 9.731180731617135393e+01 6.914768153249394800e+01
1.626977884030950690e+03 1.288081013484659536e+02 1.157658222808385631e+02 9.831013705715398032e+01 6.911438341004661368e+01
1.627452914124490462e+03 1.292889839836828969e+02 1.152217254207683368e+02 9.931013192626186026e+01 6.911389643824905704e+01
1.627932556185071689e+03 1.296641594173661360e+02 1.143725769495238467e+02 1.003042267430456604e+02 6.902560712159906586e+01
1.628392360370734878e+03 1.297638489843450031e+02 1.133706172607390243e+02 1.013008292989201635e+02 6.899413354924620023e+01
1.628828207099785232e+03 1.297676802812974017e+02 1.123389013272129802e+02 1.023006410769682759e+02 6.899200646344422694e+01
1.629258369732732035e+03 1.298755843783648629e+02 1.113404135728273729e+02 1.033005878683284493e+02 6.898300628580665261e+01
1.629691579719398078e+03 1.300362944412390789e+02 1.104510487776094436e+02 1.042992223217539021e+02 6.902398955893889365e+01
1.630119571736100170e+03 1.301135749869810923e+02 1.096606703876580582e+02 1.052979009855833255e+02 6.901496107318082807e+01
1.630536790864694922e+03 1.300586353168081075e+02 1.088744935599875987e+02 1.062973932319344641e+02 6.901658276627611599e+01
1.630953653376997408e+03 1.300386393817308033e+02 1.080132461368802836e+02 1.072972212540385755e+02 6.903473890291945736e+01
1.631360374193756570e+03 1.302308635167512136e+02 1.071311268527571201e+02 1.082963320709054216e+02 6.900547632630866701e+01
1.631752635232636749e+03 1.305348455556121507e+02 1.062752940203026668e+02 1.092951737893102120e+02 6.902229157322231856e+01
1.632153981583594714e+03 1.307894249508043458e+02 1.053950368217915496e+02 1.102946361155354253e+02 6.902090314914306646e+01
1.632569096927323244e+03 1.309934457243843156e+02 1.044791582110076433e+02 1.112922657878763459e+02 6.895742081861824602e+01
1.633005560595407360e+03 1.311454827436871824e+02 1.035253447276166838e+02 1.122912633886507336e+02 6.893488819609895302e+01
1.633444666672497760e+03 1.312278944214453134e+02 1.025609244025999232e+02 1.132845589833292053e+02 6.883935801159499590e+01
1.633890306407584376e+03 1.312342186890506639e+02 1.015606444323216095e+02 1.142779939002733585e+02 6.872611283652221914e+01
1.634356773172571366e+03 1.310893693379105400e+02 1.007782300580275461e+02 1.152760622705088593e+02 6.872220754699937117e+01
1.634813797881907249e+03 1.311056097481799441e+02 1.001455574327869726e+02 1.162757813731048486e+02 6.874458101800379950e+01
1.635265006279644922e+03 1.313501364424873259e+02 9.939711780911008532e+01 1.172597315046490536e+02 6.890036973306078494e+01
1.635717644230918040e+03 1.317011694281678160e+02 9.870357857641525356e+01 1.182284764681409115e+02 6.914735980236198998e+01
1.636174305696051078e+03 1.322618343312371678e+02 9.810206518320192970e+01 1.191898075062063356e+02 6.942260196673313999e+01
1.636626508160444246e+03 1.329021685155587136e+02 9.759998592961662212e+01 1.201006295466703619e+02 6.982766924693738986e+01
1.637058179029128723e+03 1.335366841924085293e+02 9.716677835926826390e+01 1.210080733011732832e+02 7.024741276450995997e+01
1.637499919555940551e+03 1.343070908768496565e+02 9.675908904716693826e+01 1.218772350495535335e+02 7.073903335519604241e+01
1.637971168792003937e+03 1.351881911775170124e+02 9.652167716675192821e+01 1.226941916297144815e+02 7.131448262579564812e+01
1.638470627470987893e+03 1.360876371565593388e+02 9.624782150759750721e+01 1.235195181392249708e+02 7.187879785228190599e+01
1.638997159894923698e+03 1.367909807512527323e+02 9.569047086794864754e+01 1.242302639490842040e+02 7.257460669044783685e+01
1.639537142876366488e+03 1.372623693081469582e+02 9.507693819541519531e+01 1.249173011868381167e+02 7.330115878940986818e+01
1.640150572799739393e+03 1.378844046502955223e+02 9.460471218570680207e+01 1.255125542437014445e+02 7.410213920529253073e+01
1.640783593541957998e+03 1.387044015819746505e+02 9.398716599675169903e+01 1.262017722635421251e+02 7.482254019916624088e+01
1.641381696281441691e+03 1.394700978874084001e+02 9.319468863328050645e+01 1.269165491105747066e+02 7.552188898328444111e+01
1.641973301172071160e+03 1.400194274333836688e+02 9.231719050056159404e+01 1.277474857713870193e+02 7.607200023605980732e+01
1.642576515445665109e+03 1.406043509487093388e+02 9.145234544368537399e+01 1.286111869406185804e+02 7.657593994102813895e+01
1.643204695835072471e+03 1.411702991995169327e+02 9.052860141225713164e+01 1.295056982301821620e+02 7.702232969936548557e+01
1.643856388471095670e+03 1.416518329276341319e+02 8.979824812071267104e+01 1.304328680614295308e+02 7.739600461164273781e+01
1.644625753337134938e+03 1.419216390900166402e+02 8.895237480547132236e+01 1.313482846881721571e+02 7.779820472273124210e+01
1.645330335563802464e+03 1.421049137779355078e+02 8.785234350208091314e+01 1.323121527242496427e+02 7.805779979972697902e+01
1.646000741019112183e+03 1.419899371146952092e+02 8.672027155649649899e+01 1.332902773702653860e+02 7.826549899513109665e+01
1.646638086580719346e+03 1.419258139306198245e+02 8.556339634974160901e+01 1.342874225178705672e+02 7.831396645075307106e+01
1.647302926774319076e+03 1.418368451151355316e+02 8.431316424328824155e+01 1.352722079376216300e+02 7.848010215966412773e+01
1.647926448148083182e+03 1.420074970885258097e+02 8.321279919222334343e+01 1.362701775747601403e+02 7.848922971691480654e+01
1.648556016216624130e+03 1.421447606379172157e+02 8.218120160505971228e+01 1.372473319292740257e+02 7.868823617027895523e+01
1.649195475975056297e+03 1.422618770661102303e+02 8.110906505786793730e+01 1.382426148082027737e+02 7.865030437498745641e+01
1.649815657828099347e+03 1.423779441389255851e+02 7.996144122942330057e+01 1.392138999843369902e+02 7.886906058724088098e+01
1.650380327042909585e+03 1.427704194382090748e+02 7.895092676989131064e+01 1.402097732743638119e+02 7.884080918404833938e+01
1.650917977602744259e+03 1.434624873516772254e+02 7.807702654910094964e+01 1.411815987328723736e+02 7.906182384489673609e+01
1.651439551164847671e+03 1.438366253682249862e+02 7.704254403473014179e+01 1.421683617668039687e+02 7.922214561202484617e+01
1.651984184364169323e+03 1.440275228084295804e+02 7.597107758062439586e+01 1.431672989505814826e+02 7.925254422870395388e+01
1.652546374915706565e+03 1.443460514968431312e+02 7.474681732419578850e+01 1.441459864990042092e+02 7.945169201040253881e+01
1.653068223499607484e+03 1.450892036588974747e+02 7.412898738508121710e+01 1.451392182378178575e+02 7.956442433260465918e+01
1.653566555291368786e+03 1.457146585980005966e+02 7.343729366572196682e+01 1.460365163171593963e+02 7.999588534753344504e+01
1.654092040023429718e+03 1.461671414357313949e+02 7.252491959424756374e+01 1.469746461137197286e+02 8.034071487716278170e+01
1.654638806593339723e+03 1.469597124587234305e+02 7.181457990186996199e+01 1.477819551600010186e+02 8.092626656598365287e+01
1.655125702553915062e+03 1.477170229495311560e+02 7.109524824005359278e+01 1.484853328182232417e+02 8.163615561737802295e+01
1.655616737196463646e+03 1.485632932301964217e+02 7.057061104983607436e+01 1.492164669430274841e+02 8.231828008723341839e+01
1.656141096470115372e+03 1.495380622105802217e+02 7.022362924321947730e+01 1.496636541602726140e+02 8.320823899552941327e+01
1.656695517602118571e+03 1.506694709341737166e+02 6.984802544638978361e+01 1.503336373649862878e+02 8.394714606019610414e+01
1.657222557457929270e+03 1.519374465245512908e+02 6.943108014828948171e+01 1.508788651348376959e+02 8.478435098639285172e+01
1.657735152756655225e+03 1.528613751182699332e+02 6.901602199302938345e+01 1.516200272171836332e+02 8.545256028321681185e+01
1.658216001354137006e+03 1.534192613027970253e+02 6.834603508681998107e+01 1.524415983189726091e+02 8.602204195186793356e+01
1.658727686475755263e+03 1.535645956320730647e+02 6.722864090285126792e+01 1.533408493707303819e+02 8.645805328839622916e+01
1.659177330566123146e+03 1.535547925242790086e+02 6.616648100125769361e+01 1.543354354887322017e+02 8.650807621502778488e+01
1.659654746189617072e+03 1.535190543492923041e+02 6.502492466677350080e+01 1.553307864731929158e+02 8.660315154296092999e+01
1.660150368791017399e+03 1.533441360707793137e+02 6.397318739036953872e+01 1.563217120713246970e+02 8.647908911573111368e+01
1.660602245717813048e+03 1.531296054502816730e+02 6.314486443461316867e+01 1.572984275271934393e+02 8.626533248766331496e+01
1.661058077352832697e+03 1.526638247203928529e+02 6.234484850015934398e+01 1.582895079492371053e+02 8.613361574495611706e+01
1.661542706979879767e+03 1.521837716541453744e+02 6.146400829651474851e+01 1.591605037146248947e+02 8.564964826208512250e+01
1.662074879059304067e+03 1.515399840956455932e+02 6.073696913667538411e+01 1.600431515427763429e+02 8.517968476585841131e+01
1.662700192783816192e+03 1.508097452281236883e+02 6.025585721942088213e+01 1.608475224218678648e+02 8.458646754016615432e+01
1.663625421328637913e+03 1.504479256086423504e+02 5.920350581374703580e+01 1.618002768346413518e+02 8.429143974770899206e+01
1.665235103373189986e+03 1.501077955597273785e+02 5.829268918981570380e+01 1.627862875468748882e+02 8.412669782013952613e+01
1.667878513893447007e+03 1.505154881183255497e+02 5.673264670981754421e+01 1.637491953019082018e+02 8.439260750164851288e+01
1.668736352115460932e+03 1.505996582819056755e+02 5.553518710074880715e+01 1.647361064278864546e+02 8.455374375171308543e+01
1.669448189514641854e+03 1.507023047424754907e+02 5.427176155402652569e+01 1.657190275455862150e+02 8.473594326160686308e+01
1.670069945433917155e+03 1.503418202142254927e+02 5.360767579536482685e+01 1.667136835407798117e+02 8.483727977272906173e+01
1.670655897813198180e+03 1.496294614239504028e+02 5.307038084205087358e+01 1.677023177907460081e+02 8.497555352095584169e+01
1.671221549796801128e+03 1.493001944271838113e+02 5.221068381094023891e+01 1.687020854593966703e+02 8.495571963769100421e+01
1.671790783735035120e+03 1.492691752551844786e+02 5.123720917146810194e+01 1.697013622999286895e+02 8.494559860965014764e+01
1.672365559537969830e+03 1.493050866446921248e+02 5.048755748879543148e+01 1.706960209234971728e+02 8.484749369307692746e+01
1.672949674038601643e+03 1.492265733727985833e+02 4.997871903690202799e+01 1.716956586423231954e+02 8.484512933183259520e+01
1.673531697665988531e+03 1.491481195780035875e+02 4.934105270927688025e+01 1.726940242331776858e+02 8.489357121912027537e+01
1.674133407688074840e+03 1.490681723021268397e+02 4.866307257389414076e+01 1.736933395295858418e+02 8.488821888191417031e+01
1.674702744880423552e+03 1.488732530788533666e+02 4.790808904238470234e+01 1.746907539347656666e+02 8.495387459140357578e+01
1.675215352371772951e+03 1.488266612864936747e+02 4.687453311982754656e+01 1.756900064817446321e+02 8.496890825356440757e+01
1.675707503860840461e+03 1.489259099407663598e+02 4.581095303783964567e+01 1.766848933665807806e+02 8.506911872398637797e+01
1.676180628888149386e+03 1.491156352510547265e+02 4.484500696257970986e+01 1.776777494510624535e+02 8.518713047126617255e+01
1.676654278878723289e+03 1.493303818025146938e+02 4.389045717142597880e+01 1.786712415042630369e+02 8.529132519337038332e+01
1.677124141200006079e+03 1.494121556785634368e+02 4.292637640679902233e+01 1.796549015552504045e+02 8.546388432500103249e+01
1.677568153128388985e+03 1.492974647187708399e+02 4.199477031614262756e+01 1.806530150064126019e+02 8.551935115372747021e+01
1.678015928662827037e+03 1.490390162575261002e+02 4.108359533302808586e+01 1.816529859595291327e+02 8.551938147027820492e+01
1.678490684938496088e+03 1.486579404279653716e+02 4.028226473828942744e+01 1.826424600160429463e+02 8.544216412066735700e+01
1.678995113519991264e+03 1.482227808662523216e+02 3.962448750092885064e+01 1.835646521305761780e+02 8.507360895028951120e+01
1.679567527375622603e+03 1.475998171623380415e+02 3.911278060254392130e+01 1.843111145253625978e+02 8.443885183623835644e+01
1.680230919267315812e+03 1.468257536785558273e+02 3.884051488259020601e+01 1.847242265976917963e+02 8.353539327889878052e+01
1.680935201398476238e+03 1.462065233199175509e+02 3.898885895340269059e+01 1.848469517156776476e+02 8.256197940061467477e+01
1.681694365386687423e+03 1.454113743707302149e+02 3.926646873305285368e+01 1.846352526588489411e+02 8.158561092925266678e+01
1.682532000843272726e+03 1.446826246994230871e+02 3.947972070220929908e+01 1.843232149211837907e+02 8.063745833598824220e+01
1.684050582928629410e+03 1.444871942707053449e+02 3.981531605262897955e+01 1.840217968484560913e+02 7.969173335955805726e+01
1.686924350629951732e+03 1.444377646915659170e+02 4.034900023254791535e+01 1.843432018139494346e+02 7.909763133885898867e+01
1.688759180840308545e+03 1.436434546459728381e+02 4.093631904167888536e+01 1.845809003464952980e+02 7.835962544172106448e+01
1.689732812821092239e+03 1.429781953084258816e+02 4.102251804795401569e+01 1.844397346843724677e+02 7.737096160711485027e+01
1.690621276082182021e+03 1.429709925640930237e+02 4.104248359671431245e+01 1.844990430292122596e+02 7.637605353366119232e+01
1.691740307002755799e+03 1.421132190265159636e+02 4.133004968904149479e+01 1.845349095842661598e+02 7.537681242364828904e+01
1.692504246131648415e+03 1.407169348714490695e+02 4.138097070619959794e+01 1.847468738735323939e+02 7.440037460792075308e+01
1.693016472464638809e+03 1.396289191376418444e+02 4.122926663307413975e+01 1.848579449140025588e+02 7.340686998473142921e+01
1.693460762912998462e+03 1.386440214506190216e+02 4.099450158098449748e+01 1.848858727959640191e+02 7.240740095266600918e+01
1.693879699778529584e+03 1.377008557750426121e+02 4.087824735057908043e+01 1.850231023046808048e+02 7.141716115160166112e+01
1.694291642036347866e+03 1.367695572378874544e+02 4.076556709156444924e+01 1.850826132434138174e+02 7.041907934597655583e+01
1.694687049064714529e+03 1.361194456413579985e+02 4.058896510019592796e+01 1.851586648537116560e+02 6.942198288447822563e+01
1.695082120316828423e+03 1.357722751817257745e+02 4.057172826386799613e+01 1.852739082993426791e+02 6.842867192763891637e+01
1.695476935354678972e+03 1.352024443320385672e+02 4.065333455589728118e+01 1.852191385488744970e+02 6.743068851108294837e+01
1.695888688755190969e+03 1.343558118582132579e+02 4.069590195727744231e+01 1.852222073221752510e+02 6.643074976226779427e+01
1.696312941751852122e+03 1.332959449367829166e+02 4.082688143279940363e+01 1.853066340298134662e+02 6.543439381705627511e+01
1.696710316141145540e+03 1.322255328222297237e+02 4.087829808734034742e+01 1.852797378443682703e+02 6.443490342135348214e+01
1.697111486245069955e+03 1.311767006054361957e+02 4.085984784558441874e+01 1.853318039373689885e+02 6.343632527811328004e+01
1.697503460493020839e+03 1.302101534179970201e+02 4.087698148904740947e+01 1.854245252262132624e+02 6.244064525055700443e+01
1.697877324657795270e+03 1.293540770430512623e+02 4.093637286145052911e+01 1.854540883401210749e+02 6.144111423122483018e+01
1.698264271249588091e+03 1.284444644015862593e+02 4.086650554074968511e+01 1.856185815705550510e+02 6.045487701636250222e+01
1.698668532878904671e+03 1.275129272472817235e+02 4.064576756771047172e+01 1.857434237063301623e+02 5.946270883283359154e+01
1.699057906981486212e+03 1.267164027818844971e+02 4.043314426831807396e+01 1.857307767336714051e+02 5.846285506233214591e+01
1.699446491675841571e+03 1.259318247239273205e+02 4.024529353361409534e+01 1.858484451709935854e+02 5.746984830212959849e+01
1.699860522586324350e+03 1.249982952798117708e+02 4.003742603682315604e+01 1.859128358475566074e+02 5.647193241138587894e+01
1.700299408215023504e+03 1.239480662890326244e+02 3.994778779415463532e+01 1.859043258849237077e+02 5.547198557440589894e+01
1.700756154092482575e+03 1.228585281881508564e+02 3.997062562759141713e+01 1.859945292421341492e+02 5.447608904374850169e+01
1.701179004671507755e+03 1.218269177660830422e+02 3.996766930820189145e+01 1.859883688672180995e+02 5.347610951394975842e+01
1.701613656236389943e+03 1.207110541456562487e+02 4.001067329162652442e+01 1.860005183204382604e+02 5.247619335709764954e+01
1.702043239819506425e+03 1.195851838641593474e+02 4.011205781267123882e+01 1.860556736180159021e+02 5.147777486852761086e+01
1.702449523104846094e+03 1.185295774158691984e+02 4.016174140307030171e+01 1.860047825918493629e+02 5.047909742700679203e+01
1.702873619870791345e+03 1.174212794984058661e+02 4.009146228958930180e+01 1.860181401403345660e+02 4.947918977506122928e+01
1.703294622884517821e+03 1.164451503033989894e+02 3.997867580329437232e+01 1.860090620005981634e+02 4.847935656000063886e+01
1.703698454040172464e+03 1.156537986226100827e+02 3.995710218288901672e+01 1.858757833895902252e+02 4.748842577564663259e+01
1.704100401944868054e+03 1.148171244121266739e+02 3.999056256246348795e+01 1.858704829568121397e+02 4.648844106754545891e+01
1.704500537212667041e+03 1.138492045881822037e+02 3.998912455004612809e+01 1.858528140879785440e+02 4.548867729155720241e+01
1.704891013823524190e+03 1.128186001988007376e+02 4.003056166169233876e+01 1.857567022867609126e+02 4.449355329860141950e+01
1.705283680795818782e+03 1.117838378550693221e+02 4.003854896040262901e+01 1.858016557355701082e+02 4.349456988883556363e+01
1.705685174670857350e+03 1.107582755311934619e+02 3.988647660211991308e+01 1.858245615155787505e+02 4.249492555936454607e+01
1.706100410553985967e+03 1.097055503162675194e+02 3.978825947687968778e+01 1.857721622419796006e+02 4.149646826725588511e+01
1.706510224121785768e+03 1.086776843548060469e+02 3.975683096219628254e+01 1.858214091635231000e+02 4.049781873851008385e+01
1.706919703842493163e+03 1.076292736699558077e+02 3.968602367172120893e+01 1.857806489040731321e+02 3.949865185638584109e+01
1.707350747190435186e+03 1.064797681015911763e+02 3.958055133724489849e+01 1.857559568106875645e+02 3.849935591255150058e+01
1.707769927466384388e+03 1.053962922259157153e+02 3.940914225506733715e+01 1.858734683658466338e+02 3.750652135969170331e+01
1.708182550892100153e+03 1.043638962602475857e+02 3.919580530876159230e+01 1.858843333007253591e+02 3.650660449471531876e+01
1.708635848171784119e+03 1.033193985471362737e+02 3.893116443880287392e+01 1.859321740157631098e+02 3.550791872988048681e+01
1.709079652816147700e+03 1.024351635672003624e+02 3.868937753215644904e+01 1.860571505979906135e+02 3.451666992244271626e+01
1.709497803274227181e+03 1.016507961764907577e+02 3.840282255684745394e+01 1.859920810001591462e+02 3.351945413484631331e+01
1.709971136142622299e+03 1.007595966009784831e+02 3.811751905481403213e+01 1.860883378640793921e+02 3.252427219847878348e+01
1.710413292191950177e+03 9.990095430268506504e+01 3.796453571469484700e+01 1.862534564827073211e+02 3.153820909181224863e+01
1.710848085000076026e+03 9.887266478483265075e+01 3.782517283934422636e+01 1.863505692430817930e+02 3.054428169092367895e+01
1.711295567412778382e+03 9.778360425508735432e+01 3.760364284465400431e+01 1.866394131736568909e+02 2.958755792382979166e+01
1.711716308379375278e+03 9.680708657938811257e+01 3.753599584152520663e+01 1.867949906227703138e+02 2.859995661065618222e+01
1.712166195848323696e+03 9.581292537977073209e+01 3.767441615835266333e+01 1.868866123168515117e+02 2.760479359947986921e+01
1.712641692986487669e+03 9.484716532854710636e+01 3.770919065679972704e+01 1.870898705564715101e+02 2.662667997476733461e+01
1.713194362641605949e+03 9.391230564636272504e+01 3.771993385833836498e+01 1.871419751424154470e+02 2.562807120985775100e+01
1.714093809677446870e+03 9.340527668205979239e+01 3.890642095941871759e+01 1.871939829773670283e+02 2.463363289879762519e+01
1.715804924097700678e+03 9.293498129404439112e+01 4.137019707344275332e+01 1.869351283863246636e+02 2.366791426259660369e+01
1.716326867158327559e+03 9.240988882434265861e+01 4.213859824277075461e+01 1.865748833311465376e+02 2.274553622789762386e+01
1.716792342291228579e+03 9.206748680747941194e+01 4.302216648798838605e+01 1.858542429227764217e+02 2.205518661638399180e+01
1.717246857324136272e+03 9.180943532925377326e+01 4.396660190905173238e+01 1.850011903846354073e+02 2.154568125350123964e+01
1.717698781512621963e+03 9.170094641576611139e+01 4.497352588422235442e+01 1.840236866394087087e+02 2.136316624302068234e+01
1.718118025234150991e+03 9.184450010433140221e+01 4.595437589445998583e+01 1.830308519530489662e+02 2.147282597962818329e+01
1.718529077361151394e+03 9.213845114913326029e+01 4.690333754257920873e+01 1.820665804568599242e+02 2.172908241136517304e+01
1.718932003326139011e+03 9.243447751233109955e+01 4.780366314421177520e+01 1.811524613320176229e+02 2.213334837255799670e+01
1.719314977077056710e+03 9.275702590517256851e+01 4.869917985385597348e+01 1.802068801286764312e+02 2.245809977183165884e+01
1.719692562265815468e+03 9.302432740759171281e+01 4.965241941901367539e+01 1.792488130520771961e+02 2.274368198467394464e+01
1.720062377517235973e+03 9.320499681430240457e+01 5.060108972343807920e+01 1.783041028586541188e+02 2.306923756888386023e+01
1.720439411579907073e+03 9.337472918401404343e+01 5.157156611366301746e+01 1.773303461508855037e+02 2.329632455831393401e+01
1.720830843233831729e+03 9.346439688640273857e+01 5.257918593193667078e+01 1.763500179810903035e+02 2.349312659237259027e+01
1.721226126587315093e+03 9.342873205791484281e+01 5.359782548975362459e+01 1.753735543977187206e+02 2.369848502446923533e+01
1.721632088178775575e+03 9.336753974916589982e+01 5.465931984112386743e+01 1.743745959836202530e+02 2.374269322527722892e+01
1.722044291028463931e+03 9.325201472251652035e+01 5.569460693885622504e+01 1.733753956594271983e+02 2.377160826659369164e+01
1.722445404073203008e+03 9.313343239276616714e+01 5.665542593801577453e+01 1.723793120859213275e+02 2.384363241281057810e+01
1.722864812803009045e+03 9.306253127058538155e+01 5.765784976550714447e+01 1.713802799703476296e+02 2.380114802044064959e+01
1.723296366828123610e+03 9.288023403222373986e+01 5.870729423719367901e+01 1.703804856967742580e+02 2.378214316294426567e+01
1.723724854547726636e+03 9.257112546815363885e+01 5.975180948299957606e+01 1.693836430271731217e+02 2.372327244714568906e+01
1.724144114436685641e+03 9.229108993319711374e+01 6.076912610002274562e+01 1.683971087691008961e+02 2.357041517112253715e+01
1.724546393606304491e+03 9.215595376535168270e+01 6.176700633016608322e+01 1.673975570201831715e+02 2.354219156702918170e+01
1.724951870480073467e+03 9.213496873373797769e+01 6.282085778579234869e+01 1.663994667319418284e+02 2.348330305831977327e+01
1.725364156155546652e+03 9.202781917595902428e+01 6.388517120315840714e+01 1.654036194365405947e+02 2.340251929975677569e+01
1.725777029266361069e+03 9.190584867553724280e+01 6.493609360293929456e+01 1.644046078402408000e+02 2.339299960250708210e+01
1.726211246093527734e+03 9.181283313516966871e+01 6.604113803662416160e+01 1.634094112657421078e+02 2.329607080033384747e+01
1.726638352375295199e+03 9.164278454228589510e+01 6.707169292630460689e+01 1.624112738448889104e+02 2.324046870567261536e+01
1.727036039384734750e+03 9.139898355636408667e+01 6.798402211260317074e+01 1.614135036996023587e+02 2.321001744489492680e+01
1.727430837442171196e+03 9.118842081066567573e+01 6.887781785053093131e+01 1.604241046962559665e+02 2.306650346028276033e+01
1.727850461083793334e+03 9.094954382508515778e+01 6.970479109750550606e+01 1.594313398533981001e+02 2.295189034357770197e+01
1.728324272335214573e+03 9.069804859312021961e+01 7.027953385058572167e+01 1.584518396722706655e+02 2.275187810280505118e+01
1.728888499574253501e+03 9.066818508053981418e+01 7.064586376405070212e+01 1.574760021208617502e+02 2.255988286050300573e+01
1.729505847179183547e+03 9.082353850783316318e+01 7.133099107735888822e+01 1.564760129164647822e+02 2.255913100964376383e+01
1.730043814569915185e+03 9.096698465307308368e+01 7.239124673061232329e+01 1.554973865280928464e+02 2.265630327714706382e+01
1.730510018768523423e+03 9.125365016984274291e+01 7.329901000992708759e+01 1.545874105936606497e+02 2.306948674608021221e+01
1.730973229084398781e+03 9.172819763807306970e+01 7.403039646974464461e+01 1.537274108185700072e+02 2.357398244789472486e+01
1.731450375910887715e+03 9.237286654857254575e+01 7.455805363040450118e+01 1.530297997256175222e+02 2.426513105637078738e+01
1.731942016637394090e+03 9.309356770475758935e+01 7.493992868743582392e+01 1.526074443942275423e+02 2.516725195214442579e+01
1.732452380022970601e+03 9.396897626605189657e+01 7.514065217840149558e+01 1.523713464881515165e+02 2.613421822490344582e+01
1.732931590354927494e+03 9.502392043892039908e+01 7.521281777496199084e+01 1.523093555129392200e+02 2.713119242455925928e+01
1.733367124972002784e+03 9.612374191060582973e+01 7.530251162492034211e+01 1.522862683727475712e+02 2.812991727732257630e+01
1.733773128152619165e+03 9.718363015948905570e+01 7.536301611004266476e+01 1.522170602580094112e+02 2.912709784300707128e+01
1.734163320102841453e+03 9.820961826734240674e+01 7.545928397726181913e+01 1.521825619854268723e+02 3.012643784104294653e+01
1.734551387829381383e+03 9.927877813424994713e+01 7.555173086058049137e+01 1.521157810570614970e+02 3.112394571395220666e+01
1.734936987954634560e+03 1.003638288327205856e+02 7.567079934683286524e+01 1.520489929813957133e+02 3.212057596579576568e+01
1.735314322192305326e+03 1.014305344898345993e+02 7.583536272024664981e+01 1.520310876229812038e+02 3.312001049554216792e+01
1.735683504793218844e+03 1.024813310493568537e+02 7.593408894383867391e+01 1.519598959267422060e+02 3.411731794310556865e+01
1.736053231201911785e+03 1.035291668256437561e+02 7.597747097557004281e+01 1.519086649924029473e+02 3.511394430868137562e+01
1.736419740431273794e+03 1.045380241677203372e+02 7.607406423095427783e+01 1.519482410008300519e+02 3.611316077254918611e+01
1.736787402440481173e+03 1.055246147472914515e+02 7.617163602936535938e+01 1.519709342771435843e+02 3.711264022416771269e+01
1.737171664291983006e+03 1.065466717637967378e+02 7.628742080465700326e+01 1.519851001946296947e+02 3.811197764613910977e+01
1.737565448156567754e+03 1.075858712652956513e+02 7.645426888202298699e+01 1.520198069847276088e+02 3.911067327132413851e+01
1.737963546424603919e+03 1.086434640869103845e+02 7.655081113968390127e+01 1.519637641825213450e+02 4.010769911748987937e+01
1.738366058826009521e+03 1.097263434790571779e+02 7.657822528284165742e+01 1.518662840607170494e+02 4.110196646532435238e+01
1.738763022996281279e+03 1.108072641171487618e+02 7.664496294592089498e+01 1.518411009720452967e+02 4.210151780897859908e+01
1.739147232335119952e+03 1.118652758825266034e+02 7.671414077464888237e+01 1.518476105832307326e+02 4.310141393022504985e+01
1.739540909744352575e+03 1.129424415309906635e+02 7.679218487574379992e+01 1.519009335876800719e+02 4.409919617980279583e+01
1.739947646231187036e+03 1.140052348630710668e+02 7.694921216209309023e+01 1.519706620246070656e+02 4.509541723742569275e+01
1.740359956560623687e+03 1.150039275883169410e+02 7.713052541244721283e+01 1.519555471769977544e+02 4.609511644156999211e+01
1.740774231079847596e+03 1.159663352414838471e+02 7.720233360614309959e+01 1.519302171174084037e+02 4.709456755117386706e+01
1.741193249495697955e+03 1.169459435807073646e+02 7.719155656340123528e+01 1.518937967115993786e+02 4.809248919973652647e+01
1.741624530716235085e+03 1.179527365584415719e+02 7.728307116825344281e+01 1.517874116365319139e+02 4.908681340050420516e+01
1.742062009063416781e+03 1.189166997687949987e+02 7.758351717272459780e+01 1.516581262561969936e+02 5.007787151093303635e+01
1.742516607091690958e+03 1.198140790284196271e+02 7.806514952292609166e+01 1.514393055998515081e+02 5.105170500957202506e+01
1.742993712223886860e+03 1.206481742845167275e+02 7.866951542313719870e+01 1.511697324737127701e+02 5.201403768076342260e+01
1.743484567146945210e+03 1.214133371585464403e+02 7.943020176621116946e+01 1.509395140621219014e+02 5.298715832121700942e+01
1.744020865013306093e+03 1.221252712044549895e+02 8.021483023861887318e+01 1.507182669490656508e+02 5.396213492788915289e+01
1.744785266072909963e+03 1.227875905644105927e+02 8.042587566817168465e+01 1.505628891730712837e+02 5.494871808157159165e+01
1.749969168089131244e+03 1.245730349044002594e+02 7.704522263396613369e+01 1.506065997969354839e+02 5.593250674747161355e+01
1.751865384963869246e+03 1.262519305860381849e+02 7.573313235944748101e+01 1.510038917763523614e+02 5.684907324944990847e+01
1.752443720474601378e+03 1.273809080331078718e+02 7.547192872229906868e+01 1.514270065963622471e+02 5.775514473135574889e+01
1.752973205546556301e+03 1.284796188665742989e+02 7.531345680228892547e+01 1.515766447630912523e+02 5.874195969059676514e+01
1.753463472295149813e+03 1.292314237371768968e+02 7.543434677982322967e+01 1.518201319991687228e+02 5.971161464427712673e+01
1.753948457401952965e+03 1.301921647547914347e+02 7.548451556882061197e+01 1.518415525558932870e+02 6.071034590519951735e+01
1.754480607304207751e+03 1.314099453867297882e+02 7.553088757658069596e+01 1.520629791299997748e+02 6.168468519220724744e+01
1.754972679003946723e+03 1.324255982308723958e+02 7.559181087317844572e+01 1.520399408675605173e+02 6.268332028682514334e+01
1.755467644519385885e+03 1.334585029999430787e+02 7.591654567539048060e+01 1.520924885570726417e+02 6.368182936548797102e+01
1.755925676491163813e+03 1.344840643891261607e+02 7.620840517924247592e+01 1.522139665707512677e+02 6.467435577401394653e+01
1.756340769648840478e+03 1.354806597222949165e+02 7.631512953195998250e+01 1.519807734525038825e+02 6.564480302049670968e+01
1.756749956539701088e+03 1.364191139777180695e+02 7.643040961647166398e+01 1.517983294218507808e+02 6.662796548502750227e+01
1.757132177370009003e+03 1.371487835421558827e+02 7.671370404783571928e+01 1.515234109581701887e+02 6.758930406657648859e+01
1.757551399404027734e+03 1.379224121413512307e+02 7.708298774618722859e+01 1.509707292012171251e+02 6.842123876388100712e+01
1.757997753600744318e+03 1.388282561743359338e+02 7.740560472587563368e+01 1.505401632973678829e+02 6.932349299219106342e+01
1.758429551400011860e+03 1.396198737264229237e+02 7.785232514400424009e+01 1.500003392350874378e+02 7.016503032593665523e+01
1.758905229964251930e+03 1.404688660433373286e+02 7.807864048081697206e+01 1.493634187103426427e+02 7.093574462390311908e+01
1.759376022966437858e+03 1.411966678378411757e+02 7.873082964406418682e+01 1.489784521886493849e+02 7.185752713680642501e+01
1.759863070824387705e+03 1.419074061667509170e+02 7.938447308047753381e+01 1.482874450331448202e+02 7.257811261757774446e+01
1.760352072545005967e+03 1.426440359271355192e+02 8.000241024738851081e+01 1.475245013555657465e+02 7.322442041533238921e+01
1.760748747471806837e+03 1.431975325005006425e+02 8.056202364094028212e+01 1.470064506247062184e+02 7.407842692231047010e+01
1.761158269519512487e+03 1.435967558450046511e+02 8.069303688601110025e+01 1.464035916351107574e+02 7.487611192468322940e+01
1.761564019271086181e+03 1.443135184422298209e+02 8.099906505021864689e+01 1.458105867123002213e+02 7.568130778947742954e+01
1.761985136635128583e+03 1.447150073011434586e+02 8.175542512483866631e+01 1.451256864209824187e+02 7.640972872336313060e+01
1.762414728078560529e+03 1.448526090930779162e+02 8.254843978483476974e+01 1.441891889796452517e+02 7.675514889374318273e+01
1.762862892802614169e+03 1.448700668083993151e+02 8.356660866033357138e+01 1.432604291474606555e+02 7.712580326580601309e+01
1.763306929908112579e+03 1.446491857396363230e+02 8.458665758150493730e+01 1.422659320951114523e+02 7.722443987885976924e+01
1.763736773585861101e+03 1.445831413271058636e+02 8.559311769553677607e+01 1.412742803628484296e+02 7.709820974052929898e+01
1.764160695798951565e+03 1.447307876620142224e+02 8.647558355090488647e+01 1.402754516883823328e+02 7.714231642191234073e+01
1.764610578428938197e+03 1.448648700127548921e+02 8.717351263118250415e+01 1.393012590539839266e+02 7.691836373333785559e+01
1.765071225739926604e+03 1.448852956241375125e+02 8.734863056945924598e+01 1.383182871342579006e+02 7.673466443909084944e+01
1.765573990411836121e+03 1.447870649449480140e+02 8.744725138300873368e+01 1.373750166708693712e+02 7.640300018315893738e+01
1.766088986738819358e+03 1.453399099321181609e+02 8.753677757725608899e+01 1.366040961413021080e+02 7.576648384145352111e+01
1.767555074882182680e+03 1.449140842565931564e+02 8.782409633120531112e+01 1.362567468547365479e+02 7.507744958362887644e+01
1.770418044398791608e+03 1.443946222896153984e+02 8.768385957083570759e+01 1.372338218041221012e+02 7.495660076734085919e+01
1.773260333762749042e+03 1.445051524956817559e+02 8.659588612469984525e+01 1.382170185934635640e+02 7.513660698845386321e+01
1.775591181411470870e+03 1.448035153270738817e+02 8.400147446350740665e+01 1.392092452641321358e+02 7.526100994443095260e+01
1.777649615545527695e+03 1.447914746261730841e+02 8.291981280616893457e+01 1.402015922311810812e+02 7.538422258480592575e+01
1.779315910909877857e+03 1.444038491791552019e+02 8.338408801042953655e+01 1.409333943438729762e+02 7.546230729616691235e+01
1.781071210038572644e+03 1.427839940611098655e+02 8.311008362160953311e+01 1.413962748330315833e+02 7.566844493352046186e+01
1.783167597608756751e+03 1.427766880689643756e+02 8.309062231064436332e+01 1.423748375622450624e+02 7.570480782246389140e+01
1.785586542460816872e+03 1.425357132130878597e+02 8.299049599534313870e+01 1.433261050088408126e+02 7.564439238113860142e+01
1.787172316659292164e+03 1.423547391607419286e+02 8.288542312117729693e+01 1.442728049585202825e+02 7.532522134128038260e+01
1.787657456740417274e+03 1.423988479332635109e+02 8.292603586713485697e+01 1.451011822897261823e+02 7.556802082929853270e+01
1.788305740911774819e+03 1.422846092664877062e+02 8.381941593464102880e+01 1.445546906248115704e+02 7.608529121008631080e+01
1.789514192563277902e+03 1.422645656642558549e+02 8.560782156402235898e+01 1.435578772450083420e+02 7.609035373764889698e+01
1.790185714491173485e+03 1.425534383957837292e+02 8.663976539794647636e+01 1.425637964751692266e+02 7.619856311036377861e+01
1.790718765543319023e+03 1.429933755355473863e+02 8.759425484299033826e+01 1.415742646097309319e+02 7.634058173477264120e+01
1.791212256291807307e+03 1.435281796932201814e+02 8.847994293058269477e+01 1.405839598390568597e+02 7.647290841647212289e+01
1.791706384266922441e+03 1.439603846550485287e+02 8.939131314824417984e+01 1.395863439856069874e+02 7.653783595450560995e+01
1.792196177064721041e+03 1.441313469924666606e+02 9.025313144655434883e+01 1.385903081592265380e+02 7.650145801650916155e+01
1.792693574882677467e+03 1.439985067423889973e+02 9.094946201550750686e+01 1.375978466974131038e+02 7.637890214916853893e+01
1.793259759381259983e+03 1.437414441444981321e+02 9.142864252799496683e+01 1.366427330642898426e+02 7.612273734763307687e+01
1.794187333665014876e+03 1.436496017541710444e+02 9.160344833148560895e+01 1.360580524309779662e+02 7.542945964666807868e+01
1.795735407393266769e+03 1.436499031751505413e+02 9.129341421936901213e+01 1.365788186182952018e+02 7.486814449291490803e+01
1.819755995370025403e+03 1.440473100374875344e+02 9.110770703153494310e+01 1.374880290843182706e+02 7.462826884340923073e+01
1.837226601540782667e+03 1.443231188830404790e+02 9.185187344311530921e+01 1.365374021523037698e+02 7.481883144983883938e+01
1.838375058703446939e+03 1.440508292961823997e+02 9.164472664769051846e+01 1.365802479343857385e+02 7.571855482085751987e+01
1.839113824791654451e+03 1.437761338176092920e+02 9.080361727314399900e+01 1.374947132183768872e+02 7.603629431689589069e+01
1.839572133263935939e+03 1.435425753619924478e+02 9.000286407697899449e+01 1.384850392462768696e+02 7.589774634463869063e+01
1.839917386423000380e+03 1.432631488800404611e+02 8.924270422211201037e+01 1.394698833343107367e+02 7.573715491591683246e+01
1.840260763484602649e+03 1.427651936098099839e+02 8.849719530059731198e+01 1.404260924064659832e+02 7.544589597273424886e+01
1.840567300181485734e+03 1.421735155217549220e+02 8.781256914445850725e+01 1.413659222832650357e+02 7.510426093892606048e+01
1.840898083583446578e+03 1.415000675746486536e+02 8.698116475907892209e+01 1.422953244622032400e+02 7.473751242106557413e+01
1.841236224031105394e+03 1.408830006096063698e+02 8.604577032304905515e+01 1.431898502332082330e+02 7.429110159086297926e+01
1.841537555410243613e+03 1.404461613498211250e+02 8.516538543186710797e+01 1.440680057581471374e+02 7.381283870726915097e+01
1.841847529937588433e+03 1.399732563565773091e+02 8.430389692668607893e+01 1.449312390958988601e+02 7.331413334147573835e+01
1.842165971073888841e+03 1.395428322360587003e+02 8.343398237409111573e+01 1.457265550408963861e+02 7.270839351180096344e+01
1.842460740059156706e+03 1.391714800509077747e+02 8.260544643901100414e+01 1.465606748529833681e+02 7.215882856395859335e+01
1.842769786372125736e+03 1.387088169210507260e+02 8.176277303836646126e+01 1.474235695983949768e+02 7.165609091914784301e+01
1.843093167985893160e+03 1.381610062570519233e+02 8.093510906416969419e+01 1.482353388498086133e+02 7.107215685882401601e+01
1.843396230879257473e+03 1.376432572740020817e+02 8.016897537411641395e+01 1.490533459790484585e+02 7.049865400278930849e+01
1.843722485839411547e+03 1.371556425038505722e+02 7.931168740317116317e+01 1.499043578351504209e+02 6.997461349132250064e+01
1.844048468938786982e+03 1.368251589670551311e+02 7.840336750005815247e+01 1.507324629077639315e+02 6.941496516587615417e+01
1.844358961380487699e+03 1.365730546755882813e+02 7.751892446659186930e+01 1.516107285380149960e+02 6.894332006521091216e+01
1.844683370157175432e+03 1.363378442976539873e+02 7.660362038965529052e+01 1.525474789938872391e+02 6.859341660347838854e+01
1.845020999004937494e+03 1.362200109551008040e+02 7.563687283728323507e+01 1.534917042003964980e+02 6.827435295877938870e+01
1.845347846915162791e+03 1.362315569471393530e+02 7.467120565442364466e+01 1.544783214080149207e+02 6.815940043684554439e+01
1.845680287392352511e+03 1.361198060206605476e+02 7.366255159166765054e+01 1.554753206472205136e+02 6.822844045291360260e+01
1.846011435360430596e+03 1.359763659856757840e+02 7.267356227156783177e+01 1.564734844001634997e+02 6.826384940292382453e+01
1.846313599499927022e+03 1.359387843781420884e+02 7.176381827007331538e+01 1.574655104879224155e+02 6.838966534170158695e+01
1.846636922167734610e+03 1.360013039247263293e+02 7.076579940690898241e+01 1.584576978697145364e+02 6.847860368669286402e+01
1.846978021736306573e+03 1.362556342821733324e+02 6.976358376832212116e+01 1.594557485387297504e+02 6.841634195148891706e+01
1.847304887275617602e+03 1.365684892504213224e+02 6.884316449771873181e+01 1.604546122225816589e+02 6.837366024326276204e+01
1.847646951558379897e+03 1.366337367069799029e+02 6.787565766855283300e+01 1.614532403020584468e+02 6.834371645903158310e+01
1.848015952684603690e+03 1.367862390590333348e+02 6.699909783303390043e+01 1.624490462815393812e+02 6.826247528317901470e+01
1.848400015865379601e+03 1.369743842080996785e+02 6.626125612519314245e+01 1.634490244878965370e+02 6.825643997177344602e+01
1.848810915865416064e+03 1.370727458027284058e+02 6.548076360349467961e+01 1.644462359240180263e+02 6.821854100839554746e+01
1.849233267131782213e+03 1.371959910797897919e+02 6.477394921613708334e+01 1.654376029624148430e+02 6.811065609369596530e+01
1.849671391589395171e+03 1.372746218138688903e+02 6.444577853165937142e+01 1.664328670144719240e+02 6.808056434093231246e+01
1.850225650825530238e+03 1.372732087947353250e+02 6.441026733685897909e+01 1.674168300000691545e+02 6.796807322236398363e+01
1.853729541529483868e+03 1.372091648927635106e+02 6.504878498157066247e+01 1.683705712020335739e+02 6.793116070459991818e+01
1.861113758088877830e+03 1.371652720683385382e+02 6.638165180437107438e+01 1.691934995658840535e+02 6.736394248170671517e+01
1.862181021354368795e+03 1.376134194416218577e+02 6.644301702301206092e+01 1.700941454279285381e+02 6.703310417613629113e+01
1.864390155003816517e+03 1.381614522687800104e+02 6.665533302497628654e+01 1.710641381824234202e+02 6.716825683516101719e+01
