# ts_seconds,x,y,gt_x,gt_y
3.095153656819988555e+03 1.714968923176639919e+02 7.025130596323852217e+01 1.714968923176639919e+02 7.025130596323852217e+01
3.098497549165965665e+03 1.714248934766291654e+02 7.186431057925513244e+01 1.705894638995343087e+02 6.983501518831684507e+01
3.098965724652746758e+03 1.713612368670957267e+02 7.284133276966564097e+01 1.695945530759928204e+02 6.993190639205644743e+01
3.099413833661576064e+03 1.713743867339435951e+02 7.383181112359659437e+01 1.686034067231649374e+02 6.979992063567736693e+01
3.099852822887414277e+03 1.714412313049251679e+02 7.482983214906873570e+01 1.676036078008796153e+02 6.978811133815018763e+01
3.100221722013504404e+03 1.715034161817076779e+02 7.567202201911830173e+01 1.666103774629610541e+02 6.990289026562521713e+01
3.100627714880120493e+03 1.716332821131807407e+02 7.662708034392487377e+01 1.656106533261146012e+02 6.987941799295255407e+01
3.101036393221777871e+03 1.717904261855449306e+02 7.758481697425608559e+01 1.646110242536233557e+02 6.986560699430995669e+01
3.101392881844376006e+03 1.718508714547150760e+02 7.845863787034934944e+01 1.636236378479912617e+02 7.002365100999188030e+01
3.101780299340516194e+03 1.718857204100980027e+02 7.942817420514691662e+01 1.626275292569850137e+02 7.010953700244550646e+01
3.102140548650032542e+03 1.719896821643258136e+02 8.030655119803037678e+01 1.616290305835695449e+02 7.005628194231267969e+01
3.102541968524426920e+03 1.720700729646334253e+02 8.132236970196787240e+01 1.606297155638157790e+02 7.009328306776858142e+01
3.102923463106893905e+03 1.720297603280721717e+02 8.225948205157132520e+01 1.596305268618289119e+02 7.012150032803721444e+01
3.103299241432875078e+03 1.720069126656396463e+02 8.318111521978570977e+01 1.586439290032654696e+02 6.995836055309619894e+01
3.103708824974537492e+03 1.720893121959669543e+02 8.417254542582068666e+01 1.576538517325189730e+02 6.981968709568610620e+01
3.104045387636714167e+03 1.721904660772834461e+02 8.494409995868122110e+01 1.566540105062557870e+02 6.983106591949983510e+01
3.104419635902867867e+03 1.723946833218081167e+02 8.581396263826296433e+01 1.556588972533865842e+02 6.992953251059122977e+01
3.104778656726503414e+03 1.726894646551085089e+02 8.660564882466165670e+01 1.546611579248779833e+02 6.998680645532004974e+01
3.105149271355947803e+03 1.730191349580410360e+02 8.741832941028364701e+01 1.536993216867156207e+02 7.025938587755520359e+01
3.105532825969723945e+03 1.734024658635191543e+02 8.822442643708853893e+01 1.527841290430574475e+02 7.066194908526954066e+01
3.105925256214703950e+03 1.738794850063205502e+02 8.904897349473974089e+01 1.518313285342893835e+02 7.096461240849242813e+01
3.106347144200585717e+03 1.743649020764033253e+02 8.995204718847583081e+01 1.509302026391363256e+02 7.139751608963179308e+01
3.106708942476115226e+03 1.747114158912324342e+02 9.075858735600446892e+01 1.500915339043918095e+02 7.194147829925607596e+01
3.107108045846252480e+03 1.751384274135943429e+02 9.166263226791807028e+01 1.491800596786991377e+02 7.235245948878068134e+01
3.107490568996521233e+03 1.756008099388782284e+02 9.248476559596306856e+01 1.482364773511124554e+02 7.268186097889488906e+01
3.107832132495507722e+03 1.760293328453866479e+02 9.324283919019626410e+01 1.473659172572876628e+02 7.317374707088066543e+01
3.108186742134806082e+03 1.765051512613548255e+02 9.403623412453903541e+01 1.465282313252430413e+02 7.371940838021660625e+01
3.108514500390858757e+03 1.769654863314642910e+02 9.477651939104329415e+01 1.456330150325967736e+02 7.416497944131292286e+01
3.108889241109943669e+03 1.775056975897993254e+02 9.564336323715714627e+01 1.447575087577173178e+02 7.464759993284413042e+01
3.109239388786856125e+03 1.780461939854172897e+02 9.642579817751770577e+01 1.439428415206648992e+02 7.522732631093637679e+01
3.109596722500668420e+03 1.786577929953366777e+02 9.718377738509533970e+01 1.430867744326137085e+02 7.574419100970864349e+01
3.109950418526329486e+03 1.792210741664230795e+02 9.790425776974969096e+01 1.422337938481147148e+02 7.626562569054327412e+01
3.110282362470888984e+03 1.796810118930943077e+02 9.862183243833821678e+01 1.414429773070153260e+02 7.687763038113143921e+01
3.110674163947059697e+03 1.801500629730869036e+02 9.952046907515905616e+01 1.406257336960008786e+02 7.745267153926795345e+01
3.111052593135385450e+03 1.805046312009209544e+02 1.003663972715040984e+02 1.397195489449173920e+02 7.787554968604942474e+01
3.111465648788763701e+03 1.807040935620124458e+02 1.013206768790117849e+02 1.388145584737328875e+02 7.829989582267023707e+01
3.111896292492032444e+03 1.807560227202212388e+02 1.023880698493827310e+02 1.378563608057199303e+02 7.857773017371505375e+01
3.112280892425995717e+03 1.807607524578509981e+02 1.033776905345962547e+02 1.368564143524849328e+02 7.856936128526962193e+01
3.112678518201310453e+03 1.807021263973942098e+02 1.044091143570401528e+02 1.358569808756881514e+02 7.853573907590261172e+01
3.113058965916018678e+03 1.806112864079212272e+02 1.053584153209803986e+02 1.348586707583276052e+02 7.849768557428463112e+01
3.113442013339830282e+03 1.804954557364981724e+02 1.063177738413149598e+02 1.338813950355694828e+02 7.828609095660623041e+01
3.113833295188111606e+03 1.802886397416037312e+02 1.072418458092100622e+02 1.328942039371625867e+02 7.812675966463667976e+01
3.114205238426931373e+03 1.800089772318500820e+02 1.080730104763802046e+02 1.319061317536060187e+02 7.798495069036906102e+01
3.114617200986261196e+03 1.796557674238919731e+02 1.090173862588821123e+02 1.309778161166795485e+02 7.761389177082965318e+01
3.115011194967961274e+03 1.791990043549778022e+02 1.098459827889505931e+02 1.300859615932255906e+02 7.716156965882288432e+01
3.115410128920652824e+03 1.786221716759755793e+02 1.105636461974847720e+02 1.292023718654252491e+02 7.669609362381956430e+01
3.115853425525423063e+03 1.779950908125147180e+02 1.113801118366758374e+02 1.284247139004961866e+02 7.606772960563827723e+01
3.116277191998015951e+03 1.773907048925245817e+02 1.121926376610310570e+02 1.276891064894229402e+02 7.539121035942694959e+01
3.116698885956189315e+03 1.767207792011066658e+02 1.129886507119561827e+02 1.268829693542065087e+02 7.480094803018951666e+01
3.117126887082588382e+03 1.760802253985674497e+02 1.138286152841998984e+02 1.261678980856819550e+02 7.410197561088901352e+01
3.117526826931852156e+03 1.754991396042016447e+02 1.145920368063593742e+02 1.254222045024442878e+02 7.343635368495900195e+01
3.117912761989776300e+03 1.749320496070803017e+02 1.153008880069110091e+02 1.246166909823773636e+02 7.284428850015387980e+01
3.118329332405794958e+03 1.743400954301194190e+02 1.161084020545903286e+02 1.238608839560429260e+02 7.218962260844250522e+01
3.118724677306350259e+03 1.738930195063913686e+02 1.169975016220530222e+02 1.230673755466559101e+02 7.158383499314298604e+01
3.119091372637062705e+03 1.735564851071918895e+02 1.178784396990357664e+02 1.221719204175132205e+02 7.113868498104601201e+01
3.119476583458085770e+03 1.732932154713897717e+02 1.187795432532463593e+02 1.212725445074528778e+02 7.070182189617101187e+01
3.119826071383824001e+03 1.731119637079469555e+02 1.196050048479185506e+02 1.203469129556206951e+02 7.032530095306078977e+01
3.120192852216333904e+03 1.729660030281812624e+02 1.204755625377564314e+02 1.193809278764558712e+02 7.006680835379454209e+01
3.120584397070654632e+03 1.728209941285066691e+02 1.214050168966644918e+02 1.184094174879648591e+02 6.982986167004257538e+01
3.121006210634877789e+03 1.727126286587436823e+02 1.224177736719378231e+02 1.174386646199895097e+02 6.960387945393475206e+01
3.121460351976074890e+03 1.728046593012757342e+02 1.234504990620566645e+02 1.164410333373340052e+02 6.964447332529496748e+01
3.121877137730354207e+03 1.729451408097309013e+02 1.244570250013340171e+02 1.154615772712845967e+02 6.984591463842832582e+01
3.122274652776942276e+03 1.730953545134337617e+02 1.254339482102548402e+02 1.144801401312657561e+02 7.003349534210954630e+01
3.122680865374082714e+03 1.732387997288143993e+02 1.263639278688796992e+02 1.135250301894504190e+02 7.032935248943262252e+01
3.123075938581521314e+03 1.733879954770186202e+02 1.273003957819035747e+02 1.125539360899605441e+02 7.055697261854382418e+01
3.123482183207085200e+03 1.735363649916841098e+02 1.283085466923099887e+02 1.115543282718963098e+02 7.058497604403267189e+01
3.123908378554476258e+03 1.736504349457285343e+02 1.293340660515119396e+02 1.105549020310757413e+02 7.061714527311099232e+01
3.124289509611944595e+03 1.738785691998126879e+02 1.301990945250363154e+02 1.095566514638984756e+02 7.066811312047234139e+01
3.124686191093392608e+03 1.740319170286717565e+02 1.310469240469496697e+02 1.085571171927993532e+02 7.064100564658033932e+01
3.125107335056779448e+03 1.740836324552119834e+02 1.319772782547400425e+02 1.075575757198201785e+02 7.066101819295009534e+01
3.125527414847647378e+03 1.741067803277814789e+02 1.329413215284220939e+02 1.065605847583140076e+02 7.073325105239834443e+01
3.126003977172511895e+03 1.741676993125895763e+02 1.339887609170332610e+02 1.055605948443361939e+02 7.072902313627062654e+01
3.126513904064600865e+03 1.742092126743278868e+02 1.349383531308726560e+02 1.045607182783274567e+02 7.073438510196183415e+01
3.127045443140633779e+03 1.742152928587063627e+02 1.356767943293603480e+02 1.035618937356618261e+02 7.076595873999909259e+01
3.127805547385426053e+03 1.742329083840936335e+02 1.362929954783847961e+02 1.025640529502546627e+02 7.070028838877641419e+01
3.129260245907240005e+03 1.741897078317424530e+02 1.369732272102716877e+02 1.015663978838312289e+02 7.063275670039007537e+01
3.131068600590019742e+03 1.739680028966632790e+02 1.381754314160535557e+02 1.005702212968398470e+02 7.057196206340981348e+01
3.132054253406711268e+03 1.738945432063442240e+02 1.393255339862487290e+02 9.957157652083424182e+01 7.062193586862049699e+01
3.132732006366076348e+03 1.738310039578613271e+02 1.403787310204556604e+02 9.857256804640411474e+01 7.066060023529956879e+01
3.133271317062161415e+03 1.737194951688272795e+02 1.413666880203905691e+02 9.757592463869383437e+01 7.068507178155959991e+01
3.133807461012509521e+03 1.736617087141106879e+02 1.424185105890268801e+02 9.657967535090790534e+01 7.060173740164346157e+01
3.134314543329945991e+03 1.736771032795226972e+02 1.434200580644779563e+02 9.558053932386894758e+01 7.056149479543141467e+01
3.134770286222931645e+03 1.737283268683002859e+02 1.443217283289152135e+02 9.458075049922241817e+01 7.054258336359441728e+01
3.135224785692113983e+03 1.737746909760282961e+02 1.452278293006611989e+02 9.358188869815913336e+01 7.056373164767273920e+01
3.135670567440132345e+03 1.738040012228982221e+02 1.461177668996589887e+02 9.258498439978038164e+01 7.064067990776676709e+01
3.136119364606237468e+03 1.738439838380564311e+02 1.470400555514820553e+02 9.158598799888744679e+01 7.067173282606090368e+01
3.136575767022854961e+03 1.738883803969908683e+02 1.479918172643990317e+02 9.058638609419890031e+01 7.067148373074968504e+01
3.137015014867994523e+03 1.738963346168529540e+02 1.488785249049687707e+02 8.958723633279657861e+01 7.071259434292016977e+01
3.137490964932541374e+03 1.738550883512588996e+02 1.498349767972770508e+02 8.858856472137657079e+01 7.071522971231263455e+01
3.138003112270980637e+03 1.737992494249009212e+02 1.508984523366401049e+02 8.759147655830969370e+01 7.063897453579753005e+01
3.138498256145532196e+03 1.737582763708653317e+02 1.519366019320476653e+02 8.659441873841724657e+01 7.056232507563873924e+01
3.138992021313616533e+03 1.737842566791471199e+02 1.529712990550527536e+02 8.559682279373258496e+01 7.049385753366631491e+01
3.139487114624122114e+03 1.739095640559458218e+02 1.540067587197892749e+02 8.459841311152338506e+01 7.047716928746281440e+01
3.139931078412271290e+03 1.740231769705171416e+02 1.549310944155155028e+02 8.360004294065146269e+01 7.053239625832115678e+01
3.140356121324852666e+03 1.740556926371801580e+02 1.558197817953234789e+02 8.260125614445068720e+01 7.053307350814699817e+01
3.140792724283311600e+03 1.740374545108706172e+02 1.567173824146313450e+02 8.160314650871507069e+01 7.047699912850418968e+01
3.141227232702969559e+03 1.739880291659966076e+02 1.575883841913876324e+02 8.060348125934196162e+01 7.045261035831840957e+01
3.141700685405730837e+03 1.739087230565444315e+02 1.585213699163562353e+02 7.960898615531796452e+01 7.037110362632193983e+01
3.142185099429960246e+03 1.738316732724070448e+02 1.594739134570132535e+02 7.862259491194706129e+01 7.020829274379053686e+01
3.142656666874894654e+03 1.737607636358054890e+02 1.603824373833359118e+02 7.762902480479971246e+01 7.009904721614299206e+01
3.143147031215448351e+03 1.736914252148614821e+02 1.612781948285695250e+02 7.663542230345665018e+01 6.999819678862147043e+01
3.143659022049742816e+03 1.736868003781193863e+02 1.622015396355750738e+02 7.564788578914281914e+01 6.984339680402403872e+01
3.144192457103251400e+03 1.737731274720338490e+02 1.631705159998949171e+02 7.465276688316211562e+01 6.978480776714602030e+01
3.144743590657614277e+03 1.738825438625690083e+02 1.641856160485837677e+02 7.365397407492402237e+01 6.983304410069285950e+01
3.145254080820417585e+03 1.739715103481008214e+02 1.651693654131130984e+02 7.265512457527218260e+01 6.987862820304121669e+01
3.145742383509765659e+03 1.740484789130690046e+02 1.661424592857660798e+02 7.165733024001812623e+01 6.994500855489141600e+01
3.146253131599895823e+03 1.741285229692518612e+02 1.671402505043335509e+02 7.065891596770121907e+01 6.997904634332714124e+01
3.146763159607654416e+03 1.742243232488080764e+02 1.680963376028188350e+02 6.965974230829942826e+01 6.997900019954084883e+01
3.147263922975530932e+03 1.743038777269449611e+02 1.690058882414440689e+02 6.866225646078133593e+01 7.004788990400047055e+01
3.147778962511665668e+03 1.743820750405487559e+02 1.699343264225777546e+02 6.766504205931876470e+01 7.010773098611458920e+01
3.148276177657600329e+03 1.745005042978210383e+02 1.708276180899556493e+02 6.666549001435826938e+01 7.012401560253148602e+01
3.148775133915281003e+03 1.746185267644524970e+02 1.717195792413945981e+02 6.566802506282834884e+01 7.019146089439472291e+01
3.149317361578896907e+03 1.746940559445794747e+02 1.727141863036350458e+02 6.467124861921607248e+01 7.025086572379882455e+01
3.149814165890182721e+03 1.747655413852000947e+02 1.736422740332883166e+02 6.367184405660619007e+01 7.026042941239161621e+01
3.150278272548509449e+03 1.748330905894146667e+02 1.744944822595993230e+02 6.267626005790693000e+01 7.034509573455281384e+01
3.150758261577620942e+03 1.748738409737047448e+02 1.753859394310617290e+02 6.168269524883813659e+01 7.042524048418574978e+01
3.151211015674066857e+03 1.749092888106595751e+02 1.762764604409187825e+02 6.068320325821481731e+01 7.039373123879349237e+01
3.151676770949608908e+03 1.749492644592676243e+02 1.771976327694848692e+02 5.968466646250941210e+01 7.039661424749448315e+01
3.152168368619461944e+03 1.749844658953903718e+02 1.781469144247467113e+02 5.868650792344099898e+01 7.043632796055901224e+01
3.152667136175207361e+03 1.750163397168159349e+02 1.791134964360408901e+02 5.768704001823005711e+01 7.040611250404134580e+01
3.153196162619635288e+03 1.750303252036740673e+02 1.800997826871716256e+02 5.668771665358804768e+01 7.037691335498784895e+01
3.153760165465212594e+03 1.750477669335988082e+02 1.811087707198822443e+02 5.568896038110958813e+01 7.034667597540094164e+01
3.154296498764671014e+03 1.751254462868384110e+02 1.820660080161335372e+02 5.469119142399233624e+01 7.030416715817978002e+01
3.154815404639503413e+03 1.752210800488377060e+02 1.829920442658508364e+02 5.369254926675223771e+01 7.034909774518465042e+01
3.155349676057574470e+03 1.752933207053429499e+02 1.839690112498681174e+02 5.269455684751267910e+01 7.039117697083652558e+01
3.155838558798534450e+03 1.753400474475267004e+02 1.849000644151958852e+02 5.169491402402569236e+01 7.039313116002732329e+01
3.156317746074517345e+03 1.753074201663656311e+02 1.858229586967689499e+02 5.069560681791821111e+01 7.040073131042487375e+01
3.156837836156953017e+03 1.752239325456962149e+02 1.867757223800659574e+02 4.970609045251298141e+01 7.028969012612601830e+01
3.157387741626638217e+03 1.751535620216250209e+02 1.877550205162082761e+02 4.872314367898790266e+01 7.012224752059532307e+01
3.157948513050184374e+03 1.750785181907777428e+02 1.887343832550759828e+02 4.772720400427549947e+01 7.003420867390778426e+01
3.158529722685656452e+03 1.750333603268138631e+02 1.897423032702990895e+02 4.673334195128494883e+01 6.992358405765216389e+01
3.159095254963471689e+03 1.749848990662807751e+02 1.907275304108966338e+02 4.573746952470361293e+01 6.987753018849528530e+01
3.159645411393579707e+03 1.748381377779146248e+02 1.916137912336741635e+02 4.474393870466379042e+01 6.983949633228840526e+01
3.160286140120970231e+03 1.747096056772306554e+02 1.925647717664264462e+02 4.375914545041857195e+01 6.966589718713308343e+01
3.161029356542668211e+03 1.746625340369100741e+02 1.936687969084178178e+02 4.276931532797404145e+01 6.953993313295377732e+01
3.161817213883386103e+03 1.747038116804114907e+02 1.948592840395172345e+02 4.177178581047186157e+01 6.947315885106688427e+01
3.162601427934501771e+03 1.747874860660646164e+02 1.960588384098153654e+02 4.077490038567199093e+01 6.944253216004364049e+01
3.163349498816574396e+03 1.747620327250537855e+02 1.972455501585486957e+02 3.978096037711504351e+01 6.940797004588277730e+01
3.164036728025420871e+03 1.746826866074567022e+02 1.983317550410473302e+02 3.878962888321310487e+01 6.928094402751735004e+01
3.164711088932108396e+03 1.747090203503775854e+02 1.992238910079610434e+02 3.779674361287296591e+01 6.916578184373960880e+01
3.165506782948687032e+03 1.752089000833818204e+02 1.996170156187297664e+02 3.692610136793049946e+01 6.938451056177734699e+01
3.166471773299389952e+03 1.758978387145716624e+02 1.991224716039375267e+02 3.678556116815587984e+01 7.019898920089651995e+01
3.167321120728415281e+03 1.760445546253716316e+02 1.982010445512828483e+02 3.752352798353802399e+01 7.061853766807688260e+01
3.168037144898997667e+03 1.758188298876289934e+02 1.972326604085716326e+02 3.850985570414727022e+01 7.051367957013668786e+01
3.168707778421081912e+03 1.755839390417513073e+02 1.963444192003057367e+02 3.947581878809229750e+01 7.025789495295222764e+01
3.169403294570137405e+03 1.756887648803176205e+02 1.955125479462349176e+02 4.044315735060023798e+01 7.000630217778893893e+01
3.170058344017366380e+03 1.759214531358190925e+02 1.946045273211468611e+02 4.139887105618780083e+01 7.011064583896666136e+01
3.170641731818655899e+03 1.761821400092894692e+02 1.936055218598449414e+02 4.237009825924730677e+01 7.032731028911841520e+01
3.171172504897078397e+03 1.765302136508557567e+02 1.926463281614897767e+02 4.334844241392489295e+01 7.052734187666138155e+01
3.171693126526144169e+03 1.768487276909135062e+02 1.917077268930025298e+02 4.429233411393588682e+01 7.085024165574152732e+01
3.172218137869694601e+03 1.772110474823061850e+02 1.908267792497367736e+02 4.524882778355080859e+01 7.112933846148894190e+01
3.172766336638174380e+03 1.776824472163748965e+02 1.900456236249133326e+02 4.615693135116229229e+01 7.151807175356724144e+01
3.173374023966276582e+03 1.781860282380518186e+02 1.893011548373524136e+02 4.698252355184599338e+01 7.207982259854490792e+01
3.173982833397677041e+03 1.787560466621198145e+02 1.886483352437863346e+02 4.778780497499801783e+01 7.267269157438141747e+01
3.174574031530465618e+03 1.794471450386121774e+02 1.881328824530434076e+02 4.843730694272956327e+01 7.341219071969928223e+01
3.175176872868629289e+03 1.802099198476099957e+02 1.877197801714157492e+02 4.892971297843895684e+01 7.428113822287234314e+01
3.175818109934228232e+03 1.811076168115071710e+02 1.875719468831250083e+02 4.938691708904978839e+01 7.517049993193057844e+01
3.176460275397010719e+03 1.820715405184356257e+02 1.876081959019480223e+02 4.950142684118359426e+01 7.612587368309225155e+01
3.177098211054541025e+03 1.830198152427160494e+02 1.875844728889891826e+02 4.941708896996697575e+01 7.712228024165395368e+01
3.177764870681337015e+03 1.839692962420294293e+02 1.876514005286249471e+02 4.940913066987818070e+01 7.812075181196559015e+01
3.178438830716379016e+03 1.849256203734759083e+02 1.878718028242627156e+02 4.925979297170335514e+01 7.909929988238972953e+01
3.179073067119896223e+03 1.858993552242549470e+02 1.881200195053645245e+02 4.898273793772467855e+01 8.006002712567719470e+01
3.179683121979878706e+03 1.868309202275771099e+02 1.883457138455603683e+02 4.867452397702037814e+01 8.101121285137298855e+01
3.180301225306221568e+03 1.877343671421733120e+02 1.885188879149313266e+02 4.839401998253205051e+01 8.197055136465358771e+01
3.180885730229133060e+03 1.885627106237984947e+02 1.887490298944008771e+02 4.821347074159777435e+01 8.295230211919310648e+01
3.181453827627978171e+03 1.893570902301203489e+02 1.891456659545567902e+02 4.788956518008005503e+01 8.388694802603981771e+01
3.182020438881951577e+03 1.901027749910971067e+02 1.896585177733618934e+02 4.742851979719888789e+01 8.477391890321393930e+01
3.182567797798134961e+03 1.906360501846081377e+02 1.902817890944228338e+02 4.692364334673676041e+01 8.563682010555157831e+01
3.183099977514647435e+03 1.909504376985498482e+02 1.910618061676734953e+02 4.618139728733171268e+01 8.626758011511370228e+01
3.183637551951318983e+03 1.911217401542720893e+02 1.919786139493736528e+02 4.525260332266300622e+01 8.661496780759838998e+01
3.184121907226956864e+03 1.911580744943493926e+02 1.928830082723563351e+02 4.427254334704789329e+01 8.680679234478718342e+01
3.184600776970477455e+03 1.911856884284655678e+02 1.937918056714218835e+02 4.327877683546289944e+01 8.680194558902832114e+01
3.185147991450392965e+03 1.912821682226205837e+02 1.947642497532853838e+02 4.228112565880574181e+01 8.681710266049340419e+01
3.185730253653294767e+03 1.913764825742975404e+02 1.957422412687772635e+02 4.129063618834337035e+01 8.694641928331614622e+01
3.186348996581163647e+03 1.915092471507547600e+02 1.967430480076089054e+02 4.029519251291020510e+01 8.702115085149557672e+01
3.186970009584052150e+03 1.916103445895837183e+02 1.977589301347334469e+02 3.930116697598244002e+01 8.712090270315623286e+01
3.187609869684887144e+03 1.917228756449602542e+02 1.988619434811039923e+02 3.830477938369715929e+01 8.719793114466193629e+01
3.188239085902763236e+03 1.919045881832473412e+02 1.999560373032591372e+02 3.731430357431239742e+01 8.732585130974942444e+01
3.188798459053058650e+03 1.920573330502734848e+02 2.009554518069973597e+02 3.634521930873437157e+01 8.756662135299538363e+01
3.189306722443539911e+03 1.921507818018341709e+02 2.018911337658084619e+02 3.535860370997912838e+01 8.769778713612504362e+01
3.189825744931241843e+03 1.920996072836123574e+02 2.028238192487446270e+02 3.435942097961221009e+01 8.773087952272560130e+01
3.190381587329718059e+03 1.918897230995945051e+02 2.037272359203905978e+02 3.337219833670909708e+01 8.760335860219940685e+01
3.190966483436063299e+03 1.917596293247964923e+02 2.046244739841962144e+02 3.242285427395231778e+01 8.729857522378975432e+01
3.191565276424085823e+03 1.917409002560053750e+02 2.055386500347272829e+02 3.144343102841708060e+01 8.713890756904268642e+01
3.192247832944698530e+03 1.917654429589518941e+02 2.064585123624658820e+02 3.044446062887594096e+01 8.710845583940489689e+01
3.193028684913758298e+03 1.919578069509957174e+02 2.073800016581671173e+02 2.944683966080293658e+01 8.716412550786802171e+01
3.193818272730247372e+03 1.920566894953943802e+02 2.082895130531076404e+02 2.847934213918879109e+01 8.739953345881612279e+01
3.194592218088220761e+03 1.920187787446800769e+02 2.091259185887437866e+02 2.748986249468246967e+01 8.743668749932180617e+01
3.195893715080931543e+03 1.918558266311064244e+02 2.098897028857194869e+02 2.650207480829966400e+01 8.729219173354914574e+01
3.210097858796426408e+03 1.919715579518014863e+02 2.097473010608302673e+02 2.649878741552718253e+01 8.720670477495795581e+01
3.214282364245019835e+03 1.921184976819257884e+02 2.090263579972594812e+02 2.743057627084467498e+01 8.734806953792826789e+01
3.215222382676843608e+03 1.924309229913805268e+02 2.082160503254307571e+02 2.838987201923459835e+01 8.741881554970429136e+01
3.216096217659191097e+03 1.928252336684233228e+02 2.074090245703597475e+02 2.934755234460928008e+01 8.770367081565447620e+01
3.216995502584623864e+03 1.932408752530334368e+02 2.064663153695259439e+02 3.030795544460464086e+01 8.798128549973841928e+01
3.217841313243069180e+03 1.934523870737734512e+02 2.054414390394685199e+02 3.127806757751808320e+01 8.821819448204740866e+01
3.218577823080386224e+03 1.935572500563891651e+02 2.044578525875543562e+02 3.226335115745089865e+01 8.821036736228434449e+01
3.219237683980973998e+03 1.935636506569203732e+02 2.035748732924209889e+02 3.325606097824127261e+01 8.820102359724167229e+01
3.219878053208021356e+03 1.934822231490253444e+02 2.026915821978882377e+02 3.424382807887683811e+01 8.812779583693456686e+01
3.220543117931905272e+03 1.934383572304922723e+02 2.016914336198682065e+02 3.523191974562020334e+01 8.797716736262091786e+01
3.221192622476319684e+03 1.932937651392682312e+02 2.007135042035488368e+02 3.622641352723473318e+01 8.787394288551551824e+01
3.221743306949489124e+03 1.932263557697373528e+02 1.998648827261438612e+02 3.718820499441827110e+01 8.763286292258855781e+01
3.222296065138938047e+03 1.932425539566127100e+02 1.990167917989202238e+02 3.816210812239842198e+01 8.745747943382687595e+01
3.222945198035016801e+03 1.931187641723842319e+02 1.981238891438717644e+02 3.916133229951930872e+01 8.742421458583196170e+01
3.223633824740537875e+03 1.930400633883189982e+02 1.972257958446042210e+02 4.012522549934239180e+01 8.721363871975395909e+01
3.224341322814639170e+03 1.930057065037462394e+02 1.962835130341036631e+02 4.109909198388132978e+01 8.712151097749297435e+01
3.225040189493546677e+03 1.929468315681168917e+02 1.953324225027184866e+02 4.209589019838758617e+01 8.710321123084651163e+01
3.225783831130560884e+03 1.930392598156566066e+02 1.943163690191600494e+02 4.309447784950218363e+01 8.706175223176700229e+01
3.226519005177396139e+03 1.931372601981734363e+02 1.932924105835237469e+02 4.408345708627173565e+01 8.717019223076319179e+01
3.227196089911441504e+03 1.932625378896798907e+02 1.923258296071626319e+02 4.507583278570916008e+01 8.722813594602719434e+01
3.227846101804540012e+03 1.933384952210056724e+02 1.913744768303968726e+02 4.606736150950568032e+01 8.731516995638709489e+01
3.228463915012910547e+03 1.933188032839333630e+02 1.904652378304910201e+02 4.704851478010822063e+01 8.725542924199096717e+01
3.229130394838892244e+03 1.933764153944709392e+02 1.895436628293560943e+02 4.803764004212193583e+01 8.712261424144261923e+01
3.229851793364644436e+03 1.934343667891065479e+02 1.885726893843266510e+02 4.902634741605024260e+01 8.719913024211106745e+01
3.230517391527525888e+03 1.935298967639215562e+02 1.876476807422776858e+02 5.001932723797735747e+01 8.724720801308752982e+01
3.231152274617097646e+03 1.937335311069461738e+02 1.867673749038915219e+02 5.100331119978172723e+01 8.736868409223502852e+01
3.231825869245310969e+03 1.938681778774611928e+02 1.858016081238372692e+02 5.198354865097732613e+01 8.756494135130991197e+01
3.232533082537675000e+03 1.939535723258467783e+02 1.848029583552929864e+02 5.297710294673749587e+01 8.761665183673783019e+01
3.233214483763205408e+03 1.939231931619106319e+02 1.838684875349703987e+02 5.397691692613027925e+01 8.760060001625210191e+01
3.233830927917766076e+03 1.939280516445954277e+02 1.830329189192942181e+02 5.496626447000830495e+01 8.748443115589141428e+01
3.234481110115189949e+03 1.940920332411720608e+02 1.821594695776414596e+02 5.595467639922997449e+01 8.748831372200901058e+01
3.235152113426834148e+03 1.942386444597608204e+02 1.812431967834682212e+02 5.693163417025550643e+01 8.769196659483525025e+01
3.235763666990340880e+03 1.943664085481871950e+02 1.803865191547538984e+02 5.791901927999581545e+01 8.779716513409732670e+01
3.236390920085234939e+03 1.944255456851683164e+02 1.795351196271830645e+02 5.891088262558393751e+01 8.790163501700237703e+01
3.237100152737519693e+03 1.943184606881829382e+02 1.786097507432771181e+02 5.990453452565748194e+01 8.792256567870647643e+01
3.237806972851481532e+03 1.943035566673463279e+02 1.776563134853152803e+02 6.087411444606880906e+01 8.770777668272400263e+01
3.238465119056681942e+03 1.943099871107467322e+02 1.767624123261483362e+02 6.185323808374295851e+01 8.766941721001545318e+01
3.239100319768879217e+03 1.943052760973579041e+02 1.758598674361053895e+02 6.284635304364071118e+01 8.763028235417678502e+01
3.239766732998355110e+03 1.944443536677239877e+02 1.749299625762012056e+02 6.384353552523752029e+01 8.760516935313717113e+01
3.240455035154260713e+03 1.946965576626807035e+02 1.739448419875610625e+02 6.483035218251487208e+01 8.774430270290110911e+01
3.241055119406852555e+03 1.949817211457699955e+02 1.730084406729347677e+02 6.581585297978485016e+01 8.791238323028080970e+01
3.241618700138474196e+03 1.951402209320805525e+02 1.721365071660539172e+02 6.676707791085743793e+01 8.820289944262223969e+01
3.242262670379806423e+03 1.951252691893402016e+02 1.712068536219797750e+02 6.774108128845566057e+01 8.838849616585874003e+01
3.242978410362675277e+03 1.949883639590566133e+02 1.703175373116405069e+02 6.873010634492109716e+01 8.830774601670606216e+01
3.243777105389278859e+03 1.946040620679341089e+02 1.695639407518147266e+02 6.969052904941834470e+01 8.803899073546713794e+01
3.244669561873426574e+03 1.943832039556362474e+02 1.687469418924441413e+02 7.057419371572214573e+01 8.758211800820973281e+01
3.245568319938741752e+03 1.943438343803028943e+02 1.678688891178530298e+02 7.153545521934593410e+01 8.741514776339693071e+01
3.246430798130596031e+03 1.943371146448704110e+02 1.671232447422228802e+02 7.252611205576597797e+01 8.728827847216962255e+01
3.247724132179183471e+03 1.943256794283965689e+02 1.664316571524894925e+02 7.352258459809358726e+01 8.728276607956243538e+01
3.253472211946747393e+03 1.943554910204587998e+02 1.659190004404513843e+02 7.450689626300246005e+01 8.713517106865437256e+01
3.262725566517328843e+03 1.942917193945279166e+02 1.652983801541072353e+02 7.549028106305604524e+01 8.695378196807541826e+01
3.265646832181980244e+03 1.944872785715257066e+02 1.639078423706479555e+02 7.648063323529683544e+01 8.703814653678367108e+01
3.266522306521263999e+03 1.945859342070358480e+02 1.629108347493007329e+02 7.747752609409195657e+01 8.699995705205039087e+01
3.267270536356105822e+03 1.948804021837263178e+02 1.619875644177778895e+02 7.846484860731945332e+01 8.713610863682329466e+01
3.268003136088718747e+03 1.951090708199272399e+02 1.610684889301213047e+02 7.942480617466942761e+01 8.741288102073815480e+01
3.268743994681296044e+03 1.953807863865317813e+02 1.601817233414730026e+02 8.041244646318877187e+01 8.755934000023351871e+01
3.269529920262426458e+03 1.956207246686772123e+02 1.593669385080624750e+02 8.136385889621179501e+01 8.786086667086132707e+01
3.270404914750651642e+03 1.958984826316639101e+02 1.585997647704432438e+02 8.234999793174235094e+01 8.801745895821404986e+01
3.271505491982559306e+03 1.961015296694212964e+02 1.579553024896277122e+02 8.329647948509615674e+01 8.833575477172492185e+01
3.272917498519162109e+03 1.956027178655883745e+02 1.571731098415168901e+02 8.423811861454315419e+01 8.805917682318010975e+01
3.274063146536130262e+03 1.950430301581101276e+02 1.564981352754207933e+02 8.490751504621921697e+01 8.731890302130895520e+01
3.277246657267894989e+03 1.946039393427440132e+02 1.558830869260960981e+02 8.562632013859430913e+01 8.678954356355572486e+01
3.300470448419693184e+03 1.950453188401396005e+02 1.555071646483401082e+02 8.622744244882063924e+01 8.687464131043910243e+01
3.302657574351621406e+03 1.956143622105058739e+02 1.544840668089254336e+02 8.717328371613329807e+01 8.704923822240469633e+01
3.303368209850681069e+03 1.960042426180508812e+02 1.535444037288501988e+02 8.816129402168323281e+01 8.720291449124823657e+01
3.304011027921072127e+03 1.964474127529522605e+02 1.527110440681740613e+02 8.916095636748399045e+01 8.720397900003281677e+01
3.304704616522210017e+03 1.969727135229954911e+02 1.518475886291451786e+02 9.013748190382614212e+01 8.741930051064889540e+01
3.305328575062783784e+03 1.974866185370142091e+02 1.510576797649081584e+02 9.112202967351805682e+01 8.759441666750559818e+01
3.305897014751682491e+03 1.980080309595654455e+02 1.503073960740998700e+02 9.210575331729069148e+01 8.777345083275793058e+01
3.306470120156733174e+03 1.985128899121179984e+02 1.494731550750564395e+02 9.307495116192787066e+01 8.801808621124337151e+01
3.307010747759884907e+03 1.990261627183597000e+02 1.486876827047584868e+02 9.406786668207821833e+01 8.813582222854998349e+01
3.307514997425611000e+03 1.995378908777844629e+02 1.479556675429949166e+02 9.504926596515758774e+01 8.832755414583832021e+01
3.308035272904105568e+03 2.000085014387068156e+02 1.471447230892968037e+02 9.602371707479561280e+01 8.854928234216991711e+01
3.308594594842982133e+03 2.004151134344052991e+02 1.463225266525024324e+02 9.702052010092634760e+01 8.862876398647077281e+01
3.309218509399360755e+03 2.005975950439814994e+02 1.455426803292577347e+02 9.801719781005411392e+01 8.865704411061095414e+01
3.309922065878712147e+03 2.005565043142495369e+02 1.448036743955369445e+02 9.897338506401437996e+01 8.837079114264379598e+01
3.310774090516879369e+03 2.006245523668687838e+02 1.440731310617351255e+02 9.987448486061788344e+01 8.794153533322382543e+01
3.311866722310941896e+03 2.007333788624806914e+02 1.432306356215848666e+02 1.008420741391533397e+02 8.770079880786431659e+01
3.313228041280593970e+03 2.011719175237408024e+02 1.424837379227695067e+02 1.018414558562905228e+02 8.766565085661370915e+01
3.316234161268734624e+03 2.014873985490334007e+02 1.421341085547012710e+02 1.025901932513796595e+02 8.761128652246115678e+01
3.343467531493039587e+03 2.015535466649400007e+02 1.422495290716940417e+02 1.027080797345990106e+02 8.736087490159931690e+01
3.361940872652359303e+03 2.021576913610475401e+02 1.415122125625562148e+02 1.036860057404591231e+02 8.737813740353135472e+01
3.366302807363329975e+03 2.028333276091083519e+02 1.409715953683456462e+02 1.046835829906089117e+02 8.740221429591802860e+01
3.377273681518382091e+03 2.032514186122777176e+02 1.404918066607685034e+02 1.056820048632172870e+02 8.735043206921200465e+01
3.381995691887365410e+03 2.036056106125620033e+02 1.398395420649743812e+02 1.066804359960395203e+02 8.729453966324223302e+01
3.386457951215018511e+03 2.040572432787296293e+02 1.391237986444809565e+02 1.076326326954196588e+02 8.700615576036700816e+01
3.388898173439146376e+03 2.041770940043243172e+02 1.381818243671163771e+02 1.085779115822117404e+02 8.667989523253541506e+01
3.391423531629005993e+03 2.044022087930560190e+02 1.375836974197287645e+02 1.093590932938180345e+02 8.606511606528779623e+01
3.397599081716217825e+03 2.057474394663839234e+02 1.372319398272942124e+02 1.102380509584014732e+02 8.646646403880689036e+01
3.398270863501168151e+03 2.066901385701252707e+02 1.366955784715385676e+02 1.111621596135938006e+02 8.680880002159466358e+01
3.398794271646429024e+03 2.074647926262711053e+02 1.360774959630400360e+02 1.121445771744659936e+02 8.699254604435509464e+01
3.399260783347587221e+03 2.081436086646512820e+02 1.353673919221097037e+02 1.131265295275269835e+02 8.717697336056508561e+01
3.399740787517331682e+03 2.088431869037707997e+02 1.346063376687513653e+02 1.141193054944073708e+02 8.721340108890214537e+01
3.400211730550217453e+03 2.094953898293860561e+02 1.339162239045814999e+02 1.151158912547494992e+02 8.719225939645743040e+01
3.400691363228410410e+03 2.101747321964468540e+02 1.333229327648417666e+02 1.161145942028155673e+02 8.722485375235433480e+01
3.401245229461330837e+03 2.109653175475509670e+02 1.328935432727346324e+02 1.171130777576397861e+02 8.725573741504356917e+01
3.401888593566202417e+03 2.116957360249556928e+02 1.325405914199382380e+02 1.180768700960207411e+02 8.747345560795268682e+01
3.402853646713546368e+03 2.121329513108064759e+02 1.322361698258307001e+02 1.190192204119308883e+02 8.780276241806781456e+01
3.405660845524737397e+03 2.120814442929522272e+02 1.314241600713183402e+02 1.198328138553272169e+02 8.758877422376001221e+01
3.408220341041449046e+03 2.117968977544635436e+02 1.302120712374381242e+02 1.205153501517533527e+02 8.685982207440112290e+01
3.408854000789651309e+03 2.115665460671638698e+02 1.292726571365074619e+02 1.212461069552695676e+02 8.617735108451243775e+01
3.409397814722864041e+03 2.114146412556168855e+02 1.282998099187994967e+02 1.219183947179529071e+02 8.544180580855156393e+01
3.409930898765852817e+03 2.113827161419659433e+02 1.272986048452611669e+02 1.225537417184425948e+02 8.466987309492235170e+01
3.410430768544063994e+03 2.114260197162228678e+02 1.262938153860340122e+02 1.232101327445257795e+02 8.391548820234568495e+01
3.410891151861958406e+03 2.115401943727396485e+02 1.252972200592814431e+02 1.238913892532000176e+02 8.318384509179020370e+01
3.411335355549120322e+03 2.117287219313298010e+02 1.242788892800862044e+02 1.246506689232947735e+02 8.253858052806781131e+01
3.411759736007119955e+03 2.120418036851824581e+02 1.232949334471020961e+02 1.254769574892621904e+02 8.197601554967997117e+01
3.412174272125647803e+03 2.124482046962588697e+02 1.223722430577116711e+02 1.263377419891430975e+02 8.146829315276232819e+01
3.412602490779094296e+03 2.128968271851167060e+02 1.214672495217748747e+02 1.272511301290011545e+02 8.106876794484055893e+01
3.413031672458012508e+03 2.134307386524545223e+02 1.206628408831984700e+02 1.282047309361683176e+02 8.076970461935319179e+01
3.413465886756284362e+03 2.140861042299713972e+02 1.200073872833335287e+02 1.291861627210758456e+02 8.059971701380359832e+01
3.413934011327352891e+03 2.148101487892453463e+02 1.193941259750369710e+02 1.301788903067494516e+02 8.063917932180734738e+01
3.414410853750140177e+03 2.155385364778263124e+02 1.188138138518686446e+02 1.311714695543386426e+02 8.076005153970021411e+01
3.414896136585202839e+03 2.163371345854861261e+02 1.182859966228410258e+02 1.321575974088453904e+02 8.092036431467869306e+01
3.415404541283578965e+03 2.172005697997412028e+02 1.177260894193870797e+02 1.331171878400415949e+02 8.119381667212840625e+01
3.415887053229506819e+03 2.179935507363106524e+02 1.171263175620584036e+02 1.340814443320479938e+02 8.145224896084150146e+01
3.416335581942644694e+03 2.186732433606744337e+02 1.164785913756509643e+02 1.350642149132201553e+02 8.163554906172051062e+01
3.416807607929438745e+03 2.192793904777901162e+02 1.156926805441603818e+02 1.360564041813199765e+02 8.175461882489889831e+01
3.417279712279112118e+03 2.197931071904618250e+02 1.148494712212859952e+02 1.370443242482131723e+02 8.167789334126766221e+01
3.417728345684081887e+03 2.202210547232290310e+02 1.140167962567948763e+02 1.380199676892801790e+02 8.146005672215886761e+01
3.418185775158812248e+03 2.206052432865992898e+02 1.131326863862712884e+02 1.389950125750904988e+02 8.123843275270061781e+01
3.418630048082585745e+03 2.209605761671159314e+02 1.122453630034916614e+02 1.399532345384659209e+02 8.095799618157771249e+01
3.419058877136958472e+03 2.213052032710676542e+02 1.113642212345479408e+02 1.408929521810668177e+02 8.061638971876652704e+01
3.419497270899070372e+03 2.216063902174586531e+02 1.104486989895738134e+02 1.418371044584274898e+02 8.028748267917107739e+01
3.419931114899185104e+03 2.218637477259158572e+02 1.095360412346209387e+02 1.427466936682884580e+02 7.987965182559712218e+01
3.420366837927898359e+03 2.221121821939772474e+02 1.085992654320305491e+02 1.436226255339636566e+02 7.939745125906806322e+01
3.420812933071276348e+03 2.223122100560972854e+02 1.076321116755209459e+02 1.445215005635668035e+02 7.896197723148578973e+01
3.421242161224658048e+03 2.224564296616177330e+02 1.067141000108354660e+02 1.454037058662134712e+02 7.849449718343873883e+01
3.421667597780377491e+03 2.225626109121766376e+02 1.057930517298033806e+02 1.462371963381781086e+02 7.794345980191214096e+01
3.422101457084309914e+03 2.225938000050772132e+02 1.048405224935023909e+02 1.470622368867194325e+02 7.737849260419642405e+01
3.422525205209188243e+03 2.225661781948397504e+02 1.039072054664297013e+02 1.478170336689132967e+02 7.672868096239643876e+01
3.422963739939118113e+03 2.225066191833655580e+02 1.029271548349472738e+02 1.484604096849538166e+02 7.596613142785915329e+01
3.423418426937491859e+03 2.224210139052341901e+02 1.019065306137629250e+02 1.491110411660949637e+02 7.520798189601133288e+01
3.423848639968373391e+03 2.223536643081017132e+02 1.009617275069606137e+02 1.497470682311817427e+02 7.443724765104397534e+01
3.424289698675413092e+03 2.223715811330738745e+02 1.000152371986394826e+02 1.503576946668250685e+02 7.364533777062334252e+01
3.424729056524409771e+03 2.224973049661597599e+02 9.906745558950788677e+01 1.510503597137341956e+02 7.292892121551319917e+01
3.425156446546423467e+03 2.227352647026126249e+02 9.813506942189498261e+01 1.518391628324883698e+02 7.231710345088936265e+01
3.425593891676931889e+03 2.231074591628096186e+02 9.723031631814264131e+01 1.526924930163961847e+02 7.179823859049933787e+01
3.426038436287644799e+03 2.235433780560123864e+02 9.636695524626634324e+01 1.536215650446910956e+02 7.144312971267548562e+01
3.426492621494402556e+03 2.240386492723349363e+02 9.551897869312406897e+01 1.545862895300879529e+02 7.118045255882449851e+01
3.426953468313888152e+03 2.246504963282331744e+02 9.469874760729943830e+01 1.555578639263919740e+02 7.094394497831028445e+01
3.427381445966817864e+03 2.252804562989704777e+02 9.394089214903343077e+01 1.565487828671893169e+02 7.085175616252544728e+01
3.427794652048430180e+03 2.259033348618064565e+02 9.320546081171846708e+01 1.575486921175370014e+02 7.084313150129801784e+01
3.428231149402949086e+03 2.265401914051217602e+02 9.247299469349880496e+01 1.585451720640153326e+02 7.077388349832010306e+01
3.428693062541763993e+03 2.271475638784600051e+02 9.171479170810989956e+01 1.595433997491521723e+02 7.073062504174477283e+01
3.429175607848597792e+03 2.277284785755630026e+02 9.096295487563148185e+01 1.605380387612851507e+02 7.064101796228810315e+01
3.429725322272816811e+03 2.283953908787514422e+02 9.026149155595648210e+01 1.615209270886181230e+02 7.046080990873630867e+01
3.430313308166900697e+03 2.291081098100178508e+02 8.960248853538476510e+01 1.625140989409012207e+02 7.039990661662658056e+01
3.430838836145151163e+03 2.296422073303524485e+02 8.904627624239782335e+01 1.635138887567122765e+02 7.038523105464719265e+01
3.431466024053844194e+03 2.302481422839332481e+02 8.844485975178524484e+01 1.645108432964131850e+02 7.031387911744708674e+01
3.432186372838784791e+03 2.308828885213134186e+02 8.774205046865554891e+01 1.655092519462222640e+02 7.030501492964064880e+01
3.432898726937613901e+03 2.314943923197933486e+02 8.710997481426602462e+01 1.664985657037802014e+02 7.019294585929178254e+01
3.433658052409617994e+03 2.321278553961213049e+02 8.657980136675881511e+01 1.674938717216488442e+02 7.012530265938011098e+01
3.434515825695789772e+03 2.324840091980415480e+02 8.608984914347485073e+01 1.684933091111190322e+02 7.009237624622450369e+01
3.435824455387290982e+03 2.330502643094109771e+02 8.567168943650901269e+01 1.694925711332310527e+02 7.005397556598687459e+01
3.437742763872380692e+03 2.335106763985916132e+02 8.532614688460267871e+01 1.704753987011560810e+02 7.019713594147700064e+01
3.439622605442740223e+03 2.345063451707829358e+02 8.472116193658544603e+01 1.714326054436293987e+02 7.048300366525673155e+01
3.440768292305046543e+03 2.354347966755181005e+02 8.412353476049089807e+01 1.724175554886368786e+02 7.051529855075563091e+01
3.441696947088316847e+03 2.362282783105239901e+02 8.353452609716637767e+01 1.733976275491491776e+02 7.066808950468485762e+01
3.442617529533748439e+03 2.369460076546618268e+02 8.285142351663071736e+01 1.743865755144695413e+02 7.062576235003963632e+01
3.443490227548054008e+03 2.376790190731942687e+02 8.215046243774158086e+01 1.753830251165638003e+02 7.065904124378469930e+01
3.444281515330113507e+03 2.382955076141390691e+02 8.128359873468141927e+01 1.763729995178826186e+02 7.055113779445778732e+01
3.445013164489500468e+03 2.389288360622805669e+02 8.042018881980717993e+01 1.773225167596704637e+02 7.024706259173356671e+01
3.445672774187787127e+03 2.396964932368200891e+02 7.973529321100863854e+01 1.782766501203825271e+02 6.994849548631466973e+01
3.446292418429740792e+03 2.404660516215982682e+02 7.919346860410715294e+01 1.792667035038089125e+02 6.997429852147485008e+01
3.446969957634541515e+03 2.412704231728931177e+02 7.876075289413802238e+01 1.802620401086820721e+02 7.007065496093555623e+01
3.447703561495101440e+03 2.421025143966737687e+02 7.828604788699561823e+01 1.812495669026147880e+02 7.022607827114789814e+01
3.448389299498902346e+03 2.428304851477268755e+02 7.762015272939456167e+01 1.822444617162580585e+02 7.032238840236745148e+01
3.448995802474868015e+03 2.435497941749393647e+02 7.702309452621911134e+01 1.832424506807787168e+02 7.028012778867851296e+01
3.449594559381573163e+03 2.443283839726719293e+02 7.656999180784848136e+01 1.842309439295405866e+02 7.041485861174020044e+01
3.450224603626605131e+03 2.451786767247495504e+02 7.632725759601686377e+01 1.852054480159689263e+02 7.063804589835673653e+01
3.450933239564564246e+03 2.460641828537606557e+02 7.628793582974449805e+01 1.861050702172759088e+02 7.106833809082489495e+01
3.451849346042081379e+03 2.467581335075772699e+02 7.685025240219187026e+01 1.867897812083624558e+02 7.178966502288668039e+01
3.452770158786718184e+03 2.473131727108489031e+02 7.789165066607384347e+01 1.867619301350301271e+02 7.276692008105773368e+01
3.453395560619521802e+03 2.477541880218653318e+02 7.869429850736405285e+01 1.865139966856984586e+02 7.373568073556927516e+01
3.454042034605078697e+03 2.482479815562180931e+02 7.951543569610335283e+01 1.862988715787245155e+02 7.471201945333379513e+01
3.454691652902551141e+03 2.489336445192032841e+02 8.029179830435650445e+01 1.862019305867558217e+02 7.570689300407003941e+01
3.455293313442256931e+03 2.495622708121267124e+02 8.108604428869638525e+01 1.862384409040978994e+02 7.670566111421523203e+01
3.455856304912486394e+03 2.502156497149080678e+02 8.189472265628668879e+01 1.861237441091730318e+02 7.769820280169972193e+01
3.456352567757613542e+03 2.507741016009481427e+02 8.265506028205025757e+01 1.861828079573576247e+02 7.869619135731389292e+01
3.456882640700358479e+03 2.513243172026849663e+02 8.350324305866821817e+01 1.861462999657428838e+02 7.969515721260560781e+01
3.457452252543734176e+03 2.519770059104156417e+02 8.439434721750292567e+01 1.860200462939202168e+02 8.068675809774968855e+01
3.457969317712497286e+03 2.525450483013305245e+02 8.518194150901487660e+01 1.859902008791710273e+02 8.168618818174692819e+01
3.458480375599442596e+03 2.531434059142719661e+02 8.590144029664864433e+01 1.859127754822551992e+02 8.268278522667318953e+01
3.459029089440306961e+03 2.538026642054719275e+02 8.663767407543866739e+01 1.859376422495058705e+02 8.368239567868415918e+01
3.459584214656591939e+03 2.544112027890455465e+02 8.742232870404292555e+01 1.859897822780973797e+02 8.467959369437555495e+01
3.460104630584969527e+03 2.549607367813465828e+02 8.819439412475449558e+01 1.858684861850315997e+02 8.567178747483222878e+01
3.460606660212751649e+03 2.553781300380199752e+02 8.895804244925703586e+01 1.858333243614546291e+02 8.667084700180009804e+01
3.461185266022987889e+03 2.558229605673402887e+02 8.986308655082750363e+01 1.857023592420012221e+02 8.766099553046817050e+01
3.461733060692113668e+03 2.563283125867576473e+02 9.071774202260795050e+01 1.854376292895206575e+02 8.862385796305785846e+01
3.462232874087165328e+03 2.567777874376102432e+02 9.150015221940120114e+01 1.853272776761508283e+02 8.961763937809131164e+01
3.462775068623238894e+03 2.572873691414398536e+02 9.235500492290361763e+01 1.851712241039373339e+02 9.060536395865908332e+01
3.463325146104695705e+03 2.579571847737065582e+02 9.325543319128668429e+01 1.850135252749734605e+02 9.159142935603428270e+01
3.463797146694540970e+03 2.585842757152538525e+02 9.402687181974323494e+01 1.850023065361322381e+02 9.259116326470335423e+01
3.464229752854444087e+03 2.592164897489338955e+02 9.468894755467395896e+01 1.849395749075210063e+02 9.358904984110155567e+01
3.464709560615332066e+03 2.599737545896905999e+02 9.535841883779228567e+01 1.849448463789020423e+02 9.458742623723901488e+01
3.465154050011201889e+03 2.606738024952198884e+02 9.594444354697304789e+01 1.851093623691348000e+02 9.557380044046328749e+01
3.465610085109501142e+03 2.614181646437485256e+02 9.656843355495405490e+01 1.852676679358954459e+02 9.656111238166960220e+01
3.466084451068298222e+03 2.621727400113201725e+02 9.723820082598547287e+01 1.853943092167523332e+02 9.755303730258874850e+01
3.466509322562254511e+03 2.627397517308303918e+02 9.789910813948806378e+01 1.855237948769554635e+02 9.854362454894696555e+01
3.466986179120006909e+03 2.632967538972955595e+02 9.869845825865048994e+01 1.855143725769451919e+02 9.954258235526253884e+01
3.467487237959451704e+03 2.639285847657421300e+02 9.947400753464610546e+01 1.853984283202722452e+02 1.005349311635184364e+02
3.467974572413270835e+03 2.645153233054155066e+02 1.002249555193165520e+02 1.853957597953642562e+02 1.015349127414366137e+02
3.468521956361026696e+03 2.651682978231590937e+02 1.011321846251905470e+02 1.853740738713765950e+02 1.025346092429141152e+02
3.469051313996654699e+03 2.658436770227893362e+02 1.020751791714819490e+02 1.853267037680222700e+02 1.035333683894613017e+02
3.469493211516277370e+03 2.662870881756206813e+02 1.028999815421944959e+02 1.852957974816705473e+02 1.045306411733218113e+02
3.469947265365386556e+03 2.666973026532608060e+02 1.038022780239627281e+02 1.850781782255562007e+02 1.055064405432165273e+02
3.470457473435103111e+03 2.672430590692698615e+02 1.048239542877584256e+02 1.848148799738979449e+02 1.064708497582983568e+02
3.470911386566952842e+03 2.678123243981576138e+02 1.056315330272496169e+02 1.846186104960542025e+02 1.074513094131280155e+02
3.471362307577452611e+03 2.684961740534125738e+02 1.063226938326298097e+02 1.844867754451080373e+02 1.084394278440004342e+02
3.471839392815782503e+03 2.692648361955044152e+02 1.069340166523732876e+02 1.845951515168087269e+02 1.094297395344764681e+02
3.472304225846619374e+03 2.699038634982858866e+02 1.074784172887315634e+02 1.848966378269504105e+02 1.103808841857896823e+02
3.472813049756578948e+03 2.705397839947731882e+02 1.080891447395484875e+02 1.850260545472470994e+02 1.113722600253091031e+02
3.473365106582436511e+03 2.711402296894396500e+02 1.087171044125172870e+02 1.851163801573260912e+02 1.123677214517777401e+02
3.473916308404197025e+03 2.715773572268688554e+02 1.093616190979001743e+02 1.852387464937078505e+02 1.133547130210249350e+02
3.474549563344848139e+03 2.720658151642342659e+02 1.100538278235299288e+02 1.851320376305003492e+02 1.143463867518368886e+02
3.475284179065839453e+03 2.727301891006160872e+02 1.108314652474277722e+02 1.852040480188664446e+02 1.153437260428693065e+02
3.476059862752337267e+03 2.733010033842401185e+02 1.117078211147415487e+02 1.852656492974418256e+02 1.163378853931636030e+02
3.476753239228122311e+03 2.737989353643711183e+02 1.125314407374968368e+02 1.851505318434399499e+02 1.173280659325531303e+02
3.477468405691251519e+03 2.741165852871375250e+02 1.134314811304156478e+02 1.851467393171594154e+02 1.183123783916419853e+02
3.478065438013832136e+03 2.745548462422723901e+02 1.141832980293365409e+02 1.848097868265170689e+02 1.192399956154315532e+02
3.478722278214680500e+03 2.751585466908616695e+02 1.150414670724881745e+02 1.848212765966331119e+02 1.202398726994049412e+02
3.479393519244482832e+03 2.756246191748799106e+02 1.160166084229402230e+02 1.847636853716036569e+02 1.212331211949296801e+02
3.479997587306878359e+03 2.761196884764024730e+02 1.168920751716766375e+02 1.845309584104377052e+02 1.222015000752972895e+02
3.480497085217553376e+03 2.765486809378594444e+02 1.177115963716074560e+02 1.844595396118254484e+02 1.231967726696796746e+02
3.481029455942782079e+03 2.769816763991620405e+02 1.185568287261153841e+02 1.842593210146442289e+02 1.241761950404530381e+02
3.481654126322132925e+03 2.775584712056086687e+02 1.194242781149639825e+02 1.841577138976041397e+02 1.251663184690915500e+02
3.482256938915562841e+03 2.781836610435457828e+02 1.201702025602988186e+02 1.842361810607443715e+02 1.261615321819070061e+02
3.482828461014674303e+03 2.789151121968313873e+02 1.208323346102228157e+02 1.842350868893947791e+02 1.271568507310485217e+02
3.483412878903850469e+03 2.797545093299281120e+02 1.214605175824489720e+02 1.844830186163947303e+02 1.281207449642889458e+02
3.483999843730898647e+03 2.805023183282008858e+02 1.221722834421330077e+02 1.848512501270476491e+02 1.290355229724597166e+02
3.484488213663782972e+03 2.810923134275041093e+02 1.228388381995168146e+02 1.848761041358716000e+02 1.300352136963386442e+02
3.485000846416416152e+03 2.814813699778020464e+02 1.236500620292538315e+02 1.848695156638966068e+02 1.310326650799910624e+02
3.485564809837997927e+03 2.814570909285115476e+02 1.246139717847100741e+02 1.846248864018554627e+02 1.319816238403924444e+02
3.486085682148331671e+03 2.811939686044265159e+02 1.254775263978745841e+02 1.839853340102917230e+02 1.327493670746341081e+02
3.486586770484634599e+03 2.806479471210485599e+02 1.261756183133857832e+02 1.832382259275002241e+02 1.333902116411331633e+02
3.487162328839277961e+03 2.799541042967517228e+02 1.269357173381040411e+02 1.822878055590904296e+02 1.336943198500080996e+02
3.487697378237941848e+03 2.793448677018045032e+02 1.276041384886143533e+02 1.813095447366866608e+02 1.338948609369958547e+02
3.488228422467547716e+03 2.785923625243407287e+02 1.281084299240679343e+02 1.803478678489715321e+02 1.341391000898339314e+02
3.488848208295953555e+03 2.776989432741979158e+02 1.286087636035414903e+02 1.793497516703507699e+02 1.341083732618580768e+02
3.489457333914426272e+03 2.769322067372796710e+02 1.291110883664726146e+02 1.783573588209358434e+02 1.340022700063913987e+02
3.490034949281760419e+03 2.762145706875256224e+02 1.295896342710450142e+02 1.773589615060700737e+02 1.339928879623541604e+02
3.490654668768276224e+03 2.754087409090513461e+02 1.301142514371361472e+02 1.763651474509880472e+02 1.338844801292767102e+02
3.491266205532700496e+03 2.746073721929253111e+02 1.306388646681113812e+02 1.753666674301831563e+02 1.338408556022612288e+02
3.491840293144312454e+03 2.738210431672620189e+02 1.310110897450779248e+02 1.743707061287730085e+02 1.338199331093622106e+02
3.492434534933950090e+03 2.730217381585740668e+02 1.314581720302765859e+02 1.733869079005650917e+02 1.336433169256007147e+02
3.493087297841181226e+03 2.721722609586498720e+02 1.320523730145973218e+02 1.723927658307932234e+02 1.335646441260474546e+02
3.493642922129888575e+03 2.713903880262319603e+02 1.325391531296295113e+02 1.713959601043645762e+02 1.335907938022660346e+02
3.494136634678791324e+03 2.706290256342534803e+02 1.329986658591756452e+02 1.704032506765433652e+02 1.334702883372436588e+02
3.494647549070163222e+03 2.698464675556502925e+02 1.334812288438449457e+02 1.694094700222405550e+02 1.333687342202407535e+02
3.495159266759155798e+03 2.690787221654858854e+02 1.339038169208733677e+02 1.684135931242765878e+02 1.333157789447553512e+02
3.495665846257191333e+03 2.682904860699714504e+02 1.343515233646212153e+02 1.674288718871688104e+02 1.331475380050187312e+02
3.496207838958987850e+03 2.674079463459271437e+02 1.348203939946194510e+02 1.664316325483178787e+02 1.330825250399353763e+02
3.496723168897396135e+03 2.665628198113768690e+02 1.352527604404100714e+02 1.654366137790452171e+02 1.330370930562799572e+02
3.497217593451214725e+03 2.657738244147499245e+02 1.357747410292533345e+02 1.644534665837643672e+02 1.328767083802619311e+02
3.497743165608318122e+03 2.648729460855207662e+02 1.363570552939332572e+02 1.634534694928159979e+02 1.328746678066647746e+02
3.498277626271389636e+03 2.639478040233378806e+02 1.369159148311276795e+02 1.624570143686188146e+02 1.328306689565755221e+02
3.498796813834938348e+03 2.631465895747367654e+02 1.373995534692176079e+02 1.614696145355931094e+02 1.326757969831592163e+02
3.499337605017706665e+03 2.622845294224235317e+02 1.378397017164882072e+02 1.604733270726683827e+02 1.325942853221836231e+02
3.499914820009490995e+03 2.612569503567277707e+02 1.382616737873835007e+02 1.594737766809739128e+02 1.325754434004664972e+02
3.500460629926436468e+03 2.602764962273686251e+02 1.386989385083537911e+02 1.584823182430452277e+02 1.326563394915103515e+02
3.501002243614123472e+03 2.593657946750446968e+02 1.391518934852887810e+02 1.575098805355252409e+02 1.328823672244146223e+02
3.501566931674748503e+03 2.584754686568796842e+02 1.397458579180546110e+02 1.565206063717616303e+02 1.330259616768336457e+02
3.502117090868568084e+03 2.576177622404248950e+02 1.402653755648643994e+02 1.555365733845449654e+02 1.332024646052595358e+02
3.502661069157305519e+03 2.566593575348823606e+02 1.404365388144110227e+02 1.545477507564659732e+02 1.332562337693603070e+02
3.503175075442121852e+03 2.557231372036721382e+02 1.404551468559116358e+02 1.535683792397965988e+02 1.330573723779986324e+02
3.503738743713682197e+03 2.547780956498513945e+02 1.402730430123287988e+02 1.526710638314780510e+02 1.326769872955357528e+02
3.504316905915889038e+03 2.538373492611611368e+02 1.398306074742599492e+02 1.520270502523214589e+02 1.319267384675933386e+02
3.504833277152105438e+03 2.531171124909122057e+02 1.392869466281087227e+02 1.515919202939509205e+02 1.310277586129103895e+02
3.505376568940752804e+03 2.526607937285474748e+02 1.385117830468547027e+02 1.513727242857573856e+02 1.300746645030192497e+02
3.505935006221977801e+03 2.523512866344761676e+02 1.375652722748010603e+02 1.514715888678758802e+02 1.290804868519925606e+02
3.506477628379889666e+03 2.520191239109808237e+02 1.366584289355799910e+02 1.516114574195937621e+02 1.280906228048012565e+02
3.507020078118456240e+03 2.515846039148181603e+02 1.357962442834459011e+02 1.517202017477804645e+02 1.270965585017757604e+02
3.507571651166260835e+03 2.510024176239271583e+02 1.349389514348843591e+02 1.517548327568155457e+02 1.261027312029336258e+02
3.508106557971508664e+03 2.504278581216200905e+02 1.340940888344690052e+02 1.516512135404738331e+02 1.251081229020107770e+02
3.508607880080596260e+03 2.498833496342710134e+02 1.332793024139028262e+02 1.515761839236597268e+02 1.241114117008832380e+02
3.509069887717677830e+03 2.493481463052159484e+02 1.324912384062799333e+02 1.515061302944464785e+02 1.231149676308874916e+02
3.509537590977842228e+03 2.488179372534668516e+02 1.317215431989684191e+02 1.514314785592971475e+02 1.221205280430144597e+02
3.510020844059372848e+03 2.482516517713956148e+02 1.309485788465021585e+02 1.514899953113975073e+02 1.211233365151924630e+02
3.510495244840775285e+03 2.476620091170514115e+02 1.301642427389142824e+02 1.515661604799490476e+02 1.201277510988153949e+02
3.510983259147804802e+03 2.470975254276010276e+02 1.293103022247452429e+02 1.515842387057680867e+02 1.191280385614853827e+02
3.511457223982004962e+03 2.465690488390834219e+02 1.285042100919195320e+02 1.516318685256354968e+02 1.181292445987572535e+02
3.511909557465681701e+03 2.460922796334617715e+02 1.277306061916778788e+02 1.516420200383517169e+02 1.171315010392233802e+02
3.512382211856626782e+03 2.456310391478004647e+02 1.269197218839620831e+02 1.516031200284938336e+02 1.161332093265204861e+02
3.512867575648853290e+03 2.451687925386893312e+02 1.261497291344738017e+02 1.516462467885212391e+02 1.151347140123023252e+02
3.513364991752527658e+03 2.446798205576998271e+02 1.253460209097154774e+02 1.516930574175189008e+02 1.141369527124714551e+02
3.513900478497410859e+03 2.441082803476688525e+02 1.244511254348484641e+02 1.516893920461747314e+02 1.131370173446211709e+02
3.514436454895789211e+03 2.435297297755113277e+02 1.235767287261392084e+02 1.516807387652897035e+02 1.121373126401749545e+02
3.514936167072839908e+03 2.429989887669553639e+02 1.227309644848472203e+02 1.516238748450767844e+02 1.111392365582420467e+02
3.515434304054410859e+03 2.424833098151590320e+02 1.218511263430165599e+02 1.515883481269006268e+02 1.101418555779149528e+02
3.515947163949947026e+03 2.419553022448668287e+02 1.209614865351171886e+02 1.516199471320124701e+02 1.091424250462499117e+02
3.516451309614349611e+03 2.414632649772234458e+02 1.201032634257847178e+02 1.516343376395959694e+02 1.081425343078429648e+02
3.516955383522273678e+03 2.409776773544218713e+02 1.192589256706918235e+02 1.516802813430217327e+02 1.071445044736157257e+02
3.517473363119947862e+03 2.404386343364383833e+02 1.184184801004365966e+02 1.517162938756615631e+02 1.061478138098081274e+02
3.517983456172513343e+03 2.399375252322487313e+02 1.175871976014670111e+02 1.516650924531298870e+02 1.051491254903097428e+02
3.518494976181831589e+03 2.394949071867254418e+02 1.167024079345656133e+02 1.516764182531931624e+02 1.041518242927768512e+02
3.519046625515420601e+03 2.390340012649027983e+02 1.157495392625185247e+02 1.517349266316721241e+02 1.031544321211760007e+02
3.519610694328906447e+03 2.385400974939891228e+02 1.148742505804598721e+02 1.517412321652562355e+02 1.021544600940162439e+02
3.520150886707126119e+03 2.379516107706367336e+02 1.141509163671116198e+02 1.516897321941037546e+02 1.011576433247757620e+02
3.520682072163155681e+03 2.372898671078871757e+02 1.134290781668442776e+02 1.514685980451722571e+02 1.001887897039218558e+02
3.521219036652144496e+03 2.366668920242287015e+02 1.126242567458978527e+02 1.512201188533119591e+02 9.922534417736790147e+01
3.521745498354333449e+03 2.360954380309362932e+02 1.118253989680984404e+02 1.511223975260989789e+02 9.823130382207388323e+01
3.522253046451940918e+03 2.356085923008290024e+02 1.110201598453131027e+02 1.510590241135831491e+02 9.723345631435597625e+01
3.522782951751615656e+03 2.351924094290444032e+02 1.101161839528333246e+02 1.510949174958120409e+02 9.624148125556577327e+01
3.523321387806640814e+03 2.347673168095357994e+02 1.092094462254104457e+02 1.512702181256000813e+02 9.525706660322907737e+01
3.523847090936147652e+03 2.342927618575843098e+02 1.083543991712313499e+02 1.513695810509389048e+02 9.426595510068500516e+01
3.524384011514099711e+03 2.337645343204142989e+02 1.075070237804891491e+02 1.513973993535186651e+02 9.326644528947981883e+01
3.524917179251132893e+03 2.332231036665478427e+02 1.067029340175908914e+02 1.514004787105187972e+02 9.226716936117207979e+01
3.525435019098215434e+03 2.327012635985843474e+02 1.059528019273504782e+02 1.513364099401680107e+02 9.126964665120657116e+01
3.525988842266708616e+03 2.321215731204069641e+02 1.052092218476691130e+02 1.512664634033380082e+02 9.027232185532022868e+01
3.526588896058608498e+03 2.314883093974587212e+02 1.044593327796155791e+02 1.511439384659357188e+02 8.928236382075311894e+01
3.527201321195495893e+03 2.309042331984336442e+02 1.036932354981581881e+02 1.509932949777639521e+02 8.829448348718432271e+01
3.527819210156505051e+03 2.303101491693547302e+02 1.028922838096849830e+02 1.509330354623643018e+02 8.729759440219176270e+01
3.528434136486949683e+03 2.295714224360059461e+02 1.021084102535309910e+02 1.508194779348095551e+02 8.630826281247036036e+01
3.529009664425328992e+03 2.287056313476219032e+02 1.014817402903090624e+02 1.505623610796159255e+02 8.534354277866637517e+01
3.529517686657132799e+03 2.278578418850097478e+02 1.010241951030136391e+02 1.501376125806455946e+02 8.444582922182269158e+01
3.529986937762197613e+03 2.270975069659049552e+02 1.005464713169205879e+02 1.495609845669873437e+02 8.363094632467176837e+01
3.530454018178450951e+03 2.263907607556980679e+02 9.996144189725949047e+01 1.490528602564163521e+02 8.277683899505096576e+01
3.530901474621759007e+03 2.257739641846902146e+02 9.932548726322954735e+01 1.486844737631648741e+02 8.184869601744229328e+01
3.531349953016347172e+03 2.252577050966271770e+02 9.859152468292438698e+01 1.483989013529044598e+02 8.089102674275079607e+01
3.531810566976743303e+03 2.248075917124851344e+02 9.776370885907888919e+01 1.482884376030750104e+02 7.990474651883326374e+01
3.532260749393923106e+03 2.244360344851760942e+02 9.692038027372694842e+01 1.483065097581113889e+02 7.890515597917526236e+01
3.532718707838286718e+03 2.241923867231240024e+02 9.604287172133388140e+01 1.483286536820770607e+02 7.790546456490034188e+01
3.533193189365496892e+03 2.240446119918497914e+02 9.511796450661252322e+01 1.484939568994996080e+02 7.692704209841235752e+01
3.533676899759263506e+03 2.239340285047860277e+02 9.417167563850642864e+01 1.488184805682373053e+02 7.598245060648618221e+01
3.534181962817170188e+03 2.239064978331487907e+02 9.320682404166015544e+01 1.491895416251025210e+02 7.505388074193814418e+01
3.534689400289458263e+03 2.239499399037314902e+02 9.226153398863320376e+01 1.496761153314966748e+02 7.418549962819928112e+01
3.535192855079098990e+03 2.239940575333179140e+02 9.132617586367582874e+01 1.502457276761374203e+02 7.336374554514844704e+01
3.535713038356747802e+03 2.240264524223840112e+02 9.034628520277443897e+01 1.507846001645647789e+02 7.252217065597282897e+01
3.536245146920802654e+03 2.239950209764052715e+02 8.934049055338969936e+01 1.513274389402999134e+02 7.168269287062821604e+01
3.536763808842815251e+03 2.238582914334248244e+02 8.837088661034512427e+01 1.518121352995391646e+02 7.081037907385156416e+01
3.537294097702922500e+03 2.236134075093805222e+02 8.742030843021903763e+01 1.521562734920596824e+02 6.987472407586531631e+01
3.537855395720625893e+03 2.232753593848785840e+02 8.645576072468259099e+01 1.524169442834917447e+02 6.890956517439329332e+01
3.538421828261598421e+03 2.228906073880037013e+02 8.550653691616753349e+01 1.525760807586660235e+02 6.792437741490957137e+01
3.538972470559007434e+03 2.224751651909795669e+02 8.456962308578292209e+01 1.526926263107750685e+02 6.693119572549548479e+01
3.539501768520949554e+03 2.220499103398384477e+02 8.364624443564044043e+01 1.527981548397152665e+02 6.593682449694912862e+01
3.539986287150129101e+03 2.217183895418216082e+02 8.281850609442005862e+01 1.528284281957872679e+02 6.493851239793517038e+01
3.540458136179365283e+03 2.214546294976123875e+02 8.208613951466932690e+01 1.529058745245138766e+02 6.394332196568860383e+01
3.541020978094801649e+03 2.210589783006660412e+02 8.131837514916868770e+01 1.530952474096879712e+02 6.296266587815296845e+01
3.541631022599784956e+03 2.205440422583839108e+02 8.053530039856835288e+01 1.531730097537179347e+02 6.197118118488889138e+01
3.542206464679802593e+03 2.200731347962808115e+02 7.974614878063954393e+01 1.531076828086929993e+02 6.097446466167734513e+01
3.542787696283854530e+03 2.195981328823171737e+02 7.890809209252600454e+01 1.530906471530961426e+02 5.997617250125021116e+01
3.543355908079477103e+03 2.191369707596840044e+02 7.805472731167688494e+01 1.530727742827659767e+02 5.897669168893868630e+01
3.543901712083111306e+03 2.186979251735078549e+02 7.722765828312869019e+01 1.530603375057068831e+02 5.797689865694474065e+01
3.544474845642832406e+03 2.181846704662312959e+02 7.635839334732470718e+01 1.530644571318863143e+02 5.697691439208646358e+01
3.545019746296119592e+03 2.177529116486763598e+02 7.548492991337269586e+01 1.530014960608743877e+02 5.598000582616536036e+01
3.545519802132950645e+03 2.174215501691037389e+02 7.466938694306359992e+01 1.530454697205723278e+02 5.498531907521718409e+01
3.546062279945506816e+03 2.169689358272414950e+02 7.383315456223374440e+01 1.531981742388636007e+02 5.399751416983468033e+01
3.546595936785714002e+03 2.164700935187950961e+02 7.298212869095868882e+01 1.532161695823457421e+02 5.300274178840360406e+01
3.547083836724636512e+03 2.160083523044718277e+02 7.211160213304187039e+01 1.531882615471003248e+02 5.200320721941647406e+01
3.547581646792002630e+03 2.155114225642967938e+02 7.117779509718579334e+01 1.532295581829512798e+02 5.100481632036403568e+01
3.548058176751131214e+03 2.150530145694413022e+02 7.030478254152079387e+01 1.532563454962098604e+02 5.000548188141793560e+01
3.548513141264948899e+03 2.146328972267783683e+02 6.946981609813042269e+01 1.532859147935344311e+02 4.900598690172716232e+01
3.548984974746519129e+03 2.141486281358056942e+02 6.861023939737376054e+01 1.533661866324244158e+02 4.800959016568248217e+01
3.549441058238882761e+03 2.136773419510415692e+02 6.779032622430248978e+01 1.533572445557047956e+02 4.701187979513456128e+01
3.549913868364551945e+03 2.132465788637983053e+02 6.690853828900522160e+01 1.532962993385954178e+02 4.601375733564191250e+01
3.550416708788685355e+03 2.127849003697099306e+02 6.597614882245967749e+01 1.533300559718748275e+02 4.501619906300215490e+01
3.550913821026500955e+03 2.123491484193984320e+02 6.505938367569595471e+01 1.533359382959615687e+02 4.401704182674755117e+01
3.551399147413329047e+03 2.119503643629981013e+02 6.416720991275410313e+01 1.533595652982253057e+02 4.301766405422424810e+01
3.551893291139859684e+03 2.115124154007441462e+02 6.333126171816727634e+01 1.534319119471864781e+02 4.202048387190146883e+01
3.552347482619346465e+03 2.111199985115048037e+02 6.258799181035927717e+01 1.533828671676840258e+02 4.102499907788546807e+01
3.552848977147761616e+03 2.107846634545291806e+02 6.170685221657170416e+01 1.533373255819549854e+02 4.002654410058335088e+01
3.553395620885266908e+03 2.103964864781619326e+02 6.076871309174820368e+01 1.534459833379598876e+02 3.903573942811211595e+01
3.553910663527163706e+03 2.099804663469507204e+02 5.990128378209717397e+01 1.535028417417343860e+02 3.803910936279479671e+01
3.554436362330506654e+03 2.095929147302649085e+02 5.894245244501425418e+01 1.534865510247576026e+02 3.703949257034242493e+01
3.554970020477193884e+03 2.091997660500253460e+02 5.797713550569429231e+01 1.535621305855733851e+02 3.604423635086084232e+01
3.555485318331769577e+03 2.088488834859861640e+02 5.706350182454600883e+01 1.535709840498177243e+02 3.504603944518019887e+01
3.556038266134910828e+03 2.085015845357739011e+02 5.609332691934961446e+01 1.536533922163047521e+02 3.405135998514143836e+01
3.556637678687884090e+03 2.080166631018013277e+02 5.514453522034116872e+01 1.537659552884572065e+02 3.305771977506461212e+01
3.557230181405168878e+03 2.075387784873169608e+02 5.426233432419880387e+01 1.536346973783079477e+02 3.207583780634512749e+01
3.557776841426981719e+03 2.071344615725073766e+02 5.347641833705004188e+01 1.536084137917985686e+02 3.108117170403709295e+01
3.558365896032874389e+03 2.066691421639866917e+02 5.267818369115210686e+01 1.536331625525868958e+02 3.008147943630934762e+01
3.558967246322239134e+03 2.062558376376351816e+02 5.179331187519964885e+01 1.535386599703734873e+02 2.908792003980253327e+01
3.559528518687990527e+03 2.058512861708063042e+02 5.095270234962251976e+01 1.535719684331526764e+02 2.809203976107826151e+01
3.560089036500875409e+03 2.053127817917250013e+02 5.023540390287634239e+01 1.535846149443488002e+02 2.709267980851469559e+01
3.560661206937927091e+03 2.047727972076082779e+02 4.986182350412474307e+01 1.533102467517294372e+02 2.614137513001149316e+01
3.561527394323662975e+03 2.042244220574848157e+02 5.048143150392325396e+01 1.525700414704062098e+02 2.551750784717242126e+01
3.562270733703273436e+03 2.039890464940293384e+02 5.149007181852810078e+01 1.519229447462682288e+02 2.608831663065602058e+01
3.562888563248436185e+03 2.042264372798134104e+02 5.229293680611810657e+01 1.513348004624877490e+02 2.689698798272234725e+01
3.563501009364250876e+03 2.048690710519249194e+02 5.307618394610614843e+01 1.512803729778317461e+02 2.786603577127042541e+01
3.564091963521665548e+03 2.055063158459144859e+02 5.389119758179446507e+01 1.515130836399494285e+02 2.883512838069330186e+01
3.564582632186708452e+03 2.060801546799729067e+02 5.467800819819656510e+01 1.516321311250529789e+02 2.982586707733558740e+01
3.565085592427435586e+03 2.067433097659757948e+02 5.556308237294222607e+01 1.517556257420991699e+02 3.081811373697334488e+01
3.565580803068228761e+03 2.073310873035651127e+02 5.641267406482844393e+01 1.519140610932258824e+02 3.180540230695394754e+01
3.566043484993541824e+03 2.078648462906313910e+02 5.715433407702286672e+01 1.519516136648155111e+02 3.280320677146408315e+01
3.566496430475662237e+03 2.083671716324932390e+02 5.793009007452886294e+01 1.521161273222857915e+02 3.378745294298759205e+01
3.566957860245043776e+03 2.088820845639134234e+02 5.877916374941461441e+01 1.522908316376592666e+02 3.477204465573982617e+01
3.567376972518721686e+03 2.093417812068828141e+02 5.952192762926603820e+01 1.523316651488799209e+02 3.576963815798620061e+01
3.567806754548279514e+03 2.097849120074432960e+02 6.029605771169238437e+01 1.524376024519135058e+02 3.676328472235947942e+01
3.568234891712418175e+03 2.102270532436024268e+02 6.109052053701056195e+01 1.526229516721726043e+02 3.774557869202461546e+01
3.568639178086707034e+03 2.106849077665747814e+02 6.187201245113558201e+01 1.526910812537607001e+02 3.874174174449206021e+01
3.569092977972268272e+03 2.111739988446642258e+02 6.276560465227777286e+01 1.528306572984396041e+02 3.973113717947844492e+01
3.569548105856658367e+03 2.115909172453063718e+02 6.364626693692778048e+01 1.530417191674057449e+02 4.070832838136744414e+01
3.570016467262652895e+03 2.119290496181421872e+02 6.450867967753760013e+01 1.530018406781175315e+02 4.170167112807640564e+01
3.570515474914826427e+03 2.122677093933449726e+02 6.540183190600366459e+01 1.529888696034149120e+02 4.270114966652457156e+01
3.571006562048229625e+03 2.124363584913398881e+02 6.625488099207238690e+01 1.530625423416055639e+02 4.369795976123607772e+01
3.571508075516840108e+03 2.126887215063861731e+02 6.715610464795989287e+01 1.529199274706696485e+02 4.468338261284550583e+01
3.572048252237492306e+03 2.129819432966446868e+02 6.813550878806503874e+01 1.528084116909205079e+02 4.567675072650578016e+01
3.572644954945239078e+03 2.131626200028690050e+02 6.929064218627792116e+01 1.527402836726539306e+02 4.667434202280479383e+01
3.573201085580003564e+03 2.134276339742898472e+02 7.038548404190338204e+01 1.526757572599904336e+02 4.767225779856069323e+01
3.573735710035147349e+03 2.137898533255320217e+02 7.125116956086779396e+01 1.527353664873142520e+02 4.866923262749759971e+01
3.574293520990524939e+03 2.141106904442116559e+02 7.214450804243730886e+01 1.526859482298922615e+02 4.966668634263412940e+01
3.574862989309101067e+03 2.144579025135775225e+02 7.320760438942900805e+01 1.526052883668688764e+02 5.066341877247752024e+01
3.575380622905821838e+03 2.147917737220990091e+02 7.418678533932595087e+01 1.526101688805857748e+02 5.166280908315120968e+01
3.575905993935112747e+03 2.148992025240946191e+02 7.514782861550958160e+01 1.524295457907155082e+02 5.264327673241697880e+01
3.576489414141126872e+03 2.150807240315333502e+02 7.619831768574485409e+01 1.522555772325039811e+02 5.362792017111841858e+01
3.577074655601188624e+03 2.154016064034016722e+02 7.709988376910081342e+01 1.521698461598672623e+02 5.462371666549993421e+01
3.577627943498445802e+03 2.157941476331900219e+02 7.802323280199655642e+01 1.520271588352380547e+02 5.561311882889744851e+01
3.578167662885095524e+03 2.161335443847964655e+02 7.896925140124911024e+01 1.520274660170007621e+02 5.661140778933799567e+01
3.578710362449472086e+03 2.164247276523481389e+02 7.987948505585279690e+01 1.519870994505885164e+02 5.761030670881758908e+01
3.579216767445595451e+03 2.167834287898537582e+02 8.073721414106238115e+01 1.519050062054195394e+02 5.860685415721584235e+01
3.579706439605213745e+03 2.171731403390703576e+02 8.163214751852508755e+01 1.520246143268433059e+02 5.959673403121210811e+01
3.580240775644545010e+03 2.175905301319913008e+02 8.259828738219249544e+01 1.520993618938487089e+02 6.059356749071127979e+01
3.580792860209633545e+03 2.180841841449974083e+02 8.336992451224506340e+01 1.521538409086162176e+02 6.159207515446885850e+01
3.581331168704014544e+03 2.186646978881200027e+02 8.408713405944867247e+01 1.524438140579106857e+02 6.254527574759404729e+01
3.581912093991410529e+03 2.193605581049459943e+02 8.485361553016379332e+01 1.527324067896144584e+02 6.350265736856187004e+01
3.582499407989508654e+03 2.201127170488851164e+02 8.562546896458324852e+01 1.530525300919410370e+02 6.444994139662207999e+01
3.583007033828660497e+03 2.207893228028538033e+02 8.635336262981716970e+01 1.534205460929433400e+02 6.537961724240706474e+01
3.583484841272676022e+03 2.215290615200350430e+02 8.705484219044772942e+01 1.536450590768557447e+02 6.635261712661909428e+01
3.583963898916108064e+03 2.223765781363184999e+02 8.768404478069329855e+01 1.540017939356425245e+02 6.728530474519230609e+01
3.584410567655486830e+03 2.231827964027372104e+02 8.810388352942017320e+01 1.544862264873405877e+02 6.815916834764439614e+01
3.584846611313897029e+03 2.240079086513175639e+02 8.829397970759816872e+01 1.549819659390165896e+02 6.902763954891565845e+01
3.585331441222996546e+03 2.249589072673048804e+02 8.832311114302575561e+01 1.557184982416601713e+02 6.969669007151958340e+01
3.585763109139155858e+03 2.258170314237210903e+02 8.822958551104312619e+01 1.566262360714259785e+02 7.010820677878682261e+01
3.586216056605439007e+03 2.267664207323994674e+02 8.802882200901483145e+01 1.575527142426603859e+02 7.048452576062337016e+01
3.586671782072092810e+03 2.277586057456919661e+02 8.780462899742542504e+01 1.585179217231691382e+02 7.074361018966618531e+01
3.587084233726255661e+03 2.286330422108592586e+02 8.762248449193943145e+01 1.595012389543912263e+02 7.092439897018451234e+01
3.587531570906186062e+03 2.295322891472790729e+02 8.742878426013655258e+01 1.604627824151693858e+02 7.119757941024647607e+01
3.588022177677707987e+03 2.304780807558993558e+02 8.719503983300239724e+01 1.614381742320069293e+02 7.141733575517017130e+01
3.588480440115879901e+03 2.313983034776443333e+02 8.691346196341140740e+01 1.624350059515128919e+02 7.148624208296928373e+01
3.588956553761940086e+03 2.323876947967830517e+02 8.662063970132327029e+01 1.634261040579999360e+02 7.161793115025209033e+01
3.589458522020297096e+03 2.332577895580638767e+02 8.615080638339948393e+01 1.644253210006264965e+02 7.160840541224185074e+01
3.589935635722590177e+03 2.339002021447491018e+02 8.558754446899941115e+01 1.654145214908940034e+02 7.146515800710309918e+01
3.590413957510389537e+03 2.344608800774542487e+02 8.506624656275003815e+01 1.664098300597669322e+02 7.136936686160250076e+01
3.590952564212596826e+03 2.347644076925059267e+02 8.478590927944165401e+01 1.673872604685139152e+02 7.115994788256051606e+01
3.593190994348680761e+03 2.346627680489841055e+02 8.475885202750792757e+01 1.683778540221323112e+02 7.102443783284724077e+01
3.601274171800602744e+03 2.342747538897654636e+02 8.377524303912041148e+01 1.680201584177342511e+02 7.017036118396681843e+01
3.602390684820668412e+03 2.344665095291169052e+02 8.350755957145712216e+01 1.680632454179835804e+02 6.928194153139317280e+01
3.605983024893545917e+03 2.348376582407566957e+02 8.356555434882031363e+01 1.689894437621137513e+02 6.950677312517601081e+01
