# ts_seconds,x,y,gt_x,gt_y
6.171031585465450007e+03 1.724737438065207584e+02 6.798812998763489190e+01 1.724737438065207584e+02 6.798812998763489190e+01
6.179458663187518141e+03 1.724314631981698653e+02 6.976821374694236511e+01 1.714741820624437594e+02 6.797601611110462727e+01
6.180044764595520974e+03 1.723770280365607732e+02 7.075460367161954878e+01 1.704952370649613727e+02 6.817932918144873611e+01
6.180558829509861425e+03 1.724002075821835831e+02 7.165244776546292371e+01 1.694979464711829564e+02 6.825268076065265177e+01
6.181088899557134027e+03 1.723627260639227643e+02 7.258804503883230552e+01 1.685044569779587675e+02 6.836658716904111088e+01
6.181643722983490079e+03 1.722637004187189405e+02 7.352276580257503724e+01 1.675123763163292665e+02 6.849006656482443134e+01
6.182165208648794760e+03 1.722644916788072749e+02 7.445228259014852767e+01 1.665127998825723239e+02 6.848668611022014829e+01
6.182723182290006662e+03 1.722238586583007134e+02 7.553065720429958674e+01 1.655242863864645244e+02 6.863776174966407950e+01
6.183224950879653989e+03 1.720923993305766544e+02 7.653325132770893902e+01 1.645323307944245812e+02 6.876108129602886265e+01
6.183642259125130295e+03 1.720450838028081364e+02 7.738066679524628455e+01 1.635325978950353942e+02 6.875020282143010775e+01
6.184117031893219973e+03 1.719637441933344064e+02 7.833659409001069207e+01 1.625365632116981658e+02 6.883889760084944953e+01
6.184603215862113757e+03 1.718269632696489850e+02 7.928317440406053151e+01 1.615435570062707029e+02 6.895224116223013766e+01
6.185062177855041227e+03 1.717512168933571104e+02 8.019790721331129646e+01 1.605440372453453790e+02 6.892271617845203480e+01
6.185580662365206081e+03 1.716327940047338245e+02 8.123627247348980518e+01 1.595441442413274444e+02 6.893596348856587497e+01
6.186081235520988230e+03 1.714315343121173782e+02 8.220649862810641650e+01 1.585453245508742839e+02 6.896619846206364457e+01
6.186547547142618896e+03 1.712046285563590970e+02 8.306296302320110669e+01 1.575529324356918153e+02 6.884311531323903921e+01
6.187053283975201339e+03 1.708168855402790314e+02 8.388634262355473936e+01 1.565633302740951933e+02 6.870185362125835127e+01
6.187586581980684969e+03 1.701812731774496115e+02 8.457676918025727275e+01 1.556037957607358635e+02 6.843285551275504019e+01
6.188072957097208018e+03 1.694573665340172965e+02 8.506976108139187431e+01 1.547768319856969867e+02 6.787376485916803404e+01
6.188558577621378390e+03 1.686428091168003789e+02 8.542103953532595995e+01 1.540897085069566970e+02 6.714921570112295512e+01
6.189092550113318794e+03 1.676962887246849334e+02 8.567513184604052867e+01 1.535615449153891348e+02 6.630233749144119315e+01
6.189625092127416792e+03 1.666950645695010564e+02 8.585569194449885799e+01 1.531995012080539311e+02 6.537017660022299026e+01
6.190173370446813351e+03 1.655917411542173454e+02 8.593949892038142480e+01 1.528590838236041520e+02 6.443181712369612058e+01
6.190717756836737863e+03 1.644826009064994139e+02 8.596862562170036881e+01 1.526906606154494739e+02 6.344614940681562842e+01
6.191225195396100389e+03 1.634854093704325919e+02 8.598905921342485215e+01 1.525424165299825461e+02 6.245738565274802312e+01
6.191715451627248513e+03 1.625832454081731271e+02 8.593181152998786843e+01 1.523628994300227077e+02 6.147520374331475068e+01
6.192229903460058267e+03 1.616181139020432624e+02 8.587534262835345089e+01 1.523294118965269206e+02 6.047576667518286087e+01
6.192764121058611636e+03 1.606094267120607242e+02 8.578751348417601719e+01 1.522929212161875796e+02 5.947645264533210252e+01
6.193261782604407017e+03 1.597147399239526919e+02 8.563075218669517596e+01 1.522859582390718742e+02 5.847703159717912058e+01
6.193743409362572493e+03 1.588088876462472001e+02 8.553665802801083373e+01 1.523507862352095970e+02 5.747984101398510148e+01
6.194247522308414773e+03 1.578339628108939792e+02 8.543072163610472103e+01 1.523157781601377678e+02 5.648047698740825240e+01
6.194731707993752934e+03 1.568793565212722569e+02 8.526277127956115010e+01 1.522863584647571997e+02 5.548243433214684472e+01
6.195214007368474995e+03 1.558641826795482359e+02 8.517237834893884951e+01 1.523763841118386040e+02 5.448713025764590867e+01
6.195718276794741541e+03 1.547985775614104682e+02 8.514680038281122165e+01 1.523680929881813881e+02 5.348757411760033875e+01
6.196196464487667072e+03 1.538028865266399237e+02 8.511660508626293620e+01 1.522969259818605110e+02 5.249018315036663296e+01
6.196656032622833663e+03 1.528213007257687082e+02 8.507823435800598588e+01 1.522417138939663062e+02 5.149215400011134847e+01
6.197133065376053310e+03 1.518128229537284426e+02 8.499186273160707117e+01 1.521246490489091343e+02 5.049921830800602152e+01
6.197584925503790146e+03 1.508875090641070642e+02 8.486568140975059293e+01 1.520746767091224854e+02 4.950171392359871447e+01
6.198019357731722266e+03 1.500003865757216772e+02 8.471683520203146145e+01 1.521348838216825072e+02 4.850356150598645399e+01
6.198502424819504995e+03 1.490389419269739619e+02 8.451498483653766414e+01 1.521888209732759947e+02 4.750541666082603598e+01
6.199000154852433297e+03 1.480770001713093791e+02 8.434330277096037776e+01 1.523112018104607444e+02 4.651298004082613602e+01
6.199482635445414417e+03 1.471282078802530577e+02 8.424519895304901240e+01 1.524304235637047782e+02 4.552157627045396993e+01
6.199988938455065181e+03 1.461609769671844106e+02 8.411744362355651106e+01 1.524349857358430427e+02 4.452161315875146386e+01
6.200514556172794073e+03 1.451865988524644138e+02 8.397113295506393627e+01 1.524556589444465544e+02 4.352182693308512285e+01
6.201020158040068964e+03 1.442612778362571362e+02 8.384398596070556664e+01 1.524711801359423760e+02 4.252202898545030507e+01
6.201512673229168286e+03 1.433891736297624675e+02 8.371186346749404095e+01 1.524641228480004997e+02 4.152211221219690884e+01
6.202021196336311732e+03 1.424498547948651890e+02 8.361662283036245924e+01 1.524622690396949167e+02 4.052286370010369154e+01
6.202520386402961776e+03 1.415045663915994396e+02 8.353022341874020640e+01 1.523781189286509345e+02 3.952641195362163273e+01
6.202988168840779508e+03 1.406271011560949944e+02 8.343434760684483820e+01 1.523193455426974765e+02 3.852920094213320112e+01
6.203461884898221797e+03 1.397490891472979229e+02 8.339010061049424394e+01 1.523475609425433390e+02 3.752979998365468361e+01
6.203958789064638950e+03 1.388722435905154668e+02 8.333319122717846028e+01 1.523338209233022837e+02 3.652989439718591314e+01
6.204464827065237841e+03 1.379794607176342254e+02 8.321150823582172507e+01 1.523441152623583434e+02 3.553112369802400394e+01
6.204981665477615024e+03 1.370242400321272669e+02 8.310742118594019701e+01 1.524399053660945071e+02 3.453611168791378816e+01
6.205509386243147674e+03 1.360913594822279435e+02 8.300466869104009504e+01 1.524756917130273450e+02 3.353677348880333398e+01
6.206035208102108299e+03 1.352100390172818720e+02 8.289149760680319901e+01 1.525019804683873019e+02 3.253714478776769425e+01
6.206590777473281378e+03 1.342515387421732100e+02 8.281828880981876750e+01 1.525196716027655555e+02 3.153829872489026442e+01
6.207199910265469953e+03 1.332017856100910080e+02 8.277980579023447660e+01 1.524484873741919273e+02 3.054083965816453983e+01
6.207805542429647176e+03 1.321668875077518521e+02 8.275881549386460279e+01 1.523621725192723488e+02 2.954474830883875214e+01
6.208391102204553135e+03 1.311847373568821524e+02 8.267015694426558525e+01 1.522507062798894992e+02 2.855122917939799976e+01
6.208975838106599440e+03 1.302629971224967278e+02 8.256904668290769678e+01 1.521975992208875255e+02 2.755306362598257408e+01
6.209588888653866888e+03 1.293742827757077407e+02 8.253824856637795904e+01 1.521806366178608414e+02 2.655388104252109827e+01
6.210346474692064476e+03 1.285126490217830337e+02 8.248693863186956321e+01 1.520699516559255073e+02 2.556109427291704961e+01
6.212058218410113113e+03 1.277323651648606244e+02 8.219335253157366594e+01 1.520454714175471054e+02 2.461840458122726005e+01
6.214895148896282990e+03 1.272137715133255824e+02 8.107392885644146929e+01 1.527827687103751941e+02 2.403092823610320394e+01
6.215546524032427442e+03 1.271363570629485622e+02 7.993463023352789776e+01 1.537542276991185020e+02 2.379383573480363268e+01
6.216141750773335843e+03 1.271043776111645656e+02 7.888060688958607614e+01 1.547334466120443608e+02 2.359429705236355446e+01
6.216715054034108107e+03 1.270974125599100830e+02 7.788289562811318945e+01 1.557221114002099682e+02 2.344429904738992931e+01
6.217279084883019095e+03 1.271643544434024733e+02 7.693043308304531536e+01 1.567096564300416048e+02 2.328789865396715442e+01
6.217865755452013218e+03 1.273525393722961780e+02 7.593324733748548283e+01 1.577003446753805633e+02 2.320614452280917561e+01
6.218440612174431408e+03 1.275855295005682279e+02 7.492781047298137764e+01 1.586995594031352823e+02 2.324557348024180214e+01
6.219021364194933994e+03 1.278089289558102166e+02 7.390147920083323640e+01 1.596970527746545940e+02 2.330857422166651460e+01
6.219606361883391401e+03 1.279907735142881506e+02 7.286748314231465429e+01 1.606935595193395159e+02 2.338917087184854537e+01
6.220188979192092120e+03 1.281925380838876549e+02 7.186114966800367654e+01 1.616925410947436035e+02 2.343189172611612392e+01
6.220781153909409113e+03 1.284430584535760715e+02 7.087194993021822143e+01 1.626828750243065542e+02 2.353947027470368880e+01
6.221366632464369104e+03 1.286534553803759309e+02 6.991520821207876679e+01 1.636695354555927793e+02 2.369424442814107579e+01
6.221946696444736517e+03 1.287916228917440549e+02 6.900018741057682803e+01 1.646659529176058925e+02 2.377635751035058220e+01
6.222516722596060390e+03 1.288566583805425694e+02 6.810588275410101744e+01 1.656645258392289008e+02 2.382909815140149945e+01
6.223084793111044746e+03 1.289247920207874358e+02 6.720518835769570387e+01 1.666607041377737346e+02 2.379554635761649806e+01
6.223668669575579770e+03 1.290598414359648416e+02 6.628476665338412488e+01 1.676565661461315813e+02 2.371162634553332538e+01
6.224220202499783227e+03 1.291655351168972174e+02 6.538955355176369721e+01 1.686559786985599203e+02 2.368850787748255016e+01
6.224748770260783203e+03 1.292314100440797802e+02 6.450736865380005725e+01 1.696529226474007430e+02 2.363522361606593236e+01
6.225298587008094728e+03 1.293310840586286474e+02 6.357568244539322677e+01 1.706492527329316147e+02 2.355623691341911652e+01
6.225822874264094935e+03 1.294393214919491299e+02 6.264744646761023006e+01 1.716487127248596494e+02 2.352912771289709681e+01
6.226342369434112697e+03 1.295314909801988392e+02 6.173778654461644777e+01 1.726483212529517175e+02 2.350557719614542762e+01
6.226917922336569063e+03 1.296040074189413360e+02 6.077541412514903385e+01 1.736477407268047273e+02 2.347186884346434965e+01
6.227541119473346953e+03 1.296959830972488135e+02 5.971959873201781477e+01 1.746448879715665896e+02 2.340609137287068009e+01
6.228189558366866549e+03 1.298332208125420948e+02 5.859583073149428856e+01 1.756422295426551727e+02 2.334973894128757621e+01
6.228831261486901894e+03 1.299584357280382676e+02 5.749101713008084857e+01 1.766412254276079352e+02 2.331306502200673592e+01
6.229436776652456501e+03 1.300518846227810741e+02 5.645610257911427254e+01 1.776385137152045957e+02 2.324022219320741911e+01
6.230028073442302230e+03 1.300740238440296821e+02 5.546077061407049058e+01 1.786366801296171616e+02 2.318589175944171288e+01
6.230664305627303293e+03 1.300785329627424574e+02 5.444158900838755244e+01 1.796272145792845834e+02 2.307306825831117081e+01
6.231331431838078970e+03 1.301510391639655495e+02 5.339248377722203287e+01 1.806180361308534543e+02 2.295171632491166847e+01
6.231982343113972092e+03 1.302871975986894881e+02 5.237835740625816072e+01 1.816168754534544121e+02 2.290834083209640326e+01
6.232619339491924620e+03 1.305780752987109565e+02 5.146432345932423402e+01 1.826150576827826626e+02 2.294090244551471258e+01
6.233261604191323386e+03 1.310659193323332943e+02 5.072203290029432310e+01 1.835716931415082058e+02 2.318966416477043779e+01
6.234000545747556316e+03 1.318173470322446406e+02 5.029832624692173226e+01 1.844134691215410840e+02 2.371049035071745692e+01
6.234779577545640677e+03 1.327889789699309233e+02 5.013556846487798424e+01 1.849151085676694777e+02 2.452861479330147176e+01
6.235433725528395371e+03 1.337075447218158786e+02 5.009212529003696091e+01 1.851848074269473443e+02 2.549105292179560678e+01
6.236041150351286888e+03 1.346185549674733863e+02 5.016425793255884003e+01 1.853453399807969504e+02 2.647603925076606401e+01
6.236641347634720660e+03 1.355818103968038884e+02 5.023304873558449657e+01 1.853664968045136163e+02 2.747366834734994256e+01
6.237255403498682426e+03 1.366237866193650063e+02 5.030574381335329548e+01 1.854657835876471381e+02 2.846505772387065392e+01
6.237868566774475767e+03 1.377462209931599659e+02 5.044578515125590457e+01 1.855378855758703764e+02 2.946073428107377623e+01
6.238421453096066216e+03 1.387902552004132986e+02 5.063399774931765052e+01 1.855500891949000390e+02 3.046056896924163837e+01
6.238976071876062633e+03 1.397816583358229536e+02 5.089597593780634099e+01 1.855419895277450166e+02 3.146050795833959413e+01
6.239554756227640610e+03 1.408232606207655238e+02 5.115858673920434541e+01 1.854401804062403869e+02 3.245358569943841331e+01
6.240101421531767301e+03 1.418588354846478410e+02 5.136773602700920094e+01 1.853577077074664601e+02 3.344945508146432189e+01
6.240600538262585360e+03 1.428321527876231585e+02 5.147009326897015313e+01 1.853041007867354608e+02 3.444801357374839768e+01
6.241089462932090100e+03 1.437895401469349110e+02 5.152104855636582670e+01 1.853015558213170380e+02 3.544749998432192228e+01
6.241602562241610030e+03 1.447605100384561467e+02 5.165177851038152568e+01 1.854031409751891033e+02 3.644086199681809290e+01
6.242116941835506623e+03 1.457148993757674873e+02 5.182395544548326427e+01 1.853791591712604543e+02 3.743525039775791896e+01
6.242611850431598214e+03 1.466355234498449533e+02 5.198400345930308930e+01 1.852952882614476380e+02 3.843171921821069503e+01
6.243136817817594419e+03 1.476066487592491683e+02 5.213502717744217563e+01 1.852300506271930089e+02 3.942953861381801062e+01
6.243662274317374795e+03 1.485948481304214113e+02 5.226477167548085134e+01 1.851295079511098436e+02 4.042413897286746050e+01
6.244159645078779249e+03 1.495438181700532425e+02 5.237281140658573975e+01 1.850985647207329237e+02 4.142226585356281987e+01
6.244674097673372671e+03 1.505205580170267012e+02 5.248670601871533137e+01 1.851130881391397054e+02 4.242212896069587202e+01
6.245205435016623596e+03 1.515332287175249917e+02 5.260752011471648615e+01 1.850742392174429938e+02 4.342074063139863682e+01
6.245757619746953424e+03 1.525422095946047136e+02 5.276139715145350806e+01 1.850577129410414443e+02 4.442024301948706722e+01
6.246302598882670281e+03 1.534999474698730637e+02 5.287405269012871400e+01 1.849815225941640904e+02 4.541626252432290300e+01
6.246834138854083903e+03 1.544382230426740534e+02 5.291584879195639957e+01 1.848962189388091701e+02 4.641255151569101400e+01
6.247402108696397590e+03 1.554611867644355243e+02 5.291361458707702781e+01 1.849226597622130157e+02 4.741021383915421694e+01
6.247971015188373713e+03 1.564900420036675541e+02 5.288722850188430868e+01 1.849932834086271782e+02 4.840770970012342644e+01
6.248531306959504946e+03 1.574734911352633731e+02 5.295325609390257426e+01 1.851097062410532317e+02 4.940056562328734202e+01
6.249070119396081282e+03 1.584017634937695789e+02 5.301746424301222760e+01 1.850913694552791640e+02 5.039637967774069693e+01
6.249617085280698120e+03 1.593439497586559526e+02 5.298502435890252116e+01 1.850777136078640410e+02 5.139571663736168716e+01
6.250221250031897398e+03 1.604086764030438985e+02 5.293874182129228245e+01 1.852311833920984157e+02 5.238017859913754393e+01
6.250849874406091658e+03 1.615017965531180835e+02 5.298289131784753181e+01 1.853775657804150114e+02 5.336887873423405892e+01
6.251494721727848628e+03 1.625162858037188016e+02 5.321459259054137902e+01 1.854714067359952878e+02 5.436427352917359457e+01
6.252114963163104221e+03 1.634244687466927815e+02 5.345886418197427759e+01 1.852873695054020118e+02 5.533540458744585067e+01
6.252731380261506274e+03 1.643705614824447707e+02 5.366055046342716395e+01 1.851259880026187830e+02 5.632052146454772412e+01
6.253378619225403781e+03 1.653380283750029776e+02 5.395853642400313532e+01 1.850464494994572533e+02 5.731699942111526980e+01
6.254010847116564946e+03 1.662874590940868984e+02 5.422304709328444972e+01 1.848616849268385067e+02 5.829779013406440669e+01
6.254631685653870591e+03 1.671641471912423356e+02 5.457190021685082115e+01 1.847405807577963799e+02 5.928916780831289657e+01
6.255267186323754686e+03 1.680401249813410516e+02 5.496561505729551556e+01 1.844778120964603829e+02 6.025009917430571704e+01
6.255902461104864415e+03 1.689860379973621889e+02 5.525661301359256328e+01 1.841898323141790286e+02 6.120768930027380605e+01
6.256570471235531841e+03 1.699623934542458130e+02 5.547303151949029854e+01 1.840250941999610461e+02 6.219220641383982695e+01
6.257246259808026480e+03 1.709899471656129322e+02 5.562754248736099072e+01 1.838388623645297457e+02 6.317439376724802003e+01
6.257937980788467030e+03 1.719915013932585737e+02 5.576395611033706956e+01 1.837395649254552836e+02 6.416825600452619938e+01
6.258642049903650332e+03 1.730166341509268761e+02 5.581885992176637501e+01 1.836477527807093395e+02 6.516400178728729031e+01
6.259315744451419050e+03 1.740284639494094563e+02 5.572380858274058113e+01 1.837288765819705532e+02 6.615704752681229195e+01
6.259971029419670231e+03 1.750934167841300848e+02 5.562425595814469403e+01 1.839564861458879932e+02 6.712948271506157027e+01
6.260610738352760563e+03 1.761746894024082053e+02 5.556079713127235920e+01 1.841574092779482612e+02 6.810878954547185060e+01
6.261231178368509063e+03 1.772362159896672154e+02 5.561818826570222996e+01 1.843565437348170235e+02 6.908875144917091404e+01
6.261820293912168381e+03 1.782712222020808213e+02 5.571918865125851283e+01 1.843919305215149222e+02 7.008505022113868677e+01
6.262383413304706664e+03 1.792527359121152131e+02 5.591419232500555125e+01 1.843887011213735718e+02 7.108504458647645663e+01
6.262969129055802114e+03 1.801891736203834284e+02 5.623027057968359799e+01 1.842861720584843965e+02 7.207872012997917466e+01
6.263561476489125198e+03 1.811777696679414476e+02 5.639795624728940737e+01 1.840996387755208445e+02 7.306073264176136206e+01
6.264095271901443084e+03 1.820987069892227339e+02 5.640085614273539960e+01 1.842296911754696680e+02 7.404061509042087152e+01
6.264633135605661664e+03 1.830897195149830452e+02 5.636045885435640201e+01 1.845229947983404202e+02 7.499570387891382950e+01
6.265198883760591343e+03 1.840995338857614172e+02 5.635628924317215649e+01 1.847265819843795498e+02 7.597357417096915810e+01
6.265840184281433721e+03 1.852302858350599877e+02 5.642355489314108752e+01 1.848959695501032741e+02 7.695910475374554949e+01
6.266427767905923247e+03 1.862795145120333871e+02 5.645512438594592908e+01 1.849325087482533547e+02 7.795683665512366645e+01
6.266962942023776122e+03 1.871759783231749452e+02 5.656810930244382973e+01 1.850583627006142251e+02 7.894767531743070776e+01
6.267524452614714392e+03 1.880929324119310877e+02 5.666754686296874866e+01 1.850033879213435455e+02 7.994243523726198930e+01
6.268116447542263813e+03 1.890713169150965882e+02 5.670168327225795935e+01 1.849753688731696286e+02 8.094168343220822237e+01
6.268763322983638318e+03 1.900894932349419264e+02 5.679621481022893192e+01 1.851386239949582375e+02 8.192536229416022309e+01
6.269394835319681079e+03 1.910771629862937289e+02 5.690654815565554259e+01 1.850836394918612484e+02 8.291844559383825697e+01
6.269988432751615619e+03 1.920097996610965936e+02 5.699136749495627896e+01 1.850885458978740417e+02 8.391755781629437649e+01
6.270611565874884946e+03 1.930535909706782718e+02 5.704662442345304640e+01 1.850799413898064074e+02 8.491744465935558139e+01
6.271213049104536367e+03 1.941236144554029011e+02 5.712685231264379837e+01 1.850723137899458948e+02 8.591741265678783179e+01
6.271811014793356662e+03 1.951415697306203469e+02 5.727726383395805243e+01 1.851960242466678608e+02 8.690832351832213476e+01
6.272315121468524012e+03 1.960732635932032792e+02 5.736076504289179212e+01 1.851269018229074845e+02 8.790219516911868425e+01
6.272812171606906304e+03 1.970054847860801601e+02 5.751218385585419668e+01 1.851657738648777070e+02 8.889981948191493188e+01
6.273347392619291895e+03 1.979418008553121240e+02 5.776983723391477810e+01 1.851644633999409848e+02 8.989950846575983689e+01
6.273891202247748879e+03 1.988953607548675109e+02 5.783635247188892947e+01 1.849818746716896385e+02 9.088032554436179566e+01
6.274430612242565076e+03 1.999151289655958408e+02 5.786080295944951501e+01 1.850140506127358719e+02 9.187524375814867028e+01
6.274976022328899489e+03 2.009292212675610472e+02 5.794022293201653184e+01 1.850429532007511284e+02 9.287469939882618064e+01
6.275574363068798448e+03 2.019346957367025368e+02 5.786879097965037744e+01 1.850554550294417027e+02 9.387461333714975353e+01
6.276177729049143636e+03 2.029990760255821840e+02 5.802961756786062608e+01 1.852459012128728091e+02 9.485378250778400400e+01
6.276723786088373345e+03 2.040062632534709053e+02 5.819001507216148639e+01 1.852902354803981382e+02 9.585049696762959570e+01
6.277257525039197390e+03 2.049054860713946198e+02 5.827750975210434348e+01 1.855575185399555664e+02 9.680915325241529956e+01
6.277844817344956027e+03 2.059429176826230048e+02 5.828808713769656435e+01 1.856233763817124611e+02 9.780263356741181724e+01
6.278425676573024248e+03 2.069117936870256926e+02 5.841572433657058383e+01 1.855933616880461159e+02 9.880191467732588251e+01
6.279055222652842531e+03 2.078326249885177788e+02 5.875269011190776780e+01 1.856578426471670014e+02 9.979905255804629860e+01
6.279641877936015590e+03 2.087284559465912537e+02 5.880998662190960857e+01 1.854831615494646258e+02 1.007788624477401243e+02
6.280192369002329542e+03 2.095477346238533016e+02 5.897579517835331586e+01 1.855490798900607956e+02 1.017710548963800647e+02
6.280827908060346090e+03 2.105047955765577683e+02 5.920099904948431657e+01 1.856303316585729704e+02 1.027677031726621806e+02
6.281428590731203258e+03 2.113917484504152355e+02 5.939192317329544579e+01 1.855547301988612219e+02 1.037631426304169793e+02
6.282005488982808856e+03 2.121662773573443417e+02 5.949868035729893734e+01 1.856471462049709373e+02 1.047562511010748523e+02
6.282601466100089056e+03 2.130472146809955518e+02 5.956456710382518338e+01 1.855595509479230998e+02 1.057493110268170255e+02
6.283266142113815476e+03 2.139792519263336033e+02 5.967453850418043260e+01 1.855796073544794922e+02 1.067477575052397327e+02
6.284040657125631697e+03 2.149126235586178950e+02 5.982750442695921578e+01 1.855880738916013115e+02 1.077476518743295770e+02
6.284914983983891034e+03 2.157842046089769497e+02 5.989447386469045398e+01 1.856229782977051741e+02 1.087469741977638904e+02
6.286258682186435180e+03 2.161919757761340293e+02 6.007795613327069617e+01 1.855108105454397105e+02 1.097390308497388531e+02
6.288681616848879457e+03 2.174336900427307739e+02 6.029473353774665867e+01 1.855770691873053693e+02 1.107340705972548136e+02
6.289671025683980588e+03 2.186094517223377522e+02 6.045611370136904128e+01 1.857416214944357193e+02 1.117200886601053895e+02
6.290321244163883421e+03 2.197455066331207547e+02 6.064135464253931929e+01 1.858201105164254727e+02 1.127163805482970957e+02
6.290901106890286428e+03 2.207789270551970446e+02 6.075332630421636537e+01 1.857922891996599901e+02 1.137154100099686502e+02
6.291405939456668420e+03 2.215760495185870980e+02 6.085843518584969303e+01 1.856520409860954999e+02 1.147048809769976714e+02
6.291928306169636016e+03 2.223588062172294713e+02 6.100087322716968430e+01 1.856640794426182310e+02 1.157031862216495313e+02
6.292524651223153342e+03 2.233471546227480644e+02 6.097486378060224865e+01 1.856659865370980924e+02 1.167031320850705356e+02
6.293134770661160474e+03 2.243461144904343598e+02 6.101167533096312212e+01 1.857121399952083891e+02 1.177019310238923424e+02
6.293697973744084265e+03 2.252667649231151756e+02 6.107950692843030538e+01 1.858441992115870391e+02 1.186928042362644362e+02
6.294215274991986917e+03 2.261130578010090630e+02 6.118894506126255806e+01 1.858325741133037354e+02 1.196915262884902944e+02
6.294815623385257823e+03 2.270023757487799116e+02 6.140220654080080465e+01 1.858909927188418294e+02 1.206894421764500436e+02
6.295466112360240913e+03 2.279510462681910496e+02 6.160804832785678542e+01 1.859328611470822068e+02 1.216885326683992474e+02
6.296056640654473995e+03 2.288628680618440399e+02 6.173613537744096647e+01 1.858618733880826710e+02 1.226854259561800546e+02
6.296616420061284771e+03 2.297360125534167707e+02 6.191578658327646423e+01 1.858406894642236296e+02 1.236850299661432331e+02
6.297184071962901726e+03 2.306719352510649514e+02 6.202245280988361031e+01 1.858278440003395531e+02 1.246849471270213314e+02
6.297774736267010667e+03 2.316935585666153088e+02 6.217896807678494042e+01 1.859435898620949956e+02 1.256774744785984268e+02
6.298320313018807610e+03 2.325537280021582092e+02 6.245700671294942197e+01 1.860369275678489487e+02 1.266730565644147362e+02
6.298857713792813229e+03 2.333282549014685117e+02 6.275746443438482203e+01 1.859214968681864946e+02 1.276647611925670986e+02
6.299496947937682307e+03 2.342118822184411897e+02 6.316481839146567268e+01 1.857827874880484842e+02 1.286550919973909402e+02
6.300199849965549220e+03 2.350064175982503798e+02 6.377979563231624383e+01 1.854396609138910037e+02 1.295926233962134688e+02
6.300853238515691373e+03 2.354295797193635451e+02 6.450311634489686696e+01 1.847744180828285039e+02 1.303355205841633904e+02
6.301512424014076714e+03 2.355190408480927431e+02 6.547081257567555213e+01 1.839225146286460699e+02 1.308552371475394409e+02
6.302135071453193632e+03 2.354052204138311311e+02 6.637079399685599412e+01 1.829276840849402674e+02 1.309567860779993964e+02
6.302864749170739742e+03 2.352375542220887610e+02 6.733669735103013920e+01 1.819327913404223125e+02 1.310577059950998944e+02
6.303614783235280811e+03 2.351510776829096585e+02 6.837947263015017541e+01 1.809401241614295657e+02 1.311784531261193649e+02
6.304261197157967217e+03 2.351319472090222007e+02 6.932442608712891285e+01 1.799425066952974532e+02 1.312470164020267021e+02
6.304877525925585360e+03 2.349295289625123928e+02 7.028580525819370450e+01 1.789428090929383757e+02 1.312474348591020430e+02
6.305434669609354387e+03 2.346018536813611206e+02 7.123056481095530046e+01 1.779517249914544266e+02 1.311154615895131883e+02
6.305983635181532918e+03 2.342523455102260641e+02 7.217278904672828332e+01 1.769528568644574875e+02 1.310715230023949402e+02
6.306552519433139423e+03 2.341216537364567500e+02 7.322715284240922529e+01 1.759614280724244679e+02 1.309425353232876716e+02
6.307128833359939563e+03 2.341113649435162074e+02 7.427512363279835483e+01 1.749621825867583880e+02 1.309228429412735579e+02
6.307656668797500060e+03 2.340694422148681895e+02 7.514401115665896214e+01 1.739690512227251418e+02 1.310378526405658306e+02
6.308180900025255141e+03 2.340212050196849702e+02 7.595762805964525910e+01 1.729694728401552482e+02 1.310662381973823187e+02
6.308731641983827103e+03 2.339588072822043330e+02 7.686860070964705471e+01 1.719709760043161850e+02 1.311208325197724776e+02
6.309220228698291066e+03 2.339279242364360130e+02 7.774016254582265617e+01 1.709735802104933953e+02 1.311887499158847845e+02
6.309676052239885394e+03 2.337715977297221457e+02 7.852154685186857819e+01 1.699740598950720027e+02 1.311588237235496592e+02
6.310157878332894143e+03 2.335202719377379310e+02 7.922555379946605569e+01 1.689762548497899957e+02 1.310940725815037808e+02
6.310654679496537028e+03 2.332957179234470289e+02 7.991877152630222270e+01 1.679839001067272761e+02 1.309714404308199676e+02
6.311204575193804885e+03 2.331390553536137134e+02 8.077681055358544882e+01 1.669984424478760161e+02 1.308052915772505003e+02
6.311761616850734754e+03 2.330852647996375140e+02 8.169205466063928611e+01 1.659989028001571114e+02 1.307781805016377064e+02
6.312262772936838701e+03 2.330413806298367660e+02 8.252201989464444409e+01 1.649992701290842376e+02 1.307939059400158044e+02
6.312771164017955016e+03 2.329118671051730871e+02 8.339785644091492145e+01 1.640010364433622101e+02 1.307385407490549198e+02
6.313316870585572360e+03 2.327561164573502879e+02 8.436282457531106616e+01 1.630012451642782594e+02 1.307589144434639934e+02
6.313865749835168572e+03 2.326756312915585738e+02 8.528128609456373965e+01 1.620016945468773315e+02 1.307873354144661562e+02
6.314567835665899111e+03 2.326099980231947200e+02 8.591576142640087710e+01 1.610040994729671695e+02 1.308313675045891387e+02
6.318999893195466939e+03 2.324287554523663459e+02 8.639104440502163129e+01 1.600279085929133203e+02 1.307903964302500981e+02
6.323535777553986918e+03 2.321789536147418289e+02 8.759365296570703663e+01 1.590482694386638514e+02 1.308948255188230974e+02
6.324238438534819579e+03 2.321879857574960511e+02 8.863355867935131016e+01 1.580498632665028538e+02 1.309500845550882957e+02
6.324789271141688914e+03 2.322228736140200738e+02 8.957883945538058867e+01 1.570685936735998212e+02 1.311357571639595676e+02
6.325342589201060946e+03 2.321134977405369284e+02 9.046279803693163046e+01 1.560898725581821509e+02 1.313409516988351413e+02
6.325932884212214049e+03 2.320021154634721086e+02 9.138835559778461004e+01 1.550932219327158350e+02 1.314001266879118361e+02
6.326544604721269934e+03 2.318044322203058130e+02 9.226926772384757669e+01 1.540949989865202383e+02 1.314591639005343495e+02
6.327170774864713167e+03 2.313823983643218867e+02 9.303145725571590674e+01 1.531025665503866833e+02 1.313537691618413419e+02
6.327869671790046596e+03 2.307799852011202972e+02 9.355474277655311255e+01 1.521634471843174481e+02 1.310187037269051871e+02
6.328789843661681516e+03 2.295016575051266159e+02 9.357577526258727119e+01 1.515642883554484968e+02 1.302401676761619456e+02
6.329460024101163981e+03 2.284518257504396672e+02 9.340131191853618020e+01 1.516337980995731698e+02 1.292540454706907553e+02
6.329988978878218404e+03 2.276264156607629729e+02 9.324387736116146641e+01 1.515280917848511137e+02 1.282604186605566383e+02
6.330542068346931956e+03 2.266634886530551682e+02 9.313322567674129004e+01 1.516014660645679726e+02 1.272636133748984690e+02
6.331082793956104069e+03 2.255443201717803845e+02 9.308766665759198133e+01 1.516234770224477018e+02 1.262638957895917002e+02
6.331597790037113555e+03 2.246503229595013806e+02 9.281730778124781978e+01 1.515129428096242066e+02 1.252702357948354148e+02
6.332088924329240399e+03 2.238168225067221613e+02 9.260923588868537593e+01 1.515963308634627538e+02 1.242741816642559627e+02
6.332585589563687790e+03 2.227888023769070287e+02 9.253276147923530459e+01 1.516539904486377850e+02 1.232758554277848617e+02
6.333106790520805589e+03 2.217217065933263882e+02 9.238351565210882654e+01 1.515464448114539664e+02 1.222819483894856489e+02
6.333610468716978176e+03 2.206544185370313471e+02 9.220888018589866419e+01 1.515011189034330812e+02 1.212830204212970386e+02
6.334074011008143316e+03 2.197272923781608824e+02 9.206314466221704151e+01 1.515249553745387061e+02 1.202833507204219075e+02
6.334571803151431595e+03 2.188866792703066722e+02 9.217786885879839076e+01 1.515334809796754314e+02 1.192833898314748495e+02
6.334997917445584790e+03 2.180853358410760450e+02 9.221924642687039864e+01 1.516726363883171587e+02 1.182932924937896928e+02
6.335422327950624094e+03 2.172490173902476158e+02 9.204942128885180352e+01 1.516428221876759892e+02 1.172940201745738733e+02
6.335862518265198560e+03 2.164038175361779395e+02 9.183986303358801706e+01 1.515579835894053815e+02 1.162976495029126625e+02
6.336265793865714841e+03 2.156289477236155960e+02 9.183754915150856846e+01 1.516919312940029840e+02 1.153070943985530619e+02
6.336689207192373942e+03 2.148068470134455765e+02 9.180449430466858018e+01 1.517464254040600622e+02 1.143086364083362128e+02
6.337062354588539165e+03 2.141164193917228147e+02 9.166019096160307811e+01 1.516102463979615322e+02 1.133182354610544280e+02
6.337497863198202140e+03 2.133436698427975102e+02 9.144430012406667174e+01 1.516057902358498950e+02 1.123183778020723054e+02
6.337968613063001612e+03 2.124991296155967007e+02 9.129902513789389218e+01 1.516943547785598980e+02 1.113223650599091030e+02
6.338413687409904014e+03 2.117244863153633787e+02 9.113439727273555491e+01 1.516476148012210956e+02 1.103235852876290863e+02
6.338954876600234456e+03 2.108453899746896525e+02 9.084481002086451440e+01 1.516257819635349051e+02 1.093238283331942995e+02
6.339508803700059616e+03 2.098926407837812178e+02 9.062362304368481603e+01 1.517771076699169441e+02 1.083355417942903642e+02
6.340040890635141295e+03 2.089966865599857329e+02 9.043935520550147089e+01 1.517161104788268915e+02 1.073376869217256342e+02
6.340591180396226264e+03 2.080990772802934146e+02 9.025963764587174865e+01 1.517348944728584570e+02 1.063379009675506950e+02
6.341130775326008006e+03 2.071509463153824129e+02 9.020560987633169248e+01 1.517273688438644399e+02 1.053379333146941832e+02
6.341698590537454038e+03 2.061039132376571104e+02 9.014012416420767693e+01 1.515482662586894946e+02 1.043542661989881850e+02
6.342250479028677546e+03 2.051854571502952354e+02 9.003820593930151972e+01 1.515042129918212197e+02 1.033553348202839004e+02
6.342785078904325928e+03 2.043032582082279589e+02 8.987628741852635983e+01 1.514238529382741945e+02 1.023585760410794592e+02
6.343383600659582044e+03 2.033328177286562948e+02 8.954372523941839290e+01 1.514476510750287446e+02 1.013589134874034272e+02
6.343964664200764673e+03 2.022987262519170883e+02 8.941669258159424771e+01 1.515854220172576561e+02 1.003685126988484058e+02
6.344489337157459886e+03 2.014429363819683374e+02 8.922842084048458844e+01 1.514772806543763011e+02 9.937467457622287270e+01
6.345005325560591700e+03 2.006327705954218175e+02 8.902919704251537780e+01 1.516607436267315450e+02 9.839206279773533481e+01
6.345636256125735599e+03 1.996262925789068561e+02 8.888547745901207975e+01 1.517953713219974361e+02 9.740117906793135205e+01
6.346267278524383073e+03 1.986660795331722227e+02 8.858238513668239023e+01 1.517961197604851122e+02 9.640125952960983113e+01
6.347018749684115392e+03 1.974525481572016758e+02 8.831748291800137451e+01 1.520916308980499991e+02 9.544630416438545240e+01
6.347841837828405914e+03 1.960813211075914069e+02 8.809374588997650335e+01 1.521187507782775015e+02 9.444694341021761375e+01
6.348619327973585314e+03 1.947757957198734857e+02 8.782667146138504677e+01 1.523345073096176066e+02 9.347062033182676544e+01
6.349415657123553501e+03 1.934513772952363695e+02 8.765644990901759570e+01 1.523991362039679984e+02 9.247278363210728003e+01
6.350117608857912273e+03 1.922789017860502270e+02 8.758142476129366116e+01 1.525281435397791654e+02 9.148115306280449488e+01
6.350848871550198055e+03 1.910408797938589487e+02 8.742106186668922874e+01 1.525398223980342323e+02 9.048126082667573655e+01
6.351441850127743237e+03 1.900096792209521084e+02 8.752019602928508846e+01 1.525298990518915900e+02 8.948131130899764685e+01
6.352010989231061103e+03 1.890013174956171724e+02 8.765891014444224538e+01 1.522028085121875733e+02 8.853647052462810052e+01
6.352539548923597067e+03 1.881635092706820842e+02 8.791836768781855938e+01 1.519587575847273513e+02 8.756671789492838798e+01
6.353131798049087593e+03 1.872813380082538970e+02 8.843741409601103953e+01 1.514547072822807650e+02 8.670313173717566713e+01
6.353731317480740472e+03 1.864302834842612242e+02 8.897198680498979684e+01 1.507560342869019792e+02 8.598773189055017951e+01
6.354276759068184219e+03 1.858338048809509928e+02 8.965792314563292109e+01 1.501598789848544584e+02 8.518578583899444823e+01
6.354835760465185558e+03 1.853147296516091274e+02 9.051096210262338104e+01 1.492940538077186545e+02 8.468573290625252525e+01
6.355414126639403548e+03 1.847415243705686976e+02 9.142609564827131408e+01 1.483569599333041822e+02 8.433671279214267713e+01
6.355965859008770167e+03 1.841637517948929883e+02 9.226928613224623632e+01 1.474429130204087528e+02 8.393110903010719426e+01
6.356475839893279044e+03 1.836694711381601337e+02 9.299121069475866364e+01 1.465226581616804822e+02 8.354048776654950359e+01
6.356983927514135758e+03 1.832203885688491596e+02 9.371733430762375860e+01 1.456990576698077859e+02 8.297369862239935401e+01
6.357555601649377422e+03 1.827660882315310005e+02 9.460139829759411612e+01 1.447898108009878513e+02 8.255753606982499093e+01
6.358188228537216673e+03 1.822848963358746062e+02 9.553162637195734419e+01 1.438533717017917013e+02 8.220692131877075326e+01
6.358733835303663909e+03 1.819181940004273770e+02 9.642060384144895124e+01 1.429535813195130913e+02 8.177248592632268753e+01
6.359239394404781706e+03 1.815823105165331981e+02 9.726991683537627864e+01 1.419675023581830260e+02 8.160621211914785533e+01
6.359782485239391463e+03 1.812214049390524906e+02 9.815887039776981737e+01 1.409804551341333365e+02 8.144616667172013535e+01
6.360355062413063933e+03 1.809534651738777313e+02 9.908314082356208985e+01 1.400078087036676209e+02 8.121492841113061445e+01
6.360935853734059492e+03 1.807298361399197688e+02 1.000098426786135235e+02 1.390116806595213745e+02 8.112708120143081203e+01
6.361512910611763800e+03 1.805727360932452541e+02 1.009633486277062531e+02 1.380176682035569513e+02 8.102056475157064597e+01
6.362106948047553487e+03 1.804924538019560316e+02 1.019487383415292214e+02 1.370188341705284643e+02 8.106881909603461622e+01
6.362749187433570114e+03 1.802629702549998001e+02 1.029600044220294564e+02 1.360207732412240773e+02 8.109778614717099288e+01
6.363312025759742028e+03 1.800112331198635331e+02 1.038847662299541383e+02 1.350560676524106327e+02 8.083603981068830535e+01
6.363834287089850477e+03 1.797744983519564812e+02 1.047125510141458165e+02 1.340628581653826643e+02 8.072011990385031766e+01
6.364399733570080571e+03 1.795884776853961569e+02 1.056166282218942740e+02 1.330763183055304921e+02 8.055898957128692928e+01
6.365037312040132747e+03 1.795352974734765041e+02 1.067331642305691446e+02 1.320766815243070482e+02 8.054355384826200748e+01
6.365584047656915573e+03 1.794837762084602559e+02 1.076508159500555593e+02 1.310809134324654508e+02 8.063323271791857394e+01
6.366125548207573956e+03 1.795437148400010585e+02 1.086286528125908575e+02 1.300818068622402848e+02 8.063551159957134473e+01
6.366650794938415856e+03 1.796593152990231772e+02 1.095996008494391845e+02 1.291004676685548134e+02 8.082771079784127721e+01
6.367200051300466839e+03 1.798639249127828066e+02 1.105618322749069620e+02 1.281166463935139461e+02 8.100273528918886257e+01
6.367767968042468056e+03 1.802084646124119445e+02 1.115345634779650368e+02 1.271775987568849757e+02 8.134582538575668309e+01
6.368334021317895349e+03 1.805414315610287019e+02 1.124526339267942916e+02 1.262731262959664917e+02 8.177192209765769348e+01
6.368875424372125963e+03 1.809002480013825220e+02 1.132533606794656009e+02 1.253438756700411858e+02 8.213669760925272101e+01
6.369437138428191247e+03 1.812856179447594513e+02 1.140761376318376819e+02 1.245184097107074308e+02 8.270091506302262019e+01
6.370053396015230646e+03 1.817733506942927022e+02 1.149183980756426706e+02 1.236601426643362061e+02 8.321401748990030001e+01
6.370722096238766426e+03 1.823457590495560794e+02 1.157618361303035357e+02 1.228327130932508453e+02 8.377281111043291162e+01
6.371383762763332015e+03 1.828127588921710753e+02 1.166924543203603548e+02 1.221180653342705398e+02 8.446857538928651365e+01
6.371949593352977899e+03 1.831083816497507257e+02 1.175388036405448986e+02 1.212530168733488978e+02 8.496996750566776768e+01
6.372580265976444934e+03 1.831632844178370760e+02 1.184606927131334970e+02 1.203522934597343692e+02 8.539658583362658817e+01
6.373301163620526495e+03 1.830411109814292843e+02 1.195026830632320838e+02 1.193667687537116961e+02 8.556016157023829294e+01
6.374028512751035123e+03 1.830329437812872015e+02 1.205362939894966132e+02 1.183691903290411886e+02 8.560650053380840063e+01
6.374728844001997459e+03 1.829949884277345973e+02 1.215499608963507541e+02 1.173864445340418001e+02 8.578528421305874474e+01
6.375345121423054479e+03 1.829843828456026245e+02 1.224582586520612182e+02 1.163888422580255053e+02 8.584520352035556812e+01
6.376020182839826703e+03 1.828842596987691707e+02 1.234281738817568765e+02 1.153993890536757192e+02 8.598122049022791202e+01
6.376766005593480259e+03 1.827239899023550436e+02 1.245249251967979802e+02 1.143994295080468078e+02 8.597939866641416984e+01
6.377466966294683516e+03 1.826574393031833665e+02 1.256278268632559616e+02 1.134001017784060963e+02 8.596710663496054394e+01
6.378115070671797184e+03 1.825610182366263246e+02 1.266383339959305658e+02 1.124027686816611578e+02 8.603685850728867024e+01
6.378714925694154772e+03 1.824893250000166631e+02 1.275802673719659737e+02 1.114036356126685661e+02 8.606405156268351675e+01
6.379310333273930155e+03 1.823320788834669486e+02 1.285078898230853213e+02 1.104086443927563295e+02 8.614676487199385235e+01
6.379929698219376405e+03 1.821704882342265250e+02 1.294917271277618340e+02 1.094098619476520611e+02 8.610158747525339606e+01
6.380598637668308584e+03 1.819943570189417130e+02 1.305164512792909761e+02 1.084098677435763136e+02 8.610305865759083588e+01
6.381339960023200547e+03 1.818276005283905192e+02 1.315574196681661192e+02 1.074101304011163762e+02 8.610648049352123223e+01
6.382120619584713495e+03 1.817283061561767852e+02 1.326287239208069479e+02 1.064119605708073095e+02 8.616674874002355011e+01
6.382865184257214423e+03 1.816387425485065421e+02 1.336727800012504019e+02 1.054141043959265289e+02 8.622691408740325869e+01
6.383532385891493504e+03 1.815636657845174682e+02 1.346278888657469111e+02 1.044148497103467434e+02 8.624660706018650558e+01
6.384195508359522137e+03 1.813580488183150692e+02 1.356008982523413806e+02 1.034192444568679150e+02 8.629340452018885799e+01
6.384863852499880522e+03 1.812463458293990470e+02 1.366181027158962991e+02 1.024246542022982851e+02 8.621689975103775794e+01
6.385559881637932449e+03 1.811845667445734023e+02 1.376980392976536223e+02 1.014262957984383462e+02 8.627351653783304641e+01
6.386252594453930215e+03 1.810574323338235558e+02 1.387830237531222224e+02 1.004269418036949020e+02 8.630013927746816194e+01
6.386884014117673360e+03 1.809708892796439272e+02 1.397673297815759383e+02 9.942728792971321639e+01 8.630003610569822570e+01
6.387502544410374867e+03 1.809330651948767752e+02 1.407550412686880463e+02 9.842839015125386481e+01 8.634679677923921304e+01
6.388115256842303097e+03 1.808903011003583288e+02 1.417548695208111837e+02 9.743171897751992105e+01 8.642095376776991600e+01
6.388764633294367741e+03 1.807656884807030906e+02 1.427802145444466078e+02 9.643792822921722063e+01 8.650775420542144900e+01
6.389450691916521464e+03 1.806189008963337415e+02 1.438146133762170678e+02 9.543829291882974530e+01 8.649613117339444557e+01
6.390158461439927123e+03 1.804378851249655327e+02 1.447963579317034544e+02 9.443885038231340445e+01 8.650275264295109423e+01
6.390853857945674463e+03 1.802514868479816812e+02 1.457673755784280445e+02 9.343953982237090372e+01 8.647196710797642538e+01
6.391526257469645316e+03 1.800634891541727143e+02 1.467243360249936472e+02 9.243954365551368824e+01 8.647381317895703035e+01
6.392220039233376156e+03 1.798606448647517766e+02 1.476871474458022533e+02 9.144043843862878873e+01 8.645273103123972191e+01
6.392951293596406686e+03 1.797155789255212142e+02 1.487006013366357990e+02 9.044299121084208082e+01 8.642701377807611607e+01
6.393705732377695313e+03 1.795484524353745144e+02 1.497385769278178032e+02 8.944520229516820109e+01 8.645107619864150195e+01
6.394430379919465850e+03 1.793751159763255032e+02 1.507406825113073410e+02 8.844647854501002371e+01 8.641142226688691608e+01
6.395083852820009270e+03 1.791788402456802771e+02 1.516358360640618628e+02 8.744823967935488440e+01 8.637760455413021532e+01
6.395699337658223158e+03 1.790396790496754704e+02 1.524798875547403156e+02 8.645290025424533553e+01 8.628120618687644594e+01
6.396378325785678499e+03 1.790024048217453867e+02 1.534414395891312779e+02 8.545633593695264096e+01 8.624780204004002826e+01
6.397091486431610065e+03 1.789865600231214842e+02 1.544893014170739605e+02 8.445968642300076112e+01 8.632693265267120353e+01
6.397785840667914272e+03 1.789151572185468240e+02 1.555319404275607837e+02 8.346568648311283312e+01 8.643619297502851850e+01
6.398456556031088439e+03 1.787507780965089808e+02 1.565597933852453139e+02 8.247379708279059685e+01 8.645233640388535434e+01
6.399123926861753716e+03 1.785734905930899572e+02 1.575761881969662568e+02 8.148021253658396290e+01 8.635312809011585955e+01
6.399827830872045524e+03 1.784011404497077820e+02 1.585856689554533716e+02 8.048618481142665360e+01 8.626552011235277462e+01
6.400559394146144768e+03 1.782671190345499781e+02 1.596196700141381655e+02 7.949432712482040131e+01 8.618887615325112961e+01
6.401293161525037249e+03 1.781240464456922155e+02 1.606915012759441765e+02 7.849496839598228348e+01 8.619808890829551729e+01
6.402004592937152665e+03 1.780236087179665390e+02 1.617550429888593442e+02 7.749536800966878047e+01 8.616983144558300012e+01
6.402717523996786440e+03 1.779207059830287960e+02 1.628285606792523197e+02 7.650144130954130617e+01 8.622839650804029077e+01
6.403424070109279455e+03 1.777717487084209154e+02 1.638639849126496415e+02 7.551121336252514027e+01 8.626110278943092169e+01
6.404122899033250178e+03 1.777054454424173855e+02 1.648447738722781821e+02 7.452106086793257589e+01 8.628139507263331609e+01
6.404837385349605938e+03 1.775907707798456272e+02 1.657993345703673924e+02 7.352910124306751527e+01 8.632927982190537364e+01
6.405566637778625591e+03 1.775416861395711408e+02 1.667492978715905565e+02 7.253098962632741120e+01 8.632230138996305868e+01
6.406352035701248496e+03 1.775498012051457692e+02 1.677995647017661440e+02 7.154940960008310924e+01 8.648201990926314409e+01
6.407121109069546037e+03 1.775524692727065883e+02 1.688780469030754148e+02 7.056592257027497794e+01 8.661264329770992276e+01
6.407811799990003237e+03 1.775572551893008324e+02 1.698531484960516025e+02 6.957534896579905137e+01 8.671708270512060324e+01
6.408456759245390458e+03 1.774453812493088947e+02 1.707400541535211289e+02 6.858371118357490559e+01 8.680456313650149980e+01
6.409106197174879526e+03 1.773046049468185288e+02 1.716576850391834625e+02 6.758546424295224142e+01 8.676068885830258637e+01
6.409792000241040114e+03 1.772790641840002479e+02 1.726488620194784858e+02 6.658700098798350098e+01 8.672726075130036349e+01
6.410474064472979990e+03 1.772344823051084290e+02 1.736417845119869696e+02 6.558861727765554406e+01 8.677226085904192132e+01
6.411113579669716273e+03 1.771270906311804083e+02 1.745134685447801246e+02 6.459004395829531120e+01 8.680144134595897754e+01
6.411829375797312423e+03 1.769768376066538167e+02 1.754726697277616836e+02 6.359028972856764739e+01 8.681073675482026886e+01
6.412597249550070046e+03 1.767968838119213899e+02 1.766332379179008569e+02 6.259248301086870470e+01 8.677725677575151053e+01
6.413323485700605488e+03 1.766563325923395666e+02 1.777740709592523558e+02 6.159423387502187097e+01 8.674169018931678465e+01
6.413963969728804841e+03 1.765618014139466254e+02 1.787649651953437058e+02 6.059807802970925650e+01 8.668143130762209125e+01
6.414550222137868332e+03 1.764744429581493250e+02 1.796374073081574636e+02 5.960141171100315205e+01 8.661926664311403101e+01
6.415244633028430144e+03 1.763285032641143744e+02 1.806029951670086007e+02 5.860146240324160516e+01 8.660989056130524943e+01
6.416001951966946763e+03 1.762663687493576390e+02 1.816712609782649395e+02 5.760526864717526507e+01 8.654328278825191489e+01
6.416739914686657357e+03 1.762258715292533680e+02 1.827796722021478217e+02 5.662041648920082793e+01 8.660117556766175539e+01
6.417422697557479296e+03 1.761220447764287940e+02 1.838005377119989987e+02 5.563389703282167886e+01 8.663763293219031425e+01
6.418057161106318745e+03 1.760505464737978798e+02 1.846897622357973887e+02 5.463695713849711666e+01 8.657087235795766844e+01
6.418789665128095294e+03 1.759939217127474365e+02 1.857067916450767768e+02 5.363879206494258511e+01 8.659941039303176069e+01
6.419559566705502220e+03 1.759657773912034600e+02 1.867427947487671815e+02 5.264050414575933701e+01 8.665370967930361701e+01
6.420330590177158228e+03 1.758147257014799436e+02 1.876947675164374516e+02 5.164188593537488714e+01 8.670410294741289192e+01
6.421122755343656536e+03 1.755744287226996221e+02 1.886864742004287905e+02 5.066478670426108977e+01 8.658023375548670231e+01
6.421880509823959073e+03 1.754343714477898573e+02 1.896768271710369618e+02 4.968414877705671273e+01 8.641859097137670176e+01
6.422585378581211444e+03 1.754544853855046540e+02 1.906290450542539361e+02 4.869291982398816998e+01 8.629773955740927249e+01
6.423236287126651405e+03 1.755757260500081429e+02 1.915639159364593525e+02 4.770920180757683227e+01 8.632602353208221757e+01
6.423898863820252700e+03 1.755649796452494513e+02 1.925580154121356315e+02 4.673303723901351248e+01 8.654155366741120758e+01
6.424563634328172157e+03 1.754910349052079255e+02 1.935872591120842117e+02 4.574625964324960847e+01 8.662090001030527731e+01
6.425225450041039949e+03 1.754423684330664912e+02 1.945624473386636453e+02 4.475095131318435193e+01 8.666990063244001874e+01
6.425858174049259105e+03 1.752823503892836641e+02 1.954753245888722120e+02 4.375602304919645746e+01 8.667816949482623556e+01
6.426514834116069323e+03 1.752052794593084855e+02 1.964725088042526124e+02 4.275821075311767316e+01 8.667392983358965353e+01
6.427234745206519619e+03 1.752231545443399057e+02 1.975801843156569078e+02 4.177554800011044023e+01 8.683398164846717293e+01
6.427939959398937390e+03 1.751370114371287059e+02 1.986740548840157032e+02 4.079011057003391727e+01 8.698477187443465652e+01
6.428623698499671264e+03 1.749385278091723137e+02 1.997037397635612876e+02 3.979276987978965963e+01 8.705696091121760105e+01
6.429283835501455542e+03 1.747485974786879410e+02 2.007006283101488862e+02 3.880189219134701517e+01 8.698632588285504141e+01
6.429953128723577720e+03 1.746954490863606395e+02 2.015837836233526161e+02 3.780881864267436043e+01 8.688302495450149365e+01
6.431009742398786329e+03 1.745728634762909337e+02 2.019913724767117458e+02 3.681487783154769033e+01 8.678054940480426183e+01
6.433362419693000447e+03 1.744014448931107211e+02 2.007328187853800330e+02 3.693834450386925994e+01 8.617528556897416081e+01
6.434529433086674544e+03 1.745254717503755160e+02 1.994836763541850075e+02 3.792879363326974840e+01 8.604816027037004744e+01
6.435392653912289461e+03 1.746759599793192308e+02 1.983892600321564430e+02 3.892654911145631758e+01 8.608962275187779767e+01
6.436182014165268811e+03 1.748234447040628652e+02 1.973232990390086741e+02 3.991413341286560978e+01 8.624457277703112368e+01
6.437020520966830190e+03 1.749440419075149293e+02 1.961962996997518474e+02 4.091009670921061314e+01 8.633330319397336439e+01
6.437872742825241403e+03 1.750056981866174510e+02 1.950548558960147432e+02 4.190821507533813417e+01 8.636897564016254591e+01
6.438720361570890418e+03 1.751018351077963757e+02 1.939843982453412252e+02 4.290538164635170659e+01 8.630022015834887839e+01
6.439609097371522694e+03 1.750772183059206952e+02 1.928705133704522154e+02 4.390244306865826474e+01 8.627122449029492657e+01
6.440541364275461092e+03 1.749208538397940913e+02 1.916832761612659226e+02 4.488309236252760570e+01 8.607585755282107698e+01
6.441333698574768277e+03 1.748400976292802795e+02 1.905969505013210323e+02 4.585762877072706090e+01 8.585168299908039558e+01
6.442053855419157117e+03 1.749026798611376137e+02 1.896364830333122597e+02 4.683462665633562239e+01 8.566565375147315820e+01
6.442815303599197250e+03 1.750658588756666916e+02 1.886792572987359051e+02 4.783362538505697614e+01 8.570826159630370000e+01
6.443666977332697570e+03 1.751795225048868474e+02 1.877074778198129934e+02 4.883143700022814926e+01 8.577367900434235537e+01
6.444591201209812425e+03 1.754456842086717927e+02 1.867086832233277960e+02 4.982346605667800787e+01 8.586319129873788825e+01
6.445473176131280525e+03 1.757150966645382368e+02 1.856223048786768288e+02 5.079450152659035211e+01 8.608594067837221075e+01
6.446291159837603118e+03 1.759506290897789995e+02 1.846151834508549427e+02 5.178817131366272264e+01 8.617573465425130053e+01
6.447043943634547759e+03 1.761055792075166266e+02 1.836399475759865254e+02 5.276960335004444858e+01 8.634471562583867410e+01
6.447766831059826472e+03 1.762423394045555085e+02 1.827688563044189607e+02 5.376796128792357621e+01 8.637282117128110315e+01
6.448551421770145680e+03 1.764297010479215260e+02 1.818920750206135608e+02 5.476144478627195866e+01 8.648645836860410441e+01
6.449428676566129070e+03 1.765043684815339020e+02 1.808518611201129715e+02 5.575543613385898567e+01 8.652784916978083629e+01
6.450259229640127160e+03 1.765416485638700124e+02 1.798212643635616530e+02 5.674751057425840628e+01 8.640674255802677806e+01
6.451052264225826548e+03 1.764329441339427262e+02 1.788228207359495343e+02 5.773671778371063823e+01 8.629294170618440774e+01
6.451868124488455578e+03 1.764318935740645884e+02 1.778156179546623434e+02 5.870784118642280447e+01 8.609257529465102721e+01
6.452636491929873955e+03 1.764907360213291270e+02 1.768351037626155176e+02 5.970751325825776235e+01 8.610187519244767884e+01
6.453394261591312898e+03 1.765020849235297362e+02 1.759530422544633836e+02 6.070689646387616989e+01 8.606722282197185336e+01
6.454250386028874345e+03 1.765511229448155461e+02 1.749524745623677688e+02 6.170523421132789110e+01 8.605621324010743933e+01
6.455142069270617867e+03 1.765388847403015973e+02 1.739652476612097871e+02 6.270030163917442678e+01 8.608527052908401345e+01
6.456117001173231074e+03 1.767778948835442066e+02 1.729948333888901573e+02 6.367670310032071512e+01 8.608136771869197901e+01
6.456934604413472698e+03 1.769736479577895523e+02 1.719593611629210272e+02 6.462594738678303941e+01 8.630093029860449860e+01
6.457643778385791848e+03 1.770427914366848370e+02 1.709285909873891001e+02 6.561794968499694392e+01 8.620625219232057646e+01
6.458421399575995565e+03 1.770605108088471979e+02 1.698179434087245738e+02 6.661610676777894469e+01 8.620754278411291693e+01
6.459191910881721924e+03 1.769824753371462123e+02 1.688034567757546824e+02 6.760631917213196118e+01 8.607864985448902928e+01
6.460048530243776440e+03 1.770457986644482276e+02 1.676241770437492278e+02 6.858695031785988760e+01 8.596476296419891128e+01
6.460832750409118489e+03 1.771081750828734016e+02 1.665471771923023425e+02 6.957765987752154047e+01 8.603106945929435767e+01
6.461577196376482789e+03 1.772588629668792919e+02 1.655824363093998102e+02 7.056912061238506340e+01 8.598408750154224833e+01
6.462299995648549157e+03 1.773073915480984795e+02 1.646780125295858852e+02 7.155742926252383995e+01 8.604224310456810088e+01
6.463085361161945002e+03 1.772367095647616111e+02 1.637289251609696805e+02 7.254467752044180884e+01 8.588343410907296516e+01
6.463934572435583505e+03 1.773043567124888398e+02 1.626219522605753696e+02 7.353716610514422314e+01 8.579582973010228386e+01
6.464645490001704275e+03 1.772761347371652789e+02 1.616602963687772956e+02 7.453257734639656462e+01 8.578277182659715550e+01
6.465340953953090320e+03 1.772705457112063527e+02 1.607481777041616624e+02 7.552320672248231404e+01 8.567193965379712495e+01
6.466031225071566041e+03 1.772521962316735653e+02 1.598174014743154885e+02 7.652275783952458710e+01 8.566674224212589195e+01
6.466727368093156656e+03 1.772571049687955451e+02 1.588701491446565228e+02 7.752181000966555757e+01 8.562760438454824907e+01
6.467455435359938747e+03 1.773798410705672097e+02 1.578490750702404455e+02 7.851771072902769788e+01 8.566972345878684791e+01
6.468168992533623168e+03 1.774994440009189418e+02 1.569432121618448832e+02 7.950786559409479537e+01 8.577672531525553268e+01
6.468918544506963372e+03 1.776593837097678090e+02 1.561008673224623067e+02 8.049658873555418381e+01 8.583699093355139098e+01
6.469649563279248468e+03 1.777844543401884891e+02 1.550966182144473180e+02 8.147242828976220608e+01 8.601395685631918298e+01
6.470339862841631657e+03 1.778726903627317313e+02 1.541273969022114727e+02 8.247072943529691713e+01 8.604036691759793598e+01
6.471069134091645537e+03 1.780020360618285622e+02 1.531387242623016789e+02 8.346623937572324792e+01 8.608401171197363055e+01
6.471815614639647720e+03 1.781362033755208927e+02 1.521411112097769660e+02 8.446390537860172287e+01 8.604621730442772787e+01
6.472582368126163601e+03 1.782434138045789211e+02 1.511016635236254047e+02 8.546103278980000084e+01 8.611391899439945519e+01
6.473349458375186259e+03 1.782252647390583888e+02 1.500313252821523520e+02 8.645585483764398305e+01 8.616875129429152480e+01
6.474087832169048852e+03 1.782522730198711258e+02 1.490016699266946034e+02 8.745434579884459936e+01 8.613528143791229752e+01
6.474797627132305934e+03 1.782794997784199893e+02 1.480167294803386540e+02 8.845376926830878972e+01 8.613772468232006929e+01
6.475539458300187107e+03 1.783749091224272831e+02 1.470345156519849468e+02 8.945131700229831040e+01 8.614438619254980267e+01
6.476308835387385443e+03 1.785085786758374979e+02 1.459941435774870513e+02 9.044767775088219253e+01 8.622398353595752951e+01
6.477053969601736753e+03 1.785889257137434072e+02 1.449567985329181568e+02 9.144720750193637571e+01 8.624842561846173794e+01
6.477779980446168338e+03 1.786844217096612510e+02 1.439451020375542214e+02 9.244648287752261240e+01 8.627055565391424352e+01
6.478509912016805174e+03 1.788035918894642009e+02 1.429819213173435628e+02 9.344491845821035270e+01 8.632498403476571980e+01
6.479334596128288467e+03 1.789264782687752700e+02 1.419844478852710381e+02 9.443899010537278116e+01 8.641212841300379921e+01
6.480199657679019765e+03 1.789044909391060401e+02 1.409067933846449989e+02 9.542791873718468310e+01 8.647560863681580656e+01
6.480986720001385038e+03 1.787602008620374647e+02 1.398216374336601575e+02 9.642150905710072095e+01 8.636311829320784739e+01
6.481694576570707795e+03 1.786618339489933476e+02 1.388083198168381216e+02 9.740689558101627199e+01 8.619937812519044940e+01
6.482351095425498897e+03 1.787631867810099493e+02 1.379137330751433126e+02 9.839199896953967084e+01 8.605996847211879697e+01
6.483059652683138665e+03 1.789320415549411507e+02 1.370329263870442276e+02 9.938664008720223819e+01 8.611590908813585088e+01
6.483793706664319870e+03 1.789348773315626033e+02 1.361816882675918237e+02 1.003790635304250003e+02 8.621631893920145728e+01
6.484496316224162911e+03 1.787434201793381021e+02 1.353317062224616052e+02 1.013664668776723232e+02 8.612456429070840613e+01
6.485171562207549869e+03 1.785762090065912560e+02 1.343939901412810514e+02 1.023241097961773960e+02 8.584063158439080610e+01
6.485855835223921531e+03 1.786238264942009550e+02 1.333904010578243913e+02 1.032931373646915034e+02 8.565569584348033061e+01
6.486547452570270252e+03 1.787872497159559657e+02 1.324147589673225980e+02 1.042929132538768897e+02 8.566169532197079661e+01
6.487279456527882758e+03 1.790072731000617239e+02 1.314546470574941566e+02 1.052859761640334142e+02 8.575551097731776906e+01
6.488056664608784558e+03 1.791627897003643852e+02 1.304426136377978764e+02 1.062740293799430447e+02 8.590870648266847809e+01
6.488824146244201074e+03 1.791936947081762810e+02 1.294467465533601001e+02 1.072676637063932219e+02 8.593512929278330148e+01
6.489550598462235030e+03 1.792254946365083015e+02 1.284696556001072167e+02 1.082658610431989246e+02 8.588510273670715378e+01
6.490263745070865298e+03 1.792650062209145290e+02 1.274671245460869784e+02 1.092657834569009765e+02 8.587417255108319125e+01
6.490989840903618642e+03 1.792764446884469294e+02 1.264719484740996052e+02 1.102657570397546039e+02 8.586718882274874431e+01
6.491727681033755289e+03 1.793025613256328370e+02 1.255191855922580970e+02 1.112650200860100114e+02 8.583589841488095828e+01
6.492540984591972119e+03 1.794172061254912762e+02 1.246085447105246402e+02 1.122624797676998867e+02 8.585247613344380113e+01
6.493457757195459635e+03 1.794687713452922537e+02 1.236524338969981898e+02 1.132607240344313766e+02 8.590060828869444265e+01
6.494330082552810381e+03 1.793846359306045599e+02 1.226492357328649661e+02 1.142490222257318351e+02 8.579031805871997562e+01
6.495143499342840187e+03 1.792831314553320965e+02 1.216173406891261664e+02 1.152396401429651149e+02 8.566874292050358974e+01
6.495965135662820103e+03 1.792021099655746923e+02 1.205868034395318773e+02 1.162359580845826912e+02 8.558375350038487284e+01
6.496816164207577458e+03 1.790384910587496279e+02 1.195748115630639745e+02 1.172323974720491293e+02 8.549985938126124552e+01
6.497655332117430589e+03 1.786669167935886549e+02 1.185557257933385671e+02 1.181977942558633714e+02 8.527144427932694271e+01
6.498409834001977288e+03 1.781952958287085096e+02 1.176107869149842031e+02 1.191140783417619389e+02 8.487487709326862273e+01
6.499097584591328086e+03 1.776785728692309476e+02 1.167596853254541145e+02 1.199915253106863986e+02 8.439656862542652505e+01
6.499763940974737125e+03 1.771277749298826620e+02 1.159323424248113952e+02 1.208095677706267281e+02 8.382479214120289157e+01
6.500460408010908395e+03 1.765549526094818020e+02 1.150575112921676890e+02 1.216378652899491470e+02 8.326650700037129127e+01
6.501200166827221437e+03 1.759997421369394601e+02 1.141438682246954528e+02 1.224703838467373771e+02 8.271292607663026786e+01
6.501944260789000509e+03 1.755138646923826684e+02 1.132243800141592658e+02 1.233060872797123722e+02 8.216396856471521915e+01
6.502646628592044181e+03 1.750678027228856308e+02 1.123563491571681965e+02 1.241602812106324620e+02 8.164428372014049273e+01
6.503336169852923376e+03 1.746538932128951274e+02 1.114832803756647337e+02 1.250202716482912280e+02 8.113397414900984472e+01
6.504042036119059048e+03 1.742697121603482060e+02 1.105641732039067477e+02 1.259271040960084918e+02 8.071963757410289020e+01
6.504741212753384389e+03 1.739938790342965262e+02 1.096061970554599441e+02 1.268628949508016035e+02 8.036719675696276965e+01
6.505388122735769684e+03 1.737578464940784215e+02 1.086463434775862282e+02 1.278284115909155787e+02 8.011661566119370548e+01
6.505958661305896385e+03 1.735481605273357104e+02 1.077473593880749405e+02 1.287892716031728355e+02 7.984415117548978458e+01
6.506532599662498797e+03 1.733718822203827585e+02 1.068574101229514639e+02 1.297474469684432279e+02 7.955832457215016973e+01
6.507155214071054615e+03 1.731530131150294096e+02 1.059689838224338132e+02 1.307189154092602053e+02 7.932285097822727948e+01
6.507859119526598988e+03 1.730277426855457179e+02 1.049894950341320765e+02 1.316877113671657185e+02 7.907583767574882927e+01
6.508604162683905088e+03 1.729231743645393351e+02 1.039457997633022188e+02 1.326749596128419171e+02 7.894115339901082962e+01
6.509316799185708078e+03 1.727093036307707621e+02 1.029947313839564913e+02 1.336537761890132572e+02 7.875025621634306106e+01
6.509989972102699539e+03 1.724760229862444874e+02 1.020832869556441125e+02 1.346017754216352103e+02 7.843596766358432149e+01
6.510704139107187075e+03 1.721856300984855466e+02 1.010626855814076777e+02 1.355616642538013252e+02 7.815925282178699263e+01
6.511394399893446462e+03 1.718703972009664369e+02 1.000244702383282345e+02 1.365106740426466558e+02 7.784677320117263832e+01
6.512006033834138179e+03 1.715103576901208839e+02 9.912477571871336579e+01 1.374743437539000297e+02 7.758421962232691271e+01
6.512584588793268267e+03 1.711034060809880941e+02 9.829421414150736780e+01 1.383968839045026868e+02 7.720968568189037740e+01
6.513232140309864008e+03 1.707869516058018178e+02 9.739601291665123028e+01 1.393165377817704211e+02 7.681771017076526675e+01
6.513976436202618061e+03 1.703982639743507832e+02 9.640641240154512559e+01 1.402717579594868766e+02 7.652706738963985345e+01
6.514761228532179302e+03 1.698749170192864142e+02 9.546694311911795694e+01 1.411671921954028619e+02 7.609590943710881561e+01
6.515540055244357973e+03 1.691565522730103908e+02 9.470804301022290872e+01 1.419924289839504183e+02 7.553321286750984598e+01
6.516300013114266221e+03 1.684116008021776736e+02 9.395385004361902759e+01 1.426660552549097076e+02 7.480315124412948080e+01
6.516963779466252163e+03 1.677892958836318655e+02 9.322416830909973839e+01 1.434072946036341136e+02 7.413815653303670672e+01
6.517611403860565588e+03 1.672369556380389213e+02 9.246718331526912493e+01 1.442337235951791001e+02 7.357699161568211821e+01
6.518310834773259558e+03 1.667220086518097162e+02 9.164036446558982618e+01 1.450541516045852575e+02 7.300561595374605872e+01
6.519036333834997095e+03 1.662031248534491112e+02 9.082537776121151296e+01 1.459059598916528842e+02 7.248318433767862246e+01
6.519803733120217657e+03 1.655426067285636691e+02 9.005316047066578733e+01 1.467152076260348963e+02 7.189817326924197971e+01
6.520512591751077707e+03 1.648941008955345922e+02 8.923014278617532113e+01 1.475039800926962528e+02 7.128349803038931043e+01
6.521169800878716160e+03 1.643666372476434390e+02 8.838605234483281947e+01 1.482811674736160228e+02 7.065429557649584069e+01
6.521838765283022440e+03 1.639972454490842608e+02 8.746991638338775488e+01 1.491227365172890131e+02 7.011807817025761835e+01
6.522510377347459325e+03 1.634372486014332253e+02 8.667140375697283616e+01 1.500530413307461401e+02 6.976281274114700182e+01
6.523066982962282964e+03 1.629517454414777546e+02 8.601567357170479511e+01 1.508438394175059898e+02 6.917621601285391364e+01
6.523705466704816899e+03 1.626936148177000234e+02 8.517092463085904797e+01 1.517153634503728483e+02 6.870216017757775262e+01
6.524450023627340670e+03 1.623090600145780229e+02 8.418334073514490967e+01 1.526771786907562500e+02 6.844336787695571900e+01
6.525183611306090825e+03 1.620354477345171347e+02 8.316895905193614169e+01 1.535621305834011139e+02 6.799691536780846945e+01
6.525808477934187977e+03 1.619016351815926953e+02 8.218104743501915266e+01 1.545177233452539554e+02 6.773957952031058483e+01
6.526403215915735927e+03 1.618139867416423101e+02 8.123352693494602761e+01 1.555082916322063795e+02 6.760543100033909525e+01
6.527067763685925456e+03 1.617868253618772485e+02 8.020313844841801654e+01 1.564978152325811607e+02 6.746163442703884527e+01
6.527690374292328670e+03 1.617340387303823093e+02 7.916718472368197013e+01 1.574947316343837542e+02 6.739807924748845380e+01
6.528282323183572771e+03 1.617694942722475844e+02 7.820347154127125577e+01 1.584722892921421931e+02 6.720405172148804240e+01
6.528811921709434500e+03 1.617798316201846944e+02 7.735294021634072692e+01 1.594621508266963588e+02 6.723310117407960718e+01
6.529401825121699403e+03 1.616161885721452336e+02 7.648688016139941226e+01 1.604608597188360193e+02 6.727197700721589513e+01
6.530071182747066814e+03 1.614832989076463150e+02 7.551647533194805817e+01 1.614366436597383938e+02 6.708289979460838026e+01
6.530745982047958023e+03 1.614268181203199788e+02 7.451518643673460929e+01 1.624273412394254308e+02 6.709987731102434338e+01
6.531365098052761823e+03 1.613603264278525273e+02 7.363850400996700785e+01 1.634233256496598017e+02 6.704593031689653060e+01
6.532043693363164493e+03 1.613736006431504961e+02 7.267328346722926824e+01 1.644138800361219239e+02 6.691075205981030649e+01
6.532769368705902707e+03 1.613520872052508253e+02 7.161856871990708839e+01 1.654074594542787509e+02 6.696283432258330492e+01
6.533556763877408230e+03 1.612535002613259962e+02 7.051516935226682392e+01 1.663860578442548785e+02 6.680326492403874283e+01
6.534300665836361077e+03 1.613376967809714699e+02 6.952739817666437716e+01 1.673799455849489277e+02 6.680517498838631241e+01
6.534971862129921647e+03 1.613743186447292430e+02 6.861437269201179845e+01 1.683751548108978113e+02 6.690094666757350694e+01
6.535724440397701073e+03 1.614516665109766507e+02 6.749652623401526341e+01 1.693734920014386205e+02 6.688944914301845301e+01
6.536469358451328844e+03 1.615185287018107374e+02 6.642660489309255922e+01 1.703711846050996144e+02 6.694147035717041661e+01
6.537167298064435272e+03 1.615440586421810281e+02 6.550992640222119689e+01 1.713703139398415090e+02 6.693019644906671317e+01
6.537868406178648002e+03 1.615627189618105888e+02 6.454040394652855639e+01 1.723633649551006783e+02 6.703059476893903934e+01
6.538561253707380274e+03 1.616099980005113821e+02 6.357480524425346147e+01 1.733601335634541556e+02 6.699904085507641582e+01
6.539277066665931670e+03 1.617433886099715039e+02 6.260585312902195199e+01 1.743572868237191926e+02 6.705171199906141055e+01
6.540041592828558350e+03 1.618767679774398403e+02 6.158822108351709801e+01 1.753475377230060701e+02 6.718834121096030287e+01
6.540838044183005877e+03 1.620751870981099216e+02 6.058956869656980615e+01 1.763363761947147736e+02 6.733733273369679750e+01
6.541668010723833504e+03 1.621559608364768224e+02 5.957235588748332589e+01 1.773028761305463945e+02 6.758979772016780885e+01
6.542496321913999054e+03 1.620844979573642490e+02 5.856330490453465387e+01 1.782930506361508094e+02 6.754130336634702303e+01
6.543297959176351469e+03 1.621325290339605942e+02 5.759370513760001842e+01 1.792857844539245207e+02 6.742120069866336962e+01
6.544192588737645565e+03 1.621463031345703598e+02 5.664005851592329321e+01 1.802832638501348583e+02 6.745974430334895544e+01
6.545109554916416528e+03 1.620384491160163805e+02 5.571616156982020840e+01 1.812767320208510569e+02 6.735953495348712750e+01
6.546023584329729601e+03 1.618929053943227814e+02 5.495321415727093495e+01 1.822693568478738939e+02 6.723831090012353684e+01
6.547333562838234684e+03 1.618912217388788974e+02 5.427842379530206784e+01 1.832495252510689454e+02 6.704137472273723120e+01
6.552417557780757306e+03 1.623945748282624209e+02 5.560625919594774302e+01 1.829456935977637784e+02 6.746369287723716468e+01
6.552925220504967001e+03 1.624737484557034293e+02 5.674956656178183323e+01 1.819844036201097026e+02 6.773852279125767950e+01
6.553313015474412168e+03 1.624768749962372851e+02 5.771772196765723351e+01 1.810032237341684151e+02 6.789580509921404428e+01
6.553694093242832423e+03 1.624737064349871218e+02 5.870222877931418992e+01 1.800041192857642329e+02 6.792002897475265399e+01
6.554064405283556880e+03 1.624131662513038350e+02 5.962953505223103434e+01 1.790106639286699988e+02 6.800614896648868068e+01
6.554460904618879795e+03 1.623365402793081671e+02 6.058549929883575658e+01 1.780167586890837867e+02 6.802203850155791542e+01
6.554870199545704963e+03 1.622851298617806037e+02 6.156917001406221601e+01 1.770258801664658108e+02 6.789474230902243335e+01
6.555258293776011669e+03 1.622227562181592759e+02 6.249799502398057172e+01 1.760313568329305838e+02 6.782267885720899869e+01
6.555692287553159076e+03 1.621053077397240543e+02 6.348730223394255745e+01 1.750346378358060804e+02 6.775644434052212262e+01
6.556144746047818444e+03 1.619400627080169386e+02 6.441573002470418885e+01 1.740492002419081246e+02 6.759352813160364803e+01
6.556610480931825805e+03 1.617102083013054141e+02 6.517001853187218785e+01 1.730630336840469283e+02 6.743121895804853239e+01
6.557981427792145041e+03 1.615021784666547262e+02 6.575781371397287955e+01 1.721015670480117592e+02 6.717581760052989637e+01
6.565265228129482239e+03 1.614509383030764127e+02 6.597457743747079917e+01 1.712782110190381104e+02 6.745796760476102349e+01
6.572695638398628034e+03 1.614936117591825564e+02 6.600531179303938245e+01 1.712040482087914768e+02 6.830143017784483561e+01
