# ts_seconds,x,y,gt_x,gt_y
2.646108601819092655e+03 1.701180813195533119e+02 6.832434609191773234e+01 1.701180813195533119e+02 6.832434609191773234e+01
2.656449346487837829e+03 1.700270968969198293e+02 7.013562631871418773e+01 1.692854076501905070e+02 6.874210914192553901e+01
2.656989481287870149e+03 1.699790975227215881e+02 7.130497015695357277e+01 1.682858565386319469e+02 6.873823023656490250e+01
2.657437153696690984e+03 1.699213201812899001e+02 7.237115150853398404e+01 1.672872468870300509e+02 6.873224581753214579e+01
2.657836400557016987e+03 1.698930372573127556e+02 7.335268518850743646e+01 1.662891694681983950e+02 6.867317433639318836e+01
2.658229832886719578e+03 1.698938415408815956e+02 7.433769868658319524e+01 1.652895857717633135e+02 6.864620016703599958e+01
2.658627536539265293e+03 1.698982254569976647e+02 7.535752966905428707e+01 1.642905576230243980e+02 6.861121074787943996e+01
2.659021398438483629e+03 1.698202822747596770e+02 7.637869510460086531e+01 1.632920360132900157e+02 6.856684418981937768e+01
2.659400968732068122e+03 1.696964675128175202e+02 7.736795461653841244e+01 1.622922284466055771e+02 6.855213045809247774e+01
2.659776062476174957e+03 1.695752583769968282e+02 7.833565214764504958e+01 1.612939413879085180e+02 6.849998027906400466e+01
2.660157604436072234e+03 1.694146463608475131e+02 7.928289053168759892e+01 1.602965705266258851e+02 6.843033267763244964e+01
2.660527242705159097e+03 1.692791374936659849e+02 8.019515760695773565e+01 1.592998087805552530e+02 6.835800700634234772e+01
2.660886432700334353e+03 1.692181627138049009e+02 8.110032065786361954e+01 1.583108292276460816e+02 6.821409711367950024e+01
2.661247445597794012e+03 1.691817110164383564e+02 8.198229307031586188e+01 1.573229047666134761e+02 6.806789260692279697e+01
2.661606581343720336e+03 1.691783785385503620e+02 8.276014142188832068e+01 1.563260577578711832e+02 6.798866325937974864e+01
2.661985310158719585e+03 1.692459752793395182e+02 8.332491380805583958e+01 1.553280226896723377e+02 6.792827176820675561e+01
2.662480449807449077e+03 1.692874445586289198e+02 8.351589652631136573e+01 1.543526828454605209e+02 6.804081110294136181e+01
2.663832786836592732e+03 1.693526251547879156e+02 8.239217918711453592e+01 1.541950193801180831e+02 6.845396377764222962e+01
2.664566619410765725e+03 1.696033940543164817e+02 8.116222217068076361e+01 1.551798674040880712e+02 6.862703231708148621e+01
2.665080991698850994e+03 1.698380735747195729e+02 8.015371836803727490e+01 1.561472425553617995e+02 6.887954788610376511e+01
2.665568016258594525e+03 1.700452907849136182e+02 7.917816489825233361e+01 1.571417042838849341e+02 6.898247535162445843e+01
2.665999823631886102e+03 1.700944821154281215e+02 7.837160503200627204e+01 1.581124571602202593e+02 6.922224949378764336e+01
2.666474735845773921e+03 1.702489890180550276e+02 7.751572125822812609e+01 1.590978672021109048e+02 6.939230020935376331e+01
2.667013854209301371e+03 1.705591839608097189e+02 7.660960029685782047e+01 1.600879367876474646e+02 6.952965326923361999e+01
2.667602755264397274e+03 1.709689896320604703e+02 7.577484330584442773e+01 1.610431213740116334e+02 6.982562709224018249e+01
2.668904551958879892e+03 1.713072913993322004e+02 7.531720079683528013e+01 1.620055885018169590e+02 7.007987069544827818e+01
2.671903492132965312e+03 1.713746206683022706e+02 7.601007831246825219e+01 1.611963237103260838e+02 6.975358272365785695e+01
2.673547727111976656e+03 1.721089746177106292e+02 7.715149445745470302e+01 1.602003915478917406e+02 6.975607609209777138e+01
2.674223135587171782e+03 1.725772958995368640e+02 7.830521767585692317e+01 1.593210187090545560e+02 7.021997774260141512e+01
2.674657209360946581e+03 1.728402883783338382e+02 7.927815230630034193e+01 1.583668693345929341e+02 7.051633198549987469e+01
2.675047517158970095e+03 1.729140458903013950e+02 8.027144669589345938e+01 1.573756961172672675e+02 7.064557680682597152e+01
2.675440861245363976e+03 1.728246906683306463e+02 8.125292612380293633e+01 1.563896220488730933e+02 7.081171126111631509e+01
2.675818603722677835e+03 1.727865757449164335e+02 8.223569752913117270e+01 1.553987813694005808e+02 7.068693514026855951e+01
2.676184070075044929e+03 1.728166832314722967e+02 8.321278742514000726e+01 1.544124709675187432e+02 7.052210272124503376e+01
2.676548813299876201e+03 1.728671335077644073e+02 8.415335901957504916e+01 1.534128158708526826e+02 7.052744910826424984e+01
2.676918016952692597e+03 1.730367348404257939e+02 8.508980110096442218e+01 1.524133427064379589e+02 7.055973954001903792e+01
2.677297941567317139e+03 1.732708893523536346e+02 8.604176837985929183e+01 1.514325213604493285e+02 7.075329362973326397e+01
2.677673994492403381e+03 1.735385539262115628e+02 8.696260185494763562e+01 1.505038619663201871e+02 7.112343723194402401e+01
2.678031336886723693e+03 1.739574070248826274e+02 8.779721535056287962e+01 1.495526477300208796e+02 7.143184578851914068e+01
2.678392774706926048e+03 1.744020504246322787e+02 8.863712812333511692e+01 1.486357607174209647e+02 7.183080975012536840e+01
2.678743378800435494e+03 1.748440618046681436e+02 8.942257136433453013e+01 1.477486649621340860e+02 7.229232435670417090e+01
2.679081172935919767e+03 1.752781080742438178e+02 9.019519359048997842e+01 1.468225044806095525e+02 7.266928933222108355e+01
2.679425794917920484e+03 1.757269890213883059e+02 9.097926129318432231e+01 1.459236780411569612e+02 7.310752342471886323e+01
2.679774266111376164e+03 1.762054060724820772e+02 9.175649607020154974e+01 1.450675144876734919e+02 7.362413238299359364e+01
2.680105347546670146e+03 1.766362846955384498e+02 9.252064457120110319e+01 1.441573668619744524e+02 7.403821369971088018e+01
2.680440340121590907e+03 1.770399393801181986e+02 9.332021706701593189e+01 1.432579292153148742e+02 7.447525373514027081e+01
2.680791428844518578e+03 1.773167413490408251e+02 9.414698620259933648e+01 1.423844652066202912e+02 7.496210743542133059e+01
2.681146414108368845e+03 1.775620383764015173e+02 9.499132593497630239e+01 1.414504034335066933e+02 7.531890648652263565e+01
2.681524170420789233e+03 1.777861568983066434e+02 9.591354589693672494e+01 1.404999070851253293e+02 7.562960917389607118e+01
2.681908793809836880e+03 1.779238195126980600e+02 9.685133429926541737e+01 1.395608263521134518e+02 7.597328930061239305e+01
2.682292417700274200e+03 1.780067419654469347e+02 9.778249976810228361e+01 1.385693757912644628e+02 7.610207070765623882e+01
2.682709818650234865e+03 1.780074449650340966e+02 9.878113009233571518e+01 1.375757636767631595e+02 7.621491502230939830e+01
2.683112920816303813e+03 1.778912032028087538e+02 9.977778508076050912e+01 1.365981527099929451e+02 7.642520435804173928e+01
2.683475848587588644e+03 1.778580210027281225e+02 1.007176332960675467e+02 1.356002278733088815e+02 7.648871635889138076e+01
2.683876196999809963e+03 1.779636772064573051e+02 1.017484013133527014e+02 1.346034125088949622e+02 7.656845410859922652e+01
2.684266908438554310e+03 1.781505616401859982e+02 1.027343635190468660e+02 1.336040858167201861e+02 7.660505603732738678e+01
2.684643025371012300e+03 1.783565212316713939e+02 1.036826464731903599e+02 1.326040914421941181e+02 7.660256512619328362e+01
2.685000570673063521e+03 1.786391222084819219e+02 1.045303879213682308e+02 1.316198742200866150e+02 7.677923079585424659e+01
2.685366525044190439e+03 1.790667858465820643e+02 1.053609869947924267e+02 1.306726460687859230e+02 7.709974221335447453e+01
2.685726143444821446e+03 1.795399952763584679e+02 1.061798643359307732e+02 1.297259673213943927e+02 7.742192127519422229e+01
2.686081418222625871e+03 1.801638255012745731e+02 1.068652859010271925e+02 1.288830934858357011e+02 7.795995075395757112e+01
2.686446562630682365e+03 1.809089103262023457e+02 1.074448976631014574e+02 1.281349404655440196e+02 7.862347689494363578e+01
2.686819340518205536e+03 1.816187730290905051e+02 1.080427240132238751e+02 1.273832962134910076e+02 7.928289881470490741e+01
2.687209647284182211e+03 1.823697733710405657e+02 1.085795910885484545e+02 1.268171548980212151e+02 8.010720008041634799e+01
2.687615278887474688e+03 1.832153249230505878e+02 1.089601969583876127e+02 1.262158108384805502e+02 8.090617672846880737e+01
2.688043858270776582e+03 1.840603332905320713e+02 1.092251112863391853e+02 1.256645541300926681e+02 8.174016198125235633e+01
2.688488845462017252e+03 1.848169679658523137e+02 1.094201502046748971e+02 1.253876148960013950e+02 8.270097464910813301e+01
2.688949168388665839e+03 1.855201523238613674e+02 1.095166774495155551e+02 1.249993776318975875e+02 8.362227090465637502e+01
2.689480321074232052e+03 1.861383896258637662e+02 1.094666450388224490e+02 1.248199557513829347e+02 8.460504258061855865e+01
2.690512331676513895e+03 1.865754582202340544e+02 1.094881130450848303e+02 1.250168836526621448e+02 8.556190573230286134e+01
2.700630074818108824e+03 1.866097056274663544e+02 1.105958384862309885e+02 1.240335283479042801e+02 8.547782994384022004e+01
2.701800085396428585e+03 1.869733668218764251e+02 1.111713527941191018e+02 1.230835796918418765e+02 8.577361396930420767e+01
2.706399493586043718e+03 1.872177860185787210e+02 1.115304354586300519e+02 1.222027959554092149e+02 8.624579231903261700e+01
2.721441876732792025e+03 1.878224405693548817e+02 1.121137134395407031e+02 1.216151242268810790e+02 8.688609964300762556e+01
2.727984162768042552e+03 1.879092215669651296e+02 1.126291252711935726e+02 1.210717145386362148e+02 8.699104387053544940e+01
2.729716979982512839e+03 1.878900674869684053e+02 1.132563026467710188e+02 1.201392219363669085e+02 8.667438522024077940e+01
2.748453348404424560e+03 1.879714031210871781e+02 1.141046850979704317e+02 1.192413630311813790e+02 8.695097208302540537e+01
2.759496553451672298e+03 1.879714750625674355e+02 1.150958822153878032e+02 1.183144534974656494e+02 8.696777187948858057e+01
2.760631845143574537e+03 1.879787747318020479e+02 1.161925173038793275e+02 1.173365970010022465e+02 8.676157211520578016e+01
2.761171457278412618e+03 1.879293648286090104e+02 1.171707491525395426e+02 1.163423388269367962e+02 8.668940358238494071e+01
2.761687912990226323e+03 1.879796215026132131e+02 1.179797602900681568e+02 1.153659967365498318e+02 8.650953731641352817e+01
2.762248164138202355e+03 1.880667734163826026e+02 1.188332521882389585e+02 1.143812628143838452e+02 8.648099055575444538e+01
2.762862878569150325e+03 1.879728504107136189e+02 1.198309235599406435e+02 1.133903822341528098e+02 8.661299988200084954e+01
2.763456966899038434e+03 1.878567206975432669e+02 1.208413702017480773e+02 1.124259353332917470e+02 8.646187990385000433e+01
2.763997490743720391e+03 1.877794670221832121e+02 1.217780616794835282e+02 1.114429281091501451e+02 8.632456312251161989e+01
2.764537650072123142e+03 1.877986302477087008e+02 1.226840064409535103e+02 1.104542356243054400e+02 8.618754560262252085e+01
2.765150501325337700e+03 1.878408909186218239e+02 1.236281282891544038e+02 1.094708104565999065e+02 8.600623328617898267e+01
2.765810457737036359e+03 1.878034036881178963e+02 1.244348154614568926e+02 1.084764536290891783e+02 8.593706627908549933e+01
2.766914692932116850e+03 1.880591060876693916e+02 1.251213369438092258e+02 1.074770584267498919e+02 8.596068283349558214e+01
2.776449663697163942e+03 1.881867788135290027e+02 1.255477102080832879e+02 1.068018174375280580e+02 8.630378026011594272e+01
2.782565419966705576e+03 1.883866738316726526e+02 1.260338695427930418e+02 1.060420074479019377e+02 8.663093023750437283e+01
2.794106083212003341e+03 1.881977184826666019e+02 1.265113630432944376e+02 1.050624861274535249e+02 8.648158626463006726e+01
2.797061254222051502e+03 1.880990536653667107e+02 1.272307789406574443e+02 1.040679969953254300e+02 8.637680275255749507e+01
2.798947292985270451e+03 1.881536626984803320e+02 1.277482527425608083e+02 1.030818088916497004e+02 8.621644803726179873e+01
2.801460591525416930e+03 1.882027321968113540e+02 1.283909515363865523e+02 1.021698194179916470e+02 8.662233657628850381e+01
2.803688074683465402e+03 1.882200266223083531e+02 1.292418588958346106e+02 1.011752164422822347e+02 8.672529524545632285e+01
2.805254823851742458e+03 1.880380305238735730e+02 1.307351598199059026e+02 1.001758609854075246e+02 8.676057454804629288e+01
2.806089704303814869e+03 1.877458359672961308e+02 1.317092082588777657e+02 9.917941725076781267e+01 8.674045884743182455e+01
2.806835670231663244e+03 1.876277973028609267e+02 1.326113024327995902e+02 9.822769869296519119e+01 8.644879868517909927e+01
2.807607134612828759e+03 1.874710057679215538e+02 1.334825614049512126e+02 9.722791057046482877e+01 8.645203600502476604e+01
2.808570834227063642e+03 1.872967720387478607e+02 1.343568510070441278e+02 9.622958229672404684e+01 8.639898741819507677e+01
2.809690433143579412e+03 1.872116958319322748e+02 1.353655185021077045e+02 9.522980907067631051e+01 8.641065955317851888e+01
2.810771973870605962e+03 1.870271835189509773e+02 1.363478356610331161e+02 9.423074409972309695e+01 8.636748200441643064e+01
2.811793464130011671e+03 1.868901595911786444e+02 1.373739087082374510e+02 9.323212685433399827e+01 8.632987989663914163e+01
2.812795404628446704e+03 1.867686148724689019e+02 1.383505155046034929e+02 9.223476476684984959e+01 8.640246661299460129e+01
2.813746451251638064e+03 1.866379735637948443e+02 1.394186678048577051e+02 9.123790819356703707e+01 8.648062082795480876e+01
2.814567943274602385e+03 1.864178289762614043e+02 1.403942787355812811e+02 9.024335637457760129e+01 8.658225322695831494e+01
2.815357054327942478e+03 1.862266733532080423e+02 1.413228546817030065e+02 8.924431283223991329e+01 8.662544291766886317e+01
2.816146535391802900e+03 1.861414715395333701e+02 1.422845929585792817e+02 8.824465877314955264e+01 8.664565162615232907e+01
2.816923084082902278e+03 1.860147759366194578e+02 1.431763434659852692e+02 8.724819723859211251e+01 8.659714009683249003e+01
2.817776111128667708e+03 1.857925212992443846e+02 1.440830392507634770e+02 8.626476654234636499e+01 8.641837142142705375e+01
2.818713465276066927e+03 1.856384797622348515e+02 1.450034628156866461e+02 8.527028225000499617e+01 8.632617009498432026e+01
2.819760916051254753e+03 1.856961300085836228e+02 1.459018297543701124e+02 8.427116590745059455e+01 8.631758143332170619e+01
2.820835371772311646e+03 1.855961933318018851e+02 1.468177222839378828e+02 8.327578109334588419e+01 8.626247542332602336e+01
2.821878435180776705e+03 1.856428036575162537e+02 1.477251356212184987e+02 8.228161506683997573e+01 8.632292738412185429e+01
2.823061231726656843e+03 1.855788390599196305e+02 1.484580633057063608e+02 8.128910029782348090e+01 8.626091461274489802e+01
2.824600868870157683e+03 1.855017226192560145e+02 1.490771902230105468e+02 8.029680124743839542e+01 8.637557305777926331e+01
2.826092366073246922e+03 1.854000911025540859e+02 1.500995664456109466e+02 7.930157414096716195e+01 8.644208257591674283e+01
2.827158139413688332e+03 1.848313312631247527e+02 1.510593532260415088e+02 7.840922571715023537e+01 8.640944813399860891e+01
2.827882104321552106e+03 1.844495092092558650e+02 1.517411641370212863e+02 7.773047760164844533e+01 8.571759863907863064e+01
2.828668441318787700e+03 1.842476644237839594e+02 1.524290797156374992e+02 7.679455971136823678e+01 8.536688431899278839e+01
2.830050338678910521e+03 1.840790461554077240e+02 1.529595637607807532e+02 7.594047236555059044e+01 8.487899239426545250e+01
2.848650306883708254e+03 1.836430042392199766e+02 1.530989847794379273e+02 7.522764330143880329e+01 8.417985573508470054e+01
2.891769610572088368e+03 1.837440424682745004e+02 1.531739611733856066e+02 7.431183243629519097e+01 8.425171420079158224e+01
2.896214125715018781e+03 1.842136778974604283e+02 1.538252797656180064e+02 7.355315795699745252e+01 8.488712062923315216e+01
2.898010107309342857e+03 1.845371004156552885e+02 1.544534126137712349e+02 7.262511408968194360e+01 8.525934195860276077e+01
2.900040495049895071e+03 1.847342214185260616e+02 1.547725591596337438e+02 7.171151503154733575e+01 8.565917595693953501e+01
2.903653052271066372e+03 1.849807103921416171e+02 1.551785248802490855e+02 7.080171703300545971e+01 8.603223292148061319e+01
2.907714139394047379e+03 1.850245050932207675e+02 1.561886859150158955e+02 6.980681532533503741e+01 8.611272035222756926e+01
2.908631483620153631e+03 1.849180738369105939e+02 1.574694612240008098e+02 6.881653589364707102e+01 8.602878820485425138e+01
2.909133933865169183e+03 1.848491179518990748e+02 1.585053869306796344e+02 6.783207995802220580e+01 8.591072744519712501e+01
2.909581690405226709e+03 1.846864272862293035e+02 1.595052417490996390e+02 6.683642388194105877e+01 8.588261332082058175e+01
2.910027417935840276e+03 1.844645213347928063e+02 1.605129285332146196e+02 6.584900128435084810e+01 8.572620370731370087e+01
2.910458332328475080e+03 1.841774526698344232e+02 1.614603331280598297e+02 6.486336996461116655e+01 8.555863283202222647e+01
2.910864747346754484e+03 1.839088900175031256e+02 1.623477779886343342e+02 6.388391391999009272e+01 8.536704520106106031e+01
2.911278295508738211e+03 1.837570675288718860e+02 1.632929293185299002e+02 6.290941886011121653e+01 8.515302067066458847e+01
2.911691069289291590e+03 1.837447302472273805e+02 1.642411904274513859e+02 6.191478770669264264e+01 8.506654627591690598e+01
2.912092328930440090e+03 1.838138427443375065e+02 1.651133522905430766e+02 6.091488985065554118e+01 8.506032820199698108e+01
2.912513547765005114e+03 1.839235193399625530e+02 1.660036647463836630e+02 5.993858792408937575e+01 8.520129085053920903e+01
2.912960738050790951e+03 1.840275096264680030e+02 1.670233003607639546e+02 5.898532837921171534e+01 8.549851610522856049e+01
2.913390636672013443e+03 1.840169213765163647e+02 1.680708202658593962e+02 5.800224779886278981e+01 8.565530082505266307e+01
2.913775386210249508e+03 1.838263096248467150e+02 1.689643041554491276e+02 5.700278440484430575e+01 8.567882228714364601e+01
2.914149295936917042e+03 1.835076492065648779e+02 1.697923674533491578e+02 5.602173131049762134e+01 8.555430734775794122e+01
2.914548307973196188e+03 1.830901587968878061e+02 1.706436240206251114e+02 5.508435904673564210e+01 8.521006388777516349e+01
2.914954819601322924e+03 1.825934871283155303e+02 1.714552919979543617e+02 5.417257426678632015e+01 8.479947137730417239e+01
2.915341947121400153e+03 1.820565041901654979e+02 1.722092106309026747e+02 5.333007823280232174e+01 8.428055319837213233e+01
2.915747173225197457e+03 1.814409159503138937e+02 1.729672035816923881e+02 5.257920718572879792e+01 8.362016174904185561e+01
2.916173019503987234e+03 1.807133773708128217e+02 1.736243945206658452e+02 5.180764123368473406e+01 8.298455793891304211e+01
2.916586146285059840e+03 1.799602603021126583e+02 1.741394736515508725e+02 5.110744637838741511e+01 8.228709253494488962e+01
2.917004647520212529e+03 1.792211978201592615e+02 1.746682026345267786e+02 5.054593068065751282e+01 8.145965256369309770e+01
2.917464674233449387e+03 1.783849494536056284e+02 1.752444086476087932e+02 4.995235543774996501e+01 8.065700444180933459e+01
2.917939311813552195e+03 1.775321471827815856e+02 1.757652660904424522e+02 4.935808567467093155e+01 7.985700740708558953e+01
2.918397350015053689e+03 1.767286797184652301e+02 1.760918565259196384e+02 4.881114930070292246e+01 7.902127093389684376e+01
2.918863694388753174e+03 1.758373003631904226e+02 1.762439945675102706e+02 4.835899240204789606e+01 7.815028309428647901e+01
2.919362949570488581e+03 1.748205893243336959e+02 1.763401695426541096e+02 4.814929738959419581e+01 7.717335108318283687e+01
2.919861289534428579e+03 1.737899491414550823e+02 1.762669912784434700e+02 4.803049651595394209e+01 7.618181681327556021e+01
2.920313800577249367e+03 1.728611863313277865e+02 1.759273065316830298e+02 4.813462915581804680e+01 7.520648787111869638e+01
2.920721046786013630e+03 1.720398236156772782e+02 1.754296695213217276e+02 4.849408564550021339e+01 7.427382686068274609e+01
2.921137345361885764e+03 1.712362477666685550e+02 1.747618584868098992e+02 4.893043719542474435e+01 7.337587954776252275e+01
2.921549078935674061e+03 1.705169428429148581e+02 1.739915057926520205e+02 4.952118690432724435e+01 7.258153455147537159e+01
2.921941182151379508e+03 1.699391778494331504e+02 1.731866727765909104e+02 5.023981717085287357e+01 7.188621265065759758e+01
2.922337682069187849e+03 1.694500496444248938e+02 1.723392733612943175e+02 5.099882961086154154e+01 7.124167494380611743e+01
2.922715009571933933e+03 1.690200424400575230e+02 1.715183557158281644e+02 5.186937444334243708e+01 7.076129365139526328e+01
2.923076752854128245e+03 1.686579955612059507e+02 1.706771068302799961e+02 5.278434948817964312e+01 7.036023167812221857e+01
2.923456698262632926e+03 1.683705446066014133e+02 1.697601020038686102e+02 5.368145146522292066e+01 6.991853352916231756e+01
2.923826858389439167e+03 1.681373962141572633e+02 1.688802465881250328e+02 5.461235403923053866e+01 6.956740876059176060e+01
2.924205280303044219e+03 1.679422122458956323e+02 1.679665353255360287e+02 5.557630798928165916e+01 6.930336140523279198e+01
2.924618320742074957e+03 1.677129048561313596e+02 1.669450922981542931e+02 5.652719525987371441e+01 6.899397312418601302e+01
2.925024853106314822e+03 1.674789200074023654e+02 1.659162336571589265e+02 5.748941317945115514e+01 6.873108918032100689e+01
2.925392946578622741e+03 1.673724516179773900e+02 1.649808673111457722e+02 5.846269546443472365e+01 6.850754949242674741e+01
2.925767592791240077e+03 1.673328586744488859e+02 1.640475220899334658e+02 5.943371396524148054e+01 6.827829440157744045e+01
2.926163684835727508e+03 1.673471059698394754e+02 1.630838599537760842e+02 6.042700141294191241e+01 6.818573126453819100e+01
2.926548747692393590e+03 1.675291453840007136e+02 1.622320674539579670e+02 6.142579285181945892e+01 6.814863768901791730e+01
2.926972721118888785e+03 1.679013566586866943e+02 1.613930990229765143e+02 6.241728824906674333e+01 6.817930312617694710e+01
2.927453758780565295e+03 1.683408053875347150e+02 1.604342543616957073e+02 6.337866796761424126e+01 6.843747019859162606e+01
2.927910446448924176e+03 1.686562449096178113e+02 1.594478916160425968e+02 6.433173248562384572e+01 6.872330717885598972e+01
2.928335766213299394e+03 1.687704016460841956e+02 1.584741029953217719e+02 6.531492986666361844e+01 6.890544895897730271e+01
2.928767535902780310e+03 1.687730745330464117e+02 1.574519131797900400e+02 6.630343259744753937e+01 6.900754074455991827e+01
2.929175577786511894e+03 1.687554990057576276e+02 1.564408938094128416e+02 6.730163321343228233e+01 6.895461767252595564e+01
2.929558320488533354e+03 1.687431817429460637e+02 1.554496301666513034e+02 6.829817408768705889e+01 6.893759290398136841e+01
2.929933749875460308e+03 1.686801855148285370e+02 1.544536472766697273e+02 6.929353660410534133e+01 6.893443322949397611e+01
2.930314360329591182e+03 1.685951505263741694e+02 1.534411285144456087e+02 7.028681949474949420e+01 6.881872247706930068e+01
2.930671360541382910e+03 1.685221040217853954e+02 1.524842904476084868e+02 7.128291891956017423e+01 6.875779389988291257e+01
2.931019127838818804e+03 1.684620895075076419e+02 1.515251031246987736e+02 7.228101175896607344e+01 6.872629420700600633e+01
2.931382611424182869e+03 1.684127859173319450e+02 1.505058182938192033e+02 7.327689386932051718e+01 6.863570703692086283e+01
2.931726702798797305e+03 1.683815727861098424e+02 1.495536923825142139e+02 7.427376929851159559e+01 6.861436585405857613e+01
2.932061419379988365e+03 1.683811681749647562e+02 1.486392269549599803e+02 7.527104231696495162e+01 6.861874847481789175e+01
2.932420074011067754e+03 1.684342747117353838e+02 1.476568178435485663e+02 7.626728420729064339e+01 6.853232172946911760e+01
2.932771768613947643e+03 1.685376553381717883e+02 1.466830576923206877e+02 7.726448425092536354e+01 6.849477257518914541e+01
2.933119531460932649e+03 1.686197538845785004e+02 1.457092306484738629e+02 7.826376112314066802e+01 6.850018426628273005e+01
2.933473517384365550e+03 1.686785623731465193e+02 1.447168829211389323e+02 7.926307851342734523e+01 6.846328300776548303e+01
2.933810092406596596e+03 1.687470556242629982e+02 1.437706258770958527e+02 8.026191144959231849e+01 6.846958671495148963e+01
2.934147806965966083e+03 1.688148724277353949e+02 1.428187539574913956e+02 8.125970585380291311e+01 6.847456199973991886e+01
2.934492427499725181e+03 1.688330728633216324e+02 1.418551630153009171e+02 8.225749625761514494e+01 6.840846286702804946e+01
2.934821286910332219e+03 1.688068970935921698e+02 1.409280332257047519e+02 8.325631122502389303e+01 6.838835434976707006e+01
2.935156775505824498e+03 1.688181674048504135e+02 1.399711779601467185e+02 8.425583430629232851e+01 6.839338740081454660e+01
2.935492830961706659e+03 1.688698559846555440e+02 1.390131151735760682e+02 8.525482770806318911e+01 6.835084095467242093e+01
2.935819001506015411e+03 1.689074996082200073e+02 1.380984794461282945e+02 8.625129634487161923e+01 6.836357775250702673e+01
2.936168852974650690e+03 1.689674709428699941e+02 1.371328451625831235e+02 8.724603453520384733e+01 6.846574732544731035e+01
2.936523565236162085e+03 1.690863444794373720e+02 1.361595534217255477e+02 8.824349633926557601e+01 6.851351671356373174e+01
2.936865972935234367e+03 1.692251294830470272e+02 1.352165004014148906e+02 8.924045548406874673e+01 6.855661206143524566e+01
2.937225681281801826e+03 1.693795984559804708e+02 1.342230261365020567e+02 9.023320181568463738e+01 6.867680846416085672e+01
2.937580872930475834e+03 1.695227924651267699e+02 1.332485065280202150e+02 9.122857217491336712e+01 6.876255315753149944e+01
2.937923430294979426e+03 1.695946866915748501e+02 1.322914321039124843e+02 9.222374733659901835e+01 6.884479675347741079e+01
2.938285521939999398e+03 1.696681348914951855e+02 1.312562569865320654e+02 9.321393689922986425e+01 6.898445550474343690e+01
2.938637462371428228e+03 1.697680500269960362e+02 1.302709597486987718e+02 9.420833269497542517e+01 6.908027776825211674e+01
2.938966394029466755e+03 1.698226200616201993e+02 1.293692188738523328e+02 9.520255831030323179e+01 6.917254915151818295e+01
2.939305101208532506e+03 1.698727276745291306e+02 1.284355804672668739e+02 9.619350085696785868e+01 6.930413200340635171e+01
2.939641566453904943e+03 1.699434630933963319e+02 1.274972243930406250e+02 9.719050345873664298e+01 6.935244589835508577e+01
2.939980038186628008e+03 1.699759254115248837e+02 1.265343679143613826e+02 9.818940317001609230e+01 6.936980501550739575e+01
2.940330328894616741e+03 1.699814659690679264e+02 1.255411761562059212e+02 9.918748043058702990e+01 6.943147016743715483e+01
2.940669856436589725e+03 1.699613429680475463e+02 1.245915233084383544e+02 1.001842807122929742e+02 6.941695701582692379e+01
2.941025089747160109e+03 1.698964835244358653e+02 1.236114706375467023e+02 1.011811251610332505e+02 6.934898977260591835e+01
2.941394068347588927e+03 1.698390145615485380e+02 1.226135296754863901e+02 1.021809877965511788e+02 6.933954592860777666e+01
2.941735742161689359e+03 1.698944554091221164e+02 1.217143091425785997e+02 1.031804110478686738e+02 6.932071493644498617e+01
2.942073205054050959e+03 1.700143614164712176e+02 1.208314217565350361e+02 1.041755766469846520e+02 6.935208700872853171e+01
2.942433991780788347e+03 1.701333585323522470e+02 1.198722583755214259e+02 1.051673150333323292e+02 6.947999639830631224e+01
2.942784319555666116e+03 1.702247652739038983e+02 1.189231879397254659e+02 1.061634695900290808e+02 6.954469787266901903e+01
2.943124789919365867e+03 1.702682448408020548e+02 1.179922674230730166e+02 1.071628106224410288e+02 6.956779095479487296e+01
2.943472381209692230e+03 1.702876548491285291e+02 1.170357052511904499e+02 1.081619468275541607e+02 6.960339456507618650e+01
2.943811289870871860e+03 1.703265361686448500e+02 1.161032693052055578e+02 1.091612584777551547e+02 6.958583170432525833e+01
2.944148100377294668e+03 1.703771841785032848e+02 1.151832947293800515e+02 1.101592946386587499e+02 6.958735992586851182e+01
2.944493210072757847e+03 1.704314105935812904e+02 1.142580827955459597e+02 1.111576180914778149e+02 6.964192818470526447e+01
2.944829874006321006e+03 1.704972743889190951e+02 1.133820346618457933e+02 1.121568347394996010e+02 6.963959127020632423e+01
2.945162872764177337e+03 1.705593184569850962e+02 1.125277344209126227e+02 1.131551702029649249e+02 6.964449628420055660e+01
2.945510579777373096e+03 1.706208983144968272e+02 1.116312479817302403e+02 1.141538208040916373e+02 6.968751446973081443e+01
2.945851149036263905e+03 1.706800500036822541e+02 1.107597750837061596e+02 1.151524425922277999e+02 6.965871883469674231e+01
2.946184936229895811e+03 1.707212113292383151e+02 1.099204612479740746e+02 1.161507112729078699e+02 6.962318028530381753e+01
2.946527509014611496e+03 1.707783937554620479e+02 1.090766924436997698e+02 1.171503493044250064e+02 6.964833434012935243e+01
2.946861018376350330e+03 1.708621756036362740e+02 1.082667871364713221e+02 1.181498084044473842e+02 6.965512365877349055e+01
2.947200304507127839e+03 1.708894131615952290e+02 1.074436708587743539e+02 1.191481407870697922e+02 6.967509803315986971e+01
2.947563596816742574e+03 1.708268358358504031e+02 1.065754132140284725e+02 1.201446342896467883e+02 6.967925369450165363e+01
2.947926082338132346e+03 1.707281285600566889e+02 1.057496782703046563e+02 1.211267796096922780e+02 6.951266104932498990e+01
2.948310417440590300e+03 1.706082858068332939e+02 1.049497618276763831e+02 1.220997669015198426e+02 6.928478787340395684e+01
2.948758212593174903e+03 1.704846895400481230e+02 1.041888161476993417e+02 1.230777675967181040e+02 6.907728117568505866e+01
2.950056854394624224e+03 1.704717288321797639e+02 1.035913264751582403e+02 1.240497921959991032e+02 6.884245626111578531e+01
2.955425978494877199e+03 1.708277059306101933e+02 1.031664489292382996e+02 1.249813101763112684e+02 6.893161549981388703e+01
2.960871945709853662e+03 1.717800531332672165e+02 1.026830393279854121e+02 1.255690822049348299e+02 6.965923014160841831e+01
2.962361672534796071e+03 1.728158238795051034e+02 1.020451592274143167e+02 1.259747762663048434e+02 7.057199799388453698e+01
2.962868209784545797e+03 1.737044458065836636e+02 1.013196395018127021e+02 1.265454527428042297e+02 7.138368775673320954e+01
2.963300133683944296e+03 1.745198941629209628e+02 1.006033755182357936e+02 1.271747977962687060e+02 7.216035944509292221e+01
2.963680304972046088e+03 1.752623538623058153e+02 9.993634553700272249e+01 1.278034761375460135e+02 7.293785200113798339e+01
2.964052118142739801e+03 1.759677856272666361e+02 9.923866056415070602e+01 1.284767878311270124e+02 7.367629661854869028e+01
2.964424917002600523e+03 1.766743668217662844e+02 9.854566207404310774e+01 1.291662777899534547e+02 7.440056552321588867e+01
2.964786664760175427e+03 1.773355553007711478e+02 9.791371333598020499e+01 1.298855938572647517e+02 7.509421170831845416e+01
2.965161898289291003e+03 1.778897060349976300e+02 9.721746551437522044e+01 1.306458946552791076e+02 7.574333850847560257e+01
2.965566997037779402e+03 1.783514766823334412e+02 9.637614887301444355e+01 1.314402504205775415e+02 7.635014752575199282e+01
2.965972317847345494e+03 1.787418816912764612e+02 9.548642690783849218e+01 1.323147758955598192e+02 7.682349369388687421e+01
2.966360154559138664e+03 1.790599312081012329e+02 9.459924991157886609e+01 1.332420975303680279e+02 7.719705192903892055e+01
2.966756634887465225e+03 1.793420427338959371e+02 9.365697496511262443e+01 1.341881512003397177e+02 7.751984590870713987e+01
2.967153886114778743e+03 1.795732542636346238e+02 9.269745162649201120e+01 1.351603888114190397e+02 7.774593090281955199e+01
2.967531162826786840e+03 1.797776034963812606e+02 9.179641310717352098e+01 1.361370365166643239e+02 7.795929729553232335e+01
2.967911506538659523e+03 1.801235756031144888e+02 9.093189326911011960e+01 1.371079055336740851e+02 7.819883937442040178e+01
2.968311088334669876e+03 1.805910493957356380e+02 9.002769500694127203e+01 1.380718643077581760e+02 7.846434095568089617e+01
2.968702546134232307e+03 1.810567643702534610e+02 8.912739993538900762e+01 1.389904615387401350e+02 7.884974781687077439e+01
2.969076418281179031e+03 1.814992562347080707e+02 8.827211050549401250e+01 1.398928954998046379e+02 7.928035705185756399e+01
2.969464718780646308e+03 1.819077438194640024e+02 8.737490263063851614e+01 1.408150483794607624e+02 7.966611265294910993e+01
2.969864872554708199e+03 1.822600709640277330e+02 8.643324393988982024e+01 1.417376850439940483e+02 8.005147382108010845e+01
2.970249270653161602e+03 1.825874045250871802e+02 8.553794659196539385e+01 1.426859894821216699e+02 8.036157620406724789e+01
2.970640352636022726e+03 1.829295215463853594e+02 8.463954363970043460e+01 1.436516505284766936e+02 8.062137123799205085e+01
2.971057323497554535e+03 1.832635413669905233e+02 8.368401277835121732e+01 1.446072412418349131e+02 8.091484603734626546e+01
2.971472572525363830e+03 1.835790126708380967e+02 8.274588656978487222e+01 1.455768740964114443e+02 8.115296825117570734e+01
2.971875806352392374e+03 1.838703293763354054e+02 8.190604028814415472e+01 1.465476788938238712e+02 8.139107121295187142e+01
2.972325869360925026e+03 1.841350284128135684e+02 8.126171524337077301e+01 1.475176192272840296e+02 8.163414721058393297e+01
2.973167569993122015e+03 1.841091449433977232e+02 8.111670484676258752e+01 1.484783283118366910e+02 8.191007055387420621e+01
2.974330943275501795e+03 1.831281515745478998e+02 8.125557114335587983e+01 1.483889523408655293e+02 8.148077970124499814e+01
2.975017551731345975e+03 1.820931809062148545e+02 8.125069232782699657e+01 1.482282440153121570e+02 8.049511830092440334e+01
2.975619937928499894e+03 1.809940422878108564e+02 8.120149718836675845e+01 1.480036185338440475e+02 7.952149247810679356e+01
2.976103253126743311e+03 1.798559390525002755e+02 8.117171966059574117e+01 1.480117382973484439e+02 7.852152566885526142e+01
2.976526305616387617e+03 1.787970175399039192e+02 8.099329720133191302e+01 1.480181656181727590e+02 7.752159110307542278e+01
2.976892415214425000e+03 1.778950257387974716e+02 8.075618792317845873e+01 1.480807927859572430e+02 7.652421406513090574e+01
2.977226006039365529e+03 1.770899687336367947e+02 8.050232203862445601e+01 1.483295408671294808e+02 7.555564618613949790e+01
2.977601281808820659e+03 1.762822380742256314e+02 8.004596655428269969e+01 1.485846878554464467e+02 7.458883067554762647e+01
2.977968033588047547e+03 1.755556031814043365e+02 7.947436425687415351e+01 1.489122410741767339e+02 7.364586277223342847e+01
2.978331834589954269e+03 1.749037791502018138e+02 7.885903140878362194e+01 1.495030242843310191e+02 7.283915898309616921e+01
2.978738619648454005e+03 1.743439678763395193e+02 7.810850444078305088e+01 1.501473673079150615e+02 7.207455695670576290e+01
2.979125366306290744e+03 1.740672363610412390e+02 7.729703632360993026e+01 1.508483000192622683e+02 7.136378822285945489e+01
2.979508527642349236e+03 1.739207389721438801e+02 7.645394734899566913e+01 1.517180731366210580e+02 7.087167599176059696e+01
2.979918715902235363e+03 1.738612267512991423e+02 7.551307593779606009e+01 1.526564606307144345e+02 7.052786165933032692e+01
2.980317340901699026e+03 1.738356518112933884e+02 7.463523498560054747e+01 1.536369352394512759e+02 7.033866235080320450e+01
2.980683674085779330e+03 1.737637345894772523e+02 7.390381686264746008e+01 1.546364058251729148e+02 7.037067002092896928e+01
2.981118762514953687e+03 1.736448390690151484e+02 7.307272908796868194e+01 1.556349369214637193e+02 7.036579659068108583e+01
2.981616157134736568e+03 1.738183797909086081e+02 7.210411361590276158e+01 1.566106648170401172e+02 7.016909456492724928e+01
2.982046513463820247e+03 1.739995236162578180e+02 7.119910109700066414e+01 1.575948666102351865e+02 7.034571697783582067e+01
2.982499670511648674e+03 1.741647655889834994e+02 7.018904798069219453e+01 1.585865817402059577e+02 7.047135390819616418e+01
2.982943190230740129e+03 1.741739405360518447e+02 6.915596034124627067e+01 1.595853236468209104e+02 7.051062408660816061e+01
2.983345949298691266e+03 1.741769425660515935e+02 6.824683893862835760e+01 1.605748889337382082e+02 7.064757425280731695e+01
2.983780216112542803e+03 1.742195871329063266e+02 6.724796883414106219e+01 1.615745469372412515e+02 7.063308159879564130e+01
2.984253403993653592e+03 1.742293006008363818e+02 6.616727445881755898e+01 1.625727858353984061e+02 7.069161851524133056e+01
2.984738893342826032e+03 1.742713563411063262e+02 6.514651520606651047e+01 1.635724111866858266e+02 7.071133555879721655e+01
2.985246352609741280e+03 1.743462404229479148e+02 6.427843306935130840e+01 1.645713306273362946e+02 7.067270187746554200e+01
2.985794693812260903e+03 1.745295010590905349e+02 6.347804995051551913e+01 1.655700644017752552e+02 7.072297737182495325e+01
2.986458060775647482e+03 1.745321686651973323e+02 6.204661134817668255e+01 1.665688010683519451e+02 7.077117630487848032e+01
2.986875432493987773e+03 1.743723801396315594e+02 6.107922848200536237e+01 1.675621495340720628e+02 7.084200185472592182e+01
2.987235224262875818e+03 1.740610289578691550e+02 6.041650452230683754e+01 1.685271647389438385e+02 7.058548608904553134e+01
2.987611919672458043e+03 1.736305084238069014e+02 5.996843563447929881e+01 1.694189998598307341e+02 7.013915642566711028e+01
2.988400804135882936e+03 1.733121687871669963e+02 5.970546694198451121e+01 1.701796123318166281e+02 6.949005938807411553e+01
2.993183005326844068e+03 1.732359237005961177e+02 5.944748217773063459e+01 1.704707985259554164e+02 6.955932115572203145e+01
2.997455161261711055e+03 1.732819558409062779e+02 5.937417137048336002e+01 1.707148152486061861e+02 7.026130623222898919e+01
