# ts_seconds,x,y,gt_x,gt_y
3.997533225883608338e+03 1.004843040710045301e+02 8.793290445220337403e+01 1.004843040710045301e+02 8.793290445220337403e+01
4.030912477246259186e+03 1.003067698367381837e+02 8.747126361688366103e+01 1.007664147968324357e+02 8.807392860294301329e+01
4.032346637639222536e+03 1.004770260381852864e+02 8.675800759398379114e+01 1.009181313330402077e+02 8.713141347926408287e+01
4.033708550515979823e+03 1.013343517493428436e+02 8.660905451013033485e+01 1.017928598867306107e+02 8.674197271352699090e+01
4.040387064071367604e+03 1.019932583950152321e+02 8.687388927756047963e+01 1.025322223520088016e+02 8.693852123129310883e+01
4.049967548819794501e+03 1.012453209230055506e+02 8.707538683570957971e+01 1.017400365677913499e+02 8.717020526164731109e+01
4.051418794943889225e+03 1.001911676030839260e+02 8.694237293239375219e+01 1.007654985536733818e+02 8.708675110663827468e+01
4.052251057663826032e+03 9.923986177227450867e+01 8.671275711522643803e+01 9.978104785061240989e+01 8.691121908710275079e+01
4.052982402606224696e+03 9.838813019359805878e+01 8.688209312211529323e+01 9.886602765327762654e+01 8.651337464680102585e+01
4.053647113206154700e+03 9.764471018766103327e+01 8.722231626045970643e+01 9.788873047848120734e+01 8.665251638096832210e+01
4.054350017046460835e+03 9.672276447813995048e+01 8.746845595292296593e+01 9.689301852005048943e+01 8.674139215618875198e+01
4.055004881583370206e+03 9.601623444286609299e+01 8.778226395497740953e+01 9.589678430451263580e+01 8.682808638865928685e+01
4.055700648509781331e+03 9.526899567873347507e+01 8.777901499911871497e+01 9.494438218655439243e+01 8.712744192493485684e+01
4.056330448344324395e+03 9.432638287835095525e+01 8.778106444937471053e+01 9.396864208380164030e+01 8.694972865781575422e+01
4.056942316816266157e+03 9.353196175627620335e+01 8.778818322454959855e+01 9.297642277491556229e+01 8.682741743323009587e+01
4.057648944317019414e+03 9.245334320481889279e+01 8.770757936626576168e+01 9.198568002124301302e+01 8.669175830621530565e+01
4.058329213551066005e+03 9.142194629033424746e+01 8.777991064740129445e+01 9.100721759934423005e+01 8.648612260207370639e+01
4.058955957452454641e+03 9.036580017237302798e+01 8.784669542914272711e+01 9.000963837994076755e+01 8.651855976018723027e+01
4.059535862704605734e+03 8.939708499554340904e+01 8.807486476862497682e+01 8.902536507044074199e+01 8.635024442056005967e+01
4.060059093091940667e+03 8.856614132158843233e+01 8.818442507648465778e+01 8.803235324536520068e+01 8.644747047832626663e+01
4.060673208924704795e+03 8.773242645699428977e+01 8.833325493049386523e+01 8.703377006107325542e+01 8.649854304215328682e+01
4.061337347085527199e+03 8.686444865797741954e+01 8.872119541926915076e+01 8.603396972815129118e+01 8.648489845945408661e+01
4.062063485794537428e+03 8.607127942903490236e+01 8.891209631643732791e+01 8.505390722158811911e+01 8.667748208550989375e+01
4.063204396262616683e+03 8.522738492521150988e+01 8.936451131984229335e+01 8.405574243936210621e+01 8.672671873062034820e+01
4.064483785062242532e+03 8.442271232917525481e+01 8.978468745055748457e+01 8.311791301620034744e+01 8.706854115286378715e+01
4.066231668480182179e+03 8.296568999959066559e+01 8.971890081832863473e+01 8.212355255738194160e+01 8.698007770766886892e+01
4.067063859055106150e+03 8.195895751708789589e+01 8.986200964768329413e+01 8.112377142330821300e+01 8.699618187500946931e+01
4.067844003168869222e+03 8.125665237212645309e+01 9.049484354453676360e+01 8.013272803299159364e+01 8.710269497838413599e+01
4.068551606317652386e+03 8.066049627318905380e+01 9.097240587071162565e+01 7.926906530282649044e+01 8.760443166947075611e+01
4.069282513864154225e+03 7.981358913831932966e+01 9.130736192951334829e+01 7.831300424395716675e+01 8.789645639970676427e+01
4.069960433339502288e+03 7.895843630005413161e+01 9.131629627238068281e+01 7.733164334070723100e+01 8.803429464281140326e+01
4.070664776099510163e+03 7.816327611895943051e+01 9.114723054687866011e+01 7.639036809141538242e+01 8.769828238535406228e+01
4.071420339391419930e+03 7.737308342219878909e+01 9.109096061050301785e+01 7.548243980074440174e+01 8.728467442565100498e+01
4.072246045084550133e+03 7.684101243418392357e+01 9.107905257822692136e+01 7.450549321193057040e+01 8.709284500984452393e+01
4.073650343148620777e+03 7.642549489089435610e+01 9.134093184497399420e+01 7.359756316487739980e+01 8.737155666994064518e+01
4.075140395010860630e+03 7.572161237232916164e+01 9.164423503499656931e+01 7.276031935698480879e+01 8.783387035102853702e+01
4.076403748182503477e+03 7.490279786658344108e+01 9.181554068407878333e+01 7.176937568653984556e+01 8.789881057604161185e+01
4.077665727926408636e+03 7.432865647951797428e+01 9.185223749336904575e+01 7.077058183433366878e+01 8.787125196817162021e+01
4.079137899390246275e+03 7.359325404411322324e+01 9.192342690649739723e+01 6.977065245446982544e+01 8.788280721464219880e+01
4.080364944472463321e+03 7.259197206218446752e+01 9.212042894094389567e+01 6.877084204739986717e+01 8.787234372822487671e+01
4.081322721341406123e+03 7.163221209575492310e+01 9.236516094712072800e+01 6.777940655394472458e+01 8.776240218555635408e+01
4.082131248828582557e+03 7.076578827284696160e+01 9.254218151494595190e+01 6.678785318193476428e+01 8.763704911173365986e+01
4.082891059060305452e+03 6.975031531353694447e+01 9.266703464373496502e+01 6.581653258214420532e+01 8.741815445794549078e+01
4.083643255963380852e+03 6.865069837350064574e+01 9.282204483665380224e+01 6.483546195165143899e+01 8.724362930984094078e+01
4.084346654298106841e+03 6.760294618741953343e+01 9.305043143077629963e+01 6.383808749465654131e+01 8.718031363512064047e+01
4.084999743863208550e+03 6.657973289170772091e+01 9.342444640290256075e+01 6.284054863013557934e+01 8.722321183614974416e+01
4.085591206482995858e+03 6.557917085421286174e+01 9.366347743179512975e+01 6.184911908139940095e+01 8.735008981717197685e+01
4.086113360485078829e+03 6.461956155938341340e+01 9.370161850880448640e+01 6.085735522093488470e+01 8.731248662903216484e+01
4.086618246839776020e+03 6.367434708344656258e+01 9.376041265062056596e+01 5.986316281190980959e+01 8.720511376555265315e+01
4.087157866525393729e+03 6.273181894930909408e+01 9.401209920911212237e+01 5.886508260225026135e+01 8.719948577614846386e+01
4.087761844905844555e+03 6.179087688342588081e+01 9.445416969526489481e+01 5.786722296464175486e+01 8.726220385694516324e+01
4.088411651596168213e+03 6.084139666734522223e+01 9.487776032939524384e+01 5.691477012965076909e+01 8.753765472510369250e+01
4.088992381572906197e+03 6.007028208357399279e+01 9.524204497642271861e+01 5.594560603910566243e+01 8.777172331402138639e+01
4.089666895238286088e+03 5.934606520114971318e+01 9.581535341993458132e+01 5.496874643085347145e+01 8.798510393152243125e+01
4.090433374237733460e+03 5.837074671900811040e+01 9.638461330251587356e+01 5.402332708707523068e+01 8.830540933496583023e+01
4.091151328070959153e+03 5.738132621295076063e+01 9.688442355694002117e+01 5.304672503622095547e+01 8.849746476202594181e+01
4.091793549493887895e+03 5.635466545903033619e+01 9.711279770137429068e+01 5.205015862863710652e+01 8.857204494911300685e+01
4.092368941087458552e+03 5.548382587170920743e+01 9.703579554228876702e+01 5.110631672797478586e+01 8.830010864604817300e+01
4.093000929520625959e+03 5.456411751882247785e+01 9.680440091646494238e+01 5.028594233479835651e+01 8.773954275573355233e+01
4.093714519922323234e+03 5.369227563514202473e+01 9.617125194754002848e+01 4.953389615126051382e+01 8.708118379593847180e+01
4.094367952278142639e+03 5.294760342907486717e+01 9.542954284028940037e+01 4.905526712155224089e+01 8.622000829840170866e+01
4.094966583166892178e+03 5.231030530173386239e+01 9.466373463530266008e+01 4.858847334052517652e+01 8.533633119168520409e+01
4.095634558378490510e+03 5.185721096755217019e+01 9.366390451875341228e+01 4.826495807490261569e+01 8.439416751197107658e+01
4.096355319116363717e+03 5.175821737858482408e+01 9.252335368931748860e+01 4.820536794916477419e+01 8.340236558989921889e+01
4.097040762171785900e+03 5.166930470511893958e+01 9.136647267503887804e+01 4.813208687672212704e+01 8.240565762444177267e+01
4.097717471729573845e+03 5.136006015185789408e+01 9.031064691760546737e+01 4.824220689965299158e+01 8.141671958851766533e+01
4.098320011267445807e+03 5.096201185315148052e+01 8.944435859160503810e+01 4.811812778824381098e+01 8.043417970654667215e+01
4.098968058480680156e+03 5.059228287912452515e+01 8.840190525766928431e+01 4.799356145119475059e+01 7.944250066158889467e+01
4.099632328746054554e+03 5.042379327776839659e+01 8.727725404292927180e+01 4.804370435145790452e+01 7.844664531664304263e+01
4.100313082786450650e+03 5.033597387076594032e+01 8.621549942893075524e+01 4.792251904537857854e+01 7.745891057555191139e+01
4.100899922877065364e+03 5.020611928989361417e+01 8.524200364526667784e+01 4.802464256151347399e+01 7.647229373087073157e+01
4.101507863515989811e+03 5.017129527945967737e+01 8.429842802556869685e+01 4.814586692131456402e+01 7.547985388835091669e+01
4.102215870714187076e+03 5.034488416899579022e+01 8.342355503068669975e+01 4.832665712406753045e+01 7.449686175139405009e+01
4.102971616275179258e+03 5.046298067595941461e+01 8.247576139247200899e+01 4.874510148040939583e+01 7.359531954715239976e+01
4.103666558298797099e+03 5.069472445472792543e+01 8.142959399732905013e+01 4.919114323542061129e+01 7.270037264564162172e+01
4.104302493349789074e+03 5.097619204249012625e+01 8.054287002901982362e+01 4.978748951894758790e+01 7.190219390662197441e+01
4.104893381671029601e+03 5.129318140260533454e+01 7.972061174878183465e+01 5.022794118578475064e+01 7.101031850880471552e+01
4.105519627742279226e+03 5.187013603107737225e+01 7.884556912314130273e+01 5.085789524657479177e+01 7.024421713122593758e+01
4.106151647403547940e+03 5.239975175506143046e+01 7.797607082795788358e+01 5.166534837581126993e+01 6.966143304841958184e+01
4.106815662377708577e+03 5.314369137426944434e+01 7.734885731976581269e+01 5.245276091317377620e+01 6.904612593387335551e+01
4.107464028757730375e+03 5.389240483015135652e+01 7.681792056081627607e+01 5.339608630485717100e+01 6.876585858330601297e+01
4.108184672576817320e+03 5.493984539119779953e+01 7.631224535728675562e+01 5.435858881445597746e+01 6.849624477839653025e+01
4.108852923649284094e+03 5.612702760007301350e+01 7.627555488471456613e+01 5.534471567685103821e+01 6.855413424041013570e+01
4.109440219393588450e+03 5.736225319389169641e+01 7.622772806633770415e+01 5.627964750378839653e+01 6.889483362477680828e+01
4.109925473514244914e+03 5.840699451407846965e+01 7.610917684984904952e+01 5.725076441187018617e+01 6.912178322296578870e+01
4.110370017037070284e+03 5.937070351606524810e+01 7.590164246965576922e+01 5.820991688311535484e+01 6.940193671684218657e+01
4.110891638581641018e+03 6.045562123552308265e+01 7.574896002744637258e+01 5.919116676891070483e+01 6.958774501504352372e+01
4.111429144572850419e+03 6.141399611074899667e+01 7.558293830778760025e+01 6.018593485711409841e+01 6.968552025341463718e+01
4.111935553054659977e+03 6.242827694738832633e+01 7.537151933241995039e+01 6.115787194080942868e+01 6.991190197078664426e+01
4.112404603608556499e+03 6.338846094136630427e+01 7.526214718245681468e+01 6.215233042459988866e+01 6.997107166176989779e+01
4.112868461132393350e+03 6.437210331323721846e+01 7.513444442135194379e+01 6.314763946762171543e+01 7.006269907916552597e+01
4.113364661484474709e+03 6.547541262496780234e+01 7.486996764937443061e+01 6.414564547917471771e+01 7.012254765437636195e+01
4.113821454575171629e+03 6.635162376330021061e+01 7.466051362756643073e+01 6.514444310897025048e+01 7.009003643456765076e+01
4.114269026564306841e+03 6.724996393632217462e+01 7.437717362915228136e+01 6.614164085381423774e+01 7.014840745621981455e+01
4.114714860271611542e+03 6.823740563987226437e+01 7.401320041232234814e+01 6.713360112427041315e+01 7.004837546725356390e+01
4.115177357520600708e+03 6.926950775989773490e+01 7.366560158672874081e+01 6.812945059456389174e+01 6.995946455075414860e+01
4.115647729641708793e+03 7.034255223017524372e+01 7.337417936038880839e+01 6.912612491837086282e+01 6.987797761307190569e+01
4.116090264990350079e+03 7.133499229515595630e+01 7.316575984388164500e+01 7.012013989550482052e+01 6.976936314673760364e+01
4.116535284368544126e+03 7.218492167804757287e+01 7.290812245162283034e+01 7.110944288968403271e+01 6.988002632176691975e+01
4.117023320862332184e+03 7.311874926824751242e+01 7.255061143691919767e+01 7.210742877040593157e+01 6.988026437831359772e+01
4.117539420574849828e+03 7.412753752256682560e+01 7.230369902561564288e+01 7.310719717440602494e+01 6.985884426653962009e+01
4.118063680867639960e+03 7.505352781339425405e+01 7.196445487703155663e+01 7.410716446347490205e+01 6.985441986398879521e+01
4.118525515629198708e+03 7.586893486243808127e+01 7.177976872052343538e+01 7.509860429591989828e+01 6.973367546040033460e+01
4.119020894307970593e+03 7.672681514175837947e+01 7.158751813089311611e+01 7.609028702072524197e+01 6.982261342345353228e+01
4.119599142099903474e+03 7.782854770830738289e+01 7.141341271558478354e+01 7.707829099212693791e+01 6.970246482500211016e+01
4.120142215569114342e+03 7.876965230054754841e+01 7.112102501948439226e+01 7.807244799134574009e+01 6.959653520818945083e+01
4.120664035202821651e+03 7.951031605911940403e+01 7.055415818953505891e+01 7.907163115297876743e+01 6.956578291154104932e+01
4.121150583688794541e+03 8.017337356294918038e+01 7.011502098888099965e+01 8.002851510390762257e+01 6.929150300403296114e+01
4.121669877932877171e+03 8.083044106479565016e+01 6.992035829086161414e+01 8.101954371553468093e+01 6.917963783463446248e+01
4.122359073792719755e+03 8.190330729754327876e+01 6.980757449209021104e+01 8.201805450936947750e+01 6.912638775912036238e+01
4.122914196684206217e+03 8.296958084173279246e+01 6.976898698419965683e+01 8.301415496789276460e+01 6.920223315023221744e+01
4.123359423698256251e+03 8.380700419114869248e+01 6.953967818276422008e+01 8.399123852601657347e+01 6.941092882806719899e+01
4.123814139978655476e+03 8.473883443611303790e+01 6.918519090914350045e+01 8.498765236538258705e+01 6.939335800636516183e+01
4.124238108298115549e+03 8.569132280394406109e+01 6.885438650760448809e+01 8.598476449840759983e+01 6.931808792275960229e+01
4.124631758206850463e+03 8.657616075406653522e+01 6.853549957211383514e+01 8.698429833105663533e+01 6.932628696201585683e+01
4.125046777500266217e+03 8.751707780985775287e+01 6.825714633943965737e+01 8.797856240376756887e+01 6.922683248967415182e+01
4.125469861523044528e+03 8.841520875034700566e+01 6.789293802452776561e+01 8.897728743565980380e+01 6.918167149670624383e+01
4.125892465797895056e+03 8.926335066402283758e+01 6.742594013864743374e+01 8.997720118849315440e+01 6.918330119919242804e+01
4.126308297414989283e+03 9.011407093254850054e+01 6.690936321869899928e+01 9.095399622391251171e+01 6.897999720867701967e+01
4.126720324500536663e+03 9.097545101428231362e+01 6.636926089136720464e+01 9.193055648255625556e+01 6.876477562187771753e+01
4.127094902520142568e+03 9.179745589002388328e+01 6.591534462878230727e+01 9.290490303242961545e+01 6.853975049562841093e+01
4.127451218090151087e+03 9.261608559210546332e+01 6.550462131860844295e+01 9.386129659669106218e+01 6.824845137938334005e+01
4.127822724641048808e+03 9.351303965671399965e+01 6.513335768827784023e+01 9.485482556970552537e+01 6.815422542240047221e+01
4.128182040543806579e+03 9.439127538315786126e+01 6.484110181995114885e+01 9.585430890162568573e+01 6.812535368700577010e+01
4.128519327930293002e+03 9.520413949601359604e+01 6.458321151234741819e+01 9.685143510587003846e+01 6.805111036981968198e+01
4.128892539038846735e+03 9.608847865742377792e+01 6.434540329109601942e+01 9.785045662277184420e+01 6.808093167576670623e+01
4.129271976387352879e+03 9.700201943123389015e+01 6.419421059860422929e+01 9.884646044291477551e+01 6.816905095763112854e+01
4.129658225169589059e+03 9.790577389863335611e+01 6.411326096770990546e+01 9.984451594460580282e+01 6.823069991273634116e+01
4.130096790928907467e+03 9.885169519583713793e+01 6.396293252672555241e+01 1.008213710273776371e+02 6.843999590343314310e+01
4.130562916126155869e+03 9.967152649800938491e+01 6.378592458902751616e+01 1.018038520033986174e+02 6.862605317294703866e+01
4.131077084081601242e+03 1.003463228919589341e+02 6.373057259292912846e+01 1.028008841584161388e+02 6.869593068219731435e+01
4.131729147394179563e+03 1.012846451714295313e+02 6.362345946003470232e+01 1.037842461370822065e+02 6.887453810688275269e+01
4.132244902423312851e+03 1.023299168877646252e+02 6.349259826494096615e+01 1.047650147655014194e+02 6.906970086837692691e+01
4.132722615795474667e+03 1.033646572199692173e+02 6.332453592165371958e+01 1.057527546920085229e+02 6.922539987507485648e+01
4.133142814738966990e+03 1.042392339328847584e+02 6.299670598888717166e+01 1.067425069807170104e+02 6.936816824953986327e+01
4.133532264353669234e+03 1.050452524972616857e+02 6.253950898830247240e+01 1.077387055924767338e+02 6.930083651274350132e+01
4.133937251847541120e+03 1.059312541953839002e+02 6.199367753444595763e+01 1.087267023302919569e+02 6.914751848332366535e+01
4.134312548719658480e+03 1.068065324422364739e+02 6.148020549068642282e+01 1.097015268250478073e+02 6.892520295247311424e+01
4.134671330053869497e+03 1.076397969307640494e+02 6.102601008065283850e+01 1.106484111822327492e+02 6.860459679365452246e+01
4.135035991493502479e+03 1.084842865271463808e+02 6.062283985458704905e+01 1.116284541980515712e+02 6.840871954974093683e+01
4.135404385050881501e+03 1.093505249511508310e+02 6.031896136680437337e+01 1.126185382277262619e+02 6.826875606532520635e+01
4.135774706078289455e+03 1.102171316479433756e+02 6.007526598927100281e+01 1.136044626074881876e+02 6.810173023787692159e+01
4.136165930800144451e+03 1.111505784016385832e+02 5.985660430593791403e+01 1.146037042350705235e+02 6.809458274931910182e+01
4.136560558088225662e+03 1.120996943949095197e+02 5.969623351400736055e+01 1.156035093325277643e+02 6.811389272631049607e+01
4.136940610492819360e+03 1.129996227075518789e+02 5.961165748821121468e+01 1.166034815989613094e+02 6.812063136626973403e+01
4.137321226515417948e+03 1.139153552597389165e+02 5.953075264743409889e+01 1.175951574000953173e+02 6.824643417056633155e+01
4.137712239559948102e+03 1.149000345753818806e+02 5.951383661361757760e+01 1.185847689899026705e+02 6.839017576036620483e+01
4.138091483137505747e+03 1.158711687283537799e+02 5.958735632422228434e+01 1.195653015972152104e+02 6.858616749623602971e+01
4.138454348837837642e+03 1.167952073434422289e+02 5.967551838367013772e+01 1.204810130660966792e+02 6.898559326513834833e+01
4.138807373776607164e+03 1.176713335350235354e+02 5.978339022236379208e+01 1.213950489492605982e+02 6.939122619613210929e+01
4.139159856754397879e+03 1.185352006082351437e+02 5.999913600475566966e+01 1.223207426051457674e+02 6.976945083441997042e+01
4.139548878266499742e+03 1.194782014798374092e+02 6.040363396847558874e+01 1.231983102540623207e+02 7.024836619559236794e+01
4.139933322434457295e+03 1.203656784231061749e+02 6.091570565151818784e+01 1.240504761796860151e+02 7.077155505083602804e+01
4.140299927092336475e+03 1.212107473564704918e+02 6.136611966278321972e+01 1.248576353937220205e+02 7.136167831824498364e+01
4.140676841068141584e+03 1.220944216666974000e+02 6.177176025984929453e+01 1.255690074519899184e+02 7.206398844982901153e+01
4.141068726551249711e+03 1.229840506696539535e+02 6.216939579787489123e+01 1.263326918409038626e+02 7.270940358829199113e+01
4.141449317898021036e+03 1.238138514434808428e+02 6.252847734129370849e+01 1.271090869274325001e+02 7.333964261996446510e+01
4.141852590594572575e+03 1.247092997373113121e+02 6.286721596706886572e+01 1.278295166665401865e+02 7.403301973291729610e+01
4.142279443287481627e+03 1.256346913678904684e+02 6.326146554747644757e+01 1.286317038955688474e+02 7.462972016499338679e+01
4.142685968742785008e+03 1.264836504082198161e+02 6.365050659136171163e+01 1.294378746369469866e+02 7.522140294226652202e+01
4.143071777773787289e+03 1.273197580863896547e+02 6.390321359929804146e+01 1.301715398416634741e+02 7.590071924175799722e+01
4.143491246725979181e+03 1.282574596111509209e+02 6.402475027671516727e+01 1.310026352161119121e+02 7.645643654164635450e+01
4.143945400935403995e+03 1.292580846113205268e+02 6.397920889558001534e+01 1.318933322215022486e+02 7.691082806414561901e+01
4.144384497059005298e+03 1.302139494487723823e+02 6.390711489686660940e+01 1.328096927678096790e+02 7.731112352164946344e+01
4.144813736903839526e+03 1.311968748649908321e+02 6.394245702129107656e+01 1.337871684684799050e+02 7.752199710847258984e+01
4.145241260068947668e+03 1.322089729229337536e+02 6.401278551916360016e+01 1.347212864105460994e+02 7.787895696622992148e+01
4.145645767934264768e+03 1.332023384523495508e+02 6.407413152984821636e+01 1.356447270206443250e+02 7.826254661334317575e+01
4.146025268008448620e+03 1.341892183456344014e+02 6.413115791201619231e+01 1.366034628849023420e+02 7.854632416765252856e+01
4.146415443049750138e+03 1.352145729030517600e+02 6.423812620634829784e+01 1.375106459933704457e+02 7.896705143507655578e+01
4.146796753372433159e+03 1.361900807260124964e+02 6.435585248980072492e+01 1.384278568994876935e+02 7.936520740341782698e+01
4.147150473012562543e+03 1.371086230128621537e+02 6.438561420411156178e+01 1.393802242701972602e+02 7.967003507135689233e+01
4.147538879497919879e+03 1.381096792099727963e+02 6.439782790554417602e+01 1.403130880700639409e+02 8.002998937354558961e+01
4.147929061039678345e+03 1.390783611945881830e+02 6.445532974691840877e+01 1.412766607579529250e+02 8.029733577243079878e+01
4.148285566046961321e+03 1.399446310572151333e+02 6.451832910114475794e+01 1.422505064494962141e+02 8.052339980334694758e+01
4.148663421431392635e+03 1.408793877649295325e+02 6.459517313773120861e+01 1.431868342155513574e+02 8.087443760677787452e+01
4.149057992057999400e+03 1.418690842323477455e+02 6.472107406972295962e+01 1.441384160167218340e+02 8.118182395746585200e+01
4.149417438125560693e+03 1.427511080205498786e+02 6.481947410112762498e+01 1.450930401000882739e+02 8.147921149697501164e+01
4.149809646409760717e+03 1.436271371889591819e+02 6.487297536868098291e+01 1.460206558422323440e+02 8.185216156972620638e+01
4.150263331575560187e+03 1.444369208934658388e+02 6.489145733825495199e+01 1.469835524038889218e+02 8.212202556094894135e+01
4.150763462850511132e+03 1.450470121912651962e+02 6.487852898646221433e+01 1.479484785978237653e+02 8.238438992504217140e+01
4.151458103300118637e+03 1.457870371937385414e+02 6.494160753324651125e+01 1.488995216093204021e+02 8.269274486369441490e+01
4.152269146614968122e+03 1.466459185486574199e+02 6.544588404523642566e+01 1.497752465201015468e+02 8.313792817277617075e+01
4.152809643054406479e+03 1.472103090305874389e+02 6.616448005398841303e+01 1.502968283135837453e+02 8.398946646083450673e+01
4.153285968615568891e+03 1.476725609257994165e+02 6.696012356483892347e+01 1.506847658211667920e+02 8.491087652629818194e+01
4.153726103803965998e+03 1.481292773025566873e+02 6.778482171336098361e+01 1.510035068104316167e+02 8.585805252167961044e+01
4.154157545988588026e+03 1.485447353703971203e+02 6.866301247324014412e+01 1.512393062416250586e+02 8.682971438734853109e+01
4.154586258161820297e+03 1.488721351473750190e+02 6.961124720286296963e+01 1.515021640929354874e+02 8.779376845601390755e+01
4.154980800243604790e+03 1.491711729598630711e+02 7.053067232351267535e+01 1.516403781671681656e+02 8.878208977220332088e+01
4.155367442640529589e+03 1.494726300176208724e+02 7.145915540481196615e+01 1.516297335694557376e+02 8.978181610959711634e+01
4.155766386136828260e+03 1.497822967611950844e+02 7.242154432201382974e+01 1.516675667817412148e+02 9.078107899409447157e+01
4.156129475802650632e+03 1.500762919085273097e+02 7.328317738166765594e+01 1.516866343912829223e+02 9.178087357715236294e+01
4.156486434053800622e+03 1.503286264309143121e+02 7.415121463345474240e+01 1.517082648805725853e+02 9.277958004490395183e+01
4.156857108694384806e+03 1.505655453760568321e+02 7.507551733545027162e+01 1.518307447357557862e+02 9.377182516416441160e+01
4.157213201234840199e+03 1.508584676828235160e+02 7.595096070146975364e+01 1.518878524728204695e+02 9.476957306410530180e+01
4.157568375528048819e+03 1.512159454815064805e+02 7.680013286095302760e+01 1.518832316345505546e+02 9.576849169664251349e+01
4.157919568087859261e+03 1.515576402359942279e+02 7.763007230310148543e+01 1.519913177299770837e+02 9.676254011943298394e+01
4.158262732619844428e+03 1.518738107000558841e+02 7.845073440076644999e+01 1.521200093751305076e+02 9.775394548963143393e+01
4.158636150795068716e+03 1.522154180018833358e+02 7.937348370547761078e+01 1.522033909676399048e+02 9.875030213517325706e+01
4.159004019022773718e+03 1.525605282548820014e+02 8.028020025609407639e+01 1.523263693855753047e+02 9.974270941548086000e+01
4.159354083865083339e+03 1.529555988997615827e+02 8.110235443134655497e+01 1.524435089762537530e+02 1.007358206011642920e+02
4.159717140894211298e+03 1.534173956167730921e+02 8.193410511199330415e+01 1.525796715673791368e+02 1.017248219329907784e+02
4.160076511433915584e+03 1.538263334744910651e+02 8.273966550098963069e+01 1.528384273316746942e+02 1.026907318165337415e+02
4.160441278159098147e+03 1.541842155262222605e+02 8.352748483955615200e+01 1.530601405549071501e+02 1.036648587731461788e+02
4.160848050722282096e+03 1.545862632049803835e+02 8.437005100766680243e+01 1.531978280121299463e+02 1.046551633366885454e+02
4.161283930679026525e+03 1.549405260509075504e+02 8.527068776791287519e+01 1.533573213661325667e+02 1.056416609998516520e+02
4.161712732464787223e+03 1.552220030122205685e+02 8.617878147353715690e+01 1.534217562306764364e+02 1.066390253016407144e+02
4.162149959604044852e+03 1.555276954570107648e+02 8.708645382752106912e+01 1.534297137153583037e+02 1.076386218873192320e+02
4.162625380066708203e+03 1.558421843837522545e+02 8.801424924742435962e+01 1.534804660795567770e+02 1.086369321288583905e+02
4.163114452054641333e+03 1.561970640440352156e+02 8.883164462863985023e+01 1.534872609599502482e+02 1.096364558945763861e+02
4.163674092072144958e+03 1.564533133590344676e+02 8.941239673260339771e+01 1.535883682458340616e+02 1.106292384835902425e+02
4.164673224338249383e+03 1.562685454927302828e+02 8.993339229554619862e+01 1.536740894517520530e+02 1.115855873440536641e+02
4.166240244526707102e+03 1.562121480999386449e+02 9.071436643948256062e+01 1.532866323948489367e+02 1.125008618186390947e+02
4.167549675873364322e+03 1.565123002180185665e+02 9.171281118188352366e+01 1.531201565831533458e+02 1.134823170376070749e+02
4.168245607908999773e+03 1.566726206052422015e+02 9.268804975407468305e+01 1.530230316608943326e+02 1.144752496877129033e+02
4.168699281504815190e+03 1.569291928568359253e+02 9.356687175998472128e+01 1.529096832279352896e+02 1.154645188167548184e+02
4.169127484609221938e+03 1.571839051546891710e+02 9.453012013440886108e+01 1.529405869895274179e+02 1.164634868527437419e+02
4.169529599869768390e+03 1.574319776609233372e+02 9.546990266947904047e+01 1.529776938402748101e+02 1.174617535938801609e+02
4.169901764832889967e+03 1.577088215340683632e+02 9.632311485229921288e+01 1.529956691003337141e+02 1.184603842630099280e+02
4.170282002645074499e+03 1.580238002235735735e+02 9.720189563007170364e+01 1.530805812230223921e+02 1.194567543117687620e+02
4.170669954522499211e+03 1.583747879304030448e+02 9.811714279040802467e+01 1.531425623861458405e+02 1.204540868635380377e+02
4.171038024670569030e+03 1.586627467431952425e+02 9.902031237314044176e+01 1.531894963668361811e+02 1.214520921223760297e+02
4.171411829069792475e+03 1.588848117113108458e+02 9.994825575754802571e+01 1.532413376640338640e+02 1.224489121136677312e+02
4.171811205131334646e+03 1.591062054585706562e+02 1.008994349421538175e+02 1.531824480920836038e+02 1.234462254400792460e+02
4.172213959580044502e+03 1.592409715633824590e+02 1.018147539615842163e+02 1.531128731441411617e+02 1.244423113189302086e+02
4.172631375541836860e+03 1.593031853673809621e+02 1.027452417542813095e+02 1.530116930621682343e+02 1.254293127150213962e+02
4.173057613893428424e+03 1.594536741866435818e+02 1.036991136088994807e+02 1.527502176868161996e+02 1.263944899351665612e+02
4.173475011802323934e+03 1.597381065496917927e+02 1.045989936959177982e+02 1.525861875901323685e+02 1.273721011801461032e+02
4.173889881790057188e+03 1.601147108703887909e+02 1.054228306954667573e+02 1.525923681670001884e+02 1.283719977460483790e+02
4.174331224934723650e+03 1.604689298648729050e+02 1.061692088948879018e+02 1.526337785360589123e+02 1.293708607839839146e+02
4.174832538570325596e+03 1.608705115455966279e+02 1.067044017360771733e+02 1.527297404891411929e+02 1.303657432816604569e+02
4.175424750773941014e+03 1.616459057812215576e+02 1.069051594724916043e+02 1.530883023042237312e+02 1.312499039822988891e+02
4.176027030479644964e+03 1.627543846950018747e+02 1.068565988480373932e+02 1.538888180865979791e+02 1.317977697806733488e+02
4.176517341109489280e+03 1.637972573424011955e+02 1.066004341272752072e+02 1.548291428429739938e+02 1.321370700701096155e+02
4.176956576215707173e+03 1.647522023504372441e+02 1.062242886409479610e+02 1.557907837262567625e+02 1.323319532912661600e+02
4.177373877551353871e+03 1.656509636805924117e+02 1.057974716772000221e+02 1.567895431314762789e+02 1.322907236786794840e+02
4.177782414760694337e+03 1.664573853790600140e+02 1.052770564617513145e+02 1.577873924643148769e+02 1.322776953534821303e+02
4.178181270015135851e+03 1.672028384175264932e+02 1.047526796162458709e+02 1.587735369445607603e+02 1.322009036221341773e+02
4.178589843159869815e+03 1.679707190294372481e+02 1.042622812513811681e+02 1.597438924188028579e+02 1.319592823119543823e+02
4.179014008935068887e+03 1.687691417825073756e+02 1.037713218593816720e+02 1.607221204002144930e+02 1.317581489536312631e+02
4.179446461000579802e+03 1.695960171504388256e+02 1.032375858847477303e+02 1.616968310932293491e+02 1.315466059359676194e+02
4.179880690953176781e+03 1.704153430567790224e+02 1.026338029834268468e+02 1.626718661761914575e+02 1.313470694360999858e+02
4.180323622179544145e+03 1.712652296239548946e+02 1.020622706476024746e+02 1.636558927214798871e+02 1.311846360256421349e+02
4.180790908575590038e+03 1.722357274258415600e+02 1.016374263966268074e+02 1.646326370852549985e+02 1.309724433697835195e+02
4.181256298607527242e+03 1.731778875023266266e+02 1.013238726620114534e+02 1.656207083926565815e+02 1.309297348891285537e+02
4.181712352402725628e+03 1.740473059837982248e+02 1.011123908075858253e+02 1.666170124626327720e+02 1.309968427887395421e+02
4.182198187349553336e+03 1.750078098977627690e+02 1.008845970186489751e+02 1.676092575478224944e+02 1.310863044809765654e+02
4.182700923435898403e+03 1.759995622942030593e+02 1.005169451281165891e+02 1.686003332856489862e+02 1.311845037589883418e+02
4.183190355386175725e+03 1.769530160615572925e+02 1.000897833241392192e+02 1.695901889653706576e+02 1.310888828842016096e+02
4.183663563024185351e+03 1.778857973116396067e+02 9.969535750141021424e+01 1.705783255698121934e+02 1.309915226901040057e+02
4.184127190058118686e+03 1.788022290240205336e+02 9.940022569915147699e+01 1.715720885227030692e+02 1.309326756470274518e+02
4.184604346302174235e+03 1.797776548893120889e+02 9.918344819719666816e+01 1.725651859725015527e+02 1.308428566129827857e+02
4.185095125169308631e+03 1.807718211255468930e+02 9.894851354932043819e+01 1.735622175484448633e+02 1.308901692792349252e+02
4.185573402649541094e+03 1.817316862782209057e+02 9.870692043811895644e+01 1.745587363221617636e+02 1.309398954729769571e+02
4.186024213501280428e+03 1.826544151730615226e+02 9.848525180798715439e+01 1.755461708114999340e+02 1.310352564336989758e+02
4.186482550635858388e+03 1.835532442522426493e+02 9.818750877271219224e+01 1.765303908667722510e+02 1.311956247769634558e+02
4.186952516995901533e+03 1.844856499532724285e+02 9.788139716575594207e+01 1.775262779211606130e+02 1.311923169532219617e+02
4.187395396589541633e+03 1.853950970361081545e+02 9.764030549691747751e+01 1.785186022133750896e+02 1.312070084407409922e+02
4.187825473001156752e+03 1.862638387449194965e+02 9.739418580227810196e+01 1.795128608604731539e+02 1.312904614588871652e+02
4.188269690868970429e+03 1.871456325030532923e+02 9.713345703940851195e+01 1.805125890622894360e+02 1.313116511944973865e+02
4.188708215977728287e+03 1.879532909902366100e+02 9.683214138754686928e+01 1.815069623206756262e+02 1.313990347086586041e+02
4.189129152237629569e+03 1.886518836658121643e+02 9.648495822768964558e+01 1.824979587536963379e+02 1.314275874865410003e+02
4.189573200036931667e+03 1.891592354155676219e+02 9.596046592436231037e+01 1.834892204654907744e+02 1.312973169541432412e+02
4.190079512183127008e+03 1.892884555785845180e+02 9.510248610010742709e+01 1.843807813486097587e+02 1.309239623866519935e+02
4.190586642001171640e+03 1.891051734698986877e+02 9.410663532878815829e+01 1.849079998391596007e+02 1.301346009883256727e+02
4.191037624977117048e+03 1.888017618981461965e+02 9.319025453373782852e+01 1.851364572499678900e+02 1.291614638155349724e+02
4.191468292592948274e+03 1.884677736627180877e+02 9.232966673963584014e+01 1.852132271928358307e+02 1.281724809618833376e+02
4.191898318008358729e+03 1.881568190509970009e+02 9.146143353540392695e+01 1.851348123937969774e+02 1.271759113115273578e+02
4.192317182544884417e+03 1.878734513128519268e+02 9.058439607525950521e+01 1.850857544791715554e+02 1.261787877511799962e+02
4.192731339228074830e+03 1.876305338394406874e+02 8.969989235984337483e+01 1.850442390391311278e+02 1.251810396791129705e+02
4.193162197725417172e+03 1.874165537835720556e+02 8.877407747869726506e+01 1.849873197979624990e+02 1.241834328376001508e+02
4.193594632797809936e+03 1.871400642947617996e+02 8.784836996936836329e+01 1.849970305719401438e+02 1.231838488004587475e+02
4.194013837565035828e+03 1.868475443123518289e+02 8.695420868205111731e+01 1.849687371777116027e+02 1.221864913038801035e+02
4.194441447170482206e+03 1.865925113290811055e+02 8.606181012555965992e+01 1.849396540602724031e+02 1.211892533957766176e+02
4.194884720355394165e+03 1.863002243659641692e+02 8.519781005208039915e+01 1.849616485166932023e+02 1.201896678002873244e+02
4.195325504919785089e+03 1.859861322537399246e+02 8.435701133818352560e+01 1.849002964648206557e+02 1.191936975854764853e+02
4.195784010950026641e+03 1.856842831368797420e+02 8.346955719415143449e+01 1.848379282761707998e+02 1.181978182143007103e+02
4.196298709297690948e+03 1.854612512524557815e+02 8.256335663713511508e+01 1.848297659448681429e+02 1.171979267102906022e+02
4.196934733452019827e+03 1.853466012087505419e+02 8.180572685224653640e+01 1.848648468471656940e+02 1.162001178566992792e+02
4.198754823774680517e+03 1.852272068011429553e+02 8.147265446775762143e+01 1.849328104424043033e+02 1.152027153912116972e+02
4.204215186433571034e+03 1.849985105832568593e+02 8.139035160263624391e+01 1.847186464865276889e+02 1.142607795993271225e+02
4.208900562529142917e+03 1.846110009708707196e+02 8.116095882762405722e+01 1.842867046360563847e+02 1.133593997471131445e+02
4.212610403394554851e+03 1.843766703181626667e+02 8.080504998322165022e+01 1.838273747489692198e+02 1.124724341478959673e+02
4.215894574270382691e+03 1.845487690534902754e+02 8.030201548351246288e+01 1.835693736520542529e+02 1.115160636448881064e+02
4.217897620237857154e+03 1.856447672196789824e+02 8.114425949690362927e+01 1.841115141360730263e+02 1.120476617709601186e+02
4.235055235857676962e+03 1.857944519001611923e+02 8.144326659344324071e+01 1.846610712464014057e+02 1.127938011345489713e+02
4.238342197725650294e+03 1.855850082964101375e+02 8.115909635823399526e+01 1.842334607182558841e+02 1.119942062146198651e+02
4.239599164015867245e+03 1.849999327257160360e+02 8.013094350740843197e+01 1.843127467041424268e+02 1.110036504137387254e+02
4.240378780784543778e+03 1.843751354055679599e+02 7.938020129035079719e+01 1.841075059614936151e+02 1.100262180847756497e+02
4.241052251379816880e+03 1.838489433923030560e+02 7.842895272192922107e+01 1.838481548743913834e+02 1.090604637438189428e+02
4.241618002835395600e+03 1.835496010581441624e+02 7.751474397912116387e+01 1.838384041572831507e+02 1.080609629421572748e+02
4.242147522665430188e+03 1.833884354797288552e+02 7.655949192724038710e+01 1.838339653878491617e+02 1.070609728145158641e+02
4.242681016326861027e+03 1.831419647259866963e+02 7.557918535949706040e+01 1.840900539914188130e+02 1.060943918160660076e+02
4.243227414457634950e+03 1.828856957002690820e+02 7.452570104819616859e+01 1.842470634235308751e+02 1.051068005960232625e+02
4.243743227901099090e+03 1.826623121822706821e+02 7.351823182383624555e+01 1.843878034696386408e+02 1.041168130320789658e+02
4.244196337970726745e+03 1.823648243793056452e+02 7.264461403877997725e+01 1.846693574506289224e+02 1.031574342039659626e+02
4.244629932917601764e+03 1.820277561227114802e+02 7.178345818136466505e+01 1.847766970125960597e+02 1.021632127994013217e+02
4.245067224527860162e+03 1.815653006732931942e+02 7.092480203071350786e+01 1.848690650021845556e+02 1.011675322971748585e+02
4.245496615338214724e+03 1.810209221970409885e+02 7.007189957522567170e+01 1.848638084982274279e+02 1.001680791418659311e+02
4.245906844600935074e+03 1.804588358559350354e+02 6.927919487061159032e+01 1.846289784172439568e+02 9.919604381825485007e+01
4.246332776931270018e+03 1.798360421497220898e+02 6.852898005996983954e+01 1.844031744236434065e+02 9.822190419994119281e+01
4.246768368692870354e+03 1.792341061145100696e+02 6.777973955457845534e+01 1.841221715771616232e+02 9.726220085668747117e+01
4.247185750376781471e+03 1.787962168124406048e+02 6.692795310359244354e+01 1.838302154484585742e+02 9.630647839463016169e+01
4.247597796142235893e+03 1.784931884163366647e+02 6.602075677738382353e+01 1.837503647166724647e+02 9.530968576266626258e+01
4.248038557961648621e+03 1.782068193867884531e+02 6.504600609507870956e+01 1.837035551631736041e+02 9.431085939010542063e+01
4.248478007257707759e+03 1.779072070735433613e+02 6.409013310112496242e+01 1.837367858258495232e+02 9.331215977079946811e+01
4.248887515356462245e+03 1.776729490437185746e+02 6.316572850436610764e+01 1.839590387507484195e+02 9.233730218668060274e+01
4.249315182646440007e+03 1.775177817559690823e+02 6.217613870365672568e+01 1.841078015619290795e+02 9.134860905125066211e+01
4.249767525101785395e+03 1.774521212201529181e+02 6.115805529869246726e+01 1.843542846736015974e+02 9.038005465955970408e+01
4.250192561664121968e+03 1.775570963437121463e+02 6.026169360687183030e+01 1.847482297571965262e+02 8.946093234469292099e+01
4.250662208957832263e+03 1.779107068227971808e+02 5.936342293667217973e+01 1.851737336756703769e+02 8.855806897033754410e+01
4.251180914373047926e+03 1.784978317533780228e+02 5.854823517577718661e+01 1.858281533313884495e+02 8.780393109713763522e+01
4.251710375912656673e+03 1.791082531462362510e+02 5.793585372548811563e+01 1.866350767683877336e+02 8.721462977534335437e+01
4.252312291139658555e+03 1.793984614410604479e+02 5.737209375712749448e+01 1.875173071921577730e+02 8.674602032883096570e+01
4.253088838205106185e+03 1.787244786638600260e+02 5.672298455499483794e+01 1.879238814788049012e+02 8.605319874040964123e+01
4.253781006806962068e+03 1.776871840741455060e+02 5.630586925306131008e+01 1.873432974225631256e+02 8.526563324367931784e+01
4.254404327047349398e+03 1.766599317008718799e+02 5.591143925664690073e+01 1.865625645652985156e+02 8.464093570420172341e+01
4.254971231576831087e+03 1.758416679840401571e+02 5.535142324721178397e+01 1.858298016195476805e+02 8.396384018400260629e+01
4.255485864227117418e+03 1.752416498609946416e+02 5.464574885470693744e+01 1.852853526085213502e+02 8.314509267774242574e+01
4.255972537939284848e+03 1.748044723658751991e+02 5.385150730327292479e+01 1.850007418976855718e+02 8.219053806722091338e+01
4.256493827770041207e+03 1.744325869606445565e+02 5.295672252600726182e+01 1.848946279538392616e+02 8.120033562874658628e+01
4.257056106310227733e+03 1.741197489838170895e+02 5.199108701932384946e+01 1.848955220318357817e+02 8.020033739856332033e+01
4.257640331386817707e+03 1.739347196991874114e+02 5.100330016669932576e+01 1.849003420331333416e+02 7.920037290666735430e+01
4.258235981661418919e+03 1.738136515115370742e+02 5.005198604436227328e+01 1.849794134349644992e+02 7.820630823029260625e+01
4.258865260194688744e+03 1.736511080525968111e+02 4.906624655068250007e+01 1.851443456121238285e+02 7.722000619999990079e+01
4.259498588460452993e+03 1.734837314149289682e+02 4.802538966767967565e+01 1.853624840132090696e+02 7.624571111673070334e+01
4.260092280274079712e+03 1.732989034626004639e+02 4.694366764468443876e+01 1.855712041973456508e+02 7.527067013403623719e+01
4.260643422599036967e+03 1.730812808314690301e+02 4.584977417564943636e+01 1.856936846915514820e+02 7.427822385989618681e+01
4.261159670735887630e+03 1.728265359034370761e+02 4.479885622986883931e+01 1.857716463240913356e+02 7.328205838341740730e+01
4.261643326445617276e+03 1.725478326827489752e+02 4.379843755922154003e+01 1.857738917728363788e+02 7.228266589128556063e+01
4.262108087543842885e+03 1.722202230269262486e+02 4.283568859498213754e+01 1.857682702949096267e+02 7.128310351517669119e+01
4.262574891328863487e+03 1.718318187251591382e+02 4.188967607913044588e+01 1.857349000949599542e+02 7.028539043836283895e+01
4.263002560434368206e+03 1.714563507979646317e+02 4.102078856021279307e+01 1.856691286731312402e+02 6.928795272136244421e+01
4.263392066123275072e+03 1.710976924557413952e+02 4.018282315804917459e+01 1.856541821202984011e+02 6.828831471952490517e+01
4.263784073104639901e+03 1.707322858732423754e+02 3.930616735252619520e+01 1.856122427333012297e+02 6.729042920228522462e+01
4.264167862404133302e+03 1.703702088822167298e+02 3.847393911050706095e+01 1.855492543392284972e+02 6.629282892799986371e+01
4.264542204163825772e+03 1.700007889602925388e+02 3.769503802384218716e+01 1.855285456007189566e+02 6.529313423839656139e+01
4.264935804798612480e+03 1.696160159698371785e+02 3.687885820592124730e+01 1.854813525085772028e+02 6.429503013895993035e+01
4.265345577481471082e+03 1.692135347098640068e+02 3.602123785213073148e+01 1.854172939716843018e+02 6.329732666636637362e+01
4.265757385800442535e+03 1.687888718148072087e+02 3.516371668048832788e+01 1.853625681310826394e+02 6.229890036266709785e+01
4.266176595345356873e+03 1.683470876647187140e+02 3.430161687679289173e+01 1.852521015941268274e+02 6.130595192887726341e+01
4.266600469756967868e+03 1.679069337848585235e+02 3.342337331294626779e+01 1.851383393404686046e+02 6.031317090096722211e+01
4.267012901351900837e+03 1.674716855483121662e+02 3.255279431304422388e+01 1.850526379206586114e+02 5.931688792848666480e+01
4.267419602312098505e+03 1.670207724231599116e+02 3.169117054972931058e+01 1.849245710831250733e+02 5.832567191784296057e+01
4.267834161397154276e+03 1.665456392474259530e+02 3.084730019097386489e+01 1.848095677215067383e+02 5.733325274312386455e+01
4.268247166246286724e+03 1.660829993838265466e+02 3.002626444033324304e+01 1.847149787712528166e+02 5.633794419908974049e+01
4.268654405637556920e+03 1.656798271327389216e+02 2.914871161765145402e+01 1.845928723175109099e+02 5.534545725542135841e+01
4.269067600504056827e+03 1.653152401925055699e+02 2.818593596104869548e+01 1.845468394614492240e+02 5.434963961896451679e+01
4.269482696394734376e+03 1.649630766969863771e+02 2.723153918592738165e+01 1.845703466988932462e+02 5.334992688694079987e+01
4.269885698413740101e+03 1.646211661397558430e+02 2.634224416219781162e+01 1.845970119516664170e+02 5.235030738183844079e+01
4.270289432757309442e+03 1.642264403206626469e+02 2.544820458672832331e+01 1.846461405039148929e+02 5.135162351486797405e+01
4.270701707551491381e+03 1.637782269564430351e+02 2.450389084960553276e+01 1.846271602767534432e+02 5.035466220652626390e+01
4.271100188038247325e+03 1.633696487286594561e+02 2.358411455544525026e+01 1.845612951298712403e+02 4.935705570050351554e+01
4.271493305890241572e+03 1.630096962633553233e+02 2.270207395896668601e+01 1.845460759150964805e+02 4.835757305926830441e+01
4.271898075520430211e+03 1.626579692182537542e+02 2.181008941607783669e+01 1.844987611985226863e+02 4.736004068827074320e+01
4.272291637031865321e+03 1.623086921500991764e+02 2.092762884595964934e+01 1.844495780274514232e+02 4.636205898782044699e+01
4.272674917843338335e+03 1.619725786465914155e+02 2.003268866628673095e+01 1.844494190824718487e+02 4.536212560524690218e+01
4.273072208346130537e+03 1.616774133322857949e+02 1.910185161802055021e+01 1.844084943265287677e+02 4.436396905606626007e+01
4.273475872826403247e+03 1.614134469443295643e+02 1.819484280715779434e+01 1.843790032210532956e+02 4.336540167137125934e+01
4.273880821133297104e+03 1.611227759914366970e+02 1.731915283423592200e+01 1.843944202696582693e+02 4.236553287010874413e+01
4.274304736756071179e+03 1.608009781255159396e+02 1.641571322713159731e+01 1.843745569365581218e+02 4.136631838391817695e+01
4.274743203285996060e+03 1.604962592994492070e+02 1.547320007112129936e+01 1.843755063295668037e+02 4.036727483630654234e+01
4.275169855907570309e+03 1.602349004859810293e+02 1.453454159503827192e+01 1.844223485843267270e+02 3.936839654525537213e+01
4.275587800228789092e+03 1.599802641654793547e+02 1.361823830935423096e+01 1.844898823788283266e+02 3.837075991253699669e+01
4.276030932644591303e+03 1.596439786753953456e+02 1.279472836634679034e+01 1.845822705261994656e+02 3.737510929317262764e+01
4.276610443104449587e+03 1.593379035090725040e+02 1.213534359225864989e+01 1.845109751496311503e+02 3.638873834018944819e+01
4.277788811968543996e+03 1.589540087543838922e+02 1.133921734502542833e+01 1.843692206493246886e+02 3.539987309823612804e+01
4.279060758175604860e+03 1.585021427903733411e+02 1.028827685166878680e+01 1.843426580416034994e+02 3.440200142066710498e+01
4.279870447109522502e+03 1.581811129440787056e+02 9.235266570258117369e+00 1.844891514017324425e+02 3.341753175757947503e+01
4.280446035355507775e+03 1.578884884803283342e+02 8.200096616417706485e+00 1.847316117903519341e+02 3.244753846429563282e+01
4.280954786859473643e+03 1.575701048248935194e+02 7.148614829848388474e+00 1.848830623041535546e+02 3.146204725453828033e+01
4.281396934097509984e+03 1.572870335812734766e+02 6.168022887681850364e+00 1.850247267724928975e+02 3.047267370628166816e+01
4.281807063263757300e+03 1.570006949175107422e+02 5.260592557327703922e+00 1.851769658903628510e+02 2.948437366560649053e+01
4.282232906560118863e+03 1.565944299644543776e+02 4.385426833873846242e+00 1.852830888869355306e+02 2.849042768500264344e+01
4.282669478358087872e+03 1.561110538498348888e+02 3.571060259360053113e+00 1.853158286062182185e+02 2.749168755512074469e+01
4.283106100790497294e+03 1.555745338989886477e+02 2.856039445747862171e+00 1.851445762948748666e+02 2.651469584104105692e+01
4.283567717617454036e+03 1.548570393897475697e+02 2.324552986371572150e+00 1.848590185700047073e+02 2.555649796972597088e+01
4.284101662425092400e+03 1.538652916738869010e+02 2.115629407271150342e+00 1.843031680119697455e+02 2.475153124589371956e+01
4.284645185729820696e+03 1.527625452881602257e+02 2.188470415248004119e+00 1.834378455008731237e+02 2.429756452766598329e+01
4.285139519767606544e+03 1.517726023937799482e+02 2.455169992207883123e+00 1.824852197243913565e+02 2.399442230278656751e+01
4.285586894784451033e+03 1.508973591191422088e+02 2.844608725073978661e+00 1.814979260234692902e+02 2.387531627294754699e+01
4.286015916856827971e+03 1.500495771872816420e+02 3.302733203716981425e+00 1.804987719801000026e+02 2.388611395772588253e+01
4.286445086907704535e+03 1.492211428091410141e+02 3.817108884732846708e+00 1.794990513260610214e+02 2.390867121909404247e+01
4.286851218927381524e+03 1.484403095427612413e+02 4.293358981189149937e+00 1.785085908368952516e+02 2.403152109231861644e+01
4.287255142149841959e+03 1.476130208070846095e+02 4.700607466927433364e+00 1.775166264677958452e+02 2.415630491539012326e+01
4.287687155902069208e+03 1.467797121443993831e+02 5.044851832180476947e+00 1.765197551076383036e+02 2.423234577924161570e+01
4.288156744825999340e+03 1.459934493751196953e+02 5.238688212860607152e+00 1.755235166949002519e+02 2.431800160006505251e+01
4.288709952850211266e+03 1.452554444484414375e+02 5.223516972060087582e+00 1.745465235820844327e+02 2.416290172590686680e+01
4.289505516941438145e+03 1.448243875025177658e+02 5.155680624198385686e+00 1.737397757403310834e+02 2.360667551986792034e+01
4.300222042619860076e+03 1.438770073284425735e+02 5.630068748160259595e+00 1.729053008456323539e+02 2.326936151615918291e+01
4.302381823878860814e+03 1.431531056160496576e+02 6.487016301791141970e+00 1.720455422873197904e+02 2.377844590653051071e+01
4.303140743369334814e+03 1.423770110942895144e+02 7.221688561910426074e+00 1.711252268802422520e+02 2.413542673122854865e+01
4.303825666832691240e+03 1.414498836674981135e+02 7.776466460921217738e+00 1.701367725066794776e+02 2.427769449378207156e+01
4.304452587934041730e+03 1.406026758243630752e+02 8.106400697695917756e+00 1.691572416514266877e+02 2.440468103658497512e+01
4.305354787075604690e+03 1.399281818937410833e+02 8.431556497882120027e+00 1.681633048574285851e+02 2.429747055964979197e+01
4.306670471109967366e+03 1.389251607845912133e+02 8.850383122743297193e+00 1.671717559855168531e+02 2.418684564695043804e+01
4.307199432201024138e+03 1.381150607248271456e+02 9.338485570208709063e+00 1.661904074223959640e+02 2.406112683043358658e+01
4.307669589886891117e+03 1.372303313496878729e+02 9.840631596473759402e+00 1.651958250439373614e+02 2.416507733734156105e+01
4.308131993743940257e+03 1.362919621571373909e+02 1.035370812916152339e+01 1.641997147560040560e+02 2.423257434154201562e+01
4.308550449527782803e+03 1.353737653722272682e+02 1.075615137038396618e+01 1.632004834815920447e+02 2.423527379854055397e+01
4.308941247155181372e+03 1.344568869301872382e+02 1.105004153030359682e+01 1.622052683651895109e+02 2.423786575864512116e+01
4.309326163890155840e+03 1.335233011592731884e+02 1.128974677324236708e+01 1.612166340119088943e+02 2.408753185713200651e+01
4.309715875742392200e+03 1.325550513099018417e+02 1.148962503589969053e+01 1.602255424016376537e+02 2.395751981075698112e+01
4.310094139372095015e+03 1.316140602513465296e+02 1.167576504828936912e+01 1.592377105415120582e+02 2.382335893371660873e+01
4.310485684939398197e+03 1.306451975765023406e+02 1.191684479081636283e+01 1.582639640409541641e+02 2.360292612866880546e+01
4.310886544869960744e+03 1.296653715280473875e+02 1.220271592623817369e+01 1.572706024003818754e+02 2.349470973968657006e+01
4.311275041743860129e+03 1.287517080859031466e+02 1.255432527632341255e+01 1.562767810246333227e+02 2.340550236582263111e+01
4.311658870549154926e+03 1.279099970646974924e+02 1.295658710324858731e+01 1.552904751398976941e+02 2.328791575401377401e+01
4.312077320341034465e+03 1.270960717990365083e+02 1.345054545035721461e+01 1.542934745725617347e+02 2.336267331355892551e+01
4.312529414463083413e+03 1.264365383715243922e+02 1.413048819315309679e+01 1.533025003753986937e+02 2.349167119348472355e+01
4.312991215292763627e+03 1.260907917519442236e+02 1.499931227363257236e+01 1.523872290396880373e+02 2.381786587613208184e+01
4.313440316392086061e+03 1.261168399911127551e+02 1.594963519365557225e+01 1.516748697045224219e+02 2.451238484735011269e+01
4.313904678274282560e+03 1.264077710864353321e+02 1.697857458852026369e+01 1.511821545206836959e+02 2.536388658842849964e+01
4.314364176385285646e+03 1.267676502982873927e+02 1.804157297251549252e+01 1.509865655570568777e+02 2.634073527405124437e+01
4.314764024749189048e+03 1.271846869096329442e+02 1.890832457187513072e+01 1.508927697717092258e+02 2.733569052055692694e+01
4.315135754574438579e+03 1.276556660351938461e+02 1.969484684393323093e+01 1.508231193188732107e+02 2.832707850732406030e+01
4.315520108831722609e+03 1.281143287927931738e+02 2.056937845921277841e+01 1.509027279678271896e+02 2.932374619128695059e+01
4.315904548004214121e+03 1.286065408850070639e+02 2.141966567604123739e+01 1.509180756304033366e+02 3.032206967968975064e+01
4.316262309779343923e+03 1.290739520617979110e+02 2.219216011565136526e+01 1.508960049535429846e+02 3.131983290817676036e+01
4.316641730233048293e+03 1.294679432012102893e+02 2.306727227801765423e+01 1.509613288575536671e+02 3.231768071534266795e+01
4.317031072458389644e+03 1.298729658107849048e+02 2.397109454455466704e+01 1.509793860772903997e+02 3.331593133321801048e+01
4.317378812623224803e+03 1.303418350010487359e+02 2.473530224559185697e+01 1.509634658571645502e+02 3.431349368016839207e+01
4.317740569481816237e+03 1.308852388939017146e+02 2.553391863369674297e+01 1.510661583930676102e+02 3.530774717715198818e+01
4.318107352803574940e+03 1.314460018956100669e+02 2.636148881650611031e+01 1.511961978970838629e+02 3.629899211910824164e+01
4.318442555329682364e+03 1.319207583880272523e+02 2.715242810981113664e+01 1.513206190916515368e+02 3.729045271258378591e+01
4.318797882112842672e+03 1.323658145385201976e+02 2.804182410640719780e+01 1.514798261647897561e+02 3.827724364401799306e+01
4.319161888989174258e+03 1.328266734050350237e+02 2.895030705976306962e+01 1.515485790236368757e+02 3.927252230595816940e+01
4.319502993084218360e+03 1.332470773876209478e+02 2.978342791333572848e+01 1.515583078444380476e+02 4.027097079706624072e+01
4.319852370176495242e+03 1.336350887196422548e+02 3.064700539515338917e+01 1.516321073427390616e+02 4.126804897285787632e+01
4.320211183600711593e+03 1.339987349415824269e+02 3.151520897945442456e+01 1.516446845475870191e+02 4.226685853694836226e+01
4.320559264880536830e+03 1.343197256016212293e+02 3.234338617809450511e+01 1.516319540225666742e+02 4.326506119810800755e+01
4.320929048569461884e+03 1.346570080323259901e+02 3.325534796425193207e+01 1.516679121251119398e+02 4.426326519766067236e+01
4.321297181836552227e+03 1.350424254859974553e+02 3.416009307209859003e+01 1.516036100489601495e+02 4.526012881952971156e+01
4.321643426400609314e+03 1.354408076040307662e+02 3.496585888073636283e+01 1.515160382027748369e+02 4.625459412679653326e+01
4.322011518106066433e+03 1.358825086239290272e+02 3.578131177466557489e+01 1.514950741337988518e+02 4.725416791551273832e+01
4.322391169988292859e+03 1.363456898565663948e+02 3.657668917736413050e+01 1.514314931298062561e+02 4.825194657093813788e+01
4.322777470674243887e+03 1.367716003654384451e+02 3.733682344863146341e+01 1.513907456031782885e+02 4.924864275547562897e+01
4.323210904456538628e+03 1.371079275388617305e+02 3.810742260911811741e+01 1.514028411237640341e+02 5.024664551356939057e+01
4.323728028019162593e+03 1.373127298736769433e+02 3.892819412774395715e+01 1.512935897316338583e+02 5.123943114842451507e+01
4.324330601410127201e+03 1.373024379281000904e+02 3.978896832020020469e+01 1.510801296832520961e+02 5.221501109608532687e+01
4.325010795601183418e+03 1.371422983224555878e+02 4.066212467398943176e+01 1.507321889295785127e+02 5.314770902341140157e+01
4.325757844373029911e+03 1.371850536508015352e+02 4.150041051975243533e+01 1.503753678105678944e+02 5.406927285240189462e+01
4.326571800207441811e+03 1.374894701751568959e+02 4.219330868244914967e+01 1.502212981059207380e+02 5.505719656799856665e+01
4.327394467532791168e+03 1.380628600186306869e+02 4.274897045189369749e+01 1.503545402155664021e+02 5.599584931397131982e+01
4.328095393421115659e+03 1.388545507798932306e+02 4.334291351437294537e+01 1.508334891638761803e+02 5.687327527406405636e+01
4.328707788839755267e+03 1.396482024876644061e+02 4.400164203105708793e+01 1.511947671978675203e+02 5.779928652648519716e+01
4.329238137411920434e+03 1.403324695974764325e+02 4.473201453487235568e+01 1.514727257413440213e+02 5.875905028879127201e+01
4.329760260485682920e+03 1.409594146275916557e+02 4.560550914542540824e+01 1.516908532472923525e+02 5.972793765642772712e+01
4.330283265555638536e+03 1.414445180219130123e+02 4.656567875012013502e+01 1.517578519183805383e+02 6.072532672213866078e+01
4.330839377575448452e+03 1.418436413346800009e+02 4.750116906362065805e+01 1.517238575195244152e+02 6.172171686262775125e+01
4.331444717435915663e+03 1.422512368184961815e+02 4.839863866063624442e+01 1.516588489453269517e+02 6.271788506605648195e+01
4.332076112860187095e+03 1.425964468601690101e+02 4.934884234004673687e+01 1.515841645383301568e+02 6.371193390696218728e+01
4.332663378479400308e+03 1.429065105755576610e+02 5.025350930804138727e+01 1.513778766978029751e+02 6.468916129395556425e+01
4.333167024051525914e+03 1.431284942290251649e+02 5.113307742029255820e+01 1.511926173284322488e+02 6.566896173719321439e+01
4.333624936553575026e+03 1.432052868194228097e+02 5.205603775345736750e+01 1.509692415830672871e+02 6.663671088971540257e+01
4.334058787692253645e+03 1.431753614158425023e+02 5.295939318704932219e+01 1.506273521516303902e+02 6.757643425920920777e+01
4.334471518659192043e+03 1.430260588240275297e+02 5.380920481656424670e+01 1.502310767525669633e+02 6.849301440542771502e+01
4.334887597296716194e+03 1.427701845981442830e+02 5.465935247329735347e+01 1.496845345586760061e+02 6.932218772680563745e+01
4.335308176840618216e+03 1.424366361635740361e+02 5.551494895064411850e+01 1.490487917028641220e+02 7.009405352997701755e+01
4.335715365235590070e+03 1.420676522716442207e+02 5.636286615432824476e+01 1.483986646533830083e+02 7.085345730286313426e+01
4.336123287670399804e+03 1.416886403102353142e+02 5.726015340045743329e+01 1.476928169012613239e+02 7.156004988716307480e+01
4.336533365146106917e+03 1.412944502874651960e+02 5.817536180469363671e+01 1.469877541526328173e+02 7.226764424384352026e+01
4.336946129385984023e+03 1.408910148886797913e+02 5.906934921685581230e+01 1.462870892396082070e+02 7.298021183544830137e+01
4.337355503520388993e+03 1.405221620867185663e+02 5.994227243033087404e+01 1.455188960406074443e+02 7.361737591835279204e+01
4.337766211637939705e+03 1.401189683596354314e+02 6.079392913462840653e+01 1.447384790798400331e+02 7.424149258566028209e+01
4.338199384515861311e+03 1.395995387371970367e+02 6.163953860819531627e+01 1.439416026835127980e+02 7.484275816757174482e+01
4.338629891007114566e+03 1.390304273998033295e+02 6.243659715933623033e+01 1.430836317377387559e+02 7.535404066847210913e+01
4.339062012168143156e+03 1.384172052763714476e+02 6.318336807336358163e+01 1.422000126323955556e+02 7.582222951630080843e+01
4.339528885492622067e+03 1.377150925094544220e+02 6.393016968069019867e+01 1.412768753013405103e+02 7.619619762318660605e+01
4.340009631026833631e+03 1.369601416111989920e+02 6.460420164409104871e+01 1.403190659500222921e+02 7.648337570508435590e+01
4.340503527022356138e+03 1.361521179672327833e+02 6.514531905826561342e+01 1.393516923878351008e+02 7.673565798194674414e+01
4.341018629250705089e+03 1.353196350473477025e+02 6.564078872478565074e+01 1.383681260160365696e+02 7.690828818181867632e+01
4.341536076838314330e+03 1.344747727473700252e+02 6.611108269521356817e+01 1.373854820207141074e+02 7.708798005274819332e+01
4.342090557236944733e+03 1.335503326335273186e+02 6.659923798405824868e+01 1.363962552104719919e+02 7.720476709636390922e+01
4.342648407783330185e+03 1.326043531986841231e+02 6.707889464229823773e+01 1.353966573020031774e+02 7.722885281078505670e+01
4.343160857923037838e+03 1.317125613164650133e+02 6.751779172068201262e+01 1.343967705123959604e+02 7.722346885514200210e+01
4.343631415945375011e+03 1.309265752356770065e+02 6.796327632057162305e+01 1.334031032534899168e+02 7.712974720952205132e+01
4.344077635364271373e+03 1.301866824421247770e+02 6.836734222384998816e+01 1.324153219058637205e+02 7.717381416025934016e+01
4.344532361897993724e+03 1.293768109273534890e+02 6.874416617151526054e+01 1.314267841198171141e+02 7.732448170676912014e+01
4.344984714578857165e+03 1.285338801079337827e+02 6.908551656005641917e+01 1.304355258630571370e+02 7.728670144816514664e+01
4.345461285184176631e+03 1.276598899752238054e+02 6.931481217196882483e+01 1.294418838765346891e+02 7.717453098192963523e+01
4.345975652069561875e+03 1.267634482042749511e+02 6.948088081964421292e+01 1.284642060624717601e+02 7.697518969547975587e+01
4.346531983806129574e+03 1.258609130743330695e+02 6.958695530037073240e+01 1.275017869406580218e+02 7.670425012581743829e+01
4.347123732834939801e+03 1.250050724680394580e+02 6.966347770501501202e+01 1.265557098246927410e+02 7.638153795958956493e+01
4.347771372379776949e+03 1.242570124115963210e+02 6.986752752364439800e+01 1.256248679684744047e+02 7.601651218257261178e+01
4.348554286377029712e+03 1.236011550555718799e+02 7.000741810900363760e+01 1.246652560861743666e+02 7.574394092502592457e+01
4.351470033393651647e+03 1.242314802412328021e+02 7.014028354884264616e+01 1.246176435496352326e+02 7.614371867282000039e+01
4.352211803001000590e+03 1.253159667267921549e+02 6.991406776592936012e+01 1.255650842829799245e+02 7.645634869537285283e+01
4.352913740449508623e+03 1.264913350503835119e+02 6.960622456887661258e+01 1.265065898445615602e+02 7.675612752060384025e+01
4.353471860723674581e+03 1.275297198054584698e+02 6.947838377805834398e+01 1.274758121268453550e+02 7.695126690976314876e+01
4.354017099610116929e+03 1.285141484550891562e+02 6.935744939894161121e+01 1.284156648281383184e+02 7.727850947057818587e+01
4.354610252072749972e+03 1.294393469508748353e+02 6.916717158447180225e+01 1.293956244388633934e+02 7.747770525589709223e+01
4.355216710403748039e+03 1.304507578875728768e+02 6.896616826956123703e+01 1.303657815185824802e+02 7.771424550378367258e+01
4.355826645730126984e+03 1.315222905859615707e+02 6.876454733258266572e+01 1.313302918739049403e+02 7.796774017974172466e+01
4.356409087002782144e+03 1.325359220140067009e+02 6.838272221555097019e+01 1.323189802575611509e+02 7.811744652646602560e+01
4.356965977169419602e+03 1.335626102753207078e+02 6.791945356085830099e+01 1.333123442873892373e+02 7.818515869441070265e+01
4.357495892716256094e+03 1.345437902581386993e+02 6.746456964720096039e+01 1.343061247597657939e+02 7.821149501851503771e+01
4.358030980600346084e+03 1.355215722158536664e+02 6.706680338973512789e+01 1.352940413231676189e+02 7.836529057536756682e+01
4.358577136701056588e+03 1.365202071604844889e+02 6.669948774486917387e+01 1.362877526754238318e+02 7.847409152009265654e+01
4.359111632005924548e+03 1.374568799390156641e+02 6.626432558765893077e+01 1.372820924561365530e+02 7.857461748527748568e+01
4.359646370268459577e+03 1.383429455509010211e+02 6.582316350847948172e+01 1.382743957854202677e+02 7.863559045316831941e+01
4.360191381288314005e+03 1.391723361547695674e+02 6.532674073596957953e+01 1.392725582259557200e+02 7.858872335603575721e+01
4.360759344300478915e+03 1.400619326896925259e+02 6.475352848495076330e+01 1.402705929801209095e+02 7.855126659025498270e+01
4.361330301024815526e+03 1.410453361833323527e+02 6.435318481942394442e+01 1.412649979008314745e+02 7.853244640480683358e+01
4.361895917292595186e+03 1.419828423602629073e+02 6.417823816219311084e+01 1.422354663833352220e+02 7.874101004181719077e+01
4.362508267172628621e+03 1.429811489782605349e+02 6.405493464862635733e+01 1.431820116517117754e+02 7.906077059993729961e+01
4.363164630514715100e+03 1.439722736296918981e+02 6.393032367693992768e+01 1.441103880313193315e+02 7.941652493949953850e+01
4.363815336928985744e+03 1.448490176824035416e+02 6.358558150964006472e+01 1.450393828516584165e+02 7.974123348047019988e+01
4.364471187485665723e+03 1.453840453447307937e+02 6.280767724055414192e+01 1.460192834750590123e+02 7.970000808305367457e+01
4.365112259597441152e+03 1.455196560413113502e+02 6.168915944715342192e+01 1.468160542849571755e+02 7.918183348496407348e+01
4.365689431204029461e+03 1.454296847362965082e+02 6.064200739467327850e+01 1.473376751387303329e+02 7.833721466521207333e+01
4.366228467585790895e+03 1.451615970614964795e+02 5.964145279653289577e+01 1.476885239066461963e+02 7.740363775259473300e+01
4.366718343324368107e+03 1.447962712196643338e+02 5.865601393675672171e+01 1.479245959745654488e+02 7.643306436238367496e+01
4.367170344870396548e+03 1.444579433770630601e+02 5.772597609233417870e+01 1.481665454748819855e+02 7.546412216429897057e+01
4.367631497526010207e+03 1.442195986076714291e+02 5.676687355976515903e+01 1.484155547708267591e+02 7.449649592486782979e+01
4.368105441024008542e+03 1.441240669741836484e+02 5.576964243399013554e+01 1.486713051911078765e+02 7.353082149903472953e+01
4.368568632637808150e+03 1.441263154558632493e+02 5.480361853961041163e+01 1.490714359391922130e+02 7.262035179540457364e+01
4.369020013191433463e+03 1.441548593885417802e+02 5.380709692191277327e+01 1.495406195421921609e+02 7.173754890042235388e+01
4.369466499911974097e+03 1.441907527448512667e+02 5.274058447878311284e+01 1.500373445259172911e+02 7.087110602606298926e+01
4.369897819552637884e+03 1.441897647411301193e+02 5.169219436152484093e+01 1.506051334691404122e+02 7.004862689218643368e+01
4.370317024427109573e+03 1.440726438188282827e+02 5.073169765236318085e+01 1.511287514939674566e+02 6.920014044308278756e+01
4.370731707121788531e+03 1.438121107470218192e+02 4.983284368321139368e+01 1.515600724297709121e+02 6.829853636584859089e+01
4.371133833290741677e+03 1.434204419389399447e+02 4.891276515941547842e+01 1.519155276304362019e+02 6.736508220138891545e+01
4.371523253147690411e+03 1.429798594610653026e+02 4.795671463690681691e+01 1.520905213328662740e+02 6.638869082112900344e+01
4.371917842522602768e+03 1.425390770366015829e+02 4.702091452196993515e+01 1.521632778497910579e+02 6.539137356260681599e+01
4.372308167427408989e+03 1.421411947133667013e+02 4.614161582910421799e+01 1.522291460699499623e+02 6.439362477945950047e+01
4.372692459646378666e+03 1.417389490739056157e+02 4.528851037418188241e+01 1.522189147869982548e+02 6.339532541705692381e+01
4.373087969737995081e+03 1.412917009327961466e+02 4.442497870245038882e+01 1.522120958104455042e+02 6.239649700496062934e+01
4.373480350563952015e+03 1.408528494367651547e+02 4.359129567158139906e+01 1.522804908962582431e+02 6.139925806136488973e+01
4.373874957002778501e+03 1.404476096551602211e+02 4.276356551161764230e+01 1.523203358061479662e+02 6.040116623914052241e+01
4.374304273808574180e+03 1.400349278553640886e+02 4.189980551789887642e+01 1.523462215424075907e+02 5.940178499684751756e+01
4.374751238092398125e+03 1.395868329454880552e+02 4.105151248283313237e+01 1.523893569072237995e+02 5.840272056938443512e+01
4.375199821144873567e+03 1.391278418025491419e+02 4.020841485653513558e+01 1.523322857406567721e+02 5.740782715096521827e+01
4.375666557642691259e+03 1.386658898960758677e+02 3.929439711286271120e+01 1.522606678063084757e+02 5.641156131201741175e+01
4.376109762659131775e+03 1.382355138931580996e+02 3.833368162433578163e+01 1.522670007670801908e+02 5.541206932990944978e+01
4.376501289518793783e+03 1.378424771577990384e+02 3.741720024772480002e+01 1.522810837585422803e+02 5.441229111892896952e+01
4.376875135042465445e+03 1.374694093121943297e+02 3.648798905401096704e+01 1.523335046055994724e+02 5.341459069703029883e+01
4.377237867057596304e+03 1.370661685655573763e+02 3.556373505819737346e+01 1.523675882673240665e+02 5.241619039313314943e+01
4.377577018226165819e+03 1.366037694082048404e+02 3.472862909761732908e+01 1.523420548080760284e+02 5.141668400711042608e+01
4.377905842265658066e+03 1.361155164411553358e+02 3.395222580057569672e+01 1.523550568387424562e+02 5.041775122944726917e+01
4.378225148582736438e+03 1.356249247364456210e+02 3.320429205787250027e+01 1.523803747667870709e+02 4.941827241613381716e+01
4.378545076069955940e+03 1.351146780108475411e+02 3.245547210833429830e+01 1.523226077648107548e+02 4.842144322622439745e+01
4.378878291166442068e+03 1.346218748540674710e+02 3.165392211999808580e+01 1.522434618593419202e+02 4.742476802286168436e+01
4.379203526601335398e+03 1.342032306207438523e+02 3.080784067212605493e+01 1.522415605523582087e+02 4.642601442149424429e+01
4.379529208722801741e+03 1.338302175871856150e+02 2.990157254332464376e+01 1.522352924446495024e+02 4.542669642958716025e+01
4.379854169196219118e+03 1.334421551023184520e+02 2.898010795836767528e+01 1.521993185844099514e+02 4.442734370964809898e+01
4.380172143856741059e+03 1.329973302563879827e+02 2.807679583955073355e+01 1.522094308131851221e+02 4.342808636234484254e+01
4.380483170735203203e+03 1.325459425709802588e+02 2.718518642299969912e+01 1.522145345406795229e+02 4.242849415781433464e+01
4.380782434984827887e+03 1.321494999991445525e+02 2.633967338543611447e+01 1.521918076475425323e+02 4.142876128160821025e+01
4.381088087812700905e+03 1.317248315827283989e+02 2.552898742751181871e+01 1.522050407572887423e+02 4.042934511871899872e+01
4.381397017253187187e+03 1.312413189850996673e+02 2.476043930380822999e+01 1.522089349360601318e+02 3.942973585941872727e+01
4.381705349457950433e+03 1.307108825775580954e+02 2.402552843850322617e+01 1.521506944601746056e+02 3.843194194614140002e+01
4.382022779856750276e+03 1.301693470646082460e+02 2.328340621125481391e+01 1.520972263118299566e+02 3.743366068511333111e+01
4.382336714722403485e+03 1.297274496353272184e+02 2.250682130257735025e+01 1.520363187329917594e+02 3.643574033454627425e+01
4.382653770170381904e+03 1.293995804041141753e+02 2.167726848016616970e+01 1.519254886789665591e+02 3.544225058896335412e+01
4.382979117812083132e+03 1.290944713457433863e+02 2.086319359036993859e+01 1.518630790833271931e+02 3.444569972162402394e+01
4.383310403102373130e+03 1.287576366647813586e+02 2.007204289492514704e+01 1.518776125809187079e+02 3.344615951793470288e+01
4.383653857437448096e+03 1.284016548945758416e+02 1.923116401586471724e+01 1.518896012884466984e+02 3.244639973427227631e+01
4.383987857340708615e+03 1.280639785691357702e+02 1.837937102134714351e+01 1.519266387060637840e+02 3.144756349704615062e+01
4.384316472134792093e+03 1.276800275180062130e+02 1.752216177118992135e+01 1.520086072296942632e+02 3.045106052843174282e+01
4.384657880928647501e+03 1.271979764748896002e+02 1.665048390640617271e+01 1.520496036233828647e+02 2.945277158605216528e+01
4.384993068904144820e+03 1.267775976598709917e+02 1.579679455891647955e+01 1.520639501018095814e+02 2.845288434488306706e+01
4.385334829935036396e+03 1.265748310939529091e+02 1.491250897593662295e+01 1.521223086884695590e+02 2.745508451700253616e+01
4.385692745114933132e+03 1.265857892238624061e+02 1.399262615873730908e+01 1.522494448787597037e+02 2.646380503327262446e+01
4.386048026728687546e+03 1.268048512163022963e+02 1.311228733666199808e+01 1.525508431369597986e+02 2.551766873619931175e+01
4.386409564809100630e+03 1.273299890856065701e+02 1.232694757097484839e+01 1.531415929439036177e+02 2.473111165116799270e+01
4.386763791535052405e+03 1.280838561586907929e+02 1.171071313383085943e+01 1.539518233967590390e+02 2.415889809719335446e+01
4.387103480708897223e+03 1.289006030566552568e+02 1.124161814708183549e+01 1.548749781886920687e+02 2.378786072493155856e+01
4.387448335052218681e+03 1.297128157560653392e+02 1.076496629552935147e+01 1.558531749372518789e+02 2.359701213183626578e+01
4.387788853812994603e+03 1.304859948460702412e+02 1.025506650557538535e+01 1.568470386352206845e+02 2.348793228111936315e+01
4.388119351583136449e+03 1.312632030506108265e+02 9.828754407366071533e+00 1.578454733608544416e+02 2.346465970915352983e+01
4.388460201643025357e+03 1.320822450629477203e+02 9.446719057561582034e+00 1.588421904214715425e+02 2.353500632611388710e+01
4.388796806304269012e+03 1.328923007896162289e+02 9.042544867990624624e+00 1.598405538852652228e+02 2.357812432836452032e+01
4.389118022171446682e+03 1.336650278990408935e+02 8.593582094499961244e+00 1.608401990246132698e+02 2.360410865600543673e+01
4.389443607960435656e+03 1.344656895486424162e+02 8.089575665232727530e+00 1.618366905941424250e+02 2.368137717633942074e+01
4.389769686497744260e+03 1.353166044291928642e+02 7.619820585410490565e+00 1.628349202809490350e+02 2.372994658924595868e+01
4.390094310078753551e+03 1.361921468562259463e+02 7.209386661986931344e+00 1.638348153804982701e+02 2.373536883250747920e+01
4.390418734995977502e+03 1.370511878003692914e+02 6.784434856139538006e+00 1.648338472600928810e+02 2.377066840703885120e+01
4.390736177118892556e+03 1.378954018606655438e+02 6.365046669000039792e+00 1.658333199019918993e+02 2.379826271818184580e+01
4.391065331570425769e+03 1.387792918195347625e+02 5.956966146667868500e+00 1.668324746629304229e+02 2.376995051165620509e+01
4.391396372311699452e+03 1.396386245878038608e+02 5.515370936326013940e+00 1.678320988251481367e+02 2.375071268389822166e+01
4.391721638578867896e+03 1.404547450083778131e+02 5.015950149564392113e+00 1.688320865433461506e+02 2.374582714725906740e+01
4.392050775813744622e+03 1.412867494763821696e+02 4.527566828391082154e+00 1.698302684541541794e+02 2.369440647683994783e+01
4.392370560600637873e+03 1.421055112402497400e+02 4.107029869295078406e+00 1.708291644189131375e+02 2.365186804870483428e+01
4.392706733080074628e+03 1.429759179350145644e+02 3.666833132802047146e+00 1.718290296083684723e+02 2.364520015641114270e+01
4.393048634090234373e+03 1.438668089382781545e+02 3.200519006979952064e+00 1.728290228363726442e+02 2.364887189368192821e+01
4.393371483846699448e+03 1.446954183462937067e+02 2.746009385199712494e+00 1.738268906497274031e+02 2.370440131841463582e+01
4.393711652285587661e+03 1.455626958816926617e+02 2.260175659245820423e+00 1.748246445445757047e+02 2.377093621772341336e+01
4.394053313152936425e+03 1.464284499839394016e+02 1.774169102520561925e+00 1.758232442983981230e+02 2.375550177186444145e+01
4.394381704949905725e+03 1.472321145139314638e+02 1.316091329504774254e+00 1.768224088655958894e+02 2.371499451476875819e+01
4.394733299889812770e+03 1.480716477933740975e+02 8.541243611823932103e-01 1.778221996003309755e+02 2.370136424508441664e+01
4.395092790075975245e+03 1.489357707496488956e+02 4.653265326122022483e-01 1.788207465619148024e+02 2.365519774252265250e+01
4.395447169557475718e+03 1.498034186879058893e+02 1.756642452435319690e-01 1.798199647604164682e+02 2.362084584244467678e+01
4.395833081278634381e+03 1.507664306536784693e+02 -1.283300183549743456e-01 1.808195591695719884e+02 2.363623277570235004e+01
4.396236817648165015e+03 1.517895822427389874e+02 -2.846394236788208909e-01 1.818159021701581253e+02 2.371566213862923789e+01
4.396620692310232698e+03 1.527618521668963467e+02 -1.361935252641145733e-01 1.827800104228828388e+02 2.396289758555078464e+01
4.397000735333359444e+03 1.536768162035503167e+02 2.318764524122901571e-01 1.836634212103952279e+02 2.441999150740057445e+01
4.397386013903748790e+03 1.544758935434378486e+02 8.024611881164556149e-01 1.844256427825152969e+02 2.506003789550383232e+01
4.397749081674061927e+03 1.551512217310767880e+02 1.470138436209317279e+00 1.850005763630508397e+02 2.586958485325671120e+01
4.398093122166710600e+03 1.557767216628745643e+02 2.128446463591438853e+00 1.853917972863352190e+02 2.678604139464468048e+01
4.398432343190811480e+03 1.563359987241911995e+02 2.797565407324168696e+00 1.856913844803612506e+02 2.773966547653635573e+01
4.398758596717875662e+03 1.567848730624690745e+02 3.495915235555780320e+00 1.858650631771258190e+02 2.872222646361302267e+01
4.399084794266720564e+03 1.572067448689755338e+02 4.235994457354798293e+00 1.859536209436626280e+02 2.971792395612637350e+01
4.399418224591158832e+03 1.576297680952383473e+02 5.007973374504237185e+00 1.860438279680295466e+02 3.071379517168931983e+01
4.399756067423193599e+03 1.580172395925459625e+02 5.829860167878319288e+00 1.860543768348151445e+02 3.171250376634120371e+01
4.400105257609807268e+03 1.584280769397626329e+02 6.709619887051673004e+00 1.860058395194525644e+02 3.271117397321170017e+01
4.400448937294972893e+03 1.588859306669608316e+02 7.572409857328227467e+00 1.859731605372600995e+02 3.371053019382064520e+01
4.400779486355690096e+03 1.593254367308259702e+02 8.419842167309187886e+00 1.859075771414716485e+02 3.470809492112934436e+01
4.401117826142060039e+03 1.597245227494368578e+02 9.312042296410252717e+00 1.858592571193042602e+02 3.570677101734296599e+01
4.401455393431140692e+03 1.601126629060615301e+02 1.020425986750966274e+01 1.858809427369856166e+02 3.670595812033430150e+01
4.401789571924417942e+03 1.605163650107309650e+02 1.109432421307329975e+01 1.858620154144942376e+02 3.770520295995511617e+01
4.402135215085209893e+03 1.609174287695364001e+02 1.203089661929587706e+01 1.858025413563985921e+02 3.870336070802854778e+01
4.402480004345973612e+03 1.613091935923420692e+02 1.296584174957290614e+01 1.857746027146712890e+02 3.970273914381531455e+01
4.402821880149411299e+03 1.616856685781928320e+02 1.389560282726895224e+01 1.857140382362741207e+02 4.070058799454140797e+01
4.403173459623446433e+03 1.620059665347687314e+02 1.487054753264536977e+01 1.856613539406028508e+02 4.169912390681206915e+01
4.403517257109218917e+03 1.622740086330009035e+02 1.584537175168587986e+01 1.856657713754559040e+02 4.269872592074978712e+01
4.403853544599022825e+03 1.625943361640350133e+02 1.679635364030797007e+01 1.856387047121193916e+02 4.369802126577511103e+01
4.404201015506453587e+03 1.629743252704896008e+02 1.775426806437550908e+01 1.856100504002310743e+02 4.469758557776869168e+01
4.404546784517269771e+03 1.633819558063097759e+02 1.867467183272265174e+01 1.856417115513565648e+02 4.569660276883448091e+01
4.404892739063114277e+03 1.638390589707639720e+02 1.956819000250967733e+01 1.856322693895440068e+02 4.669604762359527683e+01
4.405242868282347445e+03 1.643378591981900456e+02 2.045095143585102093e+01 1.856168662953528496e+02 4.769590905371689615e+01
4.405576394054341108e+03 1.648606141855766509e+02 2.125691770271193803e+01 1.857010895098794379e+02 4.869098917660542725e+01
4.405913051959937548e+03 1.654286203347014919e+02 2.200666313699801435e+01 1.858222670662943017e+02 4.968360872004325302e+01
4.406266983534203973e+03 1.659571451784404701e+02 2.279478220335232308e+01 1.859258034324608673e+02 5.067817432390720711e+01
4.406611894566984120e+03 1.663134484324117750e+02 2.364102643120438074e+01 1.860529271255273898e+02 5.166993281982389874e+01
4.406968540081939864e+03 1.666410897717131832e+02 2.455924549164650728e+01 1.861638209742441177e+02 5.266367460539368750e+01
4.407338678225230069e+03 1.670391700306785197e+02 2.550256224818453532e+01 1.862459887669000409e+02 5.366022548648492574e+01
4.407694761641647347e+03 1.674095509864882843e+02 2.640210424801251676e+01 1.863380368036918924e+02 5.465594246227028918e+01
4.408056515822568144e+03 1.677799148458176433e+02 2.727678558695385291e+01 1.863495550323923169e+02 5.565483227988527659e+01
4.408443711832280314e+03 1.681356774043762812e+02 2.817651350679701139e+01 1.862843589375716817e+02 5.665232038542907134e+01
4.408835387739653015e+03 1.683610510546344301e+02 2.908686559460828036e+01 1.862212468031543438e+02 5.765028733902592961e+01
4.409229802418482905e+03 1.685106521969873370e+02 3.004549507278608900e+01 1.860454860400206769e+02 5.863272380795655181e+01
4.409630602034633739e+03 1.686861443719316753e+02 3.105219380252188799e+01 1.857966249140657453e+02 5.960102622973688824e+01
4.410027172410849744e+03 1.688163920508754643e+02 3.206120229134729982e+01 1.855674205067568607e+02 6.057426978286474650e+01
4.410406405979456395e+03 1.688956886170553275e+02 3.302751235959343745e+01 1.852534463659260950e+02 6.152238435258816907e+01
4.410788746428804188e+03 1.689645676659499145e+02 3.396364044956236938e+01 1.848963096182000641e+02 6.245638308463989574e+01
4.411172220846816344e+03 1.690421756167302192e+02 3.490929152483990805e+01 1.846033023324461340e+02 6.341178037985900318e+01
4.411558470321916502e+03 1.690088106498372440e+02 3.590625249986925382e+01 1.842705517662283512e+02 6.435429755193683832e+01
4.411955690224886894e+03 1.688541966847577669e+02 3.692493065584496037e+01 1.838847078125823771e+02 6.527662951666366098e+01
4.412391443891297058e+03 1.685879061154473675e+02 3.797473607828255382e+01 1.834617138239809719e+02 6.618263559782106142e+01
4.412857028743400406e+03 1.682567168923033307e+02 3.903928379260816683e+01 1.828739032836656975e+02 6.698624112838528788e+01
4.413306589348150737e+03 1.678184867996930620e+02 3.999282437350717601e+01 1.821958197031731004e+02 6.772050327383489332e+01
4.413766137933035679e+03 1.671465943123171769e+02 4.088877402857218613e+01 1.813865780786183848e+02 6.830105529176096013e+01
4.414217243107016657e+03 1.663011450968998872e+02 4.166979169883347112e+01 1.804791572618828752e+02 6.871558461818609942e+01
4.414662134504923415e+03 1.653554375773896652e+02 4.234445840260219285e+01 1.795441092383695434e+02 6.906974697053142620e+01
4.415073928867033828e+03 1.644280012745578290e+02 4.293557686526818884e+01 1.785709729820660527e+02 6.929218355779212857e+01
4.415441006338783154e+03 1.635760222083080748e+02 4.343122893206646751e+01 1.775874004248664448e+02 6.947255012657100792e+01
4.415823144171879903e+03 1.626364846873206886e+02 4.387703132631074965e+01 1.765981421287694388e+02 6.961802112052158975e+01
4.416208877857605330e+03 1.616523300108278249e+02 4.424861038189174423e+01 1.756016938931260256e+02 6.969793582544821220e+01
4.416567657004013199e+03 1.607527073050143542e+02 4.459422423778553934e+01 1.746057511235725315e+02 6.978741846327160658e+01
4.416938033502788130e+03 1.598813359054874184e+02 4.502978128753611742e+01 1.736069132888501940e+02 6.982986440638607917e+01
4.417308156355848041e+03 1.589720321301362844e+02 4.539515786389257102e+01 1.726097193331683002e+02 6.976773311710277881e+01
4.417649370502274905e+03 1.581099555456173107e+02 4.567248580743802222e+01 1.716105251743643976e+02 6.973306581564429507e+01
4.418008359034494788e+03 1.572222778434697261e+02 4.597169585876483922e+01 1.706110072140210718e+02 6.970210273423886349e+01
4.418382768415429382e+03 1.563058459822169368e+02 4.629064693658213514e+01 1.696151491175910735e+02 6.961449788103224989e+01
4.418758395847214160e+03 1.554364989664886991e+02 4.663483651850061307e+01 1.686159860019688779e+02 6.960939422873299520e+01
4.419155391629395126e+03 1.545485863934677013e+02 4.701984838911477027e+01 1.676162678222282523e+02 6.963268153328888843e+01
4.419550037759549923e+03 1.536461211538449163e+02 4.741423890767833171e+01 1.666165538433689335e+02 6.961662690078783555e+01
4.419919686369542433e+03 1.528282267526222142e+02 4.784806568386034087e+01 1.656176071435839674e+02 6.965424885672156563e+01
4.420299778356182287e+03 1.520097987196942029e+02 4.831090648858229031e+01 1.646188823073730418e+02 6.970472891317274389e+01
4.420700836364703719e+03 1.511082872718662884e+02 4.875363337094368887e+01 1.636206090714404695e+02 6.976337419843561349e+01
4.421103355345793716e+03 1.501731088334981337e+02 4.915367164556293744e+01 1.626242865576752763e+02 6.984839243088579508e+01
4.421483212517109678e+03 1.492894090227273978e+02 4.943484526972709148e+01 1.616253907003559789e+02 6.983335808340173401e+01
4.421868594930196195e+03 1.483909869818959635e+02 4.963363105807956543e+01 1.606271533661693809e+02 6.977490889824798614e+01
4.422242222646442315e+03 1.474886679223002375e+02 4.985799617844738663e+01 1.596283985908881107e+02 6.972532874578507744e+01
4.422598823095469925e+03 1.466214434647849316e+02 5.011162427384466866e+01 1.586347029303415752e+02 6.961627913857246597e+01
4.422959395168031733e+03 1.457647389484919245e+02 5.044870307170896950e+01 1.576379406833399628e+02 6.953777711044399723e+01
4.423329336677364154e+03 1.449110749164645995e+02 5.084413948430658081e+01 1.566389268381850570e+02 6.955953389013521360e+01
4.423685132064622849e+03 1.441632640423810301e+02 5.124484076961113743e+01 1.556390566244563445e+02 6.955855279544989855e+01
4.424069960853283192e+03 1.434968008557413270e+02 5.170113924349914925e+01 1.546417398429794048e+02 6.962506229231391330e+01
4.424508940788306063e+03 1.427104359939539791e+02 5.209870900447997855e+01 1.536519136792621509e+02 6.976512144900559065e+01
4.424989230639061134e+03 1.418354772695868178e+02 5.246670706320382749e+01 1.526541022420603326e+02 6.981778648886586325e+01
4.425486340680296053e+03 1.410614028690347936e+02 5.274225172657774863e+01 1.516673009170790749e+02 6.997245541943208025e+01
4.426273507181978857e+03 1.407679378036358457e+02 5.246583791527401530e+01 1.506848452746774853e+02 6.983265406205819659e+01
4.427293557461729506e+03 1.419049411976014028e+02 5.179849106652793012e+01 1.513578999440991311e+02 6.944150514996948687e+01
4.427780347617346706e+03 1.427609192915164726e+02 5.158823744799072131e+01 1.523513705964886356e+02 6.955370769581534773e+01
4.428187620955466627e+03 1.434764451087987993e+02 5.145423477537889312e+01 1.533341397966578654e+02 6.973118863623680852e+01
4.428587481993519759e+03 1.442241452273987932e+02 5.114420753394281860e+01 1.543034578712743041e+02 6.996791962646713614e+01
4.428996665812179344e+03 1.450442070845639080e+02 5.085152937594878608e+01 1.552982299913853410e+02 7.005966589588312843e+01
4.429401453991899871e+03 1.458391869469328981e+02 5.055821324265627936e+01 1.562975195675957139e+02 7.008405862335632719e+01
4.429799276828814072e+03 1.466728343644116137e+02 5.021595933781977550e+01 1.572949517235130656e+02 7.013348706842374725e+01
4.430206749618479080e+03 1.475669796203342798e+02 4.993745518432734087e+01 1.582935562542372736e+02 7.008166364922651326e+01
4.430624743353636404e+03 1.483825068413656822e+02 4.958841582260315306e+01 1.592916301217809405e+02 7.002824750744883886e+01
4.431016084605818833e+03 1.492019631774642789e+02 4.925377502514981387e+01 1.602905254476114294e+02 7.000955442156434572e+01
4.431393671936391002e+03 1.500395020705852005e+02 4.883575471206788166e+01 1.612863838602882254e+02 6.991997070219647981e+01
4.431789276486111703e+03 1.508322473360278480e+02 4.839409995533974040e+01 1.622832380519542426e+02 6.984495930792677143e+01
4.432182311494811984e+03 1.514603764345383183e+02 4.798634815928820530e+01 1.632709741066253741e+02 6.969677254047586246e+01
4.432584441857451566e+03 1.519189786958893933e+02 4.755188322580776372e+01 1.642442399183948680e+02 6.946756520997031714e+01
4.433075760985568195e+03 1.523196835150424704e+02 4.713702838967140707e+01 1.652029692055097030e+02 6.920666287341003908e+01
4.435162815698808117e+03 1.526711366483249037e+02 4.681045877183481707e+01 1.661149767760906002e+02 6.881691421359872152e+01
4.443689004255543296e+03 1.536318933429336937e+02 4.652679258123441741e+01 1.669379238104303624e+02 6.897452978302908377e+01
4.449084811822831398e+03 1.547621058075694407e+02 4.579561110467715679e+01 1.676631043339596658e+02 6.959394971215765224e+01
4.449752780922395687e+03 1.554158111764446062e+02 4.511914091748722200e+01 1.685384276410980533e+02 6.932696215431892028e+01
4.450422984081758841e+03 1.560839531539633356e+02 4.462198277136952385e+01 1.694817550996718865e+02 6.901344040593168927e+01
4.451207391834986083e+03 1.563837961484207710e+02 4.422479362380523327e+01 1.704464345912806778e+02 6.875003527535520220e+01
