# ts_seconds,x,y,gt_x,gt_y
3.115073601818957741e+03 1.714111552154980131e+02 6.692833737688600593e+01 1.714111552154980131e+02 6.692833737688600593e+01
3.118269380106426524e+03 1.725302314352481119e+02 6.857344092846000194e+01 1.704582797931354321e+02 6.723168614996832559e+01
3.118867911727444152e+03 1.731845009565389830e+02 6.978446873631953906e+01 1.694776955180364837e+02 6.742776127987410462e+01
3.119308545403120661e+03 1.733637472002812956e+02 7.092712001123703658e+01 1.684844944195870369e+02 6.754411749968519985e+01
3.119686798307608569e+03 1.734945547463796061e+02 7.190948044456456500e+01 1.675028999437683979e+02 6.773479221102675751e+01
3.120037406782778362e+03 1.738109577581998622e+02 7.282360108882606653e+01 1.665035315781756537e+02 6.776944412079357960e+01
3.120411696526135984e+03 1.741741056707233213e+02 7.377141520045866230e+01 1.655133751316793962e+02 6.790940064593773684e+01
3.120754637049074972e+03 1.745723701979240161e+02 7.459428237237369785e+01 1.645204783747172428e+02 6.802771442751853215e+01
3.121069057419027558e+03 1.749442565512304668e+02 7.535033298451479311e+01 1.635208041793372331e+02 6.800313247770147029e+01
3.121418610550080757e+03 1.753715190060663645e+02 7.618770484837224899e+01 1.625221703790286938e+02 6.805532449339835921e+01
3.121739118823806166e+03 1.757608795988273300e+02 7.695607118893759946e+01 1.615253661069513100e+02 6.813460957243991345e+01
3.122032259350971344e+03 1.760902786067565557e+02 7.768028310308564244e+01 1.605256087637495739e+02 6.811448971718570533e+01
3.122340575930822524e+03 1.764233432068543266e+02 7.846883079310318010e+01 1.595280308852368307e+02 6.818400048284286186e+01
3.122630811382321099e+03 1.767509873606321378e+02 7.921177546956775473e+01 1.585324987724063419e+02 6.827806842388196173e+01
3.122938105846402777e+03 1.771011425414765483e+02 8.001542598311783649e+01 1.575326130452322673e+02 6.829318390773195802e+01
3.123231866031225763e+03 1.775306473123855824e+02 8.071884398413145334e+01 1.565330144430100177e+02 6.831288179689880735e+01
3.123530556231072296e+03 1.780145556942448195e+02 8.134205069186003811e+01 1.555526496167573214e+02 6.850977515058531253e+01
3.123849679237199325e+03 1.786308315476007067e+02 8.189840223970446687e+01 1.545942599701002678e+02 6.879523614211156257e+01
3.124159675400788728e+03 1.793052424944888230e+02 8.237638110387837287e+01 1.536407243057342100e+02 6.909442280380562806e+01
3.124492709588756952e+03 1.800732758884124109e+02 8.277650150575156829e+01 1.527911544138453053e+02 6.962185376862996122e+01
3.124821170060633904e+03 1.806963227534731686e+02 8.290382456221050234e+01 1.519680532595936882e+02 7.018974745379094315e+01
3.125172924179291385e+03 1.807229460453412457e+02 8.286217308289583627e+01 1.511540503156080604e+02 7.076915919095344520e+01
3.125751109070232815e+03 1.811655115095966551e+02 8.304563658751523292e+01 1.505049155258179781e+02 7.152970440371770167e+01
3.126652248693963884e+03 1.824793219655494170e+02 8.288702422964915684e+01 1.499418477311336630e+02 7.235062515833607222e+01
3.127358586002867924e+03 1.831472971074245208e+02 8.272909247998339310e+01 1.497216489411612486e+02 7.332393354032265620e+01
3.129443388365980354e+03 1.832990282756504143e+02 8.280672625089970040e+01 1.496471808670663677e+02 7.415142423326332732e+01
3.131536669329096185e+03 1.822169628591211676e+02 8.366176397877063664e+01 1.490552607528793487e+02 7.339551391461017715e+01
3.132360419533963977e+03 1.811233053509327249e+02 8.384766104370224582e+01 1.489521348924579911e+02 7.243360820627785301e+01
3.132960529595770367e+03 1.800044341175294562e+02 8.365998320878885863e+01 1.491527959903608291e+02 7.145730832079652828e+01
3.133446917447148280e+03 1.790412237689361916e+02 8.326844301349984789e+01 1.496510653377491451e+02 7.061548763598797507e+01
3.133860568551551296e+03 1.784532655426153269e+02 8.263793059222533088e+01 1.503262706411576346e+02 6.987863625100806075e+01
3.134267179890758598e+03 1.781952207145216676e+02 8.180968596628723333e+01 1.511257142045709543e+02 6.929188170433192795e+01
3.134648166269233570e+03 1.779853289917008681e+02 8.095830314451981735e+01 1.520533486749330336e+02 6.894194498265139259e+01
3.134987670381511180e+03 1.779704349327074624e+02 8.015980220438869708e+01 1.530197511967870980e+02 6.868491837169851522e+01
3.135344075618257193e+03 1.779839065845901587e+02 7.935337183025922059e+01 1.540013880317320343e+02 6.850249007065204410e+01
3.135708090755975718e+03 1.777758520605944739e+02 7.877674583264821706e+01 1.549977368828867554e+02 6.844353118519423163e+01
3.136067387253727702e+03 1.777219591774780838e+02 7.841950632738144122e+01 1.559973627230133104e+02 6.841782331327594591e+01
3.136463080793360405e+03 1.778682090994815326e+02 7.806683527492621977e+01 1.569958848325225631e+02 6.844694297466064370e+01
3.136879046179396482e+03 1.778947766948751905e+02 7.772770563707159397e+01 1.579887592318864051e+02 6.856012994631377921e+01
3.137281642654859752e+03 1.778349947613245092e+02 7.753579831199087380e+01 1.589851974824385650e+02 6.861668114280512043e+01
3.137715007452820828e+03 1.779241344168045771e+02 7.726607054042247569e+01 1.599813372294658791e+02 6.869070053931650932e+01
3.138320397357152160e+03 1.780862949494427028e+02 7.684914973571422081e+01 1.609792419664494787e+02 6.872912313220720648e+01
3.148219234398047320e+03 1.784440708387839152e+02 7.626769066421735488e+01 1.611869778536352840e+02 6.809708757262932011e+01
3.151552532090735440e+03 1.788933003508190041e+02 7.626558684200522009e+01 1.605977301667599875e+02 6.884757030321789273e+01
3.152372839869681229e+03 1.799009413465724094e+02 7.623500888137009213e+01 1.598793664770643090e+02 6.953466278635011122e+01
3.152896055768393580e+03 1.805628024879810312e+02 7.695609475219919204e+01 1.589961945366321459e+02 6.992756175705369515e+01
3.153347200941871506e+03 1.809772228312701827e+02 7.767824554900592204e+01 1.580050971820787993e+02 6.980438641977977454e+01
3.153809900349933287e+03 1.816927960821444117e+02 7.843271220381863884e+01 1.570260355143036577e+02 6.960356432807215299e+01
3.154202415537021352e+03 1.821524594064969165e+02 7.906090153218579530e+01 1.560383181333629921e+02 6.945001340340220963e+01
3.154570502104666048e+03 1.821531795789802572e+02 7.926369398504979813e+01 1.550562179789693289e+02 6.930641459865258014e+01
3.154960262749940739e+03 1.826628933359322957e+02 7.943403954437009418e+01 1.540654367817427612e+02 6.942655796304114801e+01
3.155341667275388772e+03 1.835700028381831714e+02 7.973163897821966373e+01 1.530929503219142589e+02 6.965938278011931573e+01
3.155704549811431662e+03 1.844429790977398795e+02 8.006049863953668932e+01 1.521355985104399906e+02 6.992916175925522282e+01
3.156073023962851948e+03 1.853295677488534636e+02 8.020465187494092163e+01 1.512564949427004706e+02 7.040362060622896934e+01
3.156456142675500814e+03 1.862131825896674115e+02 8.044670767801761713e+01 1.504176418822858068e+02 7.094789345784850809e+01
3.156839914522662184e+03 1.871203072511831351e+02 8.063883879668371435e+01 1.496232726194081408e+02 7.153615000877455543e+01
3.157211106240882145e+03 1.880216692303130799e+02 8.041956470667309986e+01 1.490310580047286351e+02 7.234163535056725891e+01
3.157597688492520774e+03 1.889202005475269175e+02 8.030253050595726450e+01 1.484595800961312762e+02 7.316172253133419190e+01
3.157981780051777150e+03 1.897123955443096293e+02 8.052992694464533940e+01 1.478747478567864846e+02 7.396976996431534701e+01
3.158373808869637287e+03 1.903266999104811816e+02 8.017637293928234499e+01 1.473894273986347514e+02 7.484369929273324829e+01
3.158759727506453601e+03 1.908534818019506929e+02 7.964608774222786280e+01 1.468265639390815522e+02 7.566628119643770845e+01
3.159124181352952291e+03 1.917179689989405915e+02 7.975975055254615143e+01 1.461301346622182393e+02 7.638307666772699633e+01
3.159462177069663539e+03 1.924326994600939997e+02 8.020808918562833867e+01 1.453582137791511855e+02 7.701128465893343389e+01
3.159817500965254567e+03 1.932051482759321459e+02 8.064018317574577566e+01 1.444652433408916181e+02 7.745587193495855161e+01
3.160157255210434869e+03 1.940268915282764794e+02 8.096223024354915765e+01 1.435237671053941710e+02 7.779202435753269640e+01
3.160497129082858919e+03 1.948369883238417799e+02 8.134277930667107626e+01 1.425871184549353359e+02 7.813437700291304111e+01
3.160845024040170756e+03 1.956452999273439843e+02 8.182262693222490668e+01 1.416066940756969643e+02 7.832924763151871161e+01
3.161203319145789465e+03 1.964340963254865926e+02 8.235298063338615293e+01 1.406186827438195621e+02 7.848238662448663661e+01
3.161540943144291305e+03 1.971799407045541841e+02 8.283772557945134452e+01 1.396327726495833019e+02 7.863269894695646656e+01
3.161885162852647227e+03 1.978193123695643294e+02 8.341107265225294043e+01 1.386335296232994665e+02 7.862578937388973088e+01
3.162227676700068059e+03 1.983142855666117157e+02 8.398119331745735394e+01 1.376359362590642945e+02 7.856376001329815040e+01
3.162539427639656424e+03 1.988970454552242586e+02 8.457966321996369174e+01 1.366380686659028640e+02 7.852992314067793700e+01
3.162857515004805464e+03 1.994591662891126305e+02 8.524928912387322555e+01 1.356514073724186176e+02 7.837173628114908297e+01
3.163159238215340338e+03 1.999139131548447210e+02 8.593518255907967784e+01 1.346751391382030363e+02 7.815679475354970407e+01
3.163468660633807758e+03 2.003227971261570985e+02 8.665775609912736854e+01 1.336989160080940451e+02 7.795261934397781545e+01
3.163787783895472785e+03 2.006285490742814375e+02 8.736966348319005249e+01 1.327694818765954778e+02 7.758826602675330264e+01
3.164090285873554876e+03 2.007939979470111211e+02 8.792689821009572881e+01 1.318801203146832108e+02 7.713129468153469759e+01
3.164408296472689017e+03 2.011359385461050238e+02 8.874458955275434846e+01 1.309758953566557693e+02 7.670440093826063332e+01
3.164709076090135113e+03 2.013949835181905144e+02 8.947238856979103616e+01 1.300824833744667899e+02 7.626169217446096127e+01
3.165012128119438330e+03 2.015767573210687829e+02 9.009539670097586850e+01 1.292595298017942582e+02 7.569359327554802519e+01
3.165349483312471421e+03 2.017648783707375912e+02 9.088139307406018474e+01 1.284265795757642650e+02 7.514232145399806484e+01
3.165660515230257261e+03 2.019020039296644313e+02 9.168251684017937464e+01 1.275566772363024484e+02 7.465038494732017682e+01
3.166004187250172890e+03 2.018990096833444454e+02 9.256869605405726986e+01 1.267210949955293415e+02 7.410102111190172991e+01
3.166365892566571802e+03 2.018293982174332655e+02 9.347136595819779359e+01 1.258780286868048535e+02 7.356413641264934711e+01
3.166713380306225645e+03 2.017616614877960330e+02 9.437730472682362404e+01 1.250260870354247942e+02 7.304538997428342384e+01
3.167095446560007076e+03 2.016815517934650188e+02 9.531591319370740223e+01 1.242414773540248945e+02 7.242574050163996446e+01
3.167499841433481379e+03 2.018192259696694464e+02 9.622446647182668755e+01 1.234120070337072264e+02 7.187270430039119162e+01
3.167864293319493299e+03 2.019821575542031837e+02 9.701414375423648551e+01 1.225199873309585286e+02 7.142289132782967442e+01
3.168246415997889471e+03 2.020123201639423201e+02 9.785457201120482296e+01 1.216619516197688000e+02 7.090963099492266508e+01
3.168677249643503274e+03 2.019850513469007751e+02 9.870458065156763894e+01 1.207943406989067654e+02 7.041312531844194211e+01
3.169170221579040117e+03 2.018337276657354096e+02 9.939619834174112611e+01 1.200094172753055659e+02 6.981260826612299297e+01
3.171849331515231370e+03 2.012597483423194262e+02 9.955690961755389878e+01 1.194547789131370337e+02 6.898488801069703413e+01
3.181732891445346922e+03 2.003650479117688974e+02 9.920197729939584974e+01 1.188928441166280265e+02 6.837331455438543060e+01
3.188279846426821678e+03 1.997973865085614591e+02 1.001879986452869815e+02 1.179591708461352937e+02 6.871138911021340334e+01
3.188814813886036518e+03 1.999293349493637209e+02 1.009311591560916952e+02 1.170605896741931957e+02 6.914844519583613192e+01
3.189325605037749483e+03 2.000033520935988633e+02 1.012612613018966670e+02 1.161242589795017039e+02 6.949399142808010765e+01
3.189811767906398472e+03 2.002735003675710459e+02 1.015011668490148224e+02 1.151478146489429690e+02 6.968396755683333765e+01
3.190288613840658854e+03 2.007626630110259214e+02 1.021407182364494588e+02 1.141502917936742705e+02 6.975420699330581442e+01
3.190768412520877973e+03 2.011487521801554408e+02 1.030023616346997670e+02 1.131516699748799795e+02 6.980292996267266403e+01
3.191257154219779295e+03 2.012085496085755665e+02 1.037249314320105924e+02 1.121528439527455134e+02 6.984713440837533938e+01
3.191767607131014756e+03 2.012535184000545598e+02 1.041461062313122738e+02 1.111549401248467035e+02 6.991181871514376667e+01
3.192313368911754878e+03 2.015730545243097822e+02 1.043570252262493767e+02 1.101560362839075253e+02 6.994136914816674278e+01
3.192881637510354722e+03 2.019236279487842012e+02 1.046181806622598458e+02 1.091561223889813448e+02 6.994279199561513849e+01
3.193471683742753157e+03 2.022633251138871060e+02 1.051703776021941650e+02 1.081576652173301767e+02 6.991496416735439823e+01
3.194095387711748572e+03 2.026698481359716482e+02 1.060301657161593880e+02 1.071596182949429021e+02 6.988391172818826647e+01
3.194699407357287782e+03 2.028976554804886518e+02 1.067786497295389410e+02 1.061600763260672977e+02 6.988358368608145099e+01
3.195263671073596925e+03 2.029189495143050976e+02 1.072978053321322705e+02 1.051627467960182969e+02 6.981875334649541287e+01
3.195851847647107661e+03 2.027261479414373753e+02 1.079798263179614395e+02 1.041756653883423240e+02 6.966782152103198200e+01
3.196508916271739963e+03 2.025281986450966372e+02 1.085521628459895140e+02 1.032171342877502127e+02 6.939253102458386024e+01
3.197522083245779868e+03 2.028538843725405059e+02 1.087959257186817723e+02 1.023539650640364300e+02 6.891211163330740419e+01
3.201945778804728434e+03 2.044849587671965878e+02 1.095139006939386661e+02 1.014584449531018038e+02 6.859657014085907178e+01
3.205790731345800396e+03 2.048393664484099759e+02 1.099670278609191740e+02 1.004595044596983229e+02 6.855182990801847609e+01
3.237898705939945557e+03 2.036266293015708015e+02 1.094013965213380857e+02 9.966617286898663508e+01 6.882347645695051597e+01
3.238878062319676246e+03 2.036022171354180159e+02 1.106630278644933725e+02 9.867949270339980217e+01 6.895496948072522514e+01
3.239337102743094420e+03 2.037509779019729308e+02 1.116829889894542873e+02 9.768722934590009288e+01 6.907613505804953036e+01
3.239741843904868801e+03 2.038979749695039629e+02 1.126158174229150006e+02 9.669082740706753043e+01 6.915302451825454000e+01
3.240117071863100136e+03 2.042038930379304986e+02 1.133738302558362250e+02 9.569298124033247177e+01 6.921838850298179580e+01
3.240487453654729052e+03 2.046564462251378416e+02 1.140317429375358671e+02 9.469574123058511361e+01 6.929256205263261847e+01
3.240847206356682364e+03 2.051429372659986257e+02 1.147406319736964093e+02 9.369691651626396833e+01 6.928625019921483386e+01
3.241194416666844518e+03 2.055243569551670078e+02 1.155527806394274677e+02 9.269706907988923206e+01 6.927506427030603220e+01
3.241550198856850329e+03 2.058057222808812980e+02 1.163907631687210085e+02 9.169737551569149048e+01 6.929561734221663016e+01
3.241895569756507030e+03 2.060255597390053026e+02 1.171371876761864286e+02 9.069994975084402711e+01 6.924179006719690221e+01
3.242228805276820822e+03 2.061524821595461106e+02 1.178917908341747562e+02 8.970103479686208914e+01 6.920146652379469288e+01
3.242574711623692110e+03 2.062644089372870155e+02 1.187511958249480983e+02 8.870383092248800949e+01 6.925896840525115294e+01
3.242916787091956849e+03 2.064441513287601992e+02 1.196203065370265790e+02 8.770535477890692277e+01 6.931104060402938671e+01
3.243257378397214325e+03 2.067395829947008963e+02 1.204753965973088015e+02 8.670699738445242133e+01 6.936771928122348640e+01
3.243598977214458955e+03 2.070822697219902864e+02 1.213036501015891702e+02 8.571368009864154658e+01 6.947958982846016340e+01
3.243927542505299243e+03 2.073408487137398026e+02 1.220976252416764964e+02 8.471590967605862943e+01 6.953064645167654589e+01
3.244271743618438904e+03 2.075175203732306954e+02 1.229786505746282756e+02 8.371748350849088638e+01 6.948925916019477711e+01
3.244609741658845451e+03 2.076952111434263202e+02 1.238674924376323503e+02 8.271803422650395987e+01 6.948685520585841857e+01
3.244953953778785490e+03 2.080176548247883090e+02 1.247089462707077985e+02 8.171837015776114299e+01 6.951224196572202629e+01
3.245322552968214495e+03 2.084133149759350658e+02 1.255463068073290174e+02 8.071846349278396815e+01 6.952009869389797814e+01
3.245668019358613947e+03 2.086560660099004565e+02 1.263603593078189391e+02 7.971902216366534333e+01 6.954979819980758293e+01
3.246001553178038193e+03 2.087758479456454950e+02 1.272119747477742777e+02 7.871981024747428535e+01 6.952767965222678015e+01
3.246363488228606911e+03 2.089578349562322614e+02 1.281611786409180809e+02 7.772396567365767339e+01 6.944030876458187151e+01
3.246719395668664674e+03 2.091807726472176228e+02 1.290728912239266037e+02 7.672550003648230188e+01 6.939354092375559446e+01
3.247058823956078868e+03 2.093963767313974529e+02 1.299320167631313154e+02 7.572650469985356381e+01 6.934932588680413801e+01
3.247397446511880844e+03 2.096196119540944949e+02 1.308099438203584555e+02 7.473141527072698409e+01 6.925372543614149379e+01
3.247744934979257778e+03 2.098498645143717454e+02 1.317083676059364450e+02 7.373325672189513114e+01 6.920150283514114165e+01
3.248101345259123264e+03 2.101135972536097540e+02 1.325835466514791108e+02 7.273507435788907571e+01 6.914254488869404724e+01
3.248472586745166609e+03 2.105003553067757878e+02 1.334656177926970884e+02 7.174038869867941060e+01 6.904135427933471192e+01
3.248828338156718473e+03 2.109170230949933398e+02 1.343108601092197603e+02 7.074184876118010834e+01 6.900496124631675343e+01
3.249175037776652516e+03 2.112877841403347077e+02 1.351535727371319524e+02 6.974201159253186688e+01 6.898697620464334079e+01
3.249520327936676040e+03 2.116422837284522416e+02 1.359971231458022487e+02 6.874561908603730842e+01 6.890823259963802627e+01
3.249843640576289999e+03 2.119225060909042213e+02 1.367789583829466835e+02 6.774675840812741967e+01 6.890297791573141239e+01
3.250169881658678150e+03 2.122172912725015124e+02 1.375497024932641921e+02 6.674832082270994249e+01 6.895610028794190782e+01
3.250501728740694944e+03 2.125565007605156609e+02 1.383360322849914041e+02 6.574934675850323629e+01 6.893796496956245790e+01
3.250845575216959332e+03 2.128417794200866808e+02 1.391956222091466486e+02 6.474951565162469080e+01 6.893244879567052408e+01
3.251210668277344212e+03 2.131005329333876830e+02 1.401401712433021487e+02 6.375061802864186689e+01 6.897494489598584266e+01
3.251577051240004948e+03 2.134759957574572979e+02 1.410694836723320975e+02 6.275096810686125082e+01 6.897590875734766769e+01
3.251931404948269119e+03 2.139140779236026049e+02 1.419524403831553627e+02 6.175435168377680384e+01 6.904637327877632913e+01
3.252297551324093547e+03 2.143223445205088922e+02 1.428620771918726575e+02 6.076307654160486749e+01 6.917674974519437114e+01
3.252645187500816974e+03 2.147512163035571291e+02 1.436278706781108667e+02 5.976657082452396708e+01 6.925406435182524945e+01
3.252991298039523372e+03 2.151542430638840244e+02 1.443573681342788007e+02 5.877837551798135962e+01 6.940110669196447191e+01
3.253378920170623132e+03 2.156347502275188504e+02 1.451662885226968456e+02 5.781969589868024428e+01 6.968003479716767856e+01
3.253740933045530710e+03 2.162413393173223710e+02 1.458627152480040365e+02 5.685442038430141309e+01 6.994023840299684025e+01
3.254119504845428764e+03 2.169390348389582925e+02 1.465715141761273514e+02 5.591687260740640397e+01 7.028467497916668094e+01
3.254520027442833907e+03 2.176276753622620106e+02 1.473243241901805902e+02 5.504494142890187192e+01 7.077025411965257717e+01
3.254919923655505499e+03 2.182643717392736846e+02 1.481121015498954137e+02 5.416362880735427865e+01 7.124228132386028278e+01
3.255328782512646740e+03 2.188695876361956891e+02 1.489396777461934391e+02 5.334004550016985746e+01 7.180670295026837380e+01
3.255757634687564405e+03 2.195415827090768630e+02 1.497253569746110315e+02 5.257736105444384123e+01 7.245255530058580007e+01
3.256189033501631911e+03 2.203434538675506360e+02 1.503772762878776916e+02 5.180892148563982147e+01 7.309238369203677621e+01
3.256608596034593575e+03 2.212029623672343064e+02 1.509195184022279363e+02 5.111766717409471994e+01 7.381303155151317696e+01
3.257032630381883791e+03 2.220739464389438353e+02 1.514244929615249760e+02 5.043963093936262254e+01 7.454805694731501831e+01
3.257478055783347372e+03 2.229520086168649584e+02 1.519259273518831890e+02 4.983669895316688070e+01 7.534465293428144150e+01
3.257930484810970484e+03 2.238169009401247536e+02 1.523407558647139410e+02 4.935791125367113352e+01 7.622079290958131992e+01
3.258398550480877020e+03 2.247472560247997535e+02 1.526300527501059321e+02 4.890155535970536960e+01 7.711058991805782625e+01
3.258876519183278106e+03 2.256889312826696141e+02 1.528033356590166250e+02 4.864644866671041967e+01 7.807304073624989371e+01
3.259335691211554149e+03 2.265615749435245618e+02 1.527229860143168878e+02 4.851321191932748889e+01 7.906351033508268245e+01
3.259825170252600401e+03 2.274524453042902223e+02 1.523613025821987605e+02 4.861491926008985587e+01 8.005420159828705096e+01
3.260298985928816364e+03 2.282441937001665337e+02 1.517978618479376962e+02 4.901409959579760311e+01 8.096501932759007047e+01
3.260766843822961619e+03 2.288459074126718065e+02 1.509915663530864833e+02 4.952311451797046260e+01 8.182524948883785498e+01
3.261215290847228061e+03 2.293196239764486393e+02 1.501625184908341168e+02 5.027404568882428748e+01 8.247548859345077688e+01
3.261642259047962398e+03 2.296515559761124052e+02 1.493195665637494471e+02 5.107761132405680371e+01 8.307059687438919582e+01
3.262108415741610770e+03 2.298256197103827674e+02 1.484471562410239187e+02 5.191018569510426062e+01 8.362428841433376192e+01
3.262567520112655529e+03 2.298749598760602453e+02 1.479727443183232083e+02 5.280237924804301031e+01 8.407433005864668019e+01
3.262985367632944872e+03 2.300432392932941355e+02 1.475642288755837797e+02 5.364573222062429636e+01 8.461042311408994010e+01
3.263420454832075393e+03 2.304929019763881115e+02 1.469204306884361131e+02 5.455181233037968980e+01 8.503097984680452726e+01
3.263898659546974613e+03 2.309867219959597548e+02 1.461319764673013708e+02 5.545919248291957615e+01 8.545126793345502847e+01
3.264413245233452471e+03 2.314849796881294708e+02 1.454604393879025963e+02 5.610376477030683162e+01 8.620467039937325637e+01
3.264953695112345031e+03 2.322355923568497360e+02 1.450374779531153990e+02 5.661071414519059175e+01 8.706597161202437007e+01
3.265596165629599000e+03 2.329354953269785540e+02 1.448982767759189585e+02 5.686203517345426661e+01 8.803155901595759758e+01
3.266937072344519947e+03 2.327008763629676196e+02 1.448318549435926457e+02 5.682441732405230539e+01 8.902891586092842147e+01
3.267681440499376549e+03 2.318951403171829213e+02 1.442503483966308977e+02 5.717264168045856110e+01 8.818380988355939110e+01
3.268319939604418778e+03 2.317189961932443509e+02 1.429117908552223923e+02 5.782549527077888740e+01 8.743172108283431498e+01
3.268823895073085623e+03 2.313848855168743626e+02 1.417637798590178591e+02 5.880598491211060974e+01 8.723567998753659936e+01
3.269320850671138032e+03 2.312327571098482792e+02 1.406064808930734102e+02 5.976211350302399694e+01 8.694528419575092926e+01
3.269805725526887727e+03 2.311842187326671763e+02 1.396920212535263204e+02 6.076177112844854378e+01 8.691916447853910199e+01
3.270373208570018505e+03 2.313006720164771366e+02 1.389619436198114215e+02 6.175812152787671039e+01 8.689539211830617660e+01
3.271427974813500441e+03 2.315901248183654673e+02 1.383970859583630215e+02 6.264758660052522998e+01 8.733604465157100094e+01
3.272793222117815731e+03 2.308451377102462914e+02 1.375956580613856204e+02 6.363498668459218521e+01 8.717859108692752557e+01
3.273311935781172906e+03 2.307490840633936386e+02 1.365880297164401043e+02 6.461313590386092187e+01 8.698272397647390619e+01
3.273771978560861498e+03 2.308605492418046197e+02 1.355785460572276691e+02 6.561254376692821211e+01 8.699516208425696107e+01
3.274253642162015240e+03 2.308643512770777875e+02 1.345259479618531770e+02 6.660839468116057560e+01 8.690466672695622208e+01
3.274777748650281410e+03 2.305634906446538253e+02 1.335848235128605381e+02 6.760045717035285406e+01 8.677983857805615742e+01
3.275417021764882065e+03 2.304387703023118945e+02 1.327372310581742738e+02 6.858712414169927740e+01 8.662380691562567847e+01
3.285328531667706102e+03 2.307974092679714317e+02 1.319919971021099911e+02 6.948327688601833074e+01 8.674493024532947061e+01
3.312972581504651771e+03 2.310523825848320314e+02 1.312463814314230319e+02 7.026151170405796620e+01 8.647394366960295997e+01
3.321033768565549053e+03 2.314921374940918213e+02 1.302669442853150770e+02 7.117086605425147638e+01 8.675067877599566657e+01
3.324748699781752293e+03 2.320674028200771204e+02 1.301067344887906643e+02 7.187224990634368282e+01 8.672930609591611528e+01
3.327567549270745076e+03 2.327637939152934621e+02 1.295736822074986776e+02 7.269592165702763964e+01 8.628739165407766620e+01
3.328264802426404458e+03 2.329776400167245924e+02 1.285840159451702505e+02 7.368729463924734091e+01 8.624763921159470215e+01
3.328769973017004759e+03 2.326418863779360606e+02 1.277362074886094803e+02 7.468486763558844643e+01 8.622440342385715439e+01
3.329241931160227978e+03 2.325273346558138599e+02 1.269749504035099505e+02 7.568377305418270851e+01 8.619287992038668733e+01
3.329720933173114190e+03 2.326834682852771721e+02 1.263225863972666900e+02 7.668173085140394107e+01 8.614114042105582314e+01
3.330199260299344587e+03 2.328194553406593741e+02 1.257187223761678752e+02 7.767511843919525916e+01 8.602897325563024822e+01
3.330658030549171144e+03 2.328068333235352156e+02 1.252879172007303907e+02 7.867097012754504703e+01 8.601080391800232405e+01
3.331091589091590322e+03 2.327151813323112606e+02 1.250755720043182322e+02 7.965353775980200624e+01 8.588677086760155532e+01
3.331528079603270726e+03 2.327210280267065627e+02 1.248092364907962946e+02 8.064305918209360868e+01 8.581723900688476192e+01
3.332000774129767251e+03 2.327448002913634468e+02 1.245032353687077631e+02 8.164288427452336805e+01 8.583378626057502458e+01
3.332453209978787072e+03 2.325027036439175845e+02 1.242214474965575590e+02 8.264192553841093059e+01 8.580300655041369851e+01
3.332846759905238287e+03 2.320792935163624122e+02 1.239482563456550537e+02 8.363099646439087564e+01 8.589677363090132189e+01
3.333227471261133815e+03 2.320874467491844655e+02 1.235060891491522312e+02 8.462133280221839016e+01 8.603072906156681654e+01
3.333627494547167316e+03 2.323895541366506166e+02 1.229810274158914183e+02 8.561390722457501568e+01 8.615187896590103378e+01
3.334087369337358268e+03 2.325482829223268766e+02 1.227510241413507401e+02 8.657849953845773427e+01 8.639910033512761345e+01
3.341688552597637226e+03 2.325201247246947389e+02 1.222110749621801347e+02 8.750534497063071626e+01 8.666024892899476129e+01
3.345066424122780063e+03 2.320491515617171672e+02 1.211065286357804354e+02 8.845053146890316498e+01 8.636595220935528516e+01
3.345965880918333824e+03 2.316816843348973975e+02 1.206375442049163809e+02 8.940213061562619146e+01 8.607410663494563607e+01
3.348629568245302380e+03 2.314272075200997847e+02 1.205741698217807851e+02 8.927937041451909295e+01 8.559815650626300965e+01
3.358315435399496891e+03 2.320011588604052974e+02 1.201713013128439655e+02 8.943782511711798122e+01 8.613921341570161871e+01
3.367761319039530918e+03 2.315678905713500058e+02 1.191807733932186437e+02 9.037233743350154214e+01 8.611930470875904575e+01
3.369348964558391799e+03 2.310224497137710671e+02 1.181269833852384465e+02 9.137091066613751877e+01 8.613905593583875486e+01
3.369887724110257750e+03 2.305298133075238809e+02 1.172045570770445266e+02 9.236231953322419486e+01 8.601651490325153304e+01
3.370337824922838081e+03 2.300884480219367276e+02 1.163755806165958973e+02 9.333926110788094377e+01 8.580375644256488954e+01
3.370785684008152657e+03 2.296143813944732699e+02 1.155345745695783393e+02 9.432716367348612607e+01 8.564933081197131060e+01
3.371253225199614008e+03 2.293098123996480808e+02 1.146093616365047865e+02 9.530945867391578474e+01 8.546216645875472295e+01
3.371733025907321007e+03 2.290099774234008407e+02 1.137059489178412690e+02 9.630850294195319350e+01 8.546783954755940726e+01
3.372219742960269286e+03 2.288214634182713780e+02 1.128779052634738491e+02 9.730836981227535887e+01 8.548415522672883071e+01
3.372747773259310634e+03 2.288042688731916030e+02 1.121134416340690620e+02 9.830547585257919252e+01 8.555943266119884072e+01
3.373391120275898629e+03 2.286253445985353778e+02 1.116226260078047119e+02 9.928880365506337569e+01 8.574039157179780091e+01
3.378261368809663963e+03 2.283720402108531857e+02 1.108578050656483214e+02 1.002797163438053047e+02 8.561636880530096505e+01
3.379623526224742818e+03 2.281009883323493455e+02 1.099029536807205574e+02 1.012783662527457409e+02 8.566703261771347400e+01
3.381481559783465400e+03 2.281399263697064157e+02 1.093297197742476499e+02 1.022695215360058540e+02 8.553472835387896112e+01
3.389776025077590020e+03 2.278096082810180008e+02 1.078641580017908694e+02 1.032641615287571142e+02 8.547940813515221237e+01
3.392061611521645318e+03 2.276737152702795299e+02 1.070557860035631847e+02 1.042217869689450538e+02 8.574242921880636459e+01
3.396752827064426128e+03 2.275913267614252220e+02 1.066439998690207602e+02 1.052086801677644274e+02 8.564277661941767406e+01
3.408775102210952809e+03 2.276734603333799214e+02 1.065210988186978511e+02 1.054322346715091214e+02 8.564209510733945763e+01
3.411387189030182526e+03 2.275114555956285187e+02 1.059092308468584065e+02 1.062742573394068586e+02 8.513686488650778017e+01
3.412653299803042501e+03 2.272263653925786855e+02 1.048880911202762860e+02 1.072447554454444258e+02 8.489689107517386901e+01
3.413578920271737843e+03 2.270586325832621242e+02 1.038727888508177841e+02 1.082296105286218904e+02 8.480404259946321588e+01
3.414507386438146568e+03 2.269881871112394549e+02 1.028654766586869584e+02 1.092254994219193662e+02 8.489456677806897744e+01
3.415397173237141033e+03 2.268171712432640277e+02 1.018360919545155951e+02 1.102222250627618791e+02 8.497508375750113885e+01
3.416154135521531316e+03 2.265479340025471515e+02 1.009080658112826825e+02 1.112204031168840714e+02 8.500316845375562025e+01
3.416875910071168164e+03 2.262440280537624346e+02 9.998370499329966776e+01 1.122197804133583503e+02 8.496806472716059488e+01
3.417585562807641963e+03 2.259223856393550989e+02 9.902213250838964598e+01 1.132167115744705512e+02 8.490267079151912810e+01
3.418282442733031985e+03 2.256073154907103060e+02 9.807756314177071033e+01 1.142123781696868434e+02 8.482265767602052620e+01
3.418954415069740207e+03 2.252455111752402956e+02 9.721031299730404385e+01 1.152119315521776457e+02 8.479391432917775262e+01
3.419625104210930658e+03 2.248245521064570482e+02 9.635247144485799708e+01 1.162109578631516627e+02 8.475020580690392080e+01
3.420331866450059351e+03 2.243190445747999888e+02 9.550208868039754861e+01 1.172101439783027672e+02 8.471247252872501576e+01
3.421054594435927356e+03 2.236073855596229976e+02 9.477659602478304635e+01 1.181909014597741958e+02 8.456957528536666757e+01
3.421792973703114512e+03 2.227167700332092295e+02 9.411019822085894759e+01 1.191343443875412760e+02 8.424154892597378819e+01
3.422513864514280158e+03 2.217385308224042717e+02 9.350078002228757157e+01 1.200251761421324801e+02 8.379503930012332091e+01
3.423191870501913854e+03 2.207899785295946913e+02 9.304365275862420503e+01 1.208469074742316565e+02 8.322755500462528744e+01
3.423869671128263690e+03 2.199091103418394084e+02 9.262326423326376812e+01 1.215775548706115927e+02 8.255103003378036419e+01
3.424549324856676776e+03 2.190748811350556764e+02 9.213065664989125025e+01 1.222974384058748427e+02 8.186180240683545151e+01
3.425190360877980311e+03 2.182709204301092427e+02 9.160099060737536547e+01 1.230847969812755451e+02 8.124548750052093737e+01
3.425816364058357067e+03 2.175175301142461421e+02 9.101264004663835294e+01 1.239101742869416825e+02 8.068313625427366276e+01
3.426501214543584865e+03 2.167438506405854639e+02 9.033457140233610971e+01 1.247958181524495700e+02 8.022375239239855205e+01
3.427229538873683850e+03 2.160069583537669473e+02 8.958088102332466462e+01 1.257043755171505524e+02 7.980632770370792173e+01
3.427949370107792220e+03 2.153806645995368854e+02 8.874690944196819942e+01 1.266479327535758159e+02 7.950069458026834468e+01
3.428619778386935195e+03 2.147681656840643711e+02 8.789574693163942243e+01 1.276175428284736739e+02 7.926082601743756584e+01
3.429229082320269754e+03 2.142149563235438166e+02 8.709211918474028380e+01 1.285903891049805736e+02 7.903590296922102709e+01
3.429814793498638210e+03 2.137181160295047846e+02 8.629922032086238914e+01 1.295715834704975009e+02 7.884342828358782640e+01
3.430434543023952301e+03 2.131888269049247526e+02 8.551167451472383618e+01 1.305413728208316115e+02 7.860178453349615779e+01
3.431117950479983392e+03 2.126153335050072144e+02 8.471125502983990430e+01 1.315129120343028717e+02 7.836723011807987405e+01
3.431818188108630693e+03 2.120886746330450308e+02 8.384297668312618157e+01 1.324747277198454469e+02 7.809953371968560987e+01
3.432489038841763431e+03 2.116048317413977315e+02 8.295698420493206982e+01 1.334518606446676472e+02 7.794249368946728396e+01
3.433115135597638073e+03 2.111362143364256099e+02 8.209009847059660103e+01 1.344464598330623346e+02 7.785160515651011792e+01
3.433753316629600704e+03 2.107141881670312387e+02 8.116695573973100863e+01 1.354427214468088891e+02 7.780249761144131071e+01
3.434416839418408017e+03 2.102049096761208773e+02 8.026385215660803851e+01 1.364422346621331030e+02 7.778335663259228738e+01
3.435094891783344792e+03 2.097563322990421284e+02 7.932861040676777975e+01 1.374310324062220161e+02 7.765410463533041252e+01
3.435776524821863859e+03 2.093571480713070230e+02 7.841264262012204256e+01 1.384201253241311349e+02 7.764148559366736890e+01
3.436435844626109883e+03 2.089816026054000702e+02 7.753512714712285003e+01 1.394119913940720323e+02 7.760015115650323025e+01
3.437102853185825097e+03 2.088134282935303361e+02 7.656209507536865999e+01 1.403994038524157020e+02 7.765159482301986316e+01
3.437749944933663755e+03 2.086976041547058287e+02 7.553523661851261295e+01 1.413844648386678671e+02 7.782378645754492652e+01
3.438441098421859351e+03 2.086314206663721507e+02 7.448198015185479903e+01 1.423552476251567782e+02 7.805887666245489243e+01
3.439165104468995196e+03 2.084789250102147093e+02 7.345050526116398260e+01 1.433092814822678065e+02 7.835774664369746745e+01
3.439902145900920914e+03 2.083157384906149616e+02 7.239521741544753297e+01 1.442859375621958975e+02 7.854967613699908213e+01
3.440622356214462343e+03 2.083114911499375808e+02 7.134613518181255643e+01 1.452322765145846120e+02 7.884277274123384416e+01
3.441331830079432166e+03 2.086213810432596460e+02 7.034765634561478009e+01 1.461782921075328261e+02 7.916143139227087033e+01
3.442112684596247618e+03 2.091370397885988268e+02 6.925725932658338024e+01 1.469769221546443703e+02 7.971362385375124404e+01
3.442826525261084498e+03 2.095907235017492098e+02 6.822483092556592510e+01 1.477722240040200461e+02 8.031127441602711770e+01
3.443555914167275660e+03 2.100460359397550292e+02 6.726144632191740413e+01 1.485182325328124193e+02 8.096826321139083404e+01
3.444305622386602863e+03 2.105191392280297009e+02 6.632602118476653175e+01 1.493022983429914632e+02 8.158117757366808576e+01
3.445105317676941013e+03 2.110013628240995729e+02 6.538168852355188676e+01 1.500294855727640879e+02 8.225855375757531363e+01
3.445956228783973074e+03 2.112689526813909424e+02 6.436996446223179191e+01 1.508278346635157163e+02 8.284469023861815629e+01
3.446935040669573027e+03 2.115486411885388520e+02 6.325316853566897635e+01 1.516474876171410529e+02 8.341525558216967795e+01
3.447844258995964083e+03 2.118412186085215865e+02 6.235502552152245670e+01 1.524222324524228611e+02 8.404690828696728033e+01
3.448982280944670492e+03 2.123114126409663527e+02 6.190058870838404204e+01 1.529347221475337335e+02 8.487763956410459798e+01
3.450847605785882934e+03 2.114959031750168776e+02 6.259233500607825817e+01 1.524252924395606499e+02 8.476579483144334404e+01
3.451537919062031051e+03 2.110317052599702663e+02 6.340474374121413348e+01 1.518922470704430907e+02 8.394565740589904124e+01
3.452265786179197221e+03 2.108412463979286713e+02 6.408739828820731077e+01 1.510622475064612331e+02 8.342255663718732706e+01
3.453358770046851077e+03 2.103412670947959100e+02 6.471193917324019651e+01 1.501008268097172902e+02 8.314779666729835128e+01
3.454297812567207984e+03 2.093071763506726484e+02 6.518013471424514194e+01 1.494192090696480477e+02 8.255924234825607755e+01
3.454847244164195217e+03 2.082900959641041823e+02 6.555925306305870492e+01 1.490099606405150041e+02 8.164690591645404538e+01
3.455312668659837982e+03 2.073234129422730803e+02 6.589280551727043189e+01 1.486950802890113152e+02 8.070318882803604765e+01
3.455743748753358432e+03 2.063697488031563694e+02 6.610662037764048193e+01 1.485937696015666347e+02 7.971496173956759890e+01
3.456122984725070637e+03 2.054900162772240435e+02 6.624810251711055287e+01 1.485561981867676593e+02 7.871628211575475120e+01
3.456487700587153540e+03 2.046681148442846450e+02 6.652650133568610613e+01 1.485462713367263916e+02 7.771772752363281711e+01
3.456854748385653693e+03 2.038514698529197346e+02 6.686358404155325275e+01 1.486310295407510864e+02 7.672223027132396567e+01
3.457210964827932912e+03 2.030219652965875810e+02 6.709190925633421898e+01 1.486696516440260893e+02 7.572578195688019775e+01
3.457595311996250985e+03 2.020966731979442557e+02 6.724641247699553048e+01 1.487060828250279769e+02 7.472808149101122410e+01
3.457999495185567866e+03 2.011133882208643229e+02 6.723192444723429162e+01 1.489222467551298053e+02 7.375869280478980272e+01
3.458380160060005437e+03 2.001954020307405244e+02 6.712780486725644380e+01 1.492398734479354232e+02 7.281047722215623708e+01
3.458763035489807862e+03 1.992855557789919487e+02 6.711266202364022604e+01 1.496573632945774648e+02 7.190680420895102998e+01
3.459168188974121676e+03 1.983138189546306478e+02 6.707820372556031430e+01 1.501880807709925705e+02 7.106010200816058386e+01
3.459562067820840184e+03 1.973639001239899926e+02 6.699139621188817273e+01 1.506357767778459902e+02 7.017258743380877206e+01
3.459951980605881545e+03 1.964565866379160752e+02 6.702758942270058640e+01 1.510269434257437808e+02 6.925262630031801336e+01
3.460351365865769822e+03 1.955708230748983567e+02 6.717096303724322581e+01 1.514456890380346579e+02 6.834454807290411793e+01
3.460737904634877395e+03 1.947236737936921713e+02 6.737901568067033509e+01 1.516920348935414040e+02 6.738850380141487051e+01
3.461123620615392610e+03 1.938844054330373581e+02 6.773130462726989265e+01 1.518159350447729992e+02 6.639624075609003739e+01
3.461506350679651860e+03 1.930419528645065270e+02 6.808831210830568637e+01 1.519639833842383609e+02 6.540737380315566440e+01
3.461877041325895334e+03 1.922139497997924309e+02 6.839938600170131622e+01 1.519961243171291585e+02 6.441383570068612130e+01
3.462251850857283898e+03 1.913885169054465791e+02 6.878915628284455863e+01 1.519646110261224692e+02 6.341461692052231314e+01
3.462618632657611670e+03 1.905342447975742743e+02 6.910262373402288461e+01 1.520278242925371046e+02 6.241859437921822717e+01
3.462983064236885184e+03 1.896499840370366030e+02 6.926592234064085574e+01 1.520502854187691923e+02 6.142191796672911153e+01
3.463356332559103066e+03 1.887824419586635827e+02 6.950905091229704169e+01 1.520514551869387674e+02 6.042260116526757230e+01
3.463712547066446859e+03 1.879438870909953607e+02 6.981771934001791635e+01 1.521901646001172708e+02 5.943632963014692905e+01
3.464078792786666781e+03 1.870703967106269658e+02 7.013787204333310399e+01 1.523326421510643627e+02 5.844829592635825577e+01
3.464462871703541623e+03 1.862200161462655785e+02 7.052858946070860213e+01 1.524235034823859110e+02 5.745243584973844975e+01
3.464843890466835092e+03 1.853833267874942976e+02 7.087545769800381379e+01 1.525678662145567444e+02 5.646400494803221193e+01
3.465232712853423436e+03 1.845117783780928562e+02 7.115849745878713861e+01 1.526402904313088698e+02 5.547082828463501158e+01
3.465630663594868111e+03 1.836959086055389321e+02 7.152167599782546858e+01 1.526415246377507913e+02 5.447083469170093650e+01
3.466066689131901057e+03 1.828662515075900217e+02 7.197436757748481284e+01 1.526667096464885844e+02 5.347130390776043640e+01
3.466513971618801406e+03 1.820061625954538727e+02 7.241374629869756063e+01 1.525622312575894739e+02 5.248390394725925745e+01
3.466933060548855792e+03 1.811507710928335939e+02 7.279733872888792234e+01 1.524499464557093518e+02 5.149297185138092203e+01
3.467374488278101580e+03 1.801973173425992059e+02 7.315535982424182748e+01 1.524253356313413121e+02 5.049353274378901801e+01
3.467809617836536290e+03 1.792963341336453880e+02 7.358087046544403620e+01 1.523576047692867235e+02 4.949709182728957302e+01
3.468215122046216038e+03 1.784310086727271312e+02 7.401176224008547422e+01 1.523436858263844726e+02 4.850014712327713085e+01
3.468641069015694939e+03 1.774211652866257225e+02 7.435825419868599795e+01 1.523052677848300505e+02 4.750336901356668307e+01
3.469058622401975754e+03 1.764432013231289886e+02 7.464629135943948768e+01 1.522555012271206181e+02 4.650529127007529695e+01
3.469446833603928553e+03 1.755391908973732598e+02 7.487646113238363910e+01 1.523487399342365620e+02 4.551387070665785473e+01
3.469837477177011351e+03 1.746114060961637051e+02 7.507737282426849390e+01 1.524219170421089871e+02 4.451943039220599729e+01
3.470243244184157902e+03 1.737183205878147589e+02 7.539567065251459610e+01 1.524418349982097993e+02 4.351964633533121685e+01
3.470665156929667319e+03 1.727967719271059366e+02 7.579017670645538374e+01 1.525501101145731866e+02 4.252780776783767180e+01
3.471092491847335168e+03 1.718445997061082835e+02 7.614713737344270328e+01 1.525779848103777567e+02 4.153399476246065802e+01
3.471493364830975224e+03 1.709553411734538599e+02 7.644135097682308810e+01 1.525912780641011466e+02 4.053569969651810112e+01
3.471910225772171543e+03 1.700227048715280489e+02 7.670787486343405703e+01 1.526774247388154322e+02 3.953966031107761836e+01
3.472315094341285658e+03 1.691609088622080890e+02 7.703720918691325892e+01 1.526695464966568636e+02 3.854362825059359920e+01
3.472692851624655304e+03 1.683738934374710539e+02 7.743135434048289767e+01 1.526791822232868867e+02 3.754611293277490347e+01
3.473112803477604302e+03 1.674062630202502930e+02 7.783093496874072059e+01 1.527132360117111887e+02 3.654699319161383642e+01
3.473509696558048745e+03 1.664661729964370807e+02 7.812907363360274360e+01 1.526659982944843534e+02 3.554931330127539724e+01
3.473867320534066039e+03 1.656548671478404344e+02 7.839491180256031555e+01 1.527052935911694078e+02 3.455501120517217828e+01
3.474283311141758531e+03 1.647120936267035063e+02 7.872920157940265540e+01 1.528122481897472369e+02 3.356078342318752306e+01
3.474720724416668418e+03 1.637526033876211500e+02 7.919839185011079508e+01 1.527796439608842149e+02 3.256682284436865160e+01
3.475114786500587343e+03 1.628820201147229056e+02 7.963777900199629300e+01 1.527561349949499174e+02 3.156970547078525513e+01
3.475539488374837219e+03 1.619085662457190722e+02 7.999516082814810147e+01 1.526920080919112763e+02 3.057469496034627454e+01
3.475968133110387953e+03 1.610654709906215771e+02 8.050013240503008660e+01 1.525365863041715784e+02 2.958715959312651833e+01
3.476380304625268309e+03 1.603331662215234417e+02 8.113315525796093652e+01 1.524073318088792064e+02 2.859619962446606323e+01
3.476811618373040801e+03 1.596100755100371202e+02 8.178668003993129787e+01 1.521139329374460658e+02 2.765298414006636563e+01
3.477255287988512919e+03 1.590901422797851410e+02 8.245883520006834999e+01 1.517829757546329006e+02 2.671169909760634908e+01
3.477826137785646097e+03 1.588383622055930289e+02 8.299602102936476911e+01 1.513190719698621081e+02 2.583983323606752691e+01
3.479255505965949851e+03 1.600075534300050037e+02 8.224876707044114710e+01 1.509603927968568371e+02 2.614097211477942651e+01
3.479816603571747692e+03 1.609080601933903836e+02 8.155595798695324561e+01 1.510184118911714108e+02 2.713671237957871085e+01
3.480284157587337177e+03 1.619028840995061955e+02 8.096663797261753359e+01 1.510557431124170478e+02 2.813597783146129672e+01
3.480704853021621602e+03 1.628994666089002408e+02 8.046214197804447110e+01 1.511926445005654500e+02 2.912630301968181001e+01
3.481068771262079736e+03 1.638430366969667205e+02 8.007507152512501136e+01 1.512824891488457695e+02 3.012219270837544016e+01
3.481429863581715836e+03 1.648274792152395207e+02 7.978635263298910729e+01 1.513504570895692609e+02 3.111987159063858144e+01
3.481758310257027460e+03 1.656389654923436012e+02 7.945886099534523339e+01 1.514364866600269579e+02 3.211615595919246147e+01
3.482076732812964110e+03 1.662880678151929885e+02 7.904888033936391878e+01 1.514182146481819586e+02 3.311573802817564882e+01
3.482453700793429107e+03 1.668207290001943477e+02 7.848874635880193296e+01 1.514212946525198902e+02 3.411571899352625792e+01
3.482935945751873533e+03 1.671253125332759453e+02 7.782681465608020233e+01 1.517453729632861155e+02 3.505951169098818099e+01
3.483640445871827069e+03 1.677673179261483938e+02 7.716762967932844219e+01 1.522449699257953739e+02 3.592543624649449185e+01
3.484277815899139114e+03 1.687973258645408237e+02 7.691089229320793663e+01 1.525760306298438707e+02 3.686871526534326904e+01
3.484713131865188643e+03 1.697740451937728210e+02 7.695456916271132286e+01 1.525805811538678256e+02 3.786825732811551148e+01
3.485112505299121949e+03 1.708454875428047046e+02 7.703921907002136038e+01 1.524488157943508497e+02 3.885953232141196168e+01
3.485494405434454620e+03 1.719032356030730000e+02 7.684418258620233644e+01 1.522649510866110916e+02 3.984248270524193458e+01
3.485835559104094045e+03 1.728390346687336034e+02 7.662087240429559643e+01 1.520594694399266302e+02 4.082110847454664793e+01
3.486180736325332873e+03 1.738121328866628517e+02 7.640604539815379326e+01 1.519761183774680262e+02 4.181762551897057989e+01
3.486535034021862884e+03 1.748344461069027318e+02 7.616130779884873903e+01 1.519211939835094825e+02 4.281610531691885058e+01
3.486869693194531010e+03 1.757991557352302436e+02 7.598205558737396359e+01 1.518146795450106197e+02 4.381036309639360127e+01
3.487196790072599015e+03 1.767101234052043424e+02 7.572186334396448615e+01 1.518227882318285538e+02 4.481032400365866408e+01
3.487531306142040194e+03 1.775327564691113764e+02 7.520025675472878390e+01 1.518629870066185106e+02 4.580948407926013743e+01
3.487861411159543422e+03 1.783003154313047389e+02 7.465323109975729210e+01 1.518307310746527889e+02 4.680884937186530692e+01
3.488198671911054134e+03 1.791252823383840678e+02 7.419884820964009009e+01 1.519343367906384117e+02 4.780346696199026013e+01
3.488533289232853804e+03 1.799752852150812430e+02 7.373840464114127258e+01 1.520452444710241764e+02 4.879711508210458959e+01
3.488840525560279730e+03 1.807818460069213131e+02 7.339078947086893834e+01 1.520151439820881194e+02 4.979660955720980553e+01
3.489171491730861817e+03 1.816634243767751116e+02 7.313038142244236894e+01 1.520562910155366296e+02 5.079575959226147575e+01
3.489501144376697994e+03 1.825543803154651243e+02 7.281218868458010718e+01 1.521105972869140999e+02 5.179409392762941167e+01
3.489824922709605744e+03 1.834499615655420826e+02 7.254013714900125365e+01 1.520380191345051344e+02 5.279145665504785256e+01
3.490161898436701449e+03 1.843650545058250998e+02 7.233030611388875286e+01 1.519669166412896573e+02 5.378886892700858624e+01
3.490489001906024441e+03 1.851396740133739343e+02 7.193968468370729852e+01 1.519587182578818840e+02 5.478873673938532107e+01
3.490808978359521461e+03 1.858601193286441742e+02 7.147341579719787319e+01 1.518654572357429515e+02 5.578437800066539864e+01
3.491149024872938298e+03 1.866739161433870606e+02 7.107351377388704350e+01 1.517810666833906055e+02 5.678060696160445531e+01
3.491488008145646290e+03 1.874624927933855929e+02 7.064407630898038803e+01 1.518134183825967227e+02 5.778007621475971689e+01
3.491844070502877457e+03 1.882156660796713652e+02 7.014751791210349552e+01 1.518257748015085440e+02 5.877996362519829177e+01
3.492230869851202897e+03 1.889887037051800007e+02 6.968301979016293046e+01 1.518908360343679362e+02 5.977742520002372117e+01
3.492643274906419720e+03 1.896167120957708505e+02 6.913492293968820945e+01 1.521182344709628182e+02 6.075092207823211510e+01
3.493098258298217388e+03 1.900235833107914800e+02 6.846495231841909401e+01 1.524777054063286528e+02 6.168226327931624553e+01
3.493627639671678480e+03 1.904700010193147932e+02 6.760924786729333391e+01 1.530936662793429548e+02 6.246970291719907920e+01
3.494195388008377449e+03 1.910116428544415896e+02 6.669443473802506617e+01 1.536304246544833063e+02 6.331326241717786729e+01
3.494776470877206066e+03 1.916476189052838208e+02 6.595531758778612641e+01 1.542180652142699557e+02 6.412151192146254175e+01
3.495422153458293451e+03 1.925112094474351068e+02 6.581577810604636625e+01 1.546404113856570461e+02 6.501638298284316875e+01
3.496067198676665612e+03 1.935208710473473559e+02 6.607227714201195568e+01 1.544964148081383541e+02 6.600317840234627909e+01
3.496590769195390294e+03 1.943735728801955531e+02 6.641225541317874104e+01 1.541034697236554223e+02 6.691634011189785269e+01
3.497085770837597011e+03 1.951414817982116574e+02 6.697417012216490662e+01 1.534176347593278251e+02 6.764098277591777730e+01
3.497553159477271947e+03 1.959116722813440958e+02 6.763233189867300155e+01 1.526075012248921041e+02 6.822714344701613243e+01
3.497993152744987128e+03 1.967485987478918048e+02 6.813738842316833200e+01 1.518045777739824302e+02 6.882131741187758678e+01
3.498415235735952592e+03 1.975811623413156042e+02 6.857994263454386896e+01 1.509388496445434669e+02 6.931939302435530692e+01
3.498839356857140501e+03 1.984824464520757772e+02 6.899015152141910789e+01 1.501634067633857796e+02 6.994771985442724826e+01
3.499249604695004109e+03 1.994453681934193696e+02 6.910773379844391684e+01 1.495020483109254030e+02 7.069777078979031160e+01
3.499634753509788425e+03 2.004110718990711462e+02 6.905490924510746709e+01 1.488580245738592680e+02 7.145738578508903061e+01
3.500021734019268479e+03 2.013372356834126720e+02 6.885330088614534816e+01 1.484321883917163518e+02 7.236081056151911639e+01
3.500406688363425928e+03 2.021906511540648808e+02 6.853566645048174166e+01 1.481258979689350213e+02 7.331274864022515203e+01
3.500759330067790870e+03 2.029853536004287378e+02 6.822750451118713499e+01 1.478488630957813825e+02 7.427066633124499617e+01
3.501114967179903488e+03 2.037608193448232612e+02 6.781318635123356842e+01 1.477753783454993481e+02 7.526734480463034060e+01
3.501492856066590321e+03 2.044874832980957535e+02 6.727289813390717654e+01 1.477994935940267283e+02 7.626679637543441004e+01
3.501854768748205515e+03 2.051547246712021035e+02 6.671048501837312017e+01 1.479094476456810980e+02 7.725801024570523623e+01
3.502228971710807400e+03 2.058073895387952348e+02 6.603795115025306472e+01 1.482087774153665976e+02 7.821196148872273568e+01
3.502613713904951055e+03 2.064247213286819829e+02 6.524735626567996860e+01 1.485461333817163165e+02 7.915311398171664337e+01
3.502986145648389538e+03 2.070975598185631554e+02 6.455966385009627118e+01 1.488629832627994176e+02 8.009857786830797011e+01
3.503364904821921755e+03 2.077269773862296915e+02 6.386315691664797356e+01 1.493512519890597900e+02 8.097126502873521758e+01
3.503760892859776050e+03 2.082720372625589960e+02 6.308480522887077058e+01 1.498180826254508418e+02 8.185474710127125775e+01
3.504151226529746964e+03 2.088206561917458544e+02 6.235291749616807522e+01 1.502210898030755857e+02 8.276785727233475143e+01
3.504553982471007657e+03 2.094113719008848875e+02 6.164279645084847203e+01 1.507528128089172128e+02 8.361465533830802599e+01
3.504991633009146881e+03 2.101010514247443552e+02 6.094067184727369124e+01 1.512230007175250250e+02 8.449318734883590309e+01
3.505414257609945253e+03 2.109106375760844969e+02 6.039060968404807284e+01 1.515175345142635024e+02 8.544840711464884464e+01
3.505849817949070257e+03 2.118155516571886210e+02 5.986793268166745463e+01 1.518508212683474881e+02 8.638914915048182763e+01
3.506295153695831232e+03 2.127680282080577570e+02 5.941744667520804768e+01 1.520148213287647252e+02 8.737367049425840548e+01
3.506727322297086175e+03 2.138207777150864501e+02 5.923506697353068517e+01 1.520366406690737335e+02 8.837340975488554307e+01
3.507113820666237189e+03 2.147908756031938537e+02 5.899209921858955852e+01 1.520416781723263853e+02 8.937045419482197417e+01
3.507501118660238262e+03 2.157179754313856392e+02 5.867522028148217572e+01 1.518757099379825490e+02 9.035638225248065680e+01
3.507911457311069626e+03 2.167121575263429065e+02 5.834553494332011070e+01 1.517753457839480689e+02 9.135028946456880306e+01
3.508287805580742315e+03 2.176241014071348729e+02 5.802507275420069277e+01 1.517561408105521537e+02 9.234848750386611016e+01
3.508652947173908160e+03 2.185064619388849110e+02 5.770588722774741797e+01 1.516303485246643277e+02 9.333889156500524109e+01
3.509042354495066775e+03 2.194313461970157277e+02 5.731979779432148092e+01 1.516574801207912344e+02 9.433731912125409735e+01
3.509413442124061021e+03 2.202612901892509569e+02 5.682592155262651090e+01 1.517667937735299120e+02 9.532894773215666362e+01
3.509774701487757739e+03 2.210576565580785200e+02 5.632502329877294756e+01 1.517461291014266749e+02 9.632683347520286077e+01
3.510161724893464907e+03 2.219326476663655683e+02 5.584165499253688836e+01 1.518693880630541742e+02 9.731916742564227718e+01
3.510539774181986104e+03 2.227966575210510882e+02 5.536867363551097299e+01 1.519832064707027826e+02 9.831041238273662941e+01
3.510908930799213977e+03 2.236448437224482575e+02 5.500105064962833978e+01 1.519723149913178872e+02 9.930858561416019370e+01
3.511297201022789068e+03 2.244948183199987000e+02 5.462844480367657951e+01 1.520979512453691029e+02 1.003006398518833180e+02
3.511684975515518545e+03 2.252917155759662364e+02 5.422263898899841905e+01 1.522185598235889472e+02 1.012923472987156970e+02
3.512038718923635315e+03 2.260723481454324428e+02 5.392894871973265225e+01 1.522574793025551116e+02 1.022908262703105180e+02
3.512458112030587472e+03 2.269979515967390000e+02 5.357547741282051845e+01 1.523916596961354912e+02 1.032816109907450510e+02
3.512873380474188707e+03 2.278832938151429062e+02 5.321637827868663351e+01 1.525393486657793574e+02 1.042687564701365517e+02
3.513290323991101104e+03 2.288022654669884730e+02 5.291104540546981383e+01 1.525594024073274682e+02 1.052683935714291010e+02
3.513725328537010682e+03 2.297362035659308503e+02 5.254468826993762320e+01 1.526168901437697514e+02 1.062667238923636859e+02
3.514175970865113413e+03 2.306357074104883225e+02 5.204800644616861405e+01 1.526418373342516475e+02 1.072654200853983042e+02
3.514574492907849617e+03 2.314951377959861532e+02 5.168812094522704825e+01 1.526032523137552062e+02 1.082615762432008921e+02
3.514980816115630205e+03 2.323686791614477443e+02 5.133149242543276358e+01 1.527219508249498574e+02 1.092537848698797234e+02
3.515449008786092691e+03 2.333268173057298895e+02 5.083553437157834054e+01 1.527388038720691554e+02 1.102527983639557476e+02
3.515861627743236568e+03 2.342245195588793933e+02 5.047708547173716909e+01 1.527033529764016464e+02 1.112486253895822017e+02
3.516239779987067323e+03 2.350870540713864614e+02 5.022512788492024072e+01 1.528346793771207786e+02 1.122391604473750562e+02
3.516674778801413595e+03 2.360689465111099707e+02 4.995887202566706975e+01 1.528544618030985589e+02 1.132375224859701888e+02
3.517057685617220159e+03 2.368880662864413864e+02 4.966636340993878918e+01 1.527942286700970556e+02 1.142323692711245826e+02
3.517422379512747739e+03 2.376403112357691896e+02 4.940125824370878860e+01 1.529252302393494460e+02 1.152233285866691830e+02
3.517865057965420419e+03 2.385459686334314426e+02 4.883338246772381552e+01 1.530772839551392792e+02 1.162076225495004280e+02
3.518239949391390837e+03 2.394003990599546796e+02 4.839514741947043319e+01 1.530762209422209423e+02 1.172035727730180383e+02
3.518602760147437493e+03 2.402173049785133401e+02 4.800057365654760133e+01 1.532564642419874872e+02 1.181867676715350370e+02
3.519015145773814766e+03 2.411713714046551047e+02 4.765321924091819739e+01 1.533532290127040767e+02 1.191809861731336753e+02
3.519384419879353118e+03 2.420529399763488243e+02 4.758392333808109953e+01 1.533661701679217515e+02 1.201802369059846569e+02
3.519750442948702585e+03 2.429073734596981637e+02 4.747003127717406556e+01 1.534162493422099089e+02 1.211748745733590340e+02
3.520191929795991200e+03 2.439515240498257356e+02 4.716733612323597669e+01 1.532572360458455591e+02 1.221617209343342125e+02
3.520579857324491059e+03 2.448753446914682854e+02 4.703376661246662138e+01 1.530691262637908494e+02 1.231412493451836667e+02
3.520954524585537001e+03 2.457318784207848807e+02 4.688715296012958333e+01 1.529925164966310263e+02 1.241340018069571585e+02
3.521404264763315041e+03 2.467121543118112186e+02 4.666048677195859540e+01 1.527189240234135639e+02 1.250958455600697903e+02
3.521848044423753890e+03 2.476358540541536115e+02 4.640472322640495406e+01 1.524804331241365389e+02 1.260645841882166565e+02
3.522274648639782754e+03 2.484098400804931543e+02 4.599060350559106070e+01 1.523852588789900437e+02 1.270600359811046047e+02
3.522768528451457314e+03 2.491621515862289300e+02 4.535290758118058108e+01 1.523437213842983056e+02 1.280499293861870456e+02
3.523245744620975529e+03 2.497058306409704755e+02 4.460789081256434230e+01 1.526554899636525704e+02 1.289887497436307910e+02
3.523721204396770190e+03 2.499415003657805983e+02 4.379412316939532701e+01 1.532700705101028973e+02 1.297757318296666540e+02
3.524233853942655514e+03 2.499079782304795572e+02 4.278992144058204872e+01 1.540202504869687061e+02 1.304079244768970511e+02
3.524716785971074387e+03 2.495652920920744293e+02 4.177806988482275585e+01 1.549812326897051094e+02 1.306843158202716211e+02
3.525138164429087283e+03 2.490396883507669088e+02 4.088803702592580436e+01 1.559523533732996441e+02 1.309193856952670671e+02
3.525530340628540671e+03 2.486492788129751261e+02 4.001973942411282792e+01 1.569412326905471673e+02 1.310161841915922309e+02
3.525874702549463564e+03 2.483610594022833311e+02 3.929408468331636328e+01 1.579332551500013437e+02 1.308975217758793406e+02
3.526244970826902318e+03 2.479950280741459778e+02 3.855553778500240014e+01 1.589327654344606628e+02 1.308796203171416153e+02
3.526626017039432099e+03 2.476197052951781927e+02 3.781886350302449529e+01 1.599287463744420563e+02 1.308722919991105016e+02
3.527026689429170801e+03 2.472526382795963116e+02 3.702587704521460665e+01 1.609134351927669968e+02 1.307068294247433755e+02
3.527488572642024337e+03 2.467970451685281148e+02 3.608194791197384887e+01 1.619110747079429871e+02 1.306857094142545748e+02
3.527914919086315422e+03 2.464833767050085953e+02 3.512284042930372152e+01 1.629057483854375903e+02 1.307714157561667605e+02
3.528358222858060799e+03 2.461346673261706144e+02 3.412182674801504589e+01 1.639047883683206521e+02 1.307600850483459567e+02
3.528810384137280835e+03 2.457493533778129233e+02 3.309192745987578377e+01 1.649011115612098308e+02 1.308440034366629448e+02
3.529241085520546221e+03 2.454524263978520366e+02 3.207232609345167162e+01 1.658950107468800184e+02 1.309284806121848419e+02
3.529639660192709471e+03 2.450247209426604797e+02 3.120972188536212855e+01 1.668928637508718964e+02 1.308961269842878608e+02
3.530042540195499441e+03 2.446060367273122154e+02 3.028259426305169200e+01 1.678900258404803765e+02 1.309608572294027908e+02
3.530462122545233797e+03 2.442654627242525294e+02 2.927871026352685391e+01 1.688887590241879195e+02 1.309284882554794365e+02
3.530861552700359880e+03 2.437909578724002131e+02 2.838377682288493276e+01 1.698831713160673189e+02 1.308561174484846106e+02
3.531249652561175026e+03 2.433532347071601691e+02 2.748330765339813198e+01 1.708795833095055059e+02 1.309041255550747564e+02
3.531661071021683711e+03 2.429468180107861031e+02 2.650867497809250040e+01 1.718757031213194182e+02 1.308165813567525220e+02
3.532062500213306521e+03 2.425478423397333927e+02 2.555574055967639779e+01 1.728729069266734939e+02 1.307795658151809732e+02
3.532437917430368998e+03 2.423153174944019383e+02 2.463353473604161437e+01 1.738693221900894343e+02 1.308461530472953882e+02
3.532816473439403580e+03 2.420685910661840978e+02 2.371315304121223022e+01 1.748680391056706753e+02 1.308334356057060575e+02
3.533208490812037780e+03 2.418365223746680499e+02 2.273668537428633130e+01 1.758632269700815982e+02 1.309289986819179035e+02
3.533584517583159595e+03 2.417136410958231920e+02 2.178592555861359159e+01 1.768555457314420210e+02 1.310421908667167656e+02
3.533962536268536041e+03 2.414830482262405269e+02 2.086902784295694246e+01 1.778525683227718446e+02 1.310881077351649822e+02
3.534358425811018606e+03 2.411324422759007859e+02 1.999916988257689709e+01 1.788403309931587444e+02 1.312414988631745700e+02
3.534744259115026580e+03 2.407898098646762719e+02 1.922155866655573320e+01 1.798359948184458972e+02 1.313051692277530833e+02
3.535114603672041540e+03 2.403966333721551791e+02 1.852208711691189436e+01 1.808340439023315867e+02 1.312546555426422970e+02
3.535506290131749211e+03 2.398959806232855669e+02 1.785966088349386638e+01 1.818329600696485784e+02 1.312521611635665977e+02
3.535904474728779860e+03 2.393134661121662532e+02 1.742148398550384414e+01 1.828087024108249352e+02 1.310867878541252480e+02
3.536312825755861013e+03 2.386481347492821499e+02 1.731066367371269976e+01 1.836750811184463146e+02 1.306026548398331499e+02
3.536813355219494952e+03 2.377762531601677836e+02 1.751245825659534461e+01 1.843102760868369501e+02 1.298617250116233777e+02
3.537340448931279752e+03 2.367887087633615693e+02 1.799005441537477523e+01 1.845380222405050006e+02 1.288967391348707281e+02
3.537786346263055293e+03 2.360400596630159669e+02 1.863948571744492000e+01 1.845393582901354534e+02 1.278967511205331107e+02
3.538179349903020920e+03 2.353700227737708133e+02 1.920791692577565968e+01 1.844941420440100615e+02 1.269025066874352632e+02
3.538607972221922410e+03 2.345918069195675741e+02 1.968568484067561997e+01 1.842889924158432109e+02 1.259239387975318465e+02
3.539071710615656684e+03 2.337064605090814950e+02 2.002562192325109791e+01 1.841802225928021812e+02 1.249363603637464166e+02
3.539507146675690819e+03 2.327962129919714585e+02 2.028423382002280562e+01 1.842568025547916193e+02 1.239394557145103448e+02
3.539947076995975294e+03 2.318299712091191509e+02 2.054821015912825999e+01 1.843066661974106921e+02 1.229407228351393258e+02
3.540364205871704144e+03 2.309618101966212294e+02 2.086312002998752746e+01 1.843983634467922741e+02 1.219462984148078561e+02
3.540759836226670814e+03 2.301118258255411035e+02 2.119259028700265901e+01 1.845412392222558537e+02 1.209586641767125315e+02
3.541183156375262115e+03 2.292145304948874127e+02 2.161153847742535206e+01 1.845651302078968001e+02 1.199590770600558329e+02
3.541603397275452608e+03 2.283787901119121670e+02 2.206896801846309941e+01 1.845895272630294812e+02 1.189604874093307814e+02
3.542001618350167519e+03 2.275714677849640850e+02 2.247167704005739708e+01 1.846515119453595162e+02 1.179649613442409475e+02
3.542434035758261871e+03 2.266889082277923251e+02 2.284828205558111591e+01 1.846177235851851606e+02 1.169663662267636965e+02
3.542883958581605384e+03 2.258457083988858187e+02 2.326513755393586891e+01 1.846820358693386197e+02 1.159696578714048485e+02
3.543305623086067953e+03 2.251369113932897790e+02 2.377988858461803190e+01 1.847431349405032392e+02 1.149814018628609773e+02
3.543763534404124130e+03 2.243702100814387279e+02 2.438554016502462574e+01 1.845135457070389862e+02 1.140133514005305244e+02
3.544259905981938573e+03 2.235060735922300239e+02 2.506849032817682854e+01 1.842135671626474789e+02 1.130687339971907477e+02
3.544719413468335915e+03 2.226060321119824437e+02 2.562428541142691785e+01 1.840640268457724744e+02 1.120826538342148666e+02
3.545170509411555031e+03 2.216468967401158920e+02 2.604644035517879175e+01 1.838658391735512510e+02 1.111066491051834646e+02
3.545602299927075819e+03 2.206704605139981652e+02 2.633953562895083422e+01 1.838273647247362135e+02 1.101081672437624235e+02
3.546012361124326617e+03 2.197375211466688825e+02 2.650335017357372536e+01 1.838542393023782608e+02 1.091085757746358951e+02
3.546409188421715044e+03 2.188839574924538738e+02 2.659024692673691348e+01 1.839550129739750446e+02 1.081175900518096853e+02
3.546805849413634405e+03 2.180202113693766250e+02 2.665326749781771554e+01 1.841739693796405106e+02 1.071419859404685582e+02
3.547206976084717553e+03 2.171373762837407071e+02 2.678049282947457499e+01 1.843573949206314637e+02 1.061591315163631180e+02
3.547611241437322860e+03 2.162572021662236637e+02 2.694166555844266853e+01 1.845457163825053613e+02 1.051781973402896284e+02
3.548047904553534408e+03 2.152696395031517795e+02 2.699644560606422061e+01 1.848041835478192638e+02 1.042121795086422793e+02
3.548482631108010537e+03 2.142808375660717672e+02 2.707124498177422467e+01 1.850590819899082646e+02 1.032452614801933777e+02
3.548897194434352514e+03 2.133636884404365333e+02 2.733155867916050141e+01 1.853157391523498916e+02 1.022790484335655208e+02
3.549310636313713530e+03 2.124110704195292101e+02 2.760878000548476052e+01 1.855423753017085460e+02 1.013094975585485145e+02
3.549728101515063827e+03 2.114854814218480499e+02 2.794887651747261259e+01 1.856286521723033900e+02 1.003133177503570579e+02
3.550145341300312793e+03 2.106511970847983264e+02 2.843061600072977413e+01 1.857042199260048108e+02 9.931625427404689788e+01
3.550572269280071851e+03 2.097926925468972854e+02 2.894301910082139884e+01 1.857381274985835091e+02 9.832038021789658444e+01
3.551012709217539850e+03 2.089377751016695584e+02 2.948968688376378466e+01 1.856554935454587678e+02 9.732380792956762150e+01
3.551456991696599289e+03 2.080799239204153253e+02 3.002091768705691166e+01 1.855809131641033787e+02 9.632659938256439602e+01
3.551892324147936961e+03 2.072067106324610393e+02 3.050823522796113707e+01 1.854871379324852398e+02 9.533159963343966581e+01
3.552326802344504358e+03 2.063565750295225882e+02 3.100954842044697557e+01 1.853856456549621612e+02 9.433838948129034918e+01
3.552764635484466908e+03 2.054695503868685194e+02 3.145578378797717889e+01 1.853594155176543552e+02 9.333875038128513779e+01
3.553201670760959132e+03 2.045528290932075777e+02 3.177812960407634435e+01 1.853365245902155323e+02 9.233914125679754648e+01
3.553647251323158798e+03 2.036271474678827360e+02 3.203739235076607628e+01 1.854132343675954075e+02 9.134778089565961068e+01
3.554093550856752245e+03 2.026461969796934284e+02 3.220538347863872985e+01 1.856290707448106332e+02 9.037138538175270241e+01
3.554548063800635191e+03 2.016397105256907878e+02 3.231799847922545865e+01 1.858440489836215193e+02 8.939486877540279863e+01
3.555002226382271601e+03 2.006790103449245635e+02 3.247303868306281771e+01 1.860936240975754572e+02 8.842676666753266090e+01
3.555460610575128612e+03 1.997279973841939409e+02 3.266544645078628406e+01 1.863220304157409828e+02 8.745567288341281653e+01
3.555948304745192672e+03 1.988221999957418120e+02 3.300242615145590719e+01 1.864715280369501897e+02 8.646705475431762977e+01
3.556472673319244223e+03 1.979355551342116257e+02 3.352796099084788040e+01 1.865714354063632925e+02 8.547675575330447373e+01
3.556973277180057266e+03 1.970763374490765329e+02 3.411214584906909408e+01 1.864722637704301746e+02 8.448595273828883023e+01
3.557437273268483750e+03 1.962392340950944458e+02 3.463343191408414867e+01 1.862941538316152617e+02 8.350333149684448131e+01
3.557916227504977087e+03 1.953068395402426916e+02 3.516020281376106738e+01 1.861655461374287768e+02 8.251188376224118315e+01
3.558411571845773324e+03 1.944071614486263115e+02 3.579097969641121324e+01 1.860158523663010328e+02 8.152319611588593773e+01
3.558894698393173258e+03 1.936567043650724997e+02 3.651503573074719355e+01 1.858372101580707465e+02 8.054074925537290142e+01
3.559351365768901815e+03 1.929738403847058805e+02 3.720269776605020695e+01 1.855495742085570896e+02 7.958456899120861294e+01
3.559810979341922121e+03 1.922699802574789771e+02 3.788725379445774166e+01 1.852416166309137395e+02 7.863506120083158635e+01
3.560304697150706488e+03 1.914551472775372929e+02 3.856387298181917345e+01 1.849769758481573660e+02 7.767142811918380119e+01
3.560820226743860530e+03 1.905549077213032945e+02 3.912058903234810714e+01 1.846967015041626610e+02 7.671225072400248735e+01
3.561336965819049510e+03 1.896168360833205213e+02 3.952924429569321774e+01 1.845593842266425497e+02 7.572887944918716130e+01
3.561848279843300134e+03 1.886390220355833094e+02 3.977111472548178028e+01 1.845777605387033020e+02 7.472916855315980911e+01
3.562390410310401421e+03 1.876351333716280010e+02 3.981138226195319163e+01 1.847040332139300460e+02 7.374312657433178231e+01
3.562949916708896581e+03 1.866575572223479469e+02 3.971830264829837631e+01 1.850277880264680732e+02 7.280079230951028535e+01
3.563490344056330741e+03 1.857320256551569742e+02 3.953567355647031434e+01 1.854589329473558905e+02 7.189869150509618123e+01
3.564031404540980930e+03 1.848584579040582696e+02 3.920820589281765223e+01 1.860116536603190980e+02 7.107730894007143263e+01
3.564586733379415364e+03 1.841379712617970199e+02 3.867670685253190044e+01 1.867424382377177210e+02 7.039941357161640667e+01
3.565201939799848333e+03 1.835916744946766812e+02 3.797118943219150822e+01 1.875988007133572069e+02 6.990474302005382867e+01
3.565904512220225115e+03 1.830813101846248117e+02 3.729703662254309648e+01 1.885455710252297479e+02 6.958477534042003754e+01
3.566900303176860234e+03 1.825621422251157924e+02 3.662383964711523276e+01 1.894979002632856293e+02 6.928046355262347333e+01
3.568287962905096720e+03 1.820221936290167264e+02 3.572024557469311645e+01 1.904689160938011980e+02 6.906796367798079928e+01
3.570027696220693088e+03 1.815330919292242697e+02 3.484475329186037129e+01 1.914403303872900324e+02 6.885226555237936452e+01
3.572375081585116277e+03 1.811222694178877077e+02 3.397046449612096097e+01 1.924083670090329861e+02 6.860863303319531781e+01
3.574482120438324273e+03 1.808743480163402921e+02 3.297665373763427255e+01 1.934001723445077801e+02 6.852501035034030963e+01
3.575833690490244862e+03 1.807857912436199115e+02 3.255917196548211479e+01 1.943615839909698195e+02 6.872902652739007578e+01
3.579757541805159690e+03 1.811736492435662171e+02 3.252569004354913318e+01 1.950654471998931854e+02 6.937003482415930478e+01
3.584656957403847173e+03 1.816081124383673000e+02 3.305806597716753714e+01 1.949190229943741883e+02 6.994257038526497183e+01
3.585544465240508089e+03 1.814916531132807052e+02 3.362672987244336298e+01 1.941228291082936721e+02 6.934307206207499519e+01
3.586456625799718495e+03 1.813587872502193363e+02 3.465542501645008144e+01 1.932305780886023854e+02 6.889257504357730966e+01
3.587259768316219379e+03 1.814196705469269091e+02 3.582219195175840554e+01 1.923048077182269822e+02 6.851686363356388654e+01
3.587902691740084720e+03 1.816290723049698670e+02 3.683714713349809244e+01 1.913421449253513345e+02 6.825643234111302604e+01
3.588507181486286754e+03 1.818559915611431848e+02 3.787832737725894106e+01 1.903492673326510669e+02 6.813729484045282447e+01
3.589036427797921078e+03 1.820240773606122957e+02 3.876942008588500954e+01 1.893580282482269865e+02 6.800723060127064912e+01
3.589577658303321186e+03 1.821175984237843011e+02 3.970274454702635580e+01 1.883728380003144025e+02 6.783579162327259837e+01
3.590164197191560106e+03 1.820625914683121209e+02 4.065794705487020622e+01 1.873948338552082475e+02 6.763692921281561610e+01
3.590809952906746275e+03 1.818844924498750117e+02 4.152963109486892535e+01 1.864607655477413459e+02 6.728763946812453867e+01
3.591516969962219264e+03 1.814060341255070909e+02 4.221426863193102008e+01 1.856496815784846319e+02 6.673416873248380909e+01
3.592181845292733669e+03 1.806487093396188470e+02 4.272909777759107186e+01 1.851406076828442622e+02 6.588401183769799729e+01
3.592769959770440892e+03 1.798407421303133162e+02 4.318146623076280832e+01 1.848552707209715038e+02 6.492726619741036131e+01
3.593376516114283731e+03 1.789388110518402186e+02 4.363374760365471161e+01 1.847030097220575158e+02 6.394158441181996011e+01
3.593964178326427373e+03 1.780395916505928255e+02 4.411623165139998548e+01 1.846353349309235057e+02 6.294474545374525576e+01
3.594514356841019435e+03 1.771537782961961227e+02 4.455953462327667580e+01 1.845243482991218116e+02 6.195143508892586226e+01
3.595043286012082262e+03 1.762423981827469674e+02 4.491284431133002641e+01 1.845048086245241734e+02 6.095366632236681426e+01
3.595572030622559851e+03 1.753168560765011250e+02 4.517575336390520135e+01 1.845807698110618844e+02 5.995655649047573377e+01
3.596115319902242845e+03 1.743726855644431168e+02 4.534098283677576546e+01 1.847040473111543406e+02 5.896650784476387486e+01
3.596645301182689309e+03 1.734089195559013206e+02 4.548495320527713659e+01 1.849287398013630082e+02 5.799208278691987317e+01
3.597158764255932965e+03 1.724388684617177319e+02 4.578619825443308144e+01 1.851249579156030336e+02 5.701269649922429039e+01
3.597677774096797293e+03 1.715066863157317698e+02 4.630579670347481169e+01 1.852291017681699827e+02 5.601874335704908958e+01
3.598184808742972109e+03 1.705975740001413214e+02 4.683416785473825428e+01 1.852316638557796296e+02 5.502150526220579252e+01
3.598655472051435936e+03 1.696960446628434624e+02 4.720798267175366192e+01 1.851540005458095663e+02 5.402523249231399660e+01
3.599113110593930742e+03 1.687943113924545457e+02 4.754506873112530485e+01 1.851424721835307992e+02 5.302546007576076192e+01
3.599589119277165992e+03 1.678799895689460300e+02 4.792122000840993934e+01 1.851129539033121318e+02 5.202766297871183809e+01
3.600053653812245102e+03 1.670383818998701884e+02 4.823557423825283053e+01 1.850478512293751692e+02 5.103183988630570411e+01
3.600505017694202252e+03 1.662300348583769392e+02 4.853746593863156988e+01 1.850939822958956427e+02 5.003339009503974921e+01
3.600991235604042686e+03 1.653288349370353956e+02 4.889820727571415659e+01 1.851379492918703988e+02 4.903609611483022235e+01
3.601488612643855049e+03 1.644413840415288632e+02 4.926746045466254742e+01 1.851357108670918024e+02 4.803705190281366555e+01
3.601981419754232775e+03 1.636443626348045086e+02 4.968240806409657040e+01 1.851757085559967493e+02 4.703807300619791221e+01
3.602510974975059071e+03 1.628355755175545596e+02 5.013845402100115933e+01 1.851528101522909537e+02 4.603938427397510225e+01
3.603083666509314298e+03 1.619991093662281401e+02 5.059317868014748143e+01 1.851179004198687608e+02 4.504187471351701788e+01
3.603693856153415254e+03 1.612051209599743800e+02 5.103260267808254724e+01 1.851134659215724412e+02 4.404385394941575527e+01
3.604381950199312541e+03 1.604267128176004178e+02 5.129520752898991276e+01 1.850860264136787237e+02 4.304679417287233179e+01
3.605354828051914865e+03 1.598156867942985002e+02 5.142081968954880011e+01 1.852021814555707522e+02 4.205571358570961138e+01
3.606737912711336776e+03 1.594982605599978456e+02 5.159418354802907913e+01 1.853800685573393707e+02 4.107183935532654573e+01
3.608890088710979853e+03 1.588830449588990916e+02 5.176967697333735430e+01 1.854467599423033732e+02 4.007975987894718628e+01
3.611257038995121547e+03 1.579223774635423183e+02 5.190226764782240565e+01 1.854208927669219236e+02 3.908088348811649837e+01
3.612529617048314321e+03 1.570858782808419676e+02 5.205092994880809698e+01 1.854766707376817862e+02 3.808328139004607493e+01
3.613508847138058172e+03 1.562622138737415867e+02 5.238112466226004926e+01 1.855072752771523312e+02 3.708730864836078922e+01
3.614418618352395242e+03 1.553180495263974592e+02 5.280824527671477142e+01 1.854737118663963713e+02 3.608862301437687137e+01
3.615189736240333787e+03 1.542746892544333548e+02 5.315313248006557956e+01 1.854642852010874776e+02 3.508894668526060201e+01
3.615845386503905956e+03 1.532530805941453309e+02 5.352528287750996583e+01 1.854261929736631771e+02 3.408967386816726730e+01
3.616410148699550518e+03 1.522766105636583518e+02 5.383867370710392919e+01 1.855040303249302838e+02 3.310207296089525641e+01
3.616922841785608853e+03 1.513302285401587710e+02 5.408244878281826828e+01 1.856690864961119303e+02 3.211904342275050084e+01
3.617401183694287283e+03 1.504030376848525350e+02 5.421851943287311570e+01 1.858295497463679453e+02 3.113709899760630506e+01
3.617893620021690822e+03 1.494911260581155545e+02 5.450660850194551443e+01 1.860937735527459722e+02 3.017269939924207023e+01
3.618403588018345545e+03 1.486248443477639114e+02 5.488022938327417677e+01 1.862373341633445989e+02 2.919100714871283841e+01
3.618896030242062352e+03 1.478172030034798183e+02 5.529982115555017685e+01 1.862816760373461022e+02 2.819318081441086221e+01
3.619398558131993013e+03 1.470439245931913774e+02 5.586780555193829656e+01 1.862731052423261531e+02 2.720089450025051647e+01
3.619916006548035057e+03 1.463347500276699975e+02 5.654073697411731558e+01 1.860473937279065524e+02 2.623079708137478505e+01
3.620456095045024085e+03 1.458801094839148504e+02 5.733251856639385835e+01 1.857410410697858367e+02 2.527912117001106296e+01
3.621031470806541165e+03 1.457200736879330520e+02 5.823304622835615163e+01 1.852492074887115336e+02 2.445574859507273757e+01
3.621626326291792338e+03 1.457054184882829873e+02 5.918046438445672663e+01 1.844687715349411974e+02 2.383144861593163100e+01
3.622228236119572102e+03 1.459597174863318401e+02 6.020133607166825840e+01 1.835864410956056645e+02 2.341544921153192860e+01
3.622783366200299497e+03 1.463381529113070769e+02 6.119182036000790248e+01 1.825968616758074177e+02 2.328996442980041337e+01
3.623278636749695579e+03 1.467611194886841304e+02 6.204377260764425017e+01 1.816030455027977553e+02 2.319436097881924042e+01
3.623755602970775726e+03 1.471889513042550561e+02 6.285207358314777082e+01 1.806131794178910752e+02 2.315607213939617637e+01
3.624228362546479730e+03 1.474483428487960168e+02 6.370493455292527329e+01 1.796170117329068887e+02 2.321600315819114968e+01
3.624703189570557242e+03 1.477989284874737450e+02 6.451780259227271586e+01 1.786177174319257972e+02 2.318513100992636211e+01
3.625176856142582892e+03 1.482072338880464315e+02 6.525169806888079904e+01 1.776252122838050127e+02 2.323054852951685589e+01
3.625702730692769819e+03 1.484155141210243585e+02 6.606257867026216957e+01 1.766336864281013277e+02 2.333266577529260388e+01
3.626382475389251795e+03 1.485626101473597203e+02 6.688532226917148193e+01 1.756378922715573765e+02 2.327891068386702500e+01
3.627727672309616992e+03 1.487285420479120432e+02 6.757926896409871631e+01 1.746431862610195935e+02 2.319764504359023150e+01
3.633038622230761121e+03 1.490704207865475723e+02 6.846032595969225554e+01 1.736444865041330559e+02 2.322514015513947783e+01
3.638226501859574000e+03 1.495660113850167363e+02 6.948658983463231209e+01 1.726534293587958189e+02 2.334897973390398818e+01
3.639134565421919433e+03 1.498446547327602048e+02 7.038706248210490912e+01 1.716606194580560611e+02 2.343198472624196427e+01
3.640338032424180710e+03 1.500751856780944138e+02 7.133585563024730902e+01 1.706607674793111187e+02 2.342028234413985643e+01
3.641746835593502965e+03 1.502895541606327754e+02 7.246419058227739640e+01 1.696647978454618908e+02 2.334345061098851914e+01
3.643058610914205019e+03 1.505543024878636800e+02 7.361480569358384685e+01 1.686678712862448322e+02 2.327766698337400797e+01
3.644055087576465212e+03 1.509596545901795821e+02 7.465352145387555538e+01 1.676684978664066819e+02 2.328813386116421924e+01
3.644838909417840114e+03 1.515114865747766828e+02 7.572643470607994232e+01 1.666687915434443994e+02 2.330395769657786431e+01
3.645467128381154453e+03 1.520505259871085002e+02 7.677736339297999280e+01 1.656687920821769637e+02 2.330499400795168796e+01
3.645973289824377844e+03 1.525015298454863455e+02 7.772995640726404076e+01 1.646696613876980564e+02 2.333840655464735647e+01
3.646435677143065732e+03 1.529617751047742900e+02 7.862798352131137847e+01 1.636704073444696803e+02 2.334073967395995908e+01
3.646885018249858149e+03 1.533619706935597549e+02 7.952766609751037663e+01 1.626717100042357060e+02 2.336897827447311116e+01
3.647333661276490602e+03 1.537620233820516376e+02 8.043028219194484052e+01 1.616725207189825824e+02 2.340424529642871221e+01
3.647800797566731489e+03 1.544405661202768272e+02 8.123627539230069772e+01 1.606743373359040277e+02 2.336445080198837587e+01
3.648298251992915539e+03 1.552922147681842659e+02 8.202225949366062707e+01 1.596753156804356593e+02 2.333753908428883861e+01
3.648797491482066562e+03 1.560678776971867023e+02 8.286519411805001312e+01 1.586753164188379515e+02 2.333638905179138945e+01
3.649277888319663361e+03 1.566621547939919594e+02 8.372841987007561215e+01 1.576783166120453359e+02 2.339792560990506587e+01
3.649775839720233307e+03 1.571299556151202523e+02 8.463211609085911391e+01 1.566801025619088250e+02 2.344590475046059197e+01
3.650315638434010907e+03 1.576636530611844194e+02 8.555652352204725730e+01 1.556826780317992984e+02 2.339588455957456858e+01
3.650873864614396552e+03 1.582785661767798331e+02 8.639725871611813091e+01 1.546869750316411967e+02 2.342988936276068301e+01
3.651446483359466129e+03 1.590281865138442186e+02 8.699193343808266832e+01 1.536994026022118192e+02 2.358191035539327274e+01
3.652031606921729690e+03 1.599918736881674874e+02 8.734422855029426103e+01 1.528189480909803706e+02 2.401565899583630070e+01
3.652590375778918315e+03 1.610493392738503928e+02 8.748038908315368190e+01 1.522751644557153554e+02 2.482292315217441825e+01
3.653137735126543703e+03 1.620903158011036851e+02 8.733968190392853614e+01 1.519606783458989696e+02 2.576904139631058754e+01
3.653664903364622660e+03 1.631526301045571472e+02 8.711429471020181836e+01 1.518040011864061398e+02 2.675432497323765446e+01
3.654159376806241198e+03 1.641877565264895509e+02 8.702128291425968598e+01 1.517565096821297743e+02 2.775238769161228092e+01
3.654682952528236001e+03 1.653283538257313410e+02 8.696890542656737466e+01 1.517618839492483289e+02 2.875222714980487737e+01
3.655206280506324674e+03 1.664740349683203249e+02 8.700407240295844247e+01 1.517822823747758605e+02 2.975201452868978080e+01
3.655694057454920767e+03 1.674569155881810616e+02 8.691632270485543188e+01 1.517213212553566564e+02 3.074903905577841812e+01
3.656169031596869900e+03 1.683575118567397055e+02 8.644352799181508828e+01 1.516896404498546076e+02 3.174803767435909307e+01
3.656643992972427441e+03 1.692137489453539843e+02 8.582004130551570142e+01 1.517697720574719256e+02 3.274344901271111041e+01
3.657119518647952646e+03 1.695117970594052395e+02 8.534298677621958973e+01 1.518292024629929244e+02 3.374129859096877482e+01
3.657591753829711251e+03 1.698106740647705237e+02 8.520501147477418158e+01 1.518991659643265280e+02 3.473874640392657653e+01
3.658044167051662498e+03 1.704155487874118933e+02 8.509441258804019981e+01 1.519037937262163211e+02 3.573793077248735983e+01
3.658500660829295157e+03 1.710867839942035005e+02 8.491158148238481829e+01 1.518760598683173839e+02 3.673753036475081757e+01
3.658962333316964305e+03 1.718254429572145625e+02 8.478531536461530038e+01 1.519225363502934272e+02 3.773558322873684290e+01
3.659413881489561845e+03 1.725812216769207623e+02 8.464858624971333256e+01 1.518487384865066758e+02 3.872991162328791148e+01
3.659869683137655556e+03 1.734312120918334585e+02 8.453150990444882495e+01 1.516977031889352361e+02 3.971825919387020321e+01
3.660337950206011101e+03 1.743855687403080026e+02 8.437813949659670243e+01 1.515738497559807740e+02 4.071037342955163041e+01
3.660815565919753681e+03 1.751925136298073937e+02 8.389973844904488942e+01 1.514331277877526816e+02 4.170032491833469379e+01
3.661282924567962255e+03 1.757947378318340270e+02 8.316844393718579909e+01 1.514418978390356756e+02 4.269701262809525133e+01
3.661739971194237114e+03 1.763842034657955935e+02 8.233429285489687288e+01 1.515199010727834832e+02 4.369387062068997096e+01
3.662225998549649375e+03 1.772750696501737480e+02 8.172629756796604283e+01 1.516048296212314597e+02 4.469025766390727483e+01
3.662716568777902467e+03 1.782673032368973054e+02 8.165995539780733736e+01 1.517583447712251541e+02 4.567780949099297061e+01
3.663194172183856608e+03 1.792140046435242766e+02 8.146819799752250901e+01 1.518170037191134156e+02 4.667454590440833329e+01
3.663659747268821320e+03 1.801303316326834079e+02 8.107744866135254824e+01 1.518698431085053357e+02 4.767309504911016660e+01
3.664121371282150903e+03 1.807758134802757013e+02 8.041416320243189375e+01 1.519182691118754178e+02 4.867191156110322225e+01
3.664565434077651389e+03 1.813574016903392305e+02 7.967970098858846484e+01 1.518299836923700923e+02 4.966592045689851176e+01
3.665012023858263092e+03 1.818717379251238526e+02 7.934750202136780217e+01 1.517779092681962254e+02 5.066405903915700293e+01
3.665480932027484414e+03 1.825691855877680325e+02 7.914078742162899971e+01 1.516900429388254281e+02 5.165990991076358796e+01
3.665957766126030492e+03 1.834464771969300330e+02 7.882141562232830267e+01 1.515865774982455889e+02 5.265454067613681843e+01
3.666421717330341380e+03 1.843101884606450938e+02 7.861276235713462768e+01 1.516777544335866992e+02 5.364629645409761594e+01
3.666864708381598575e+03 1.848988520912670594e+02 7.860207026740829406e+01 1.517636833899209137e+02 5.464237831914337562e+01
3.667337784214899784e+03 1.852592711797651077e+02 7.884704873204999842e+01 1.517346340007251229e+02 5.564087610189722710e+01
3.667801596276475266e+03 1.858806956490647906e+02 7.900967029172879563e+01 1.517513120432367089e+02 5.664031759783877362e+01
3.668255480966553478e+03 1.866790123082061257e+02 7.871795830218916024e+01 1.517202955647380804e+02 5.763949219172278760e+01
3.668738915260388239e+03 1.876620529096514076e+02 7.842841247749575473e+01 1.518015597646932804e+02 5.863475753822503833e+01
3.669268477901257938e+03 1.885428392559192901e+02 7.823780801228232917e+01 1.520009773458653797e+02 5.961383180834847906e+01
3.669973214379867841e+03 1.892348786917080190e+02 7.736042910539725881e+01 1.523148747545672279e+02 6.056233043064837318e+01
3.670596821309484312e+03 1.898572826091783838e+02 7.648853131066954347e+01 1.528812828869474458e+02 6.137887440761955560e+01
3.671107284342906041e+03 1.905746245735602145e+02 7.585755277559765375e+01 1.534431148111369225e+02 6.220582524303446803e+01
3.671565110066172110e+03 1.912423269068033562e+02 7.523716152078178254e+01 1.540941415969455761e+02 6.296335926746245804e+01
3.671998979995128593e+03 1.918699151096304547e+02 7.454084960252342285e+01 1.547523102964441364e+02 6.371621895726383400e+01
3.672448742553434840e+03 1.923234042375189858e+02 7.371313526419292828e+01 1.554191221557364599e+02 6.446142793810366811e+01
3.672913136987942835e+03 1.925766808735303357e+02 7.280247707738638496e+01 1.561434987526542670e+02 6.515016506432492349e+01
3.673388047625321633e+03 1.927622967960977860e+02 7.190067571174910199e+01 1.568144236933769378e+02 6.589095012594070511e+01
3.673849591533435614e+03 1.927544034256439147e+02 7.105248114974062901e+01 1.576154555690933705e+02 6.648424554385852048e+01
3.674307179035147783e+03 1.927679022014179679e+02 7.021593701421558364e+01 1.585257794220402729e+02 6.689261337796345686e+01
3.674783557254135303e+03 1.927247479271315171e+02 6.942610654005004278e+01 1.594829307055676964e+02 6.717969238335766136e+01
3.675257128720128094e+03 1.924398920661628551e+02 6.864624821072219163e+01 1.604775192126373042e+02 6.725407987758389083e+01
3.675747565725160257e+03 1.923827609039853996e+02 6.776391526600055215e+01 1.614751593930502338e+02 6.732239671963837679e+01
3.676258307603368849e+03 1.921960465653224901e+02 6.714996967073771827e+01 1.624745207063519103e+02 6.730443522211400875e+01
3.676808192407804199e+03 1.920732539531935288e+02 6.658841269768252857e+01 1.634733663434213895e+02 6.734589667480314290e+01
3.677469333618146720e+03 1.923911095211183238e+02 6.604338083031404949e+01 1.644694548853404399e+02 6.726900169653724504e+01
3.678141632101745472e+03 1.928401676272683574e+02 6.545781588578260823e+01 1.654664059158455984e+02 6.732804779900797598e+01
3.678945528414660657e+03 1.929271344390171805e+02 6.512868149908727844e+01 1.664554211435030027e+02 6.719706813361581510e+01
3.691231826889324111e+03 1.945216548043547107e+02 6.485488188798865394e+01 1.674400061784946274e+02 6.725641076961333908e+01
3.701134299122526954e+03 1.950373741637325509e+02 6.524564732314219384e+01 1.683955798013399772e+02 6.704958163177936115e+01
