# ts_seconds,x,y,gt_x,gt_y
2.673821624376967520e+03 1.679325092952850014e+02 6.876634171372020887e+01 1.679325092952850014e+02 6.876634171372020887e+01
2.676389484395422642e+03 1.677286428428122065e+02 7.074655882172065446e+01 1.669515935256649755e+02 6.857193613844155777e+01
2.676893241495819439e+03 1.676276598405890468e+02 7.181427613547376154e+01 1.659534310663096335e+02 6.851136460335685285e+01
2.677350836997652550e+03 1.676272447440746305e+02 7.285339581613206406e+01 1.649608584080385754e+02 6.838980124097884072e+01
2.677811494055228650e+03 1.676358278078125181e+02 7.384977955573667430e+01 1.639608893010881729e+02 6.839754075750798279e+01
2.678294785350457005e+03 1.676765451402065139e+02 7.494345881296726475e+01 1.629613243907653839e+02 6.836816235318669044e+01
2.678830795244497949e+03 1.675700496897652840e+02 7.614461640549217236e+01 1.619620306493312683e+02 6.840563545404366153e+01
2.679386576463691654e+03 1.675478595818174767e+02 7.740202394824049748e+01 1.609624914932382467e+02 6.837537891551779978e+01
2.679961789301929002e+03 1.674675369600286956e+02 7.864541742046208128e+01 1.599662206191134999e+02 6.828919646806636479e+01
2.680536901114298416e+03 1.674383925033589549e+02 7.992682506690432831e+01 1.589662213743877430e+02 6.828926207506320623e+01
2.681032804596558435e+03 1.675002142257799278e+02 8.105673042101962267e+01 1.579666040500609938e+02 6.831555884901585785e+01
2.681447520729186181e+03 1.674077713828786500e+02 8.195146017960223617e+01 1.569806838423595252e+02 6.848274688542829836e+01
2.681862146398736058e+03 1.673872777749527927e+02 8.295873008757301648e+01 1.559875818804961796e+02 6.859994340810277436e+01
2.682255162346942598e+03 1.674403244438102263e+02 8.391328246517791456e+01 1.549894904558495625e+02 6.866132742355392793e+01
2.682649081841287170e+03 1.675380524829557487e+02 8.480168488152692419e+01 1.540018385579717233e+02 6.881796660226564200e+01
2.683053101377012354e+03 1.678103853823065776e+02 8.569263815899252279e+01 1.530213098032279788e+02 6.901419664798376630e+01
2.683503640668566277e+03 1.681406972790200882e+02 8.667412857337650678e+01 1.520649857792757871e+02 6.930648180873654951e+01
2.683922458454235766e+03 1.685159695153323014e+02 8.751670844313264297e+01 1.511240744878690236e+02 6.964501862496523188e+01
2.684333504687072036e+03 1.690150508979319000e+02 8.829214391642868520e+01 1.502261470831658414e+02 7.008497164612350616e+01
2.684786808354906952e+03 1.695331625228161272e+02 8.911865785162103748e+01 1.493979370159528060e+02 7.064538940843070236e+01
2.685226878746064813e+03 1.699853340222543352e+02 8.988500955490776789e+01 1.485701912951706731e+02 7.120646218527832616e+01
2.685666220941032861e+03 1.704517625498837958e+02 9.066535394495419098e+01 1.477101169473177720e+02 7.171660566223390276e+01
2.686093665028198302e+03 1.709430927269007157e+02 9.140647880015183091e+01 1.468778820758105041e+02 7.227102117600516351e+01
2.686558135191070960e+03 1.714730852632038136e+02 9.221050493738856346e+01 1.460622981183423121e+02 7.284965020684992965e+01
2.687021358885899190e+03 1.719982456813694682e+02 9.302871290896692358e+01 1.452273963387395668e+02 7.340003949838197173e+01
2.687454350764310675e+03 1.724592931426402060e+02 9.381353421140130422e+01 1.443745836711993888e+02 7.392223068715817647e+01
2.687909921122689866e+03 1.729674487959769067e+02 9.466049510231846398e+01 1.434961604437240226e+02 7.440011196370129198e+01
2.688376546062438592e+03 1.734072103759786216e+02 9.554787613520002765e+01 1.426247929885078918e+02 7.489074007760926577e+01
2.688851424188978854e+03 1.737610051484199971e+02 9.642685614961160923e+01 1.417612176865163178e+02 7.539489645259996564e+01
2.689344811276691871e+03 1.740766298070975040e+02 9.738642335310836984e+01 1.408614910210557696e+02 7.583132635281970124e+01
2.689854592614668491e+03 1.743255391303802924e+02 9.840166714476394816e+01 1.399435204596926496e+02 7.622791756122241225e+01
2.690368371604350159e+03 1.744097309043067980e+02 9.946023922725532884e+01 1.390015227529994775e+02 7.656286743154777241e+01
2.690872203064727728e+03 1.744016207131909084e+02 1.005515811548957714e+02 1.380161224878681878e+02 7.673301736265793238e+01
2.691337071718017796e+03 1.744171297297644116e+02 1.015607143820014642e+02 1.370236020098432164e+02 7.685434205760506643e+01
2.691801554193554239e+03 1.744353968061990656e+02 1.025685870553727312e+02 1.360238069486576649e+02 7.687431524267982752e+01
2.692273548957711682e+03 1.743677270963001433e+02 1.036226016400109415e+02 1.350247963149612360e+02 7.691866855976930140e+01
2.692727863792710650e+03 1.742175922834751702e+02 1.046507952641788393e+02 1.340250474479667844e+02 7.693681508953646642e+01
2.693149957072240795e+03 1.740699090490147967e+02 1.056471603856468420e+02 1.330280141713840578e+02 7.685989802117127567e+01
2.693541582950781049e+03 1.738111808350728325e+02 1.065908009645744841e+02 1.320331617474893733e+02 7.675989124780407735e+01
2.693947392253844100e+03 1.734113382801982652e+02 1.074700083669945627e+02 1.310574356414440160e+02 7.654216659699076786e+01
2.694330289136895317e+03 1.729953223461305640e+02 1.082350006091226788e+02 1.301251860900108284e+02 7.618035068351075267e+01
2.694707426836455852e+03 1.725938824790923434e+02 1.090014944993754682e+02 1.291933099351052761e+02 7.581774320366071152e+01
2.695132716137360148e+03 1.721311342982901067e+02 1.098483299648537610e+02 1.282898669912983678e+02 7.538914638340685315e+01
2.695566315459809630e+03 1.716150013678925745e+02 1.106671085977199738e+02 1.274134285843017267e+02 7.490767232796684993e+01
2.696006280324805175e+03 1.710320047000657269e+02 1.114428308511473773e+02 1.265211280049924198e+02 7.445665921247828578e+01
2.696473873763674874e+03 1.703583368597930132e+02 1.122546439715061126e+02 1.256886180474338346e+02 7.390282350602456063e+01
2.696930558006968567e+03 1.697301533289744668e+02 1.130638225830393679e+02 1.249022047628102285e+02 7.328516045365769571e+01
2.697366811229574978e+03 1.691813233936895813e+02 1.138512709173889306e+02 1.240914911321596037e+02 7.269976751125985004e+01
2.697810230905308799e+03 1.686902472637130188e+02 1.146953058506169896e+02 1.232542960144438382e+02 7.215315595778226054e+01
2.698258925376470415e+03 1.682679209048639848e+02 1.155773442625432921e+02 1.223653242222210764e+02 7.169538146996789862e+01
2.698700664419133318e+03 1.679596797289412109e+02 1.164612072509127785e+02 1.214450314628393528e+02 7.130420497687809700e+01
2.699160398536681896e+03 1.676998190270126941e+02 1.174369201226915322e+02 1.205106402606524085e+02 7.094811307009602785e+01
2.699594797438757723e+03 1.673851084513475200e+02 1.183638956516225988e+02 1.195573287832915526e+02 7.064613307479095283e+01
2.700033757673539185e+03 1.670099815357466468e+02 1.192797323324436150e+02 1.186078685754007864e+02 7.033224592638774197e+01
2.700464862946315861e+03 1.667183355822789679e+02 1.201845690325609866e+02 1.176564946755030405e+02 7.002527100367709068e+01
2.700888792991416722e+03 1.665743083186249009e+02 1.210814553072293336e+02 1.166721669662772456e+02 6.984939530594512291e+01
2.701346911441542034e+03 1.665758235089813866e+02 1.220894529005699667e+02 1.156780474200176201e+02 6.974212123068494407e+01
2.701801712221282287e+03 1.666572460819693049e+02 1.231047231871188643e+02 1.146786281782756305e+02 6.971428031831655403e+01
2.702242891486577719e+03 1.667408039995075058e+02 1.240832730542727091e+02 1.136813511750482206e+02 6.978704050852708463e+01
2.702706213110375757e+03 1.667932818156822350e+02 1.251324008297890202e+02 1.126903129060262501e+02 6.992050035830618526e+01
2.703184936555303011e+03 1.667651209658718585e+02 1.262219141765146873e+02 1.117028895198061065e+02 7.007742873640850689e+01
2.703648327788924234e+03 1.666891574061882295e+02 1.272373861054645232e+02 1.107048731927636283e+02 7.013973309317331939e+01
2.704081727223716825e+03 1.665984182456005840e+02 1.281866204072152016e+02 1.097050600122846049e+02 7.015903244406158024e+01
2.704503959212780046e+03 1.665047927788940001e+02 1.290910076951408314e+02 1.087054049695025952e+02 7.018002925536441694e+01
2.704962296727710509e+03 1.664334755766060709e+02 1.300616894015318223e+02 1.077067303946961090e+02 7.012983740995801440e+01
2.705406438488093499e+03 1.663392747270938798e+02 1.310228326764851943e+02 1.067067933665350239e+02 7.013501380837575994e+01
2.705826261526330200e+03 1.662286567653770248e+02 1.319161885493618058e+02 1.057080747044253997e+02 7.018000023038511870e+01
2.706282091821348331e+03 1.661812570393507258e+02 1.328945235406907273e+02 1.047096394569188362e+02 7.012453249214090079e+01
2.706749963353639941e+03 1.661420223720894285e+02 1.339230367289634671e+02 1.037099701392496769e+02 7.010381675666951651e+01
2.707199913249503879e+03 1.660074143608277666e+02 1.349262893806080683e+02 1.027109231900632267e+02 7.014703359741314159e+01
2.707664708370075914e+03 1.657735801325331693e+02 1.359401303567714763e+02 1.017110617876700900e+02 7.016328982362691136e+01
2.708134909981180954e+03 1.655132123650869858e+02 1.369539975332983204e+02 1.007113018517849383e+02 7.015910986101448543e+01
2.708595800033288469e+03 1.653603103520841557e+02 1.379832407072432261e+02 9.971562418965110908e+01 7.006635857536156209e+01
2.709036899399293361e+03 1.653209307708320068e+02 1.389970259851868661e+02 9.871812535035466851e+01 6.999742646983456495e+01
2.709459331522001776e+03 1.653265788615670715e+02 1.399480952040760542e+02 9.771814105024316177e+01 6.999215278680144081e+01
2.709917444956558484e+03 1.653087879533766227e+02 1.409738012314350044e+02 9.671823599559589013e+01 6.998112255628144851e+01
2.710394592675881995e+03 1.652784583713108191e+02 1.420548686843555686e+02 9.571851058754663200e+01 7.000446705298078598e+01
2.710864009445425381e+03 1.652695348394182417e+02 1.431265227805144491e+02 9.471898250074913506e+01 7.003443127426412218e+01
2.711329608422504862e+03 1.652070087878900893e+02 1.441899488860719885e+02 9.371898766305427841e+01 7.003649509422376696e+01
2.711785622638380573e+03 1.650800365197569590e+02 1.452512183184197738e+02 9.271937644943733403e+01 7.002251192153474335e+01
2.712256420656731279e+03 1.649814802138454013e+02 1.463520526518912845e+02 9.172498690109583208e+01 6.991712530339074760e+01
2.712707667375312212e+03 1.649627443915419462e+02 1.473765195108819341e+02 9.072736160460087262e+01 6.984845730260551022e+01
2.713131641914576448e+03 1.649588935320466874e+02 1.483288195048612579e+02 8.972853178554780129e+01 6.980010346340642968e+01
2.713563852052671336e+03 1.649127733727810323e+02 1.493080198641231675e+02 8.872981820110199180e+01 6.975324336884736454e+01
2.713999450114245064e+03 1.648549716183482872e+02 1.502989545258170097e+02 8.773015084017181664e+01 6.977887693305855521e+01
2.714420172173585343e+03 1.648079789700198887e+02 1.512684696602129861e+02 8.673025477411447071e+01 6.979301745961983272e+01
2.714834527493228961e+03 1.647612749520726538e+02 1.522252629726205271e+02 8.573029222825685736e+01 6.979837691959140500e+01
2.715269189957215531e+03 1.647821878777597249e+02 1.531970199800335024e+02 8.473076265314703903e+01 6.982903532983010564e+01
2.715734460629460955e+03 1.648034193422687110e+02 1.542188308089860982e+02 8.373118611060247929e+01 6.985777977954289497e+01
2.716181088243313752e+03 1.647262284784419251e+02 1.552162898502794519e+02 8.273217788573971632e+01 6.989906622277415238e+01
2.716599746191883696e+03 1.645337297578997777e+02 1.561896737927042977e+02 8.173326020032770600e+01 6.986821445989399137e+01
2.717026222706811041e+03 1.643159410278915971e+02 1.572205550207292788e+02 8.074557030675617852e+01 6.971179181574196093e+01
2.717445690249108793e+03 1.641435474030729154e+02 1.582374825927920767e+02 7.975826017370428644e+01 6.955299648520883693e+01
2.717846806164508052e+03 1.640267663645285268e+02 1.592083964457127365e+02 7.876992001479759153e+01 6.940075387401367379e+01
2.718273948456211201e+03 1.639403710400135594e+02 1.602453952295187491e+02 7.777969142394334767e+01 6.926274844860691360e+01
2.718722031580527982e+03 1.638054937646015503e+02 1.613208110242233033e+02 7.678205344365026974e+01 6.919418975747343836e+01
2.719155577548817291e+03 1.636604477884937694e+02 1.623596567229471930e+02 7.578547675596627187e+01 6.911159174094611046e+01
2.719572449862907888e+03 1.635461156436948897e+02 1.633428285602473409e+02 7.478775504787796535e+01 6.904701345095421061e+01
2.720003871288139635e+03 1.634707841849092915e+02 1.643264722063429986e+02 7.378778149001416864e+01 6.904781095131514235e+01
2.720451925580131501e+03 1.634190945670637802e+02 1.653310524014887619e+02 7.278806361849633788e+01 6.902685635969461941e+01
2.720875907598992399e+03 1.633645344406850199e+02 1.662635798414747512e+02 7.178842479790920095e+01 6.904898456657575423e+01
2.721298905191617905e+03 1.633230830598831744e+02 1.671964780233803936e+02 7.079098996631147145e+01 6.912007065124345218e+01
2.721763820435713114e+03 1.632816347354033724e+02 1.682515241816403488e+02 6.979196175115907863e+01 6.916400004924723532e+01
2.722238809678430698e+03 1.632679318295705855e+02 1.693014354598094542e+02 6.879360047653564436e+01 6.922109938086511249e+01
2.722695142506900083e+03 1.633424612826045745e+02 1.702808233784810170e+02 6.779639049796591621e+01 6.929467898333608389e+01
2.723130820105324801e+03 1.634311414240162321e+02 1.712577638300796252e+02 6.680300272924063165e+01 6.940944020303707873e+01
2.723559314744163657e+03 1.634751836409105010e+02 1.722378379059648807e+02 6.580796419693440669e+01 6.950451609934896169e+01
2.723994888420091229e+03 1.635037533115947781e+02 1.732400237096654223e+02 6.480798810974904711e+01 6.950509550787363366e+01
2.724411099877371726e+03 1.635381392266247929e+02 1.742028276085331981e+02 6.380859357953949029e+01 6.953418740610507598e+01
2.724844121986735445e+03 1.635783087895279664e+02 1.751814351528799705e+02 6.281241000798695495e+01 6.962020260903520352e+01
2.725313407328325411e+03 1.635920560444099578e+02 1.762193230678103362e+02 6.181309329504150440e+01 6.965673825258897978e+01
2.725760103870062267e+03 1.635807276198681279e+02 1.771855044704915656e+02 6.081326507803867543e+01 6.967527095079866228e+01
2.726187257857772693e+03 1.635924418799192210e+02 1.781003163613455058e+02 5.981341288489712582e+01 6.969237373807007430e+01
2.726643117366745173e+03 1.636546308186104000e+02 1.790973926662554447e+02 5.881386770072099068e+01 6.971124978140048256e+01
2.727093106054917371e+03 1.637593107023138543e+02 1.800891629833596994e+02 5.781898321023178511e+01 6.981062170656613830e+01
2.727519722844053376e+03 1.639220758798142867e+02 1.810124299985990035e+02 5.683275914553994568e+01 6.997428195563060171e+01
2.727972140836308427e+03 1.642042616477732508e+02 1.819509561247479894e+02 5.586490360453557003e+01 7.022322686721565788e+01
2.728454698581022058e+03 1.646485416409391291e+02 1.828672377095991521e+02 5.493417777161082682e+01 7.058754623400622563e+01
2.728949206298692388e+03 1.653037495691605443e+02 1.836062753637118874e+02 5.405476027427682340e+01 7.105930652950306126e+01
2.729431025582315669e+03 1.660795425761060358e+02 1.841587633359322069e+02 5.329730739080168433e+01 7.170910238490644417e+01
2.729904591105971122e+03 1.668811054292738447e+02 1.846771191163009007e+02 5.267723695824648189e+01 7.249313098236586939e+01
2.730405061691199990e+03 1.677547961056434076e+02 1.852458860895212922e+02 5.212829697180181654e+01 7.332876314690993524e+01
2.730913294966742797e+03 1.686624392857605130e+02 1.857478314376592721e+02 5.162938723843657840e+01 7.419536673029998042e+01
2.731421049882587340e+03 1.696032855098377752e+02 1.861042057219112280e+02 5.116909330361399100e+01 7.508182468217970040e+01
2.731915995103314799e+03 1.705135882524087094e+02 1.863607789428169212e+02 5.085073503307776122e+01 7.602853882016287912e+01
2.732412662656281100e+03 1.713854178126445049e+02 1.864529799737217104e+02 5.067011004206358393e+01 7.701164707230560680e+01
2.733018511240899898e+03 1.721244001064918621e+02 1.863674748740543237e+02 5.060144538752972920e+01 7.800533799450522565e+01
2.734176075374844004e+03 1.726374883953641302e+02 1.861520944730012843e+02 5.082521347580826188e+01 7.896848621001400659e+01
2.735701091203337000e+03 1.741078414440292477e+02 1.856973875305717456e+02 5.132333376848250595e+01 7.982244140272126742e+01
2.736325359450239375e+03 1.751595607616591792e+02 1.855571686605992738e+02 5.153670199108068317e+01 8.079941089468283621e+01
2.736918277644256705e+03 1.761523125824529359e+02 1.852601557645852210e+02 5.175413171763661779e+01 8.177532805526536208e+01
2.737536615310518300e+03 1.770318410758355014e+02 1.847407537245766775e+02 5.206270958289948680e+01 8.271906218093023710e+01
2.738149908583608976e+03 1.777615511753504336e+02 1.840485620483675575e+02 5.260575028177370172e+01 8.355729688930397003e+01
2.738756287497176345e+03 1.784111368707272902e+02 1.831832699672896183e+02 5.325979901088464175e+01 8.430883011298483609e+01
2.739336284344464275e+03 1.788950124425357160e+02 1.822223725153845919e+02 5.406284840924006829e+01 8.489487445819879952e+01
2.739864850930648572e+03 1.790732970545875560e+02 1.812587189052704844e+02 5.498604071323342879e+01 8.527192866463708754e+01
2.740369107896779497e+03 1.791291476142519628e+02 1.802697472543281378e+02 5.596137723736627123e+01 8.548175564972552820e+01
2.740856244885743763e+03 1.791622997220134721e+02 1.793018032287635890e+02 5.695833733630200157e+01 8.555665197026476676e+01
2.741377343509396269e+03 1.791654931302968237e+02 1.782766686197790875e+02 5.795774743219754299e+01 8.557748154634317928e+01
2.741877294296878063e+03 1.791901554637908589e+02 1.772983906313784246e+02 5.895726402537314215e+01 8.554660386572309960e+01
2.742346349063186153e+03 1.792539040673085537e+02 1.763660378535439861e+02 5.995670908259859999e+01 8.552068792583776258e+01
2.742823588663563896e+03 1.793257135170816809e+02 1.753693269288821455e+02 6.095662164005362627e+01 8.553376604425294261e+01
2.743323629126824926e+03 1.793996448296367703e+02 1.743254428039575998e+02 6.195533064434275161e+01 8.557004220204225931e+01
2.743852681535903230e+03 1.794692778145460750e+02 1.732534610302516853e+02 6.295066843423968805e+01 8.566618416870382191e+01
2.744385598232242046e+03 1.795300395425655893e+02 1.721548321927795939e+02 6.394807222658053547e+01 8.572611539803685332e+01
2.744895262674014702e+03 1.795731143904673672e+02 1.710943180429784434e+02 6.494800103640625366e+01 8.572093259697408030e+01
2.745399898222416141e+03 1.796218765063922262e+02 1.700618565916222451e+02 6.594792615307042638e+01 8.573214907972294441e+01
2.745899139450867551e+03 1.796569020030379420e+02 1.690343143547780471e+02 6.694785748293499239e+01 8.573968635394905391e+01
2.746412486102880848e+03 1.796888685095398728e+02 1.679578767573775337e+02 6.794763900494922382e+01 8.575954941297955259e+01
2.746900833522840003e+03 1.797081784781655358e+02 1.669398818114462415e+02 6.894759914742911633e+01 8.576324458113947458e+01
2.747364705776853498e+03 1.797076947423347804e+02 1.659849021129647326e+02 6.994747694518086689e+01 8.576131183700522342e+01
2.747840453206941220e+03 1.797485568100740068e+02 1.649809056392044795e+02 7.094709700323419099e+01 8.577245300285864005e+01
2.748327329989583177e+03 1.797981348591874280e+02 1.639528726476251848e+02 7.194660126753386464e+01 8.574116082178782960e+01
2.748796274845118660e+03 1.798088322969747139e+02 1.629769491517674567e+02 7.294615294738160571e+01 8.571203457101452727e+01
2.749251812298644381e+03 1.798068714028047452e+02 1.620453300025997123e+02 7.394483208095310545e+01 8.566264562024016982e+01
2.749708366067069164e+03 1.798115469306606542e+02 1.611400311046000127e+02 7.494275031501358342e+01 8.560555872891777085e+01
2.750198035504208292e+03 1.798743813691088178e+02 1.601603927893528692e+02 7.594259409557069773e+01 8.561067111580825895e+01
2.750700330679283979e+03 1.800597330060321610e+02 1.591781432463529882e+02 7.693864915940652338e+01 8.567815276927647972e+01
2.751181507583406983e+03 1.803699300489821269e+02 1.582783917441301185e+02 7.791516246647667288e+01 8.588347138157624272e+01
2.751638318895399607e+03 1.806668059306043403e+02 1.573873396112834087e+02 7.887096183381561332e+01 8.617534348893128993e+01
2.752098779179230860e+03 1.808300631927333768e+02 1.564560156336945056e+02 7.984447709884830147e+01 8.640371638410195487e+01
2.752566107317066781e+03 1.808902728934785387e+02 1.554702768224688043e+02 8.082604935063766050e+01 8.659024985686687614e+01
2.753054721787049402e+03 1.809543849417325987e+02 1.543795741058011686e+02 8.182092730256326263e+01 8.667977832626893075e+01
2.753545749148241157e+03 1.810211242646562084e+02 1.532756212430171558e+02 8.282000357663469003e+01 8.671019892864090650e+01
2.754014875282588491e+03 1.810571139435585053e+02 1.522595993569124175e+02 8.381660183020404986e+01 8.679255724071813916e+01
2.754459583477522756e+03 1.810835877779417444e+02 1.513258922526707124e+02 8.481367061588450440e+01 8.686517277294902328e+01
2.754920979060742866e+03 1.810896383474590152e+02 1.503545043026168742e+02 8.581325406763416197e+01 8.689223712332515959e+01
2.755417466229407637e+03 1.811156427373624069e+02 1.492806256962673785e+02 8.681302918387441991e+01 8.688998737225966806e+01
2.755914902930783683e+03 1.812146115123521497e+02 1.482152568608628371e+02 8.781196863224884908e+01 8.688083833589347194e+01
2.756398023131582704e+03 1.813667968551633862e+02 1.472193506148583140e+02 8.880735840697012407e+01 8.696892585022106914e+01
2.756874342357437399e+03 1.814627747515362728e+02 1.462461255486961136e+02 8.979891917572693671e+01 8.709138279450161235e+01
2.757365218081103649e+03 1.814577780291008651e+02 1.452040673138542388e+02 9.079783743278859731e+01 8.712760748208312123e+01
2.757866178947096159e+03 1.814468786234758682e+02 1.440809774572956599e+02 9.179779149682644857e+01 8.711814753201856831e+01
2.758333101877152330e+03 1.815127363293954943e+02 1.430651932394740982e+02 9.279776006856177162e+01 8.711590921406515520e+01
2.758792038645651246e+03 1.815764721586054407e+02 1.421126602595601867e+02 9.379736884064209335e+01 8.710891715770709709e+01
2.759285615037495518e+03 1.815657164041357419e+02 1.410410489412388131e+02 9.479433750924290791e+01 8.703823481918959715e+01
2.759777457107245482e+03 1.815263099467035204e+02 1.399810523452270274e+02 9.578850091558689428e+01 8.693443188272703992e+01
2.760250133113937409e+03 1.814695721217786684e+02 1.390217666617547536e+02 9.678685869069079217e+01 8.687714534611235706e+01
2.760715742619224784e+03 1.814040428549278658e+02 1.380980468267924550e+02 9.778445405371230947e+01 8.680967841120836681e+01
2.761200274669556620e+03 1.813602476632505613e+02 1.371600198704072682e+02 9.878141177277936436e+01 8.674531833928431013e+01
2.761707094404668169e+03 1.813302050770747940e+02 1.361905455551007833e+02 9.978135012865662645e+01 8.674296564825780820e+01
2.762199579381793683e+03 1.813123459613851765e+02 1.352186612895375504e+02 1.007811565504431854e+02 8.672329809560628178e+01
2.762697310110670514e+03 1.812393893285393744e+02 1.342019528602523337e+02 1.017809943278864324e+02 8.671179160255287854e+01
2.763215045857088171e+03 1.811146293412542718e+02 1.331411284876374452e+02 1.027795820022912352e+02 8.668997650094726737e+01
2.763728693850786840e+03 1.810076280843875054e+02 1.320868121426218522e+02 1.037750482196202313e+02 8.659486932843937268e+01
2.764228087668500393e+03 1.809394101220136122e+02 1.310458992755064571e+02 1.047710475902879068e+02 8.650571945175592248e+01
2.764698700898820334e+03 1.809263724195398311e+02 1.300509173504460705e+02 1.057687213453750559e+02 8.644230176109149966e+01
2.765155435074625075e+03 1.809248489430281950e+02 1.290631267882458815e+02 1.067679333952360992e+02 8.644317433703628240e+01
2.765611724217023038e+03 1.808963476282528404e+02 1.280758696917882276e+02 1.077665482797147689e+02 8.649347705793233843e+01
2.766040957286859339e+03 1.808462269985752187e+02 1.271729405563829829e+02 1.087662199649177666e+02 8.650556042974656634e+01
2.766455857427135470e+03 1.807437890375981056e+02 1.262867705979730886e+02 1.097653238499293877e+02 8.646924166725568739e+01
2.766883474386614580e+03 1.805843342219392582e+02 1.253404212810936258e+02 1.107607905871037559e+02 8.637947612012023058e+01
2.767303368090602362e+03 1.804264921918513949e+02 1.244183496488036411e+02 1.117520325167005666e+02 8.624761857346474869e+01
2.767722346643568017e+03 1.802837110902765971e+02 1.235048885904032545e+02 1.127426202407009441e+02 8.611241767059655672e+01
2.768171703996760243e+03 1.801517185910630872e+02 1.225114279891024154e+02 1.137229968828979025e+02 8.591934529964592571e+01
2.768623339694902370e+03 1.800601215994055053e+02 1.215157158185832600e+02 1.146957687414095375e+02 8.568982445228779454e+01
2.769056525694007632e+03 1.800181558918487497e+02 1.205575020800882982e+02 1.156798579927401676e+02 8.551234205342986172e+01
2.769489659320535793e+03 1.799641643355311089e+02 1.195884562176659358e+02 1.166649112953682561e+02 8.534036451344728391e+01
2.769930088154447276e+03 1.798139746014609557e+02 1.186249729189515278e+02 1.176492496502003604e+02 8.516475491866971481e+01
2.770362281192465616e+03 1.795707568537110319e+02 1.176986583152915387e+02 1.186326532674868304e+02 8.498706231292430857e+01
2.770782198696433170e+03 1.792615206991143282e+02 1.168064571633172619e+02 1.195972130003300435e+02 8.472702278288204525e+01
2.771216743343611142e+03 1.788811633925268438e+02 1.158889770081860888e+02 1.205407487251015795e+02 8.439600158597404800e+01
2.771652448457639821e+03 1.785028277428512808e+02 1.149489858948655296e+02 1.214708515591729991e+02 8.402974517766946860e+01
2.772057326663695676e+03 1.781856377281184791e+02 1.140579800102500059e+02 1.223888179085100774e+02 8.363324409725994713e+01
2.772465247340553105e+03 1.779053046929271602e+02 1.131539407023263664e+02 1.233207951055384513e+02 8.327210704304916078e+01
2.772895332722964667e+03 1.776781070920115440e+02 1.121899643403862967e+02 1.242684130244976615e+02 8.295270547047078935e+01
2.773315361791099804e+03 1.774892116884003315e+02 1.112632071399705183e+02 1.252226766508554192e+02 8.265616655810573832e+01
2.773731502986488977e+03 1.772949348194568699e+02 1.103653699901706347e+02 1.261988719875816400e+02 8.244439502889143512e+01
2.774163691301633662e+03 1.770733113973140291e+02 1.094288247295540515e+02 1.271879537327403398e+02 8.229704471654193298e+01
2.774583738593992166e+03 1.768085875474073703e+02 1.085340929171693460e+02 1.281760693061982863e+02 8.214339641248244561e+01
2.774998449030324082e+03 1.765362114089898284e+02 1.076594016467086021e+02 1.291596940943011305e+02 8.196515635468577443e+01
2.775434215684763785e+03 1.763008024989097748e+02 1.067075723218816989e+02 1.301327622616041708e+02 8.173553243589562101e+01
2.775881735013593698e+03 1.761181852465901727e+02 1.057224979839129588e+02 1.311046897242998739e+02 8.150323291821739247e+01
2.776322360310418389e+03 1.760042418591236242e+02 1.047586689678969663e+02 1.320893067008857429e+02 8.132870003243012036e+01
2.776764563432534487e+03 1.759745420494141968e+02 1.037807720398861164e+02 1.330786891307450901e+02 8.118643940660115277e+01
2.777229210254953159e+03 1.760128040711354060e+02 1.027570280288202582e+02 1.340750647300795038e+02 8.113274710197252659e+01
2.777696034680403500e+03 1.761041615776329365e+02 1.017330860108062325e+02 1.350741896345391524e+02 8.117445535651627608e+01
2.778149860871983492e+03 1.762068643153960465e+02 1.007462250988908750e+02 1.360707330147417338e+02 8.124799669311454409e+01
2.778623913670710863e+03 1.763265690987827270e+02 9.974285491012346938e+01 1.370591306970252674e+02 8.139688759864094436e+01
2.779127905541018663e+03 1.764818637408096720e+02 9.868464460942958283e+01 1.380435092147331773e+02 8.157161282350193687e+01
2.779618997436984500e+03 1.766328020122863336e+02 9.763927305638830489e+01 1.390337781776498502e+02 8.171051559254203767e+01
2.780091988801013485e+03 1.768247674252131958e+02 9.661256660281260622e+01 1.400249478444761451e+02 8.184290897032784073e+01
2.780562239980873073e+03 1.771082657154110223e+02 9.557415879118939017e+01 1.410109671114653906e+02 8.200680460930466609e+01
2.781044361749305608e+03 1.774624296972483535e+02 9.451465595802251585e+01 1.419815749235919782e+02 8.224323283954218766e+01
2.781514032991277872e+03 1.778403212330346150e+02 9.350479255780918209e+01 1.429346990302105667e+02 8.254569808405193498e+01
2.781957125795980119e+03 1.782073680030713660e+02 9.258570747470571405e+01 1.438786410801133400e+02 8.287498655650091450e+01
2.782404010303758241e+03 1.785912231444709448e+02 9.169561998896475075e+01 1.448119816193372742e+02 8.323397770863488176e+01
2.782859209352555354e+03 1.789966980393195684e+02 9.081423307715165549e+01 1.457416019366648356e+02 8.360217608517822896e+01
2.783298853985979804e+03 1.793837357718468297e+02 8.998717389187031301e+01 1.466524688542623096e+02 8.401335531704329185e+01
2.783732706125659206e+03 1.798432087699094097e+02 8.921184341512532967e+01 1.475332791843121072e+02 8.448604111104826586e+01
2.784173808438707965e+03 1.804889700352910324e+02 8.849480354506465574e+01 1.483797794872424731e+02 8.501682170189009469e+01
2.784623022967665747e+03 1.812822082573557338e+02 8.788579179472631608e+01 1.491491098773472004e+02 8.564834788279340216e+01
2.785059294826570749e+03 1.821224826364718297e+02 8.742626829787654685e+01 1.498014947538867148e+02 8.640439470099944685e+01
2.785488421767531690e+03 1.830033662849929783e+02 8.708396017715659809e+01 1.503594903231745263e+02 8.723177659468399270e+01
2.785933732061610499e+03 1.839390434424888099e+02 8.681692131752747343e+01 1.507670711423222372e+02 8.813795298137175394e+01
2.786374901539903476e+03 1.848559146147515264e+02 8.662606111574220336e+01 1.510135577465005383e+02 8.910664554848099783e+01
2.786824115746965163e+03 1.857670346663960288e+02 8.644272461185259715e+01 1.512216067961867907e+02 9.008476353470605602e+01
2.787307599249134000e+03 1.867530017248031697e+02 8.622561693313757303e+01 1.514384515640327606e+02 9.106087817945527263e+01
2.787787828936090136e+03 1.877625927330959712e+02 8.603873289190893558e+01 1.516859312504605839e+02 9.202959763913366942e+01
2.788245817295795405e+03 1.887384015096387202e+02 8.590669081431067866e+01 1.519133726381275551e+02 9.300165937545897066e+01
2.788705116527300561e+03 1.897374645854947346e+02 8.587156854961642694e+01 1.520313080568547264e+02 9.399361427472308606e+01
2.789158959176499593e+03 1.907479083104741733e+02 8.593475212904886007e+01 1.520774939048725400e+02 9.499241803456089883e+01
2.789581238377593309e+03 1.916873109774329293e+02 8.601220268562113347e+01 1.520612296438698650e+02 9.599082491576560017e+01
2.790000145643184169e+03 1.926203967366786003e+02 8.607789673898136584e+01 1.519887596753504795e+02 9.698803475999135060e+01
2.790433474161983213e+03 1.935956270814116351e+02 8.611656249093874749e+01 1.519637662468362294e+02 9.798722890788096151e+01
2.790851832923463007e+03 1.945590508477410481e+02 8.612557284749364328e+01 1.519758853151487017e+02 9.898714670623476763e+01
2.791254687109901170e+03 1.955217193931268866e+02 8.614902320551779269e+01 1.519984608231625884e+02 9.998668458863284059e+01
2.791658827171617304e+03 1.965056070785443296e+02 8.616669664558662589e+01 1.520607825743743149e+02 1.009845873883547682e+02
2.792063057076561108e+03 1.974765399508973758e+02 8.614961281164356421e+01 1.521310059050748009e+02 1.019819444417995129e+02
2.792460872886836569e+03 1.984220417573765189e+02 8.613637645057815462e+01 1.521743949818398960e+02 1.029809954647909365e+02
2.792859048889426958e+03 1.993653728689606623e+02 8.612180219531971659e+01 1.522164264597168994e+02 1.039801015996964395e+02
2.793278253868824322e+03 2.003556397595235694e+02 8.611354004769738424e+01 1.522495980117167278e+02 1.049793751744611967e+02
2.793691514095321509e+03 2.013500084034274096e+02 8.614853949096169572e+01 1.522684964623867359e+02 1.059791182414311663e+02
2.794082769887073482e+03 2.023234522652692249e+02 8.619179245678408563e+01 1.522826670052557745e+02 1.069786647653277072e+02
2.794483926833444002e+03 2.033221587598908400e+02 8.624811369328804744e+01 1.522321657272036930e+02 1.079766179573211105e+02
2.794891646912700253e+03 2.043052721298331562e+02 8.633843430827307941e+01 1.521507977070168067e+02 1.089730012406006097e+02
2.795296390583414905e+03 2.052610773537460318e+02 8.643689128248050224e+01 1.520934074992867693e+02 1.099713112207651164e+02
2.795710365521432777e+03 2.062291735263294186e+02 8.653420485443456300e+01 1.520196721192073426e+02 1.109685708086029905e+02
2.796133024928538362e+03 2.072156145495027317e+02 8.660959136557474380e+01 1.519579232183660338e+02 1.119663491542434031e+02
2.796534895107894954e+03 2.081644144094149738e+02 8.665908325790881861e+01 1.519243301756000051e+02 1.129657743015542621e+02
2.796929170568862901e+03 2.090925145681879940e+02 8.672284961032487161e+01 1.519047222767863445e+02 1.139652661630207575e+02
2.797330831508395022e+03 2.100541447691172152e+02 8.680335891029967854e+01 1.519168290961621608e+02 1.149651928415451465e+02
2.797726477050869107e+03 2.110300356201023533e+02 8.686657327688811847e+01 1.519141237714486863e+02 1.159650203123531043e+02
2.798117138464668187e+03 2.119888566712068041e+02 8.689020347783865361e+01 1.518922169643113307e+02 1.169647668503543940e+02
2.798519399217548198e+03 2.129633564879835035e+02 8.686281337621271348e+01 1.518908326330273724e+02 1.179646097711374040e+02
2.798921751915879213e+03 2.139344611370796088e+02 8.678950909421796212e+01 1.519119331434535809e+02 1.189643871233499368e+02
2.799319131767411818e+03 2.148771226573740307e+02 8.669846356577164670e+01 1.519688274318499452e+02 1.199617412981516935e+02
2.799726075721963753e+03 2.158172985863219537e+02 8.659676618084992583e+01 1.520844013936791725e+02 1.209550383676639740e+02
2.800132630124679054e+03 2.167454769184176087e+02 8.649015591849322959e+01 1.521996844744280963e+02 1.219483652669253928e+02
2.800538532982051947e+03 2.176955206063318826e+02 8.643904156105293168e+01 1.523114519677379519e+02 1.229420992154374090e+02
2.800946165215018937e+03 2.186714255372029925e+02 8.642208002038897519e+01 1.524139897485169968e+02 1.239367408948423304e+02
2.801353693268739789e+03 2.196256606934571778e+02 8.643151084219223890e+01 1.524584401925592374e+02 1.249343760761393582e+02
2.801768875324339206e+03 2.205851159551552598e+02 8.648129512381026984e+01 1.524296304461032605e+02 1.259339205382875804e+02
2.802200116077971870e+03 2.216024825589115608e+02 8.651788950340056772e+01 1.524082733514782149e+02 1.269334139799241967e+02
2.802650806143249156e+03 2.226322313537380353e+02 8.656525284216671423e+01 1.523818226066746888e+02 1.279321072397751493e+02
2.803093513189908208e+03 2.235328541683558683e+02 8.654098448748104033e+01 1.523073302384522947e+02 1.289292913217857688e+02
2.803551281994344663e+03 2.242883799424396614e+02 8.624051768302059884e+01 1.523507815384820958e+02 1.299192505040545598e+02
2.804080215431116358e+03 2.249392742174088937e+02 8.552285843504006380e+01 1.527418081421154170e+02 1.308058859748162490e+02
2.804628374945526957e+03 2.254109505870906105e+02 8.454867399191481070e+01 1.535072462122116690e+02 1.314167495378868580e+02
2.805105373762682120e+03 2.256425018910687754e+02 8.359707473086854179e+01 1.544378723499938815e+02 1.317741908206627386e+02
2.805542961135012774e+03 2.257174695598413621e+02 8.263873352923108939e+01 1.554151275327680253e+02 1.319612021989649691e+02
2.805975774768688098e+03 2.257553976936021058e+02 8.166055626032286341e+01 1.564135125117364282e+02 1.320088098159510537e+02
2.806397501743608700e+03 2.257611305467426632e+02 8.074547239469238491e+01 1.574128737614162503e+02 1.320387427755374574e+02
2.806816863146604646e+03 2.257679141597602666e+02 7.984303707107066828e+01 1.584116189803876296e+02 1.320469088935438151e+02
2.807251058707548509e+03 2.257710955442466627e+02 7.891363412224509943e+01 1.594107389958335546e+02 1.320055576843355709e+02
2.807710828152669819e+03 2.257521825080876852e+02 7.795911577037601603e+01 1.604097382685405080e+02 1.320114942850250941e+02
2.808188164241591039e+03 2.257283086972572050e+02 7.698424956049032630e+01 1.614069145019153666e+02 1.320011360826896976e+02
2.808685268160675605e+03 2.256265004480112566e+02 7.598677836384142381e+01 1.624016027750143678e+02 1.318986528983519975e+02
2.809203979840377087e+03 2.255330415715374670e+02 7.492687105615007681e+01 1.633950196208483305e+02 1.317841077817354289e+02
2.809720114141287013e+03 2.255029504191041667e+02 7.385716802404988357e+01 1.643911523902274610e+02 1.317100686081103902e+02
2.810236596197561084e+03 2.254889307496656556e+02 7.281553693085795942e+01 1.653880263172445098e+02 1.317498725727562885e+02
2.810733082563134303e+03 2.255387442270979932e+02 7.183047600079405015e+01 1.663842964986618256e+02 1.318154552555112673e+02
2.811203062104336368e+03 2.256238149613413952e+02 7.089694375356135936e+01 1.673841394152551345e+02 1.318290164845759591e+02
2.811706360366508761e+03 2.257073593761737129e+02 6.985927586903767406e+01 1.683837136355743098e+02 1.318580300955066207e+02
2.812215154062975671e+03 2.257960522901713603e+02 6.878045705098753615e+01 1.693834184760301866e+02 1.318779795411829809e+02
2.812689150528123719e+03 2.259002178183160652e+02 6.778661321401301620e+01 1.703824263215828694e+02 1.319102268739873409e+02
2.813160500515583408e+03 2.260617825595778072e+02 6.681278950285046392e+01 1.713810403680786578e+02 1.319592408104454080e+02
2.813661364449520988e+03 2.262127598386372824e+02 6.576374863191784925e+01 1.723747695577738739e+02 1.320480536358625443e+02
2.814194854101002420e+03 2.263426828073593526e+02 6.460528154787292010e+01 1.733585656269594040e+02 1.322265739067508719e+02
2.814693958431528699e+03 2.264432385092379150e+02 6.346140961128198654e+01 1.743469426422051072e+02 1.323630801199351481e+02
2.815140761965091315e+03 2.263735760770428840e+02 6.244272517038550774e+01 1.753423942650591414e+02 1.324534791112362484e+02
2.815575794464970841e+03 2.261711952878386285e+02 6.152905295640906047e+01 1.763355024901110255e+02 1.324716894338327506e+02
2.816026033038755941e+03 2.260562595258944043e+02 6.058667335393398901e+01 1.773220169019383263e+02 1.323162230358607871e+02
2.816479144182781511e+03 2.260592067844426367e+02 5.956435577273927606e+01 1.783092221764835585e+02 1.321785046142964575e+02
2.816918135287201949e+03 2.260676473749041122e+02 5.855274618557061928e+01 1.793083507189219290e+02 1.321636287412506761e+02
2.817356791025759776e+03 2.260243384793756150e+02 5.760627827017351166e+01 1.803072007414199334e+02 1.321491853504319351e+02
2.817804816667416617e+03 2.258841241913148110e+02 5.671204840867450514e+01 1.813037405817267995e+02 1.320681325407371105e+02
2.818262285980410979e+03 2.256419494055382700e+02 5.586556201187585202e+01 1.822831281443128546e+02 1.318867803384077604e+02
2.818748440518744246e+03 2.251560519482241318e+02 5.512620229596829802e+01 1.832151744214877738e+02 1.315351658369680194e+02
2.819275240333336569e+03 2.243474534761307666e+02 5.464412815140364899e+01 1.839853711554097231e+02 1.309365531685747044e+02
2.819800936443942646e+03 2.233898742562153075e+02 5.441057510871127789e+01 1.844277510913407241e+02 1.300650537839877643e+02
2.820272133956764264e+03 2.224740230972041388e+02 5.428953744927232350e+01 1.846268215163593993e+02 1.290860607634753308e+02
2.820736198696964038e+03 2.215593005389370092e+02 5.419057774171562869e+01 1.847221134165265823e+02 1.280925200461618090e+02
2.821227003593151039e+03 2.205965597038346857e+02 5.411478134830046827e+01 1.847241304737895007e+02 1.270929768097207386e+02
2.821743210714418638e+03 2.195914455280996833e+02 5.412509428110566745e+01 1.846994112658290987e+02 1.260932963117965784e+02
2.822258296657134906e+03 2.185837014089772765e+02 5.413656262617145387e+01 1.846521051625718144e+02 1.250948563937261468e+02
2.822752309718603556e+03 2.176100220603053685e+02 5.410571195255452892e+01 1.846173069360284842e+02 1.240965222922976068e+02
2.823239274610096800e+03 2.166217785644929279e+02 5.406284028392516205e+01 1.846512090388943932e+02 1.230973253236626164e+02
2.823701992652892386e+03 2.156612986701272234e+02 5.407628416272864058e+01 1.846800566572899243e+02 1.220981612982134550e+02
2.824152268211517821e+03 2.147354302284441019e+02 5.414567117211673519e+01 1.846731441456655318e+02 1.210982006760309986e+02
2.824629354951676305e+03 2.137668179772411747e+02 5.417907102735427571e+01 1.846183368029532801e+02 1.201006873441547782e+02
2.825119532552015244e+03 2.127872505433277013e+02 5.414721098023047574e+01 1.845187787460007769e+02 1.191056574079880050e+02
2.825604627106582029e+03 2.118124789385783231e+02 5.408458293979389708e+01 1.844877575157544527e+02 1.181085958747053013e+02
2.826079544687761882e+03 2.108505435383071926e+02 5.401391206992670391e+01 1.845219924938976988e+02 1.171092212893288860e+02
2.826564165084891556e+03 2.098873690302709178e+02 5.397268137338687666e+01 1.845443947680114434e+02 1.161094757767105392e+02
2.827091600377419581e+03 2.088539996873733458e+02 5.400227131137849312e+01 1.845475235122686115e+02 1.151096309921765197e+02
2.827615066470404145e+03 2.078244984250367224e+02 5.399808646795506917e+01 1.845191287404516629e+02 1.141101319699830583e+02
2.828116388239891876e+03 2.067923097075456553e+02 5.390801434933353420e+01 1.845273055611338862e+02 1.131116203924266301e+02
2.828617502119608162e+03 2.057199324702887111e+02 5.381154278416264702e+01 1.846301039688326284e+02 1.121177262842392821e+02
2.829117211972909899e+03 2.046615589256952035e+02 5.370134997039331637e+01 1.847763626059608555e+02 1.111284812587275468e+02
2.829598783060014739e+03 2.036405339339552256e+02 5.355619637482345041e+01 1.849232950925765806e+02 1.101393353441128369e+02
2.830045437074333677e+03 2.026787513054334511e+02 5.346068394725741513e+01 1.850413547418866926e+02 1.091467627845689066e+02
2.830480347149718000e+03 2.017346368458228199e+02 5.343759462530115911e+01 1.850996218649822254e+02 1.081489333398353097e+02
2.830950982460328760e+03 2.007092936751434422e+02 5.335514333709209467e+01 1.851289384286729671e+02 1.071493689824350639e+02
2.831417334359494362e+03 1.996833582699682665e+02 5.322443550283837510e+01 1.851233639301044036e+02 1.061502015743321579e+02
2.831868628957616693e+03 1.986604926225418239e+02 5.313441839905673447e+01 1.851280876266066855e+02 1.051517465685456756e+02
2.832344286947082765e+03 1.975711973310292251e+02 5.302501266189746332e+01 1.852238675665581411e+02 1.041569502700597951e+02
2.832805231553780686e+03 1.965379859792971899e+02 5.287081906955583577e+01 1.853762944221093676e+02 1.031688722854598979e+02
2.833228457280512885e+03 1.955817851262257818e+02 5.272896740308831909e+01 1.855338482735769787e+02 1.021815327342725794e+02
2.833652775688670772e+03 1.946225181950911463e+02 5.266732141443061721e+01 1.855919161545442648e+02 1.011867846328270844e+02
2.834095852711092903e+03 1.936631374516128119e+02 5.266744010107619545e+01 1.855629384654721150e+02 1.001872051132443602e+02
2.834563652740363978e+03 1.926791439527906675e+02 5.264211525805601610e+01 1.855689154625918320e+02 9.918784989363273041e+01
2.835024674539477019e+03 1.917295844869888413e+02 5.262091324762604927e+01 1.855580158170718903e+02 9.818949223702847462e+01
2.835473905545699381e+03 1.907900856222184984e+02 5.268889335728184875e+01 1.855060210616149163e+02 9.719101422969788473e+01
2.835953738201806573e+03 1.897371874795504993e+02 5.276106340496855296e+01 1.854674158118378671e+02 9.619177790030423125e+01
2.836434639228118158e+03 1.886796719634406259e+02 5.276335139656720941e+01 1.854179077870533661e+02 9.519301579876261599e+01
2.836887880192926332e+03 1.877137291467490456e+02 5.280744371197296516e+01 1.853992182624864142e+02 9.419388851588759337e+01
2.837353954659326064e+03 1.867301546645510371e+02 5.292196980986424393e+01 1.853244019937528719e+02 9.320160543478311865e+01
2.837821528611359554e+03 1.857467596788453079e+02 5.306004603570166722e+01 1.851221505678715005e+02 9.222263554030737964e+01
2.838273252980165580e+03 1.848359163620231982e+02 5.322146319096426481e+01 1.849157528211698320e+02 9.124446872089532690e+01
2.838734638578688646e+03 1.839437251440859313e+02 5.334405275344059305e+01 1.847111222111103075e+02 9.026592799005577206e+01
2.839202652314894294e+03 1.830586030794224826e+02 5.342233776793536038e+01 1.845344540925477759e+02 8.928319935061712442e+01
2.839674413947320772e+03 1.821888674907637551e+02 5.354131852885419818e+01 1.844324769418911956e+02 8.828860103570127649e+01
2.840146503886743176e+03 1.813002039521613256e+02 5.364276811949618207e+01 1.842939929452509205e+02 8.729997244443499937e+01
2.840658049651459805e+03 1.803015387439514541e+02 5.355569741439959586e+01 1.842039673715294441e+02 8.631023951777494574e+01
2.841192681268633805e+03 1.792567778860122019e+02 5.329519622754294517e+01 1.843088000623590403e+02 8.531927744601019015e+01
2.841704179837166976e+03 1.782759590792790050e+02 5.302338109753694795e+01 1.845005325084783294e+02 8.433783300520119042e+01
2.842213258743605820e+03 1.773199900360659740e+02 5.282410674374552428e+01 1.846830089804323904e+02 8.335469592219686774e+01
2.842714964489733575e+03 1.763755777987892941e+02 5.274353694259317393e+01 1.847878754579766678e+02 8.236246133748991838e+01
2.843219470476517472e+03 1.754358934424963934e+02 5.275230022196243596e+01 1.848091783250512492e+02 8.136282197670307426e+01
2.843735605134701473e+03 1.744631440525306232e+02 5.278591781343756395e+01 1.847868648573393671e+02 8.036344685932994025e+01
2.844213774115673459e+03 1.735466920776989355e+02 5.283900445526222001e+01 1.847136939758316316e+02 7.936640282201975083e+01
2.844681710824505899e+03 1.726662987058699912e+02 5.294817436343193151e+01 1.846432298081304282e+02 7.836924636310722292e+01
2.845197069299454597e+03 1.717081110939565178e+02 5.306509006000858619e+01 1.845375244568317612e+02 7.737684346353530884e+01
2.845757358936771197e+03 1.706867795303290620e+02 5.310888594595873258e+01 1.844034470596285473e+02 7.638649732303424855e+01
2.846329702615681072e+03 1.696205264064260234e+02 5.308489695013773257e+01 1.843812219001244443e+02 7.538969269118197758e+01
2.846865496517074462e+03 1.686054514591207010e+02 5.303268375402218027e+01 1.844072794657669476e+02 7.439043311882609544e+01
2.847379008719020931e+03 1.676105814211310587e+02 5.301462924448193803e+01 1.844563010136951391e+02 7.339293778754108644e+01
2.847905860829447192e+03 1.665457103502507152e+02 5.300877671684980186e+01 1.845392655882401982e+02 7.239652509255402890e+01
2.848435301802178401e+03 1.654806552941535358e+02 5.297713303128779927e+01 1.845779663116583720e+02 7.139765464852513333e+01
2.848952417358637831e+03 1.644594625825617129e+02 5.295206214307875570e+01 1.845787389429832501e+02 7.039770988938572316e+01
2.849431922864109765e+03 1.635174892884114115e+02 5.290246774497996540e+01 1.845380620554681457e+02 6.939901291653136184e+01
2.849905724250053481e+03 1.625649420085087513e+02 5.285056433424767164e+01 1.844989374817795920e+02 6.840028674671985698e+01
2.850402044168417433e+03 1.615366588006885706e+02 5.282459550281770078e+01 1.845090209458625736e+02 6.740049037963650846e+01
2.850872179107393094e+03 1.605569165047205331e+02 5.275754764283905018e+01 1.845363250512930051e+02 6.640086321138142011e+01
2.851311022994316772e+03 1.596296952825017854e+02 5.265689303944736821e+01 1.845965995859480984e+02 6.540321885786525513e+01
2.851749339061767841e+03 1.586939473475517275e+02 5.255401162766102630e+01 1.846385256719136407e+02 6.440535266825195038e+01
2.852185834779802917e+03 1.577799291791053236e+02 5.247948970316010531e+01 1.846067182839316843e+02 6.340614731914329383e+01
2.852614578831570725e+03 1.568877896952647859e+02 5.246912355211357237e+01 1.845979937074299073e+02 6.240723560572588724e+01
2.853045635949765256e+03 1.559795969652487031e+02 5.246695879225359249e+01 1.845930679171685540e+02 6.140805758775368162e+01
2.853490199498859511e+03 1.550433534706323826e+02 5.242281324537285769e+01 1.845655684361663020e+02 6.040857092402679740e+01
2.853934503835595024e+03 1.541204178742740680e+02 5.236957901646642455e+01 1.845848820810414850e+02 5.940920824413510815e+01
2.854362501958604753e+03 1.532146432690237532e+02 5.235743296844431427e+01 1.846053274050697439e+02 5.840979544935039769e+01
2.854805770628791379e+03 1.522455327255548809e+02 5.236041659182258456e+01 1.846081633822390415e+02 5.740983983763018017e+01
2.855266492895620104e+03 1.512556365935308804e+02 5.231742905608118832e+01 1.846468937020810586e+02 5.641094014828660619e+01
2.855707541425692398e+03 1.503289040796624931e+02 5.227046970367622691e+01 1.846924370083981728e+02 5.541214812926023114e+01
2.856156870818875632e+03 1.493681573470520902e+02 5.222805085431225081e+01 1.847287645493177592e+02 5.441284431692106693e+01
2.856639267538914737e+03 1.483293516259660692e+02 5.211981289263881223e+01 1.847716490687591602e+02 5.341376566759642230e+01
2.857116727786027241e+03 1.473041350743667408e+02 5.196061245951123198e+01 1.848353404672639044e+02 5.241603569423212861e+01
2.857576574572862228e+03 1.463102715459777130e+02 5.180609862655446562e+01 1.849527427165291442e+02 5.142345832820841167e+01
2.858023855986331910e+03 1.453471473094216151e+02 5.168178690330845626e+01 1.850688589864559788e+02 5.043070995411907376e+01
2.858475678106075520e+03 1.443853343964418627e+02 5.160168768632064484e+01 1.851555717693085796e+02 4.943447673786678109e+01
2.858936291082520711e+03 1.434240711972807674e+02 5.157361928001354556e+01 1.852119227179920813e+02 4.843651506540494012e+01
2.859373513535108032e+03 1.425491137604241487e+02 5.158058351347948189e+01 1.852033067912225590e+02 4.743715752733755409e+01
2.859813681918841667e+03 1.416845525963775572e+02 5.158201229610025251e+01 1.851872839075694799e+02 4.643760670848533323e+01
2.860278259985934255e+03 1.407659176459722801e+02 5.156205498083074446e+01 1.852168710405460956e+02 4.543825287672840574e+01
2.860736961998102743e+03 1.398728219212877093e+02 5.157255380384149390e+01 1.852381242462552677e+02 4.443884375305191270e+01
2.861200649335339222e+03 1.389800502130690916e+02 5.164181379728876209e+01 1.852024212990003775e+02 4.343992627740611567e+01
2.861688232255199637e+03 1.380321454668996353e+02 5.170191049878879852e+01 1.850988256574396473e+02 4.244602682243550618e+01
2.862179156876633442e+03 1.370665218190785026e+02 5.169766759626133990e+01 1.849925142599532251e+02 4.145221968736872498e+01
2.862669473098178514e+03 1.361005831710855318e+02 5.165110211848138277e+01 1.849752860358605631e+02 4.045391853853916331e+01
2.863159408401636028e+03 1.351483303372108082e+02 5.161212813892801421e+01 1.850184296208437615e+02 3.945487317357294188e+01
2.863668495377974978e+03 1.341673687793828549e+02 5.160603964426579182e+01 1.850484415066825932e+02 3.845550089545575645e+01
2.864199782326880268e+03 1.331214271328048540e+02 5.163364698068097169e+01 1.850041241640383305e+02 3.745793013569853969e+01
2.864702185626962546e+03 1.320921872987289305e+02 5.167264481754863681e+01 1.849000510940445565e+02 3.646339434457419770e+01
2.865166716346926478e+03 1.311118450813183927e+02 5.167887406287555052e+01 1.848215346579209495e+02 3.546698675658669231e+01
2.865615182508998714e+03 1.301415089983396172e+02 5.161098187246921043e+01 1.847802581312629684e+02 3.446786249377730371e+01
2.866062505884402981e+03 1.291511955628304804e+02 5.147779387679339180e+01 1.848066594685748214e+02 3.346988951191246997e+01
2.866508888551465134e+03 1.281841620220552613e+02 5.132175731793375917e+01 1.849128042939057934e+02 3.247582087543447926e+01
2.866945046152720352e+03 1.272758588521710408e+02 5.119512022786783234e+01 1.850191932294233368e+02 3.148171386892552093e+01
2.867401197964909443e+03 1.263303013297009727e+02 5.109536405217909305e+01 1.851324287190503810e+02 3.048845785379736739e+01
2.867870547079557127e+03 1.253488969503821266e+02 5.098093821441482021e+01 1.852601097793943836e+02 2.949667792373721653e+01
2.868310659133748686e+03 1.244114089935793999e+02 5.089466619500081634e+01 1.853435821574056206e+02 2.850075718234037581e+01
2.868748824330357365e+03 1.234715289058846679e+02 5.093530193017129193e+01 1.853678354677654454e+02 2.750137705517680331e+01
2.869221934887024418e+03 1.225176332071233958e+02 5.114621538494151309e+01 1.852856322750488687e+02 2.650775873291404849e+01
2.869727257994752108e+03 1.216981026220225601e+02 5.157054570191411358e+01 1.850346421976273916e+02 2.554422321117897710e+01
2.870287316234363516e+03 1.211291454515592676e+02 5.230540907272280293e+01 1.845251993803305766e+02 2.470398800329354572e+01
2.870863942695255446e+03 1.207363048145389683e+02 5.324630050936792003e+01 1.837255854076654202e+02 2.413785521444460969e+01
2.871398469094178836e+03 1.204487713535554150e+02 5.424962767540560549e+01 1.827862024583897096e+02 2.380705222296738199e+01
2.871882725019933787e+03 1.203033028199311758e+02 5.521900533632160801e+01 1.818036465862572584e+02 2.363727111285462712e+01
2.872344098442073118e+03 1.203053195861691336e+02 5.612441656697517089e+01 1.808079157229932150e+02 2.354600914501689601e+01
2.872794937750903955e+03 1.203734428817145954e+02 5.699613888627375502e+01 1.798093162069185951e+02 2.352426125401606782e+01
2.873237904298393914e+03 1.203889023428278335e+02 5.786180498846297837e+01 1.788138504123936059e+02 2.360455732969608533e+01
2.873703997349034580e+03 1.203916990243205021e+02 5.877994354719413650e+01 1.778190486609987886e+02 2.370479613588895873e+01
2.874175416009030869e+03 1.204651031349104073e+02 5.972508926984849609e+01 1.768236694318273408e+02 2.380046143562448435e+01
2.874626010890322959e+03 1.205892245950562796e+02 6.064387903652772138e+01 1.758299665520806627e+02 2.391224257878329951e+01
2.875083650229486921e+03 1.207031655249008821e+02 6.156099860311484662e+01 1.748364965933151041e+02 2.402628872185932352e+01
2.875556639177080342e+03 1.207379119220115058e+02 6.249853772706288169e+01 1.738438844257388496e+02 2.414735574426309128e+01
2.876027189517092211e+03 1.207640355475929823e+02 6.344315550913137969e+01 1.728492003950522360e+02 2.424791075395370044e+01
2.876494840454191490e+03 1.208009339118528658e+02 6.440054815594744753e+01 1.718520890042327949e+02 2.432366146608308100e+01
2.876966798325216132e+03 1.207529589180132064e+02 6.539885999462583754e+01 1.708535453693559418e+02 2.437514067577417975e+01
2.877450799775117048e+03 1.206432178193298057e+02 6.643155079439901556e+01 1.698555401170427785e+02 2.434506542421835107e+01
2.877935790696471940e+03 1.205395251791408953e+02 6.743532575553706465e+01 1.688582250538554490e+02 2.427185115082832922e+01
2.878414439783045054e+03 1.204881030884942987e+02 6.839731948324487121e+01 1.678593537730624803e+02 2.423219400746008034e+01
2.878909213702264424e+03 1.204808324913688011e+02 6.939622749036846017e+01 1.668597120992155283e+02 2.424360604586961543e+01
2.879414722241095205e+03 1.204811073807630777e+02 7.041037576911598705e+01 1.658612605368192874e+02 2.429637941525940903e+01
2.879916114879906672e+03 1.204456998275992419e+02 7.139403624907831158e+01 1.648621781731674218e+02 2.432921213391434989e+01
2.880397398192282708e+03 1.203432826572020815e+02 7.232282463970399533e+01 1.638625589355680745e+02 2.431255240365274162e+01
2.880862562387418166e+03 1.201850405835108404e+02 7.322081514459699747e+01 1.628650973968315725e+02 2.424618376329405933e+01
2.881347831950693944e+03 1.200116397570758835e+02 7.419362637960844609e+01 1.618705529045289495e+02 2.414271070681405007e+01
2.881843528632388825e+03 1.198816053181428316e+02 7.520494845602223677e+01 1.608735373554615649e+02 2.407513629896383733e+01
2.882334811691214782e+03 1.197888790088261288e+02 7.618968206884078143e+01 1.598739760499410067e+02 2.404640905684968644e+01
2.882839270193188895e+03 1.197171464416308169e+02 7.720382544705738326e+01 1.588748995283772558e+02 2.400581616643382787e+01
2.883358371444846853e+03 1.196244578916633543e+02 7.824596876333531270e+01 1.578769167247868097e+02 2.394294839312823697e+01
2.883891896458019346e+03 1.194652036575567848e+02 7.930923491586941054e+01 1.568843988688680327e+02 2.382666404083234113e+01
2.884430240813161618e+03 1.193284712159714047e+02 8.036797456448732646e+01 1.558939942735897830e+02 2.368860689652251139e+01
2.884958697963658778e+03 1.193482866321434557e+02 8.133297986120476253e+01 1.548974855177320933e+02 2.362884969724599316e+01
2.885503998510545443e+03 1.195569994420874593e+02 8.222671412374950251e+01 1.539074257382931989e+02 2.373360709260887091e+01
2.886073672724095104e+03 1.199975779267823981e+02 8.304407495176729981e+01 1.529456608176509178e+02 2.399860096873221593e+01
2.886676443954479055e+03 1.207515583647085577e+02 8.361268820984842876e+01 1.520902358616618528e+02 2.449274173372558749e+01
2.887293707701997391e+03 1.217165364702901513e+02 8.378378915625559387e+01 1.515920772762405022e+02 2.531744507965946767e+01
2.887894125222963339e+03 1.228059516210752236e+02 8.374156517915461961e+01 1.514751465680473075e+02 2.629901138762389579e+01
2.888441628006527935e+03 1.239436732407200026e+02 8.369046221593549717e+01 1.515329058816894303e+02 2.729606647697496769e+01
2.888927048480059966e+03 1.249823188884215881e+02 8.364425378416697754e+01 1.515926983102418149e+02 2.829408044487285423e+01
2.889401162932998432e+03 1.259595026309096539e+02 8.365397773019300587e+01 1.515967598950184936e+02 2.929369063901538439e+01
2.889881374090212830e+03 1.269260585671870700e+02 8.374815156590699416e+01 1.515860084988210019e+02 3.029363104736523482e+01
2.890378955679918363e+03 1.279024162988580713e+02 8.386155997837781229e+01 1.515583577514855165e+02 3.129318079215575565e+01
2.890867472836391698e+03 1.288133408012962491e+02 8.397404403631900038e+01 1.515414921870550131e+02 3.229296960210510292e+01
2.891356982461194548e+03 1.296811331093768729e+02 8.414053574008406144e+01 1.515317089528018357e+02 3.329292170168662324e+01
2.891871852890607897e+03 1.306191921182769136e+02 8.435172214938074831e+01 1.514562384564261777e+02 3.428918282573825138e+01
2.892366523826208777e+03 1.315567342173987697e+02 8.447108941050828435e+01 1.513763609902103440e+02 3.528588325024639261e+01
2.892850725012694966e+03 1.324859018601799505e+02 8.447025079542478920e+01 1.513495336067966548e+02 3.628513353050628609e+01
2.893355062160871512e+03 1.334983089825704496e+02 8.441775448673712390e+01 1.513764368115074603e+02 3.728450964295498693e+01
2.893851811280556376e+03 1.345312093436913869e+02 8.438566025962290951e+01 1.514364475263859333e+02 3.828263759076705952e+01
2.894327622431574582e+03 1.355027229933971569e+02 8.435374676121521986e+01 1.514756360704093083e+02 3.928170755563743199e+01
2.894778347637366551e+03 1.364020881621827641e+02 8.430521682689442287e+01 1.515221821904830506e+02 4.028055276954952291e+01
2.895256234327141556e+03 1.373526333765896084e+02 8.425671511872232600e+01 1.515791076290186652e+02 4.127892958014896863e+01
2.895791844090122140e+03 1.384339237484919352e+02 8.419814929851330021e+01 1.516676236192395777e+02 4.227481681084699261e+01
2.896334067941540070e+03 1.395417331534556808e+02 8.414674919820383536e+01 1.517635315175400024e+02 4.327020237277874770e+01
2.896850848307560227e+03 1.405980735230045582e+02 8.408520835952069206e+01 1.518018279737941043e+02 4.426884916452116414e+01
2.897332402513716715e+03 1.415583452184889950e+02 8.403717316204256349e+01 1.518603360631890951e+02 4.526677913926859986e+01
2.897823615614191112e+03 1.425349266620278001e+02 8.406140611255585782e+01 1.519047539220053409e+02 4.626560454983204806e+01
2.898340588119491258e+03 1.435495627954566089e+02 8.415192936966850823e+01 1.518760281821807894e+02 4.726446779450078139e+01
2.898854353542592889e+03 1.445137527051093684e+02 8.431323538713014898e+01 1.518055532042533002e+02 4.826191781731477448e+01
2.899357175865745376e+03 1.454749389978991587e+02 8.447543969422014243e+01 1.516941361937764725e+02 4.925546447181834964e+01
2.899858306046817688e+03 1.464328266929837810e+02 8.455464609402949350e+01 1.516352919493695879e+02 5.025288928141139877e+01
2.900386120323101750e+03 1.473930748824783450e+02 8.462350901143193482e+01 1.516107918361111047e+02 5.125257390742208941e+01
2.900952153991823252e+03 1.484070189163492159e+02 8.471943865774788662e+01 1.515752883300130804e+02 5.225190394285245787e+01
2.901510591919882700e+03 1.493858782673997041e+02 8.484118299708208610e+01 1.515647165027827725e+02 5.325167214447701269e+01
2.902071275665751273e+03 1.503613548621218570e+02 8.497043006969467172e+01 1.515233273030273153e+02 5.425047379975362105e+01
2.902610344577277829e+03 1.512973988259902001e+02 8.508928141415232460e+01 1.514724367476550526e+02 5.524916983418128780e+01
2.903149103016752179e+03 1.522653224831905447e+02 8.520477832775983984e+01 1.514185427549264205e+02 5.624771081196920619e+01
2.903709308579751450e+03 1.533014201133752294e+02 8.534352746813681279e+01 1.513301082141841221e+02 5.724359246424705816e+01
2.904273403075472743e+03 1.543486850154285719e+02 8.548004889317112998e+01 1.512371059363349843e+02 5.823924723585101759e+01
2.904869643458486735e+03 1.554680406495012619e+02 8.554445563529597507e+01 1.511435107730771108e+02 5.923485529226175572e+01
2.905435768912087497e+03 1.565479438617636276e+02 8.550830172731471635e+01 1.511234721722710219e+02 6.023360030280223043e+01
2.905967345408225810e+03 1.575839707943680708e+02 8.539869620833785291e+01 1.511696478229356444e+02 6.123226344668417198e+01
2.906489081305028776e+03 1.585950883848413753e+02 8.531810251473747542e+01 1.512723261642111083e+02 6.222664074157081870e+01
2.907020138346312251e+03 1.596214885814478350e+02 8.527463165417304936e+01 1.513153394659806850e+02 6.322465821117674523e+01
2.907555045292315754e+03 1.606569475336502819e+02 8.529434952831806527e+01 1.512572286785218694e+02 6.422198682412505377e+01
2.908056446640158811e+03 1.616291635733083751e+02 8.540956355532055966e+01 1.511617075192033042e+02 6.521739313102403912e+01
2.908535656219761677e+03 1.625249307425147265e+02 8.560005139764568582e+01 1.509820696777180160e+02 6.619990645680367436e+01
2.909030932940795083e+03 1.633525362046208045e+02 8.589208436143856318e+01 1.506801711261437902e+02 6.715147811824041924e+01
2.909539217869483764e+03 1.641481201999125119e+02 8.625360901832443972e+01 1.503326582349606326e+02 6.808912161264599661e+01
2.910074608892436117e+03 1.649746268250230230e+02 8.659981922035248658e+01 1.499547005073196146e+02 6.901479205538149131e+01
2.910590076073177443e+03 1.658425630444545789e+02 8.695567631002498388e+01 1.495398502731317194e+02 6.992450341459581864e+01
2.911093510262066957e+03 1.667626087063359819e+02 8.735286872865125929e+01 1.491161793356822614e+02 7.083031934071178171e+01
2.911587363524027296e+03 1.676293160469880377e+02 8.772146408711830645e+01 1.487222581159768424e+02 7.174926346441115754e+01
2.912068527412860476e+03 1.684094492278118764e+02 8.796336826376681017e+01 1.483669516062400078e+02 7.268383941027897777e+01
2.912612506016144380e+03 1.692679657619060265e+02 8.818820534516746079e+01 1.481373693243279490e+02 7.365448877264546468e+01
2.913196128891380795e+03 1.701859617025653506e+02 8.849656631859433276e+01 1.478527536595283038e+02 7.461132228510906828e+01
2.913756925541324108e+03 1.710325989177821953e+02 8.882007818501907082e+01 1.474807917440897995e+02 7.553896101286815679e+01
2.914352939779507324e+03 1.720105991246580857e+02 8.899853335517100561e+01 1.471814059402857993e+02 7.649142152284460394e+01
2.914922224465877662e+03 1.729735911886844519e+02 8.894033446469728688e+01 1.471414012355924115e+02 7.748162294322813182e+01
2.915514985735492246e+03 1.739388904886563125e+02 8.864580036604965585e+01 1.473071066269100413e+02 7.846503631853465777e+01
2.916142894483737109e+03 1.749372143951386533e+02 8.817486442768060328e+01 1.476727463638953850e+02 7.939096339472023089e+01
2.916747241554303400e+03 1.759066245842171838e+02 8.770241523547902318e+01 1.481688738524735527e+02 8.025773774038933084e+01
2.917361344782629658e+03 1.769422860266407724e+02 8.723581995576250847e+01 1.486627153225152256e+02 8.112710716016201218e+01
2.917942130956484561e+03 1.779310674696539252e+02 8.678660017508444469e+01 1.491678541489717702e+02 8.199004871328662603e+01
2.918522239112071020e+03 1.789039197477209484e+02 8.626113778540874932e+01 1.496232224194452840e+02 8.287963465201151791e+01
2.919065427330777766e+03 1.797151805887718865e+02 8.572415387707681589e+01 1.501646034610934635e+02 8.371771097130834960e+01
2.919612910934473803e+03 1.804614351167855375e+02 8.511929286379731252e+01 1.507084955081462851e+02 8.455662724750521875e+01
2.920201717877375813e+03 1.812405248073486064e+02 8.441959201794124112e+01 1.513202059602321867e+02 8.534594357984542512e+01
2.920755555993180224e+03 1.818632041945580511e+02 8.372299540956848318e+01 1.520478726818971609e+02 8.602817038718619358e+01
2.921329048418048387e+03 1.823922762044695958e+02 8.292821218692640173e+01 1.528357674422512105e+02 8.664334220035181033e+01
2.921866027251645846e+03 1.827579093255246221e+02 8.206607310984836090e+01 1.537378862017529855e+02 8.705825325549761828e+01
2.922438304906830126e+03 1.828503546579908630e+02 8.106029755671291070e+01 1.547022107204590782e+02 8.731692243081815263e+01
2.923033629031682722e+03 1.828184747382335331e+02 8.001099961903911151e+01 1.556949671784720408e+02 8.732577179433904746e+01
2.923619461833926835e+03 1.828449760432964979e+02 7.903204013336711853e+01 1.566918905034429486e+02 8.724826021677669985e+01
2.924225849216649749e+03 1.828519524117651542e+02 7.810324586699373128e+01 1.576885448366277274e+02 8.729292264677914659e+01
2.924802729292769982e+03 1.826633352138092050e+02 7.730976850042218018e+01 1.586808132789425372e+02 8.720643350153703466e+01
2.925387605690627879e+03 1.823490590651584000e+02 7.648777991566413448e+01 1.596348065863278691e+02 8.691844755752383378e+01
2.926004927018189846e+03 1.819801095604238981e+02 7.560330618589011920e+01 1.605671289864716300e+02 8.655722315392038979e+01
2.926641326508853581e+03 1.817474275215840294e+02 7.465630015013935861e+01 1.614848865637818278e+02 8.616038314218280902e+01
2.927252353962053348e+03 1.816237542141576000e+02 7.364924163600962004e+01 1.624626035723624966e+02 8.599500130277452570e+01
2.927815652709730330e+03 1.816010822276111298e+02 7.264480069228049786e+01 1.634579157852097069e+02 8.589830216112970618e+01
2.928416473850038074e+03 1.816785788481896020e+02 7.157524076570992122e+01 1.644549062255347280e+02 8.582139975518907704e+01
2.929006112254800883e+03 1.818334813580079583e+02 7.054418569767068448e+01 1.654541722918951905e+02 8.578895522555609432e+01
2.929588764750892551e+03 1.819487461538536479e+02 6.954883677060864500e+01 1.664535482559677178e+02 8.575425172685474706e+01
2.930179002665632197e+03 1.819684969143761180e+02 6.857497889796971435e+01 1.674502382839609709e+02 8.581679431391506796e+01
2.930740217662066243e+03 1.820542818610191205e+02 6.765419581758509082e+01 1.684478299433029065e+02 8.588531773207309072e+01
2.931310133184661026e+03 1.821396833929090064e+02 6.669845859673171162e+01 1.694392330973010132e+02 8.601194802860329958e+01
2.931907716851587338e+03 1.822285226083729981e+02 6.570141476349756715e+01 1.704365033184287199e+02 8.601213309160452525e+01
2.932529846900345547e+03 1.823150358841425032e+02 6.460282407654892722e+01 1.714353766616233372e+02 8.596492634002808586e+01
2.933178164688994457e+03 1.822531405755936476e+02 6.352715231150821751e+01 1.724344703773831498e+02 8.598662272372867221e+01
2.933882304124544135e+03 1.822617284442656285e+02 6.250700855318440574e+01 1.734135631316693491e+02 8.581501112270143494e+01
2.934585965246878004e+03 1.823708913163134469e+02 6.150563081978187085e+01 1.744053562476125308e+02 8.583462563234807874e+01
2.935246167319991855e+03 1.825085484912943627e+02 6.057190295803830082e+01 1.754043410663694260e+02 8.587340094236682830e+01
2.935874223438368062e+03 1.824738065218880934e+02 5.957247743019909336e+01 1.763998479923589002e+02 8.596267174425190660e+01
2.936434589665761905e+03 1.824783711235930923e+02 5.870624831734384230e+01 1.773983904631109567e+02 8.596157295422244715e+01
2.937064014344311090e+03 1.826495484606184334e+02 5.771298517451416643e+01 1.783983019564352048e+02 8.595882487461742016e+01
2.937700326053617573e+03 1.827802173408752253e+02 5.669623712566773577e+01 1.793838397632890462e+02 8.611062278977058781e+01
2.938267061626418126e+03 1.829149070658483822e+02 5.577549568148199199e+01 1.803778004302328952e+02 8.621022883894544009e+01
2.938800073717842679e+03 1.830131288631465338e+02 5.489569662812913009e+01 1.813687719043685433e+02 8.634138261329334796e+01
2.939391793199576568e+03 1.828129490509191157e+02 5.408044978829380511e+01 1.823652769989781746e+02 8.632485373638125736e+01
2.940041565073228412e+03 1.824136166019041241e+02 5.325713075228456717e+01 1.832879791300455565e+02 8.597151365105801801e+01
2.940743937567820922e+03 1.816498723239471076e+02 5.260206067238204497e+01 1.840554357571919866e+02 8.534216007359182754e+01
2.941409751352278818e+03 1.808808282120209867e+02 5.210882980615473770e+01 1.845667143302036663e+02 8.449410875872591475e+01
2.942063101870466653e+03 1.799591116520273602e+02 5.192788556300086356e+01 1.849719091385631202e+02 8.358030410883782224e+01
2.942721182683847928e+03 1.790033699094953477e+02 5.187991616189579247e+01 1.851549287814622176e+02 8.260318169940936173e+01
2.943434761195331248e+03 1.780181271390509039e+02 5.202447570331018767e+01 1.851399029759817836e+02 8.160593730584282923e+01
2.944177058016274714e+03 1.771027624059241248e+02 5.228586520575392171e+01 1.849854136445536028e+02 8.061929542453954411e+01
2.944962780910972015e+03 1.760639131004668059e+02 5.251973688665164985e+01 1.847330510451265297e+02 7.965236437638972689e+01
2.945651284314411441e+03 1.750922430439751167e+02 5.268869445608784474e+01 1.845295306592569489e+02 7.867388066117301548e+01
2.946386660439224670e+03 1.741273720589921368e+02 5.270977457922136722e+01 1.842712445244551986e+02 7.770848571918786263e+01
2.947167146480717747e+03 1.730183735308670521e+02 5.251995799240089724e+01 1.843619186846797504e+02 7.672794580786644758e+01
2.947878183297769738e+03 1.720482885557279076e+02 5.235702176540679886e+01 1.844972748394749260e+02 7.573731546644278012e+01
2.948569179613470624e+03 1.710165964520805630e+02 5.222726005654709525e+01 1.846579438745177981e+02 7.475044044874613292e+01
2.949240783482187453e+03 1.700604548506910874e+02 5.211044829404941936e+01 1.847596681200793114e+02 7.375613544594040150e+01
2.950001404615891261e+03 1.689657740802340982e+02 5.217378150559394356e+01 1.847777828635481114e+02 7.275682926349952595e+01
2.950738659869050480e+03 1.681387661975840899e+02 5.235478590127335252e+01 1.845670829874957519e+02 7.178442036102595125e+01
2.951705344199994670e+03 1.675047565691295404e+02 5.265288297002898332e+01 1.842430126274258839e+02 7.083895381065724450e+01
2.953221943961645593e+03 1.672573943718856526e+02 5.308622990646024675e+01 1.834365134751529638e+02 7.030425922706714914e+01
2.954937004636466554e+03 1.667902540349011815e+02 5.361809741094172210e+01 1.825903175926471818e+02 6.977216734086886163e+01
2.956442032447758720e+03 1.664416179099427779e+02 5.473280462160317228e+01 1.816802942485708741e+02 6.936066443598626563e+01
2.957344988478443156e+03 1.664407390370627695e+02 5.587067020847234744e+01 1.806816855242935276e+02 6.941317516418247635e+01
2.958117118429562197e+03 1.664738698137190624e+02 5.688675979076462852e+01 1.796862998657083779e+02 6.950909893918297655e+01
2.958858355258113079e+03 1.663439928528632663e+02 5.795127716303748144e+01 1.786932428922851841e+02 6.962372487369009377e+01
2.959604812062911151e+03 1.662510227989931195e+02 5.898325972861452016e+01 1.777003281264784391e+02 6.951086638552391150e+01
2.960400951993024137e+03 1.663306902936388951e+02 6.002133510711063025e+01 1.767087641645022984e+02 6.964046852176517177e+01
2.961123181807008223e+03 1.664539218174115831e+02 6.103533505247028046e+01 1.757162526643015781e+02 6.976223893229254713e+01
2.961710551614165070e+03 1.664590726152781883e+02 6.193830306531053509e+01 1.747296893792613446e+02 6.992378636273325299e+01
2.962302083515437971e+03 1.662812731530926271e+02 6.284590700430458554e+01 1.737308789284715829e+02 6.996775644198416444e+01
2.962914077009393623e+03 1.661602065301666755e+02 6.369925679677155728e+01 1.727321467958183803e+02 6.992181267474005324e+01
2.963610443676780960e+03 1.660337575209600232e+02 6.466759319217182167e+01 1.717332727384994371e+02 6.996186178010879075e+01
2.964296596450696597e+03 1.660079689137799903e+02 6.562093468098240123e+01 1.707357182891132652e+02 6.989655758928596185e+01
2.964970319050562011e+03 1.660753604560189558e+02 6.648786491743469185e+01 1.697364811348851674e+02 6.993492139664584784e+01
2.965743956948469986e+03 1.660723850123195291e+02 6.750716545291749071e+01 1.687365947888837638e+02 6.994589540564831509e+01
2.966474392298772273e+03 1.659294519601237141e+02 6.838711332135837040e+01 1.677386012297235425e+02 6.998707522192415809e+01
2.967246212140236366e+03 1.657285464424881809e+02 6.943868542387369303e+01 1.667499170754339559e+02 6.983798702388625657e+01
2.967915132912170520e+03 1.658478142113344518e+02 7.033375222152054107e+01 1.657542073949412043e+02 6.976827272977865846e+01
2.968634442763936931e+03 1.658436774777808580e+02 7.142784246543558879e+01 1.647661536571287115e+02 6.991686107671968387e+01
2.969303004661062459e+03 1.657699196430842221e+02 7.242923143592848589e+01 1.637663590096196060e+02 6.992325469440955032e+01
2.970002099321433434e+03 1.656409746056822598e+02 7.341336426965774820e+01 1.627710456748010017e+02 6.997345287353053322e+01
2.970685233628249989e+03 1.652759178361234262e+02 7.435390425485135779e+01 1.618000913479052372e+02 6.973435524605855562e+01
2.971352981498341251e+03 1.649956625283357141e+02 7.525098652741341709e+01 1.608345703315724222e+02 6.947549677236585808e+01
2.972109358834796694e+03 1.648528295654946874e+02 7.627601261207321670e+01 1.598482761866867747e+02 6.931347276021693915e+01
2.972817889144891979e+03 1.648663689220117021e+02 7.726964513379884636e+01 1.588503891230641614e+02 6.926470172539609393e+01
2.973533448527677137e+03 1.648495241097776045e+02 7.828311246452493322e+01 1.578542094528491759e+02 6.933977581155463099e+01
2.974168386938657932e+03 1.648910312752171023e+02 7.923680354339887799e+01 1.568572671978103017e+02 6.929263753131080250e+01
2.974779696254734972e+03 1.649383088588186013e+02 8.012704078045133826e+01 1.558676732454107423e+02 6.943544263493295432e+01
2.975388743641612564e+03 1.648521223370698578e+02 8.108111976241652030e+01 1.548713325836438059e+02 6.951238558201939099e+01
2.975990836433118602e+03 1.648616200204395739e+02 8.193895371145728745e+01 1.538740035557277679e+02 6.949898899594803936e+01
2.976708126484455534e+03 1.648267460279314491e+02 8.289949260592648272e+01 1.528930060817541516e+02 6.968262629780262785e+01
2.977423895910740612e+03 1.650010632049456660e+02 8.382776167415507018e+01 1.519022083068618372e+02 6.972335610109270476e+01
2.978116048333322851e+03 1.653301847954667778e+02 8.464933284889583831e+01 1.509872950185724392e+02 7.012612425834201701e+01
2.978808866916097486e+03 1.655927035954451298e+02 8.553233769695620481e+01 1.500483695689421779e+02 7.046907288964064264e+01
2.979486312059756983e+03 1.659406454259804775e+02 8.640812363504269911e+01 1.491440748951161765e+02 7.089493724209921766e+01
2.980199627936068282e+03 1.662193046909658278e+02 8.732753260094652603e+01 1.482664747095977873e+02 7.136693482138750255e+01
2.980933600890867638e+03 1.666970036927438343e+02 8.819669157393737180e+01 1.473147987539370263e+02 7.165646387398018646e+01
2.981706234536052762e+03 1.671289113493360219e+02 8.905771912263404033e+01 1.464704619364335940e+02 7.218997369285195020e+01
2.982519332186818247e+03 1.676928452102695530e+02 8.992137128058892870e+01 1.455866664631749643e+02 7.264041950664444869e+01
2.983274360944852560e+03 1.684288596800840594e+02 9.046765336029405091e+01 1.449149193195132455e+02 7.338067763349488359e+01
2.983996802725036105e+03 1.691911306598909448e+02 9.105047487113438365e+01 1.443026969939128605e+02 7.417135562353541900e+01
2.984697456348349078e+03 1.698265746152867735e+02 9.164563943812613900e+01 1.436828972726922586e+02 7.495407873564275292e+01
2.985583946269215630e+03 1.702507661477605723e+02 9.257436394330696317e+01 1.429231256646404802e+02 7.559168999760751717e+01
2.986450075385028413e+03 1.706491504512818835e+02 9.352424322583816263e+01 1.419898984041837480e+02 7.594970798889553976e+01
2.987353382003444494e+03 1.710738597579753275e+02 9.438956947488421179e+01 1.410895800632142425e+02 7.638484762168909015e+01
2.988266845811712301e+03 1.717569498118253364e+02 9.507825927123907661e+01 1.402361205099470567e+02 7.688557223183433109e+01
2.989299262962976627e+03 1.724976317410580862e+02 9.567398414883857072e+01 1.396122417794460091e+02 7.766705722078003760e+01
2.990489009081266886e+03 1.732604916921416418e+02 9.587271063226751266e+01 1.390410443170334531e+02 7.846912687195363389e+01
2.992655155936039591e+03 1.735176192877364940e+02 9.564423490029464858e+01 1.390217196586360160e+02 7.927346502775617409e+01
2.994862831027037828e+03 1.728320583808644528e+02 9.484141745270900969e+01 1.397725227277348381e+02 7.869060337838445207e+01
2.997006774797235721e+03 1.722691514753572903e+02 9.492988290748390057e+01 1.397668188306749926e+02 7.778129099456204187e+01
2.998421219311431742e+03 1.726984691802887824e+02 9.593420342099460640e+01 1.389857656470863674e+02 7.808194361564487451e+01
2.999148707061712230e+03 1.731205181379125406e+02 9.677802721915374207e+01 1.380524277373039013e+02 7.843871876750021954e+01
2.999842758954892361e+03 1.732742490102305055e+02 9.758807664456233510e+01 1.371440034369396699e+02 7.885634503466800993e+01
3.000610052916363202e+03 1.731959789211943530e+02 9.857812363315562720e+01 1.361556415340760395e+02 7.898948544558527374e+01
3.001312891864547510e+03 1.732429113279054889e+02 9.944449105118403054e+01 1.351560395763452789e+02 7.900202305305903394e+01
3.002142964579821637e+03 1.731459056728178609e+02 1.004958761522960913e+02 1.341589747433544346e+02 7.907674750247417705e+01
3.002988030250970951e+03 1.731424343287931435e+02 1.014436169623585755e+02 1.331658980100227154e+02 7.896820508603764210e+01
3.003894986363527551e+03 1.727277365494013850e+02 1.024432624414409787e+02 1.321699903447357087e+02 7.887810153784235467e+01
3.004651649798361632e+03 1.723865251292686196e+02 1.032818050770162870e+02 1.312807274791173597e+02 7.842791537787138623e+01
3.005442154622701764e+03 1.719512640562546721e+02 1.041114073771754107e+02 1.303166870658380105e+02 7.816599902422740342e+01
3.006272261538720159e+03 1.715752477574026216e+02 1.049521205195082416e+02 1.294032397495336397e+02 7.776032051769308850e+01
3.007156674891768034e+03 1.711385898596925870e+02 1.056507286137963746e+02 1.284914250586436424e+02 7.734971863274249415e+01
3.008198312212796282e+03 1.701569182527194357e+02 1.062431239912725118e+02 1.277881019575532804e+02 7.664173720309126736e+01
3.009292782872137650e+03 1.693422277000346412e+02 1.068494053726288371e+02 1.272102510011432628e+02 7.582594111795063441e+01
3.010478582141712650e+03 1.687864120904836511e+02 1.076350075280980576e+02 1.263689410175981180e+02 7.528649508969542126e+01
3.011600297768292421e+03 1.683486323203219968e+02 1.083414786262569862e+02 1.254815917525566391e+02 7.482548164787169753e+01
3.012765481349312722e+03 1.680848852984237851e+02 1.092722194963968008e+02 1.246296686663160642e+02 7.430830846269071799e+01
3.013873978110726966e+03 1.677531486459584187e+02 1.102833809776508787e+02 1.236545315604983273e+02 7.409975004690276990e+01
3.014966943171824369e+03 1.673298530138086733e+02 1.111042194798432092e+02 1.227608059338893440e+02 7.365153085436672598e+01
3.016541178932504863e+03 1.668018409444512997e+02 1.115503197653417260e+02 1.219046423592275090e+02 7.320518650702540242e+01
3.018803254500894582e+03 1.666520310753854801e+02 1.104340275758875691e+02 1.221469013139426636e+02 7.277872871795841547e+01
3.019666495316259898e+03 1.672231337346299824e+02 1.095557408671536876e+02 1.230564533897182002e+02 7.318811601835750480e+01
3.020386025856234482e+03 1.678304192462174171e+02 1.088417973580859694e+02 1.238959173495684212e+02 7.372638611083337423e+01
3.021062678826014235e+03 1.684430043455160160e+02 1.081752070861601425e+02 1.246682992416615150e+02 7.436050967769757847e+01
3.021732730238173644e+03 1.690077587983569174e+02 1.075344315839328857e+02 1.253783460902720890e+02 7.506227698173069030e+01
3.022452108235128890e+03 1.695968147446988041e+02 1.067916844658925584e+02 1.260287818121290968e+02 7.582160219902807796e+01
3.023158330029448280e+03 1.701775115077583109e+02 1.060307995830464023e+02 1.267625607482697774e+02 7.647782924708793928e+01
3.023877931539880137e+03 1.707392857876970425e+02 1.051481585534643841e+02 1.276200810353097808e+02 7.699207201417431179e+01
3.024518804730088050e+03 1.711929154337454975e+02 1.042323997258786221e+02 1.285063755297757666e+02 7.744510448816862436e+01
3.025121121683413548e+03 1.715975467967602697e+02 1.033911700413151777e+02 1.294084294401898489e+02 7.786801044143896888e+01
3.025729659263397934e+03 1.718848448518503744e+02 1.024742308044317554e+02 1.303128055035425632e+02 7.827449467455333831e+01
3.026362705005276439e+03 1.720517566577785260e+02 1.015543786422340560e+02 1.312833640361657501e+02 7.851224176537375854e+01
3.027080887574418284e+03 1.720992227977965570e+02 1.005631233623877279e+02 1.322724118145166869e+02 7.861045054581548186e+01
3.027821419235368467e+03 1.721135754205037074e+02 9.954350742038549527e+01 1.332721279898559885e+02 7.860458091121249424e+01
3.028553714587585091e+03 1.722828512104052834e+02 9.851262600232179523e+01 1.342595326627630641e+02 7.872000659463252248e+01
3.029262262260284388e+03 1.723532496190174754e+02 9.748286431676118013e+01 1.352431898522768279e+02 7.887316479447046902e+01
3.029923980945799030e+03 1.722295515215922990e+02 9.650625207055618660e+01 1.362420860800918945e+02 7.887953707869998254e+01
3.030530724544616987e+03 1.720850794222049558e+02 9.561767897631108326e+01 1.372377934986466244e+02 7.879680445503072406e+01
3.031181930580940843e+03 1.718649538792456042e+02 9.472500900345615094e+01 1.382234447252002383e+02 7.863275203261953550e+01
3.031916173270007675e+03 1.715828032911588537e+02 9.373889066050395513e+01 1.391989610142593392e+02 7.841322511962643205e+01
3.032637182368320737e+03 1.712352724674292688e+02 9.282692363113326905e+01 1.401395739923544284e+02 7.809043817867095072e+01
3.033353287053342228e+03 1.707596054291288397e+02 9.199144527753738032e+01 1.410417764203583602e+02 7.765913266008081450e+01
3.034021668524251709e+03 1.702274670890092807e+02 9.124690092890409687e+01 1.418934026349695046e+02 7.714651290372738401e+01
3.034676883287707369e+03 1.698076353597160733e+02 9.051618169775130696e+01 1.426948552927701144e+02 7.654898865904605998e+01
3.035376177777553494e+03 1.698846021988875350e+02 8.972188829734204774e+01 1.435903638227963199e+02 7.616485647917818369e+01
3.036046564548885726e+03 1.704956551893129415e+02 8.894158873246043129e+01 1.444828185588094414e+02 7.638888392144593809e+01
3.036641797345764189e+03 1.711600862333407349e+02 8.821296291607336570e+01 1.452266249747351026e+02 7.705242196175218794e+01
3.037214992000868278e+03 1.718475112983377358e+02 8.758033426908592389e+01 1.459365051765742010e+02 7.775623267588495935e+01
3.037886192763229701e+03 1.727020117639683860e+02 8.689857044506067041e+01 1.465889223139265312e+02 7.850759445483657828e+01
3.038591831052386624e+03 1.736557253515482557e+02 8.627186724332251799e+01 1.471881180436009231e+02 7.930782682245438764e+01
3.039293852106693066e+03 1.746455876984980193e+02 8.576395317516461603e+01 1.477142855367579557e+02 8.015169118219901634e+01
3.039978095834053875e+03 1.755684839323633639e+02 8.528227006562960355e+01 1.482139179250110317e+02 8.101542009912313347e+01
3.040617379329132746e+03 1.763521650129789577e+02 8.480192019337299314e+01 1.487520010477379913e+02 8.185810271708764674e+01
3.041272827875789517e+03 1.771082271268735724e+02 8.418567385880658094e+01 1.493174382548314441e+02 8.268140899239887176e+01
3.041964646384917160e+03 1.779265396960631733e+02 8.352399711752592282e+01 1.499448618968786775e+02 8.345958411465025506e+01
3.042661020465828187e+03 1.787308428671398985e+02 8.288759946745352636e+01 1.505401786984989201e+02 8.426063532411788515e+01
3.043309694713555018e+03 1.793586392245340448e+02 8.216280020510409088e+01 1.512095107706670092e+02 8.498819940318601596e+01
3.043897288927109457e+03 1.798215370113437643e+02 8.137036941175786353e+01 1.520014369149398021e+02 8.559812499460589663e+01
3.044434199395065662e+03 1.801545265485475795e+02 8.054154160106638471e+01 1.528641847317105658e+02 8.609405979957558941e+01
3.044943901113082120e+03 1.803831562598208507e+02 7.965257198078843714e+01 1.537978945025080293e+02 8.644630105087937011e+01
3.045444489261003127e+03 1.804860795469836319e+02 7.870745114718398838e+01 1.547534544014162634e+02 8.674108429118187757e+01
3.045937023511053212e+03 1.804312671204456535e+02 7.770544477072533596e+01 1.557341302451411877e+02 8.687280719837761467e+01
3.046417617265092304e+03 1.802503545624868480e+02 7.662423722943364623e+01 1.567305176423523108e+02 8.681123739216647550e+01
3.046872811158948934e+03 1.800490916940797206e+02 7.552096323769119124e+01 1.577237551371545976e+02 8.669516321956702143e+01
3.047287206202771813e+03 1.798924859144736672e+02 7.451228177532740915e+01 1.587108952226816712e+02 8.653894785392451183e+01
3.047689904666221537e+03 1.797834335902865064e+02 7.352455005980760916e+01 1.597001635792447587e+02 8.639855808514393232e+01
3.048100281139154049e+03 1.797065875153632533e+02 7.250575680234895515e+01 1.606955324568428125e+02 8.630278333110398137e+01
3.048492687889656736e+03 1.796566399139010173e+02 7.158246195292407776e+01 1.616907451310141539e+02 8.620536661506386622e+01
3.048891461865957353e+03 1.795994429220116899e+02 7.067188810415255773e+01 1.626865939420894165e+02 8.611520880556938096e+01
3.049321760906096188e+03 1.795418596199744456e+02 6.967569345744328757e+01 1.636841607441381257e+02 8.604605539787849011e+01
3.049751268018025712e+03 1.795595443468444614e+02 6.868760564703377725e+01 1.646819945224178525e+02 8.598037895500377203e+01
3.050182490185161441e+03 1.796213119644891947e+02 6.766064904344514730e+01 1.656803572336751245e+02 8.597644394811864288e+01
3.050621772061226693e+03 1.797034432989783568e+02 6.659104401040220012e+01 1.666787327873937841e+02 8.603271665188073314e+01
3.051045629867443495e+03 1.798580714000450200e+02 6.561852918417537239e+01 1.676777127216902556e+02 8.607259769179000841e+01
3.051473590030684591e+03 1.800105688535405477e+02 6.463575764421823067e+01 1.686746945175587769e+02 8.613934874210684711e+01
3.051922619383068650e+03 1.800730439744244507e+02 6.354574216838448564e+01 1.696713945648247375e+02 8.621809596878182447e+01
3.052348277567808509e+03 1.800718278125600023e+02 6.251248114264330979e+01 1.706705721575619350e+02 8.624660655602357906e+01
3.052749811199897977e+03 1.800153814292075367e+02 6.153486726640849724e+01 1.716704365728113260e+02 8.626039586232769807e+01
3.053165881720137804e+03 1.799447920348407592e+02 6.048639631923151683e+01 1.726694497234389019e+02 8.623788489459829520e+01
3.053568472982735329e+03 1.799033293046471442e+02 5.945488219975445787e+01 1.736682409700797223e+02 8.618910300330678353e+01
3.053956365758481752e+03 1.798858194000137587e+02 5.844914944051906502e+01 1.746678093255215174e+02 8.617577493720041559e+01
3.054347931077795693e+03 1.799235761778905669e+02 5.742972316576625502e+01 1.756676138754898204e+02 8.616556186097997738e+01
3.054712383595316169e+03 1.800055875451777467e+02 5.651891187019143814e+01 1.766674340778225201e+02 8.614755312821121436e+01
3.055065148813871019e+03 1.800568762437081034e+02 5.566447765801098058e+01 1.776671931232608017e+02 8.615737842519037315e+01
3.055433708200526326e+03 1.800411481939605096e+02 5.477595140270714325e+01 1.786669727370997691e+02 8.616011216560856667e+01
3.055789857322511580e+03 1.799802900868992594e+02 5.393980244188292517e+01 1.796647767705030958e+02 8.610404391833137083e+01
3.056160818630945869e+03 1.798376588811167665e+02 5.308880186861965456e+01 1.806582940192285491e+02 8.599247188308942214e+01
3.056555321942709725e+03 1.795407592817794011e+02 5.224201659348758398e+01 1.816355133141485396e+02 8.578992898363046038e+01
3.056951070168161095e+03 1.790362550391758134e+02 5.150736804162456650e+01 1.825650810246490892e+02 8.543295499340914034e+01
3.057377065290016162e+03 1.782867954945156441e+02 5.087913059956898110e+01 1.833769758589035348e+02 8.486569769261741669e+01
3.057811420939854088e+03 1.774075078642719632e+02 5.039279839231919311e+01 1.839920126056632341e+02 8.409021213252638915e+01
3.058219977930779351e+03 1.765032488437584846e+02 5.006254670706864118e+01 1.844131598548722764e+02 8.318813893006506532e+01
3.058640728670649423e+03 1.755030305447655508e+02 4.982514460034232684e+01 1.846762463559663843e+02 8.222629903523782957e+01
3.059077495701221778e+03 1.744436958975814491e+02 4.966793964999791910e+01 1.848147578551705976e+02 8.123740518733100657e+01
3.059497812459328088e+03 1.734505327747561978e+02 4.960681531014107293e+01 1.848948709854469996e+02 8.024069746303867134e+01
3.059919628976897002e+03 1.724709239664087477e+02 4.960134130880830128e+01 1.849473795952016530e+02 7.924217796819446846e+01
3.060355618797173065e+03 1.714511612124655358e+02 4.961420635002608748e+01 1.849596310728983894e+02 7.824252287088417290e+01
3.060783026393411546e+03 1.704486988393609295e+02 4.962752218998887344e+01 1.849561998523377326e+02 7.724253174920670517e+01
3.061216944578153743e+03 1.694357443733913726e+02 4.965799381123485290e+01 1.849371385199201541e+02 7.624281399131371018e+01
3.061674244386521877e+03 1.684024378217859237e+02 4.976159674937745336e+01 1.848490451434207387e+02 7.524777699038526180e+01
3.062156545448652196e+03 1.673784410263419886e+02 5.001180867176157108e+01 1.847211561562781981e+02 7.425599118713445534e+01
3.062637350789476841e+03 1.664005449357195232e+02 5.037593553185278239e+01 1.845528415793405941e+02 7.327075481649886513e+01
3.063098985722701400e+03 1.654954842523771674e+02 5.082499539210000705e+01 1.843044887450518843e+02 7.230315310018860941e+01
3.063571604752048643e+03 1.646820281697605424e+02 5.143349765773964322e+01 1.839168869164216176e+02 7.138565565095814236e+01
3.064059273155971368e+03 1.640238067672432862e+02 5.222492805008285899e+01 1.833064506300436278e+02 7.060777281057771404e+01
3.064537329452665745e+03 1.635453135298637903e+02 5.313805327788332988e+01 1.825482279447353449e+02 6.995879481160878299e+01
3.064995869295261400e+03 1.632543991451488807e+02 5.406174758349921916e+01 1.817064558206594711e+02 6.942372204172615113e+01
3.065449711054356612e+03 1.630704092300162529e+02 5.497391018580206179e+01 1.807761342434468190e+02 6.907431620657962412e+01
3.065951114289728139e+03 1.628445688358382029e+02 5.592030530488391094e+01 1.798150746408483940e+02 6.879798116664136387e+01
3.066528348661468044e+03 1.626734563205603763e+02 5.692102834440003534e+01 1.788483415529322826e+02 6.854276158292076104e+01
3.067155127138737953e+03 1.626481363162723994e+02 5.798411052726869741e+01 1.778632851269325101e+02 6.838176642493179713e+01
3.067796058076824011e+03 1.627377198050663196e+02 5.903342662827898835e+01 1.768679030762038451e+02 6.839590565981099246e+01
3.068445680676863503e+03 1.628949540391490416e+02 6.005707015013395278e+01 1.758888968367396899e+02 6.858464732195461977e+01
3.069112827041583841e+03 1.630159426258828432e+02 6.113482210198677791e+01 1.749148399600020696e+02 6.881059512034192949e+01
3.069778131165626291e+03 1.630078025824227268e+02 6.209813652658092309e+01 1.739227421201243544e+02 6.888151117644225963e+01
3.070501703775848910e+03 1.628797112226524462e+02 6.292361077579099771e+01 1.729275635862022398e+02 6.880059749601070962e+01
3.071455240043634149e+03 1.627519106040436156e+02 6.351249861781661821e+01 1.719394992165563849e+02 6.864830026282407971e+01
3.084209760157486926e+03 1.626516241705080574e+02 6.392167716285940315e+01 1.709815461368790181e+02 6.881503134649659614e+01
3.091900066681891985e+03 1.627565854336075120e+02 6.446337055627660106e+01 1.700831757911415991e+02 6.925223486569731790e+01
