# ts_seconds,x,y,gt_x,gt_y
1.667271891797435819e+04 1.699509589678827410e+02 6.858040095461105068e+01 1.699509589678827410e+02 6.858040095461105068e+01
1.667930093275656327e+04 1.701761694734303774e+02 7.082746239369897978e+01 1.689539657693744346e+02 6.865788938816695008e+01
1.667976688028848730e+04 1.702479953959883687e+02 7.192583626375899541e+01 1.679577479600781942e+02 6.874454909218135867e+01
1.668018148375746023e+04 1.703379599343785742e+02 7.293308645551933012e+01 1.669577631250763261e+02 6.874294511672709973e+01
1.668059063484305807e+04 1.703859406480305267e+02 7.393127282036765280e+01 1.659596432804773940e+02 6.880362720860929926e+01
1.668102732244871731e+04 1.703860733128657330e+02 7.489155363095152040e+01 1.649603858708867676e+02 6.876552096154728133e+01
1.668144570523962466e+04 1.704091332693503773e+02 7.550733758094479242e+01 1.639649714695011369e+02 6.866987640430721740e+01
1.668219412775614546e+04 1.704664039308682106e+02 7.608290939339183012e+01 1.629682997208802249e+02 6.858838621447763728e+01
1.668347503719475935e+04 1.705353721467516266e+02 7.682804423312512654e+01 1.619731667360324536e+02 6.849099731737912578e+01
1.668773599391056996e+04 1.705542851568131368e+02 7.779045606865545892e+01 1.609732688369279003e+02 6.849313449626654915e+01
1.668985200196096412e+04 1.705120711055756146e+02 7.906638924364942511e+01 1.599764756393833238e+02 6.856941042196105229e+01
1.669036527521460448e+04 1.705069395346928616e+02 8.011985428889924776e+01 1.589776890081319038e+02 6.852053322377801692e+01
1.669084093809975093e+04 1.704771010789964407e+02 8.116770943512638326e+01 1.579806902143933769e+02 6.844655983861214565e+01
1.669128154367316893e+04 1.704251982298164023e+02 8.210381123591663766e+01 1.569817659072590743e+02 6.847853470862179392e+01
1.669170652924888418e+04 1.705731515881681162e+02 8.302083574359110685e+01 1.559900651973569836e+02 6.835349929365071375e+01
1.669211473147419747e+04 1.708860588573389805e+02 8.392735555333824493e+01 1.549916291533678248e+02 6.837966342300093459e+01
1.669248529948653595e+04 1.712612272192674254e+02 8.472046023575404661e+01 1.540239442864732666e+02 6.863165303298222852e+01
1.669284320136087626e+04 1.717407251402214285e+02 8.546186892995569906e+01 1.530702825173333110e+02 6.893054738609355070e+01
1.669322265185639480e+04 1.723470767259885008e+02 8.624667036603906922e+01 1.521761373384584601e+02 6.937721039624101138e+01
1.669355915968638146e+04 1.729439101166217085e+02 8.686566384826015508e+01 1.513528534922307358e+02 6.994462780948715874e+01
1.669390992635142175e+04 1.736435810944431353e+02 8.737566815975482371e+01 1.505724929280607114e+02 7.056953491948081592e+01
1.669428547249309122e+04 1.744691998378092137e+02 8.781701181988553628e+01 1.498665109167292542e+02 7.127582729246368842e+01
1.669463287013302761e+04 1.753006775640022568e+02 8.812860678189429109e+01 1.493412301264657174e+02 7.212590112531020736e+01
1.669499153316166849e+04 1.762364701367579300e+02 8.827160443023501557e+01 1.489590582273940242e+02 7.304979514737465252e+01
1.669533520128949385e+04 1.771544482547590462e+02 8.825570950846166340e+01 1.486591398222618636e+02 7.400290187819814491e+01
1.669566956832187134e+04 1.780430387495947855e+02 8.817166046420449277e+01 1.485272447761871604e+02 7.499354953538910706e+01
1.669602798400785105e+04 1.789723135690269089e+02 8.798408887677368284e+01 1.485350756988766534e+02 7.599350917547360496e+01
1.669638138637054362e+04 1.798777685043267240e+02 8.772754768333312825e+01 1.485660877250535350e+02 7.699276259003723055e+01
1.669675019557620544e+04 1.808313843335940021e+02 8.743974435944070933e+01 1.486939942602161864e+02 7.798422542146239778e+01
1.669711215039602030e+04 1.817305095309166347e+02 8.720942050710232252e+01 1.489179828142060558e+02 7.895879443516619745e+01
1.669748050980158223e+04 1.826162660509322109e+02 8.692354544332813759e+01 1.491200828189023184e+02 7.993805905765050568e+01
1.669789419971670577e+04 1.835917656170704504e+02 8.648977724273728995e+01 1.493834454247554788e+02 8.090218641575992820e+01
1.669826325631832515e+04 1.843843063902715187e+02 8.602427061696539567e+01 1.497702457322370435e+02 8.182433218452474932e+01
1.669864117314547548e+04 1.851106927858905351e+02 8.546394088175917148e+01 1.501798513818534104e+02 8.273652924858173208e+01
1.669904266469061986e+04 1.858357811996914393e+02 8.481022486377926839e+01 1.506366231675312406e+02 8.362517820331537166e+01
1.669940868280750146e+04 1.864490122372319547e+02 8.423080267150398015e+01 1.512300582165862579e+02 8.442995919657295190e+01
1.669979754431597394e+04 1.869961042501824977e+02 8.354081392949630924e+01 1.518658583095453878e+02 8.520154044547861361e+01
1.670021190606940945e+04 1.874108444027374389e+02 8.267806462658312228e+01 1.525695677292679875e+02 8.590970337435862803e+01
1.670061438909432036e+04 1.876736684434779647e+02 8.185214645479460671e+01 1.534159007797172194e+02 8.644113080110471969e+01
1.670104753433306905e+04 1.877662942652785887e+02 8.092558302463973519e+01 1.543299844385803681e+02 8.684457755879725482e+01
1.670150631791937485e+04 1.876871696747617477e+02 7.980905556959808678e+01 1.552976121891026935e+02 8.708577196797548936e+01
1.670193372077726235e+04 1.875096655631116676e+02 7.877420760483559548e+01 1.562972224264201770e+02 8.705785590208331826e+01
1.670232869296729405e+04 1.872816572341772030e+02 7.783634202105383793e+01 1.572965769963714706e+02 8.702495934662995580e+01
1.670272173596386347e+04 1.870389469602214660e+02 7.687428741567997292e+01 1.582921437620316851e+02 8.693414153965713354e+01
1.670308462621657236e+04 1.869088584949850542e+02 7.594606356823830140e+01 1.592772116780771796e+02 8.676321867853242509e+01
1.670345235697177850e+04 1.868225093764675080e+02 7.499753127785699292e+01 1.602726935549810889e+02 8.667185288536528276e+01
1.670383491581056296e+04 1.867262404528634931e+02 7.402065559971998709e+01 1.612725956296740435e+02 8.666760595038526560e+01
1.670419871168308964e+04 1.867141849207380915e+02 7.308600337294953420e+01 1.622713248162284572e+02 8.661727290950541658e+01
1.670458044035582134e+04 1.867438373069738873e+02 7.210197400378781651e+01 1.632704991539369246e+02 8.658135226367838300e+01
1.670498393460734223e+04 1.867086454267133320e+02 7.103667551008709324e+01 1.642700640026191934e+02 8.660955760931621228e+01
1.670533978203784136e+04 1.866848358871986022e+02 7.008285409464816951e+01 1.652699652706378686e+02 8.660385304019112596e+01
1.670571823033135661e+04 1.866819644850363886e+02 6.906045776048605944e+01 1.662686989764428915e+02 8.656050276457632719e+01
1.670610180275849052e+04 1.866481396171208758e+02 6.800432445355393440e+01 1.672676174071499418e+02 8.660696750422759749e+01
1.670646000454527530e+04 1.866657406822959047e+02 6.701139429044769713e+01 1.682663398972058246e+02 8.665619140589326719e+01
1.670683960426926933e+04 1.867233063377911719e+02 6.598568515136653900e+01 1.692658788749023984e+02 8.667286766389462116e+01
1.670721592200819941e+04 1.867497153514634363e+02 6.496038814525911675e+01 1.702606990451600097e+02 8.677323365844763714e+01
1.670758138422854245e+04 1.867756503956258882e+02 6.396474642000158894e+01 1.712597445286868663e+02 8.681189965660649932e+01
1.670795459721535372e+04 1.867966071704249771e+02 6.296684415439595028e+01 1.722592234251199841e+02 8.678526103021599170e+01
1.670832044734588999e+04 1.867789981334023821e+02 6.200454066621125548e+01 1.732586004763888070e+02 8.681807668741703310e+01
1.670870713903680735e+04 1.867289351468258758e+02 6.098576659593975080e+01 1.742580291715880776e+02 8.679807658677560767e+01
1.670910328958020909e+04 1.866436006495095796e+02 5.993645570471911554e+01 1.752519949232405168e+02 8.669139675700168368e+01
1.670949193298484170e+04 1.865341762224998661e+02 5.892056593696891298e+01 1.762518047919671744e+02 8.667200437344644115e+01
1.670987515923799947e+04 1.864646763566462369e+02 5.791496146036085690e+01 1.772512552536077806e+02 8.664169704028870456e+01
1.671021731463648030e+04 1.864514634526783539e+02 5.700833056355480011e+01 1.782484333384587956e+02 8.656681877763659827e+01
1.671058283701302935e+04 1.864250837384924182e+02 5.603498940444838183e+01 1.792468866305409563e+02 8.651840369620040860e+01
1.671095098280621460e+04 1.864264475426785737e+02 5.505725632252090662e+01 1.802459145219869754e+02 8.655887701324479622e+01
1.671127779130532144e+04 1.866016418836713910e+02 5.422336356387558709e+01 1.812449047457167524e+02 8.655236445274857715e+01
1.671165988780062253e+04 1.869967281589764241e+02 5.334807517109639718e+01 1.822291378415016823e+02 8.671653225274204146e+01
1.671203343046563896e+04 1.875057409008433069e+02 5.262087087949380759e+01 1.831496662498504122e+02 8.710578878672848191e+01
1.671239348969036655e+04 1.881361194280812867e+02 5.204885102998829183e+01 1.840108169402222700e+02 8.761051959859764793e+01
1.671279055190591316e+04 1.889792928664433589e+02 5.158552762723134322e+01 1.847336319451863176e+02 8.829642877689300917e+01
1.671315880480755004e+04 1.898507872522267803e+02 5.126624159116664714e+01 1.852276281803663380e+02 8.916485835799068127e+01
1.671352224504866535e+04 1.907499667752708206e+02 5.108204675611769119e+01 1.855892243124187075e+02 9.009686794990024339e+01
1.671389845505902485e+04 1.916805323394276570e+02 5.100617044516707210e+01 1.858532993419701711e+02 9.105879215421147421e+01
1.671428919482805941e+04 1.926542880691336848e+02 5.092151719585097425e+01 1.858883014746735114e+02 9.205817064011951345e+01
1.671471661818720895e+04 1.937753843735327450e+02 5.084931763375055880e+01 1.859158719486937343e+02 9.305758989081331833e+01
1.671514024599081677e+04 1.949092015042650701e+02 5.086749961022611899e+01 1.859951498408305781e+02 9.405351206501761396e+01
1.671552673660678920e+04 1.959432658715541322e+02 5.085818795608607701e+01 1.859365093468225894e+02 9.505177240302859332e+01
1.671590767985456841e+04 1.969662850925280111e+02 5.083427189694192805e+01 1.859039297990799469e+02 9.605103782644809485e+01
1.671629025846649529e+04 1.979892647708719835e+02 5.080250219885535046e+01 1.859289980251921293e+02 9.705041386136471715e+01
1.671667951992735107e+04 1.990331440183054781e+02 5.068620597522671289e+01 1.858802393922595400e+02 9.804899024308497246e+01
1.671708338702917536e+04 2.001330168303926484e+02 5.056717132107340262e+01 1.859067128654754413e+02 9.904849196497207231e+01
1.671748992491900572e+04 2.012244679523766422e+02 5.051322312177013174e+01 1.859808312598804889e+02 1.000454212341713998e+02
1.671788013768976452e+04 2.022554447473044092e+02 5.047011986280505624e+01 1.859765094744175826e+02 1.010453613575239871e+02
1.671827248336014600e+04 2.032924480305594557e+02 5.042502314262685559e+01 1.860114739647013096e+02 1.020445047198048201e+02
1.671864200572570553e+04 2.042839395090140329e+02 5.040934895455817610e+01 1.861050506071896677e+02 1.030392796514705793e+02
1.671897965670073972e+04 2.051974823444355422e+02 5.035349105915427970e+01 1.860672596383609232e+02 1.040385651360309112e+02
1.671934756170282708e+04 2.062014218579039380e+02 5.030636480077508566e+01 1.860389346713734540e+02 1.050378702274684883e+02
1.671968433664194527e+04 2.071091687011750651e+02 5.027978255051089462e+01 1.860863021684927787e+02 1.060367207847951079e+02
1.672003743193962509e+04 2.080758192516403824e+02 5.020788276966697339e+01 1.861055417187774026e+02 1.070364293155875401e+02
1.672037968706094762e+04 2.090130596773089167e+02 5.010286338101213488e+01 1.860854713557816922e+02 1.080359297379930865e+02
1.672070954643959340e+04 2.099078215930887836e+02 5.006057597020438976e+01 1.861407251080309777e+02 1.090343500679876456e+02
1.672105277698332429e+04 2.108433408356208076e+02 5.006112627950843574e+01 1.861524973381703489e+02 1.100336821730071648e+02
1.672138274793398159e+04 2.117540076302488217e+02 5.004419121767185885e+01 1.860540606267033183e+02 1.110288216090092845e+02
1.672174110803652002e+04 2.127398454687370304e+02 5.005291288844249209e+01 1.859708304806705428e+02 1.120251442077042157e+02
1.672208955820284973e+04 2.136770641756606892e+02 5.008663378954469891e+01 1.859470470685915870e+02 1.130246897999122098e+02
1.672243579744047383e+04 2.145970091624743361e+02 5.007522814571033365e+01 1.858670484147993420e+02 1.140214341626755896e+02
1.672281200574475952e+04 2.155938223445318158e+02 5.004265181236158355e+01 1.858285293462308232e+02 1.150202436690749721e+02
1.672316158243462633e+04 2.165096037733086121e+02 4.997916200893911309e+01 1.858839020553270700e+02 1.160186867513676674e+02
1.672354756628178075e+04 2.175395796346023474e+02 4.988351162790628024e+01 1.859106335977210733e+02 1.170180704631502522e+02
1.672393114799875184e+04 2.185448917388121686e+02 4.980857338043803395e+01 1.858749285771208690e+02 1.180168691678304356e+02
1.672430375356263175e+04 2.195035811693593928e+02 4.980191635834788144e+01 1.859465097962146274e+02 1.190143036901973517e+02
1.672470942053920953e+04 2.205438906206273657e+02 4.976986578557162488e+01 1.860066788002206124e+02 1.200120620626724985e+02
1.672511071762224310e+04 2.215495993066513165e+02 4.959026287490829077e+01 1.859841709594435315e+02 1.210111801788684005e+02
1.672550250297858292e+04 2.225186871566806133e+02 4.939743179590755773e+01 1.860799822467737954e+02 1.220064520808153645e+02
1.672591905991902604e+04 2.235173843164896823e+02 4.916287929029841308e+01 1.862203728625247550e+02 1.229963583777604015e+02
1.672632658418296705e+04 2.244911367146905548e+02 4.886154579726303382e+01 1.863121377342441178e+02 1.239912539890329697e+02
1.672670413045564055e+04 2.254103708154703440e+02 4.865090740219000054e+01 1.865354439381984832e+02 1.249659958175694499e+02
1.672710153660203287e+04 2.263094223191530716e+02 4.858561518718536121e+01 1.867339444401039259e+02 1.259451015616075011e+02
1.672751219835342636e+04 2.269750581294263441e+02 4.868399597331426065e+01 1.867849866869723314e+02 1.269434957055564013e+02
1.672801188105361871e+04 2.271975942228104088e+02 4.898685201409080747e+01 1.866780611085347914e+02 1.278893275267731156e+02
1.672899828137141594e+04 2.260018822411614678e+02 4.962758664816871601e+01 1.859078521755726854e+02 1.278961778777364344e+02
1.672962264872856758e+04 2.247775611986133981e+02 4.981440819710380907e+01 1.855565817295445186e+02 1.269673149638571772e+02
1.673012070911818955e+04 2.236447951564673247e+02 4.982851857546904739e+01 1.854295214102824616e+02 1.259789010144180992e+02
1.673055083785191891e+04 2.226089581836580749e+02 4.976736509176654266e+01 1.854264425149378326e+02 1.249789063136269647e+02
1.673097305355729986e+04 2.215619856431630126e+02 4.966550939029082201e+01 1.854525090021280676e+02 1.239800908649691706e+02
1.673140645510925970e+04 2.205004100051215801e+02 4.962868088389642196e+01 1.855511219408765839e+02 1.229851112374984012e+02
1.673180423271208201e+04 2.195484383444649836e+02 4.963546478368127879e+01 1.856284414451510827e+02 1.219904622016854034e+02
1.673219274372006839e+04 2.186267633162750315e+02 4.954037672678006743e+01 1.856281760651258992e+02 1.209910413399765048e+02
1.673259775185175386e+04 2.176745163001965579e+02 4.945771951934235489e+01 1.856858975109498431e+02 1.199927774019249114e+02
1.673298378716083243e+04 2.167262897126153405e+02 4.943529420214252923e+01 1.857304750632520438e+02 1.189947603608847544e+02
1.673337603272018532e+04 2.156858436716591143e+02 4.944277181013622879e+01 1.857031959387859104e+02 1.179951819169796750e+02
1.673377992394991088e+04 2.146348544967623582e+02 4.952111314860751889e+01 1.856531788734586996e+02 1.169965057700331812e+02
1.673416674095306007e+04 2.137252405630905798e+02 4.956366843412769896e+01 1.855594298109193119e+02 1.160016530230453071e+02
1.673457413734843794e+04 2.128279037838620127e+02 4.947759349543994745e+01 1.854218296881065555e+02 1.150113232192238399e+02
1.673499605942918788e+04 2.118655852582118939e+02 4.933011905877671666e+01 1.853435510651086702e+02 1.140155995506966491e+02
1.673538601238134652e+04 2.109342961318099015e+02 4.917432449289690055e+01 1.853265914915517385e+02 1.130158461068800904e+02
1.673577021057730963e+04 2.099946491013208174e+02 4.903320707490930630e+01 1.853089610612633464e+02 1.120164295688427529e+02
1.673615116415946977e+04 2.090703365951039530e+02 4.890220431555994907e+01 1.853620704245956574e+02 1.110186823891390304e+02
1.673651074210416482e+04 2.082236377405589280e+02 4.881036960418196458e+01 1.854624645780530159e+02 1.100238843628087295e+02
1.673687347740899349e+04 2.073838519724752700e+02 4.869132636216897225e+01 1.855441769247412651e+02 1.090272686625807950e+02
1.673723538050726711e+04 2.065184283397686897e+02 4.850406103267700786e+01 1.856584751852443276e+02 1.080342336703349844e+02
1.673760699654585915e+04 2.055932925593356515e+02 4.831005572430792228e+01 1.857791042848244842e+02 1.070427910482321039e+02
1.673798655602564395e+04 2.046377424804320242e+02 4.814006051418149212e+01 1.858268520024686836e+02 1.060439342171960959e+02
1.673836411322750791e+04 2.037146770566698990e+02 4.797637143954185746e+01 1.858934294691243281e+02 1.050466594585976452e+02
1.673875837812750979e+04 2.028085170314829213e+02 4.780870462592239534e+01 1.860031816630311710e+02 1.040527058974729187e+02
1.673915246007996029e+04 2.019524364098991498e+02 4.770154984236142326e+01 1.860742746547221032e+02 1.030564182686425312e+02
1.673953471193931910e+04 2.010957739331550158e+02 4.768294274089831930e+01 1.860874750143576932e+02 1.020566344556324339e+02
1.673992597109532653e+04 2.001475112593186338e+02 4.765173713724706062e+01 1.861148779285736055e+02 1.010570870735996181e+02
1.674030417735223455e+04 1.992070223399202575e+02 4.761010146577086033e+01 1.860867321058405821e+02 1.000589285562118391e+02
1.674068317841572934e+04 1.982458910816565378e+02 4.764332970911203091e+01 1.859945854318708029e+02 9.906333229640387117e+01
1.674108049102920631e+04 1.972063810598266116e+02 4.771064920373775919e+01 1.859342239527764775e+02 9.806521145939389328e+01
1.674145627732337380e+04 1.962123875382435472e+02 4.774944805689448657e+01 1.858603259147478184e+02 9.706876022422009953e+01
1.674182895884922982e+04 1.952266868425116115e+02 4.775230663861101732e+01 1.857543876697249061e+02 9.607499810023523423e+01
1.674221330815168039e+04 1.942209188580100943e+02 4.775970181510803059e+01 1.857277570320650852e+02 9.507626319211175314e+01
1.674258537618737682e+04 1.932837378144841978e+02 4.776920582379035807e+01 1.857359413054977892e+02 9.407691364165093262e+01
1.674297487053398072e+04 1.923503851368144524e+02 4.777756020473120913e+01 1.856842714871000908e+02 9.307836003745732967e+01
1.674338498939879355e+04 1.913959131034608845e+02 4.784651400296868218e+01 1.856389505642366657e+02 9.208010133496074445e+01
1.674379785416813684e+04 1.904641562284849954e+02 4.802561313629116313e+01 1.856034535982080911e+02 9.108249698689546392e+01
1.674423382602305355e+04 1.895728816905226779e+02 4.834635504635292591e+01 1.854394592242353497e+02 9.009816938006046882e+01
1.674469035193466334e+04 1.887997494628180277e+02 4.886034889686992244e+01 1.851409348316462342e+02 8.914618215684795643e+01
1.674516500146456747e+04 1.881957680586616561e+02 4.958233530229727393e+01 1.846459167720870198e+02 8.829476203486449037e+01
1.674566193355753057e+04 1.878576552049162842e+02 5.048657248847468537e+01 1.838717428935299267e+02 8.769013617474578837e+01
1.674616349218469622e+04 1.878007630706349289e+02 5.153954973381698323e+01 1.829293584047089212e+02 8.738346801035488909e+01
1.674663083280572027e+04 1.878458289871506963e+02 5.263162098442847991e+01 1.819360453473855159e+02 8.731221154610447854e+01
1.674707026599438177e+04 1.878924094721875804e+02 5.371555130535724487e+01 1.809366721267352602e+02 8.734665344068523041e+01
1.674751149049785818e+04 1.879490540248087029e+02 5.483856934149530105e+01 1.799369314233122736e+02 8.736933393857513863e+01
1.674792945448499086e+04 1.879784924805007904e+02 5.589899750993205174e+01 1.789370776614523209e+02 8.738581557199627525e+01
1.674832233491110310e+04 1.879979942618440703e+02 5.689050787417968280e+01 1.779379894226369174e+02 8.736601608560437171e+01
1.674870675175725046e+04 1.880274104870838130e+02 5.788346218962222167e+01 1.769399057605373002e+02 8.730443107882348386e+01
1.674906833516857660e+04 1.880332351835489817e+02 5.882698286683302058e+01 1.759408131678318057e+02 8.727606681715232639e+01
1.674942317887211175e+04 1.880255842492557576e+02 5.975338074431074631e+01 1.749408501878429831e+02 8.728388125490114646e+01
1.674978784626911511e+04 1.880248010008440929e+02 6.071292116501968650e+01 1.739408932152412604e+02 8.728030537020897839e+01
1.675013967030988715e+04 1.879970927445207849e+02 6.164285576924145005e+01 1.729410027147072242e+02 8.727809192913780123e+01
1.675049064958325107e+04 1.879415377906773017e+02 6.256593949442549984e+01 1.719411200919626310e+02 8.728178836464570622e+01
1.675084849580053560e+04 1.879053972032952800e+02 6.350689680543141691e+01 1.709425215167519809e+02 8.724034689706822121e+01
1.675121549609103749e+04 1.878975338117170395e+02 6.448139872104144388e+01 1.699446021774729161e+02 8.718355028386089600e+01
1.675158873863905319e+04 1.879034249348364085e+02 6.546536682867504453e+01 1.689448406853923927e+02 8.718187454343600962e+01
1.675197096029532622e+04 1.879391603323385311e+02 6.646969275383948172e+01 1.679450355219871938e+02 8.719946405186315985e+01
1.675237145091025013e+04 1.879851703674867736e+02 6.753062504460943671e+01 1.669451767628907248e+02 8.721358089078398734e+01
1.675275730188071248e+04 1.879981797797337322e+02 6.853851392693523792e+01 1.659456873068008917e+02 8.724471428896502800e+01
1.675313300931062622e+04 1.880065038913672026e+02 6.949856450288612564e+01 1.649462010769184417e+02 8.726305170039442771e+01
1.675352113226081929e+04 1.880460502132234524e+02 7.048500684449199127e+01 1.639462767935076499e+02 8.725089411469234335e+01
1.675390283562204058e+04 1.880982975727120561e+02 7.145073245676560703e+01 1.629471132674741511e+02 8.727054156103014293e+01
1.675429115088823528e+04 1.881656868938206060e+02 7.243830899179035043e+01 1.619491673919666255e+02 8.733459652239530158e+01
1.675469367821552078e+04 1.882555769827367556e+02 7.348117162139757852e+01 1.609513319986766646e+02 8.740035489730512097e+01
1.675508380453077552e+04 1.883212203746089983e+02 7.449878904758413967e+01 1.599544540047935755e+02 8.747811273256334630e+01
1.675547149915647242e+04 1.883491317911313274e+02 7.549612891954529914e+01 1.589574603176709786e+02 8.755115056265977103e+01
1.675586091056653822e+04 1.883502178647212304e+02 7.649249513443255921e+01 1.579583080850084116e+02 8.759231221557823233e+01
1.675624637876860652e+04 1.882435533879220486e+02 7.747487163998307835e+01 1.569591514411677622e+02 8.763336248115673754e+01
1.675664442923172828e+04 1.879686337030109655e+02 7.844969875546772187e+01 1.559617833780219200e+02 8.761704046626967113e+01
1.675704975359254240e+04 1.875784614439368454e+02 7.938916673672432012e+01 1.549793876294734787e+02 8.744873440069436299e+01
1.675745109553270959e+04 1.870797997962091586e+02 8.026124641064912169e+01 1.540277987782792763e+02 8.714544714571155737e+01
1.675785775101777472e+04 1.864421536071335765e+02 8.106785729151428654e+01 1.531239109525798199e+02 8.672516568246781787e+01
1.675825529153658863e+04 1.857346466895446042e+02 8.178528492628063873e+01 1.523020332648166857e+02 8.616161091991271803e+01
1.675863907167223442e+04 1.849792745039026727e+02 8.238029776873389665e+01 1.515502761019187119e+02 8.550263029346304222e+01
1.675902068360240082e+04 1.841471638931772077e+02 8.284597947903927206e+01 1.508444431386993472e+02 8.479562596295018295e+01
1.675940144941571998e+04 1.832616542237005319e+02 8.324517602305800779e+01 1.502345404729044844e+02 8.400781619752098095e+01
1.675978537897422211e+04 1.823431306300908830e+02 8.361898984865375439e+01 1.497337744290705928e+02 8.314313104629025020e+01
1.676017234479136459e+04 1.814205372828697023e+02 8.395373404258829453e+01 1.492961567349049972e+02 8.224448132471142969e+01
1.676056090811893228e+04 1.805141137342835123e+02 8.430630465933666073e+01 1.489253186949182179e+02 8.131679916624135274e+01
1.676095462907412366e+04 1.796046285289901334e+02 8.470463535332558536e+01 1.485763952501429799e+02 8.038012365066578013e+01
1.676133979758427449e+04 1.787201714417219875e+02 8.506879063223560422e+01 1.481754327059950356e+02 7.946437090290166338e+01
1.676172496457736270e+04 1.778463350075838321e+02 8.539197643822588191e+01 1.477709230707183679e+02 7.855027082408034289e+01
1.676211920383792676e+04 1.769548547275383328e+02 8.567504279520878185e+01 1.473975745376527868e+02 7.762258204964312824e+01
1.676251071079663234e+04 1.760542535294931668e+02 8.580834191939204914e+01 1.470312063440054828e+02 7.669213022940584779e+01
1.676291482445514703e+04 1.751043385371869761e+02 8.575294957353675329e+01 1.467642894732088052e+02 7.573456164230495347e+01
1.676331723380101539e+04 1.741556781153560678e+02 8.556406523597573255e+01 1.466986952464544629e+02 7.474096760689188557e+01
1.676370855798911725e+04 1.732534012364810678e+02 8.522389079344567620e+01 1.467913882525562599e+02 7.374725757014321914e+01
1.676411932903098568e+04 1.723624907827244215e+02 8.469120048269819279e+01 1.470564461038505613e+02 7.279023415159939248e+01
1.676452871530365883e+04 1.715667828215073030e+02 8.403434772735661795e+01 1.475238873795821064e+02 7.191141672204885538e+01
1.676492353026173078e+04 1.709419160842546717e+02 8.325480160014147657e+01 1.481454147997983171e+02 7.113295341536661454e+01
1.676532195529224191e+04 1.704598751868003887e+02 8.233222317025511927e+01 1.489180394477765503e+02 7.051172387462938218e+01
1.676569995925938201e+04 1.700993775589972472e+02 8.140641906710153819e+01 1.497991617485114659e+02 7.004168588872541079e+01
1.676605296336988977e+04 1.698453036815482449e+02 8.053131172357601031e+01 1.507106415110403361e+02 6.963054635617484678e+01
1.676640125115707633e+04 1.696774474198864766e+02 7.966861729308706686e+01 1.516448824439548844e+02 6.927753130705333717e+01
1.676675241911301055e+04 1.695612622168976031e+02 7.881191304589388835e+01 1.526105362860697880e+02 6.902304737284798364e+01
1.676711390665144791e+04 1.694656514832059599e+02 7.793115160500427407e+01 1.535920259532032617e+02 6.883188824842014242e+01
1.676748111532229450e+04 1.693881687751076868e+02 7.701488222580643139e+01 1.545790054117597947e+02 6.867237825928995676e+01
1.676785746296805519e+04 1.693172156226096945e+02 7.606034408059224461e+01 1.555725272078052228e+02 6.856271714281626828e+01
1.676824431606895814e+04 1.692689160211571675e+02 7.509866264442631234e+01 1.565691924654709908e+02 6.848115436660762612e+01
1.676863434614704602e+04 1.692936486432975300e+02 7.417526913132101640e+01 1.575655977422175056e+02 6.839644278554797552e+01
1.676905001788179288e+04 1.693280845747200658e+02 7.323607162428098150e+01 1.585637171237206360e+02 6.834908988003638797e+01
1.676949398058479346e+04 1.692938378442339626e+02 7.226684277554167579e+01 1.595635152054816501e+02 6.833166572364892488e+01
1.676995177740466897e+04 1.692699352699573865e+02 7.133820765374629502e+01 1.605624693283851343e+02 6.828869554744612458e+01
1.677044573255786963e+04 1.693182121849239081e+02 7.053151832896817552e+01 1.615615773369067085e+02 6.825574695044221585e+01
1.677113124495443481e+04 1.695358253205169490e+02 7.014882272368984673e+01 1.625451744741809250e+02 6.837853209987538605e+01
1.677233843818305468e+04 1.698586529077749105e+02 7.117802648407558763e+01 1.626390604452213893e+02 6.887193044599139569e+01
1.677292051499917579e+04 1.697019406402904735e+02 7.238272060239154371e+01 1.616810568731521016e+02 6.913735052282002869e+01
1.677334216470838146e+04 1.695219318134813022e+02 7.343879937258635948e+01 1.606823463286047797e+02 6.915729199968480145e+01
1.677374426360468351e+04 1.693925389700385438e+02 7.448991707767444836e+01 1.596829858455631381e+02 6.912256225318034808e+01
1.677414414613348345e+04 1.691795590986880882e+02 7.541079000559021495e+01 1.586832556150137634e+02 6.909947025320033731e+01
1.677452364689070600e+04 1.689861034860123823e+02 7.624066361979912188e+01 1.576962395653992246e+02 6.894091938368447359e+01
1.677493410224513354e+04 1.688574771307031313e+02 7.715836006873119857e+01 1.567099494166758689e+02 6.877589922332822425e+01
1.677534600009429778e+04 1.688036129888658365e+02 7.805180953581627534e+01 1.557106085080111768e+02 6.874931755630851171e+01
1.677576072288586874e+04 1.689031663822592577e+02 7.894754822952049267e+01 1.547106166114225232e+02 6.874716905929084021e+01
1.677622382910558372e+04 1.691721727326634550e+02 7.998717515581306259e+01 1.537198275286490343e+02 6.888062539895723546e+01
1.677666848585680782e+04 1.695143975664065579e+02 8.096206909918127792e+01 1.527797349791378565e+02 6.921993122223194916e+01
1.677707529333867205e+04 1.699506419959248831e+02 8.179622797811187240e+01 1.518415797688147393e+02 6.956614607649268578e+01
1.677751400785232545e+04 1.705248967657782089e+02 8.266802704047289296e+01 1.509511388572193198e+02 7.002092922692420984e+01
1.677794937811325872e+04 1.711945352545718890e+02 8.347313512272026514e+01 1.501696063504248002e+02 7.064423939795862850e+01
1.677833793876566051e+04 1.719413114466528896e+02 8.408771515400117380e+01 1.493881081677839688e+02 7.126814681839434229e+01
1.677872860635485995e+04 1.727631615932930060e+02 8.460740180768780760e+01 1.486998503402918459e+02 7.199343957325930887e+01
1.677912016909532394e+04 1.736054288339565801e+02 8.496883430251365610e+01 1.481586081109231543e+02 7.283410797567377415e+01
1.677949613843297993e+04 1.744724072120206415e+02 8.517647365669662918e+01 1.476546640794155678e+02 7.369783733677539317e+01
1.677991946448937597e+04 1.755386786218822692e+02 8.531244999697707954e+01 1.473255722228298339e+02 7.464200255565960163e+01
1.678033355489989481e+04 1.765769233936350986e+02 8.539190685975167128e+01 1.471836503694190412e+02 7.563185220687176979e+01
1.678070152844440236e+04 1.775013306277186587e+02 8.536807401155542152e+01 1.470530602780795846e+02 7.662328083205909479e+01
1.678109973929703119e+04 1.785270215131697853e+02 8.525643931026398548e+01 1.470366837963493367e+02 7.762310760343318350e+01
1.678148132543975225e+04 1.794632934759989951e+02 8.506632954235683997e+01 1.471763248298949236e+02 7.861329855471625194e+01
1.678184998267639457e+04 1.803395316129175399e+02 8.478125707065602512e+01 1.473803342821112210e+02 7.959224041675715000e+01
1.678224495713811120e+04 1.812730935726889925e+02 8.440869169492005142e+01 1.476806855429813083e+02 8.054600843999580206e+01
1.678261626502317813e+04 1.820878000503495286e+02 8.400943156640158804e+01 1.481053962839858684e+02 8.145131693988938082e+01
1.678299876615177345e+04 1.828539417585228932e+02 8.349513363324794568e+01 1.485908066903209601e+02 8.232558462290185730e+01
1.678338509500355576e+04 1.836110010505483672e+02 8.289109500028639843e+01 1.491309900445527887e+02 8.316702369869817346e+01
1.678374050954629274e+04 1.842664861917781707e+02 8.230803949449801848e+01 1.497875783632107130e+02 8.392121589449313035e+01
1.678412618667985953e+04 1.849099628202783947e+02 8.162711741930098697e+01 1.505082612199999801e+02 8.461448079198063965e+01
1.678451870903191957e+04 1.854971453763687066e+02 8.084679187013210822e+01 1.512303377859507520e+02 8.530609855976275924e+01
1.678489531491742673e+04 1.859565662984858250e+02 8.004592710822453228e+01 1.520509960009312351e+02 8.587733862249638150e+01
1.678529173671091485e+04 1.863495608026250920e+02 7.921161524580014657e+01 1.529335422735037469e+02 8.634756407360838182e+01
1.678570515462058756e+04 1.866628527077079980e+02 7.827872416961710655e+01 1.538182993158204965e+02 8.681315992886815991e+01
1.678610265311168405e+04 1.868802460344302858e+02 7.732068519318316646e+01 1.547688576203191531e+02 8.712249849216512132e+01
1.678653030599132762e+04 1.869924842428798684e+02 7.626895732461798616e+01 1.557621227552428138e+02 8.723830380402540641e+01
1.678694405915413881e+04 1.870347893322969810e+02 7.521928033709139072e+01 1.567580275852213845e+02 8.732719295486806743e+01
1.678732674548979412e+04 1.870825476509666601e+02 7.421831209962280695e+01 1.577577837145433080e+02 8.730532525261661192e+01
1.678771257256162062e+04 1.871537370904020747e+02 7.322204351760044005e+01 1.587569287014815700e+02 8.726499459374319656e+01
1.678808567305781980e+04 1.871932487644778575e+02 7.226771653749824509e+01 1.597567627061485496e+02 8.728269834554707529e+01
1.678844980533669150e+04 1.872003534997064946e+02 7.130928880432797712e+01 1.607565690935059592e+02 8.727043385812629595e+01
1.678882118461972641e+04 1.871958692383835796e+02 7.031143331076204106e+01 1.617506270553055856e+02 8.716239061312884928e+01
1.678915934565706266e+04 1.871985545242815761e+02 6.939577726279847525e+01 1.627503044191239212e+02 8.713699248921822971e+01
1.678953367156732929e+04 1.872366608248589444e+02 6.839039771082809693e+01 1.637500109733021247e+02 8.711300338604439730e+01
1.678989954394105007e+04 1.873313247525644272e+02 6.742522761602663195e+01 1.647490221147603791e+02 8.707085105331289299e+01
1.679025623823779097e+04 1.874261977352138331e+02 6.647987795105444775e+01 1.657480203821414193e+02 8.711542309449849597e+01
1.679064323579537813e+04 1.874944067769862386e+02 6.542482569473155252e+01 1.667457451067933789e+02 8.718143455812609943e+01
1.679101156045999960e+04 1.875463132045707368e+02 6.443484439475118108e+01 1.677456165567388098e+02 8.716541097294816609e+01
1.679138889962774556e+04 1.875375397703375882e+02 6.342434594439855999e+01 1.687454320140072355e+02 8.714625389525124888e+01
1.679177102083845602e+04 1.874838495444529087e+02 6.239607409861634579e+01 1.697451816415126586e+02 8.713255176630063659e+01
1.679214562301041951e+04 1.874672391191882639e+02 6.137176962769252953e+01 1.707383442032512733e+02 8.701600793039513349e+01
1.679252147526702538e+04 1.874940142041383524e+02 6.033190319883566843e+01 1.717354003526768622e+02 8.694094476266225513e+01
1.679290643004448066e+04 1.875396998706978877e+02 5.927060473566448451e+01 1.727352571902208922e+02 8.695323588822353145e+01
1.679327488463197733e+04 1.875884383221384439e+02 5.828136730913691110e+01 1.737338500982670553e+02 8.690029121706618298e+01
1.679366666888019972e+04 1.876544409497020354e+02 5.725490162378247305e+01 1.747331942268624232e+02 8.686647986580084080e+01
1.679406225469124547e+04 1.876730600080191778e+02 5.623144590643352814e+01 1.757324627553915377e+02 8.690281996994566782e+01
1.679442058842184633e+04 1.876584576560906896e+02 5.531432692373747528e+01 1.767320261366302816e+02 8.687327271924976912e+01
1.679480174132756656e+04 1.876354289910019588e+02 5.434790616725199186e+01 1.777316156110434235e+02 8.684535902455490941e+01
1.679517176841810578e+04 1.876158714583267511e+02 5.342478398877768342e+01 1.787315742151564280e+02 8.685156020565182189e+01
1.679552613128676239e+04 1.876228509051215951e+02 5.254030631092664549e+01 1.797309631177323581e+02 8.681904472614994006e+01
1.679590097643883564e+04 1.877409563619497987e+02 5.166507640588239525e+01 1.807258970556635802e+02 8.671990975968357418e+01
1.679628303792457518e+04 1.879217277945077456e+02 5.086997313913547458e+01 1.817257093167157791e+02 8.671447299616102100e+01
1.679670765776313056e+04 1.882900994405758013e+02 5.010433118568266764e+01 1.827207529684893643e+02 8.681177495591396109e+01
1.679718386994627872e+04 1.890017240257526510e+02 4.955063755884517462e+01 1.836925546599244115e+02 8.703102105375045028e+01
1.679769623732108812e+04 1.899897578123941173e+02 4.917021947072866084e+01 1.844558998025667336e+02 8.767127481095283770e+01
1.679813715168797353e+04 1.909848552272998177e+02 4.899774624797835543e+01 1.849281510847628169e+02 8.855190907488282903e+01
1.679858153273148127e+04 1.920189571508093707e+02 4.899666517160606816e+01 1.852478605120507211e+02 8.949792269717508475e+01
1.679898671304431628e+04 1.929989108982840946e+02 4.907326267769055050e+01 1.853589251850709161e+02 9.049167279638511729e+01
1.679938176697969539e+04 1.939993886585562564e+02 4.919635465224172322e+01 1.854265139160221452e+02 9.148938456707637101e+01
1.679979660312727356e+04 1.950749040402428705e+02 4.932387552159511301e+01 1.854818194438152261e+02 9.248761768133441308e+01
1.680020534847947056e+04 1.961440886943958617e+02 4.938029073219285436e+01 1.854587301119455276e+02 9.348713518163351921e+01
1.680060282589583585e+04 1.971829532328243602e+02 4.944493705483266410e+01 1.855186972257890545e+02 9.448525709726536093e+01
1.680100764589590108e+04 1.982292006463254666e+02 4.954471479685576440e+01 1.856210568207470715e+02 9.547980037713246304e+01
1.680139809124469321e+04 1.992433843666590860e+02 4.960753462599636521e+01 1.856481289845289098e+02 9.647941757577412147e+01
1.680177110930502386e+04 2.002098891137617613e+02 4.965736297158689183e+01 1.857005240296292072e+02 9.747794777511843733e+01
1.680217235847924167e+04 2.012000065158100881e+02 4.972573041615507350e+01 1.857975013637134509e+02 9.847277451756295363e+01
1.680260098457884669e+04 2.022567518450803732e+02 4.982817148845376209e+01 1.857809411152871633e+02 9.947262734249289906e+01
1.680300586098701751e+04 2.032701522201723208e+02 4.996064162820340471e+01 1.857828410854315280e+02 1.004726077295594422e+02
1.680342599660849737e+04 2.042941949687705687e+02 5.009457511438146327e+01 1.857999245702532107e+02 1.014720868938742484e+02
1.680383026976826295e+04 2.052960751134746999e+02 5.017629775802109293e+01 1.857193763679431129e+02 1.024686378748768760e+02
1.680420641843029443e+04 2.062450260488980689e+02 5.028501706623360690e+01 1.857145675654701336e+02 1.034686165826574040e+02
1.680458708069570639e+04 2.071790614367115495e+02 5.043209593264516855e+01 1.857171872987663619e+02 1.044680481240007595e+02
1.680494498192213723e+04 2.080702491062256740e+02 5.053122209095838002e+01 1.855998495211163402e+02 1.054609614284821220e+02
1.680534549968214924e+04 2.091149371557863788e+02 5.058566615853268900e+01 1.855557631288339735e+02 1.064598877971778279e+02
1.680571916720940135e+04 2.100782413669750213e+02 5.064065196739512942e+01 1.855616272188639471e+02 1.074598297727023635e+02
1.680609514516093986e+04 2.110496878271897572e+02 5.069819534770329028e+01 1.855334918714537480e+02 1.084594301250532169e+02
1.680648944485270113e+04 2.120719224876836222e+02 5.073679663436581677e+01 1.854990059921754550e+02 1.094587406289095810e+02
1.680684690667023096e+04 2.129792923365204445e+02 5.076926921812612647e+01 1.855179744517638198e+02 1.104585051016400996e+02
1.680721966443365454e+04 2.139454239884376818e+02 5.075401113501243344e+01 1.855720089951524585e+02 1.114569547839013239e+02
1.680760395006026738e+04 2.149588140259091631e+02 5.069798964968310173e+01 1.855830887546049155e+02 1.124566454398457154e+02
1.680796868920614725e+04 2.159143872168891676e+02 5.067506576205886404e+01 1.856750776006427941e+02 1.134524027730525120e+02
1.680836138895941258e+04 2.169421907841519044e+02 5.072339898390012536e+01 1.857511960737123786e+02 1.144491322697134024e+02
1.680874468739438089e+04 2.179601789634720035e+02 5.077377266293729008e+01 1.857307359571873064e+02 1.154488811446572072e+02
1.680912025867455304e+04 2.189525091795813978e+02 5.088344094880514490e+01 1.857442065118051460e+02 1.164487874547439787e+02
1.680950586957138148e+04 2.199335836031356450e+02 5.099633442629467339e+01 1.857611338488498518e+02 1.174484524929235221e+02
1.680988648265943266e+04 2.208944788056433595e+02 5.101206432319193596e+01 1.857126947530667564e+02 1.184470568812258051e+02
1.681027892141773555e+04 2.218699514962796684e+02 5.102674404052534385e+01 1.857479910886544587e+02 1.194460737152117957e+02
1.681069236398977591e+04 2.228589801301831983e+02 5.111048155741602983e+01 1.858724071510777662e+02 1.204379222360104080e+02
1.681108768578802847e+04 2.237994232617126045e+02 5.117262909116997349e+01 1.858932432079473358e+02 1.214375651387922375e+02
1.681149859799384649e+04 2.247964106100140214e+02 5.125993298391400543e+01 1.858585240918857551e+02 1.224368314626796206e+02
1.681189555307313640e+04 2.257329183919239313e+02 5.133462282618373251e+01 1.858736457122612649e+02 1.234362913352632916e+02
1.681226972357272098e+04 2.265411005416680439e+02 5.130309980233946021e+01 1.857935382624442866e+02 1.244325368164578549e+02
1.681270910279003147e+04 2.272689096585796449e+02 5.115073824605390485e+01 1.858480676630037465e+02 1.254290439919872284e+02
1.681341600389781161e+04 2.271282065137840505e+02 5.114709451546212193e+01 1.860648832273376740e+02 1.262524454855458629e+02
1.681487881300956724e+04 2.248458079847690954e+02 5.124141393844938364e+01 1.858232459302578263e+02 1.253023074348788839e+02
1.681532282475391185e+04 2.237631812535940412e+02 5.125334093382812739e+01 1.857429061238479733e+02 1.243057484945896078e+02
1.681573219062570206e+04 2.227433057955889240e+02 5.120309787013391656e+01 1.856491746711445217e+02 1.233103186388977832e+02
1.681612929238472498e+04 2.217597012956598235e+02 5.116587331110493864e+01 1.856061796983692886e+02 1.223121437792162425e+02
1.681652330539516333e+04 2.208063674016792959e+02 5.118596817871058136e+01 1.855968421043598084e+02 1.213121934429312461e+02
1.681691242694813991e+04 2.199005644629384335e+02 5.117873728360626018e+01 1.855384002071661200e+02 1.203144973642970257e+02
1.681729464129395274e+04 2.190366232811003329e+02 5.111913579960545917e+01 1.855010857389665944e+02 1.193156303601919461e+02
1.681769220815223161e+04 2.181844746405933222e+02 5.105497282075929633e+01 1.855267654618430697e+02 1.183163756954291159e+02
1.681807665728671054e+04 2.173265539873063688e+02 5.099864933631160113e+01 1.855212723624103148e+02 1.173169525089722782e+02
1.681846413048297472e+04 2.164420883235721647e+02 5.096819151569653883e+01 1.855219368591451428e+02 1.163171309926482877e+02
1.681887324679892481e+04 2.155419715148911735e+02 5.096359993540966826e+01 1.855229494554179723e+02 1.153171639974537470e+02
1.681926531963208618e+04 2.146574533212368578e+02 5.099965106626173394e+01 1.854058072777351356e+02 1.143268767509349431e+02
1.681964758516960137e+04 2.137114159636075499e+02 5.112040170355511037e+01 1.852101233230062576e+02 1.133464031263539056e+02
1.682003049289376941e+04 2.127588529407721012e+02 5.131077441694510810e+01 1.850354273646863987e+02 1.123620344208607378e+02
1.682038634656203067e+04 2.119034902722704317e+02 5.148181350281637947e+01 1.848078794084291872e+02 1.113893087881005073e+02
1.682075446051988547e+04 2.110105951430867037e+02 5.154081240089089277e+01 1.845672673591244006e+02 1.104187451650478522e+02
1.682113360349277355e+04 2.100630347025758056e+02 5.154816362959113007e+01 1.844184921031448425e+02 1.094314728643651193e+02
1.682148701504620840e+04 2.091707101775025706e+02 5.158958888495438799e+01 1.843187128452500190e+02 1.084364993103601904e+02
1.682183654970121279e+04 2.083321439911262303e+02 5.161407494845902022e+01 1.842413890655652438e+02 1.074395544242822780e+02
1.682221789819939659e+04 2.075424705013218158e+02 5.158545593703986754e+01 1.842370723474977865e+02 1.064404731504746024e+02
1.682266926253668862e+04 2.067872573358548607e+02 5.149022375113811734e+01 1.841914475712948445e+02 1.054425041459201822e+02
1.682332034593158460e+04 2.058728670014038755e+02 5.111940911983367641e+01 1.842047751276518852e+02 1.044441713578774227e+02
1.682408118773567912e+04 2.049672436421291479e+02 5.082491757149274747e+01 1.843762957593885119e+02 1.034620961155669789e+02
1.682488257911165420e+04 2.041452249010000060e+02 5.028060661929819020e+01 1.846645679219881231e+02 1.025055735080004666e+02
1.682559903970532469e+04 2.033636326435550359e+02 4.971819497793588027e+01 1.851611548096696822e+02 1.016470309739149513e+02
1.682630054403415488e+04 2.027365499384802661e+02 4.909651235332520258e+01 1.855416914305268676e+02 1.007314911013786087e+02
1.682700834419121747e+04 2.019592877412366079e+02 4.851331896317608994e+01 1.860509069941109317e+02 9.988191425942406454e+01
1.682761203637494327e+04 2.010479693266607057e+02 4.814932163532001397e+01 1.862308282020516970e+02 9.893189238844260558e+01
1.682816155147808240e+04 2.000247139839336512e+02 4.809833322146375423e+01 1.861468365758182415e+02 9.793771066535720138e+01
1.682867555127452215e+04 1.990499608503084517e+02 4.816523555292196335e+01 1.860342888509661350e+02 9.694407843859036689e+01
1.682918833444717893e+04 1.982042982377177509e+02 4.808529253017653815e+01 1.857974855541746138e+02 9.597525737575099924e+01
1.682976751881925520e+04 1.972934954798542151e+02 4.785445811370946245e+01 1.858099453379994657e+02 9.498864158454833273e+01
1.683037072079381323e+04 1.962589339066359173e+02 4.770920766764910326e+01 1.859338168187462657e+02 9.399640938386278322e+01
1.683101149921526667e+04 1.952538441620493472e+02 4.745039329556013996e+01 1.860617112703409362e+02 9.300462233829034631e+01
1.683165139374279534e+04 1.942080285470983085e+02 4.733111637967569862e+01 1.862654456597197736e+02 9.202651903284953505e+01
1.683221021522671072e+04 1.932008645059794389e+02 4.728204508780677884e+01 1.861967649030727330e+02 9.104202125969071346e+01
1.683275847139133475e+04 1.921057640814917704e+02 4.720437503748244268e+01 1.861502280239380980e+02 9.004488464304326101e+01
1.683325829890974637e+04 1.911116452506807377e+02 4.722276811588476164e+01 1.861414860599722658e+02 8.904492772025963632e+01
1.683374149839178790e+04 1.901466321875064978e+02 4.707183755169967299e+01 1.860331841186879274e+02 8.805230719472318412e+01
1.683420415598696127e+04 1.892072259771956908e+02 4.684256951237700406e+01 1.860448951610238453e+02 8.705559494079464855e+01
1.683466994074611284e+04 1.882289782601463060e+02 4.669307999986568802e+01 1.861040262366896343e+02 8.605734753665477399e+01
1.683513945451047402e+04 1.872094322841165024e+02 4.650651851653282876e+01 1.860707081509383727e+02 8.505916223384754460e+01
1.683560195728301551e+04 1.861531364398399830e+02 4.639289813914984251e+01 1.860892045793103193e+02 8.406021851316548066e+01
1.683604899996937456e+04 1.851362556883900652e+02 4.643155318640930318e+01 1.860438460496978621e+02 8.306231405086390396e+01
1.683653672487740914e+04 1.840452630142603994e+02 4.640702783811010335e+01 1.859010655930529481e+02 8.207333312843334738e+01
1.683703332941298868e+04 1.830105757917471294e+02 4.636261919881780358e+01 1.858608348612737586e+02 8.107632748809047030e+01
1.683746078629511612e+04 1.820792240360098333e+02 4.626885415107881983e+01 1.857428007897026703e+02 8.008515461981608041e+01
1.683795143607744103e+04 1.809711098891184804e+02 4.629091730013779227e+01 1.856011852724403468e+02 7.909524343527651524e+01
1.683842270698903303e+04 1.799552199810239017e+02 4.623846277985217057e+01 1.856176943736092539e+02 7.809882731594855443e+01
1.683884432473546622e+04 1.791086327831020242e+02 4.609377978606306669e+01 1.855899580830890443e+02 7.710031605333760751e+01
1.683931090465690431e+04 1.781659123135995344e+02 4.583339876812466684e+01 1.855861176887472652e+02 7.610066035027485043e+01
1.683978851514627240e+04 1.771802186445306972e+02 4.557999074711683107e+01 1.856047517588212088e+02 7.510084463509866737e+01
1.684023300035579086e+04 1.763699104058109128e+02 4.539803740973031410e+01 1.855743444917973477e+02 7.410168122096968091e+01
1.684069288717985182e+04 1.755476808469724688e+02 4.528269826787010288e+01 1.856529997672861612e+02 7.310694425768537030e+01
1.684120385262816126e+04 1.746941098386954536e+02 4.531408498242640093e+01 1.855751922519060599e+02 7.211516247876727448e+01
1.684174073517229044e+04 1.738688536990264026e+02 4.549188647377024353e+01 1.852135144859610705e+02 7.119156602521429988e+01
1.684232578655907855e+04 1.730939335670040577e+02 4.603730602657526561e+01 1.846886030219765757e+02 7.034252308868414616e+01
1.684287932363205618e+04 1.723340593386301975e+02 4.659848247962081302e+01 1.839193607313334553e+02 6.972405061688786532e+01
1.684341616355601946e+04 1.713720796753308662e+02 4.695652563456511785e+01 1.832443035559944633e+02 6.899606969260715061e+01
1.684386959543296325e+04 1.704792126914849177e+02 4.714005915413952863e+01 1.828634500778975109e+02 6.808351518818525960e+01
1.684428452097848276e+04 1.696743176652543639e+02 4.716874341358116141e+01 1.825608177378446442e+02 6.713042500147892611e+01
1.684475423711886833e+04 1.687623156073665598e+02 4.696529374974989679e+01 1.823890200312393119e+02 6.614763488919132328e+01
1.684520926332503223e+04 1.678737789142888062e+02 4.676711884931016527e+01 1.824537984065654541e+02 6.515517665369260669e+01
1.684565934601766276e+04 1.670091681088172209e+02 4.641371635070054680e+01 1.825890257919553790e+02 6.416440093102009712e+01
1.684612601485693085e+04 1.662060657835739050e+02 4.569012596932270043e+01 1.830565369412726398e+02 6.329833414025875982e+01
1.684657860488229198e+04 1.656303529225741045e+02 4.487601299388248322e+01 1.837150103010271209e+02 6.254888743234814541e+01
1.684700815858075293e+04 1.651040425321086502e+02 4.420321413280338163e+01 1.843360849223597597e+02 6.176629007017353956e+01
1.684742095346523274e+04 1.644503925107887028e+02 4.365673452284828215e+01 1.849444568977533834e+02 6.097264131836568168e+01
1.684786830621291665e+04 1.635818558667126013e+02 4.329485412891878582e+01 1.854196893876297452e+02 6.009633669385083010e+01
1.684828576228738166e+04 1.627256637351088102e+02 4.306061714807978547e+01 1.856580366686145567e+02 5.913098908559103961e+01
1.684870256026925927e+04 1.617832706098075448e+02 4.285193707556634024e+01 1.858112526707896279e+02 5.814295458433318942e+01
1.684913905032172261e+04 1.607570674821935199e+02 4.263984216887691048e+01 1.859279995148250748e+02 5.714989018676081400e+01
1.684954407571672709e+04 1.598144708595457644e+02 4.254843668582177685e+01 1.859189036372183068e+02 5.615166064254993472e+01
1.684995563798255898e+04 1.588260315817918524e+02 4.260745176193890416e+01 1.859319292063317164e+02 5.515206347110969176e+01
1.685038318841562432e+04 1.577788683088514858e+02 4.256105411589307863e+01 1.859815456940372087e+02 5.415336627095388877e+01
1.685079110663432584e+04 1.567826980384235469e+02 4.239170932312865148e+01 1.859684242259030782e+02 5.315402360806235293e+01
1.685119885093809717e+04 1.557946272097325391e+02 4.211339469432437710e+01 1.859579982811509637e+02 5.215412332580416432e+01
1.685160879517706053e+04 1.548200019412163897e+02 4.185072464568349204e+01 1.859820148964036832e+02 5.115451908326445363e+01
1.685199856361174170e+04 1.539288983384873575e+02 4.163750994620587420e+01 1.859516998214605223e+02 5.015543684165616867e+01
1.685241662269183871e+04 1.529628430193295685e+02 4.144963904138442956e+01 1.859573458969718160e+02 4.915576501813105637e+01
1.685282737428746259e+04 1.520175430432307166e+02 4.133921032227171111e+01 1.860448012203289636e+02 4.816018272767362873e+01
1.685320754394307733e+04 1.511359068253705686e+02 4.130770906891506655e+01 1.860377255696216992e+02 4.716168971139254751e+01
1.685360180659931575e+04 1.502001925588124607e+02 4.117248304248526836e+01 1.859891904826820053e+02 4.616289473369244689e+01
1.685398425204377781e+04 1.492866486420254830e+02 4.096297104716853710e+01 1.860229456028760069e+02 4.516434108191830887e+01
1.685436509375223250e+04 1.483915186940606930e+02 4.081785925428157924e+01 1.860132990806283999e+02 4.416487065209191343e+01
1.685476322516230357e+04 1.474567405891957037e+02 4.076724806844661231e+01 1.859301825130882264e+02 4.316873619865150147e+01
1.685515367250412964e+04 1.465010342754488022e+02 4.076944130389485110e+01 1.859277736255421871e+02 4.216979101295670063e+01
1.685556715347980207e+04 1.455224360489866342e+02 4.065991849783755185e+01 1.859136964291707557e+02 4.117002501189078600e+01
1.685597566468691730e+04 1.446399166635262077e+02 4.041990979199539424e+01 1.858817010633609641e+02 4.017054865161149735e+01
1.685637842362983429e+04 1.437361067126276737e+02 4.024739305143339863e+01 1.859651344236787054e+02 3.917565861085028445e+01
1.685680127445655671e+04 1.427395628669541736e+02 4.028607556734767314e+01 1.860434625297401396e+02 3.817885538345372964e+01
1.685721371221050504e+04 1.417752964945438521e+02 4.035091134327998219e+01 1.860320440907640318e+02 3.717970270925417964e+01
1.685761462443803248e+04 1.408117066393681682e+02 4.037901926059170421e+01 1.860767767090908080e+02 3.618135625677160050e+01
1.685802468829569989e+04 1.399185881501505264e+02 4.032309342129443053e+01 1.861412042847671842e+02 3.518343451749664297e+01
1.685841636655444745e+04 1.391112717319204819e+02 4.015728710729257500e+01 1.861319188049528748e+02 3.418411048998158464e+01
1.685882641778052493e+04 1.382203525503854280e+02 3.995919310370238264e+01 1.862039200494805584e+02 3.318781277149144415e+01
1.685924406476255535e+04 1.372507894080586368e+02 3.989987732466137516e+01 1.863219972189186535e+02 3.219487330488734500e+01
1.685964545709394224e+04 1.362812219109965781e+02 3.976808209603623112e+01 1.863345062653175432e+02 3.119634410585377893e+01
1.686007180522796989e+04 1.352546976538036461e+02 3.960021407703541740e+01 1.864016561994147594e+02 3.019931591938738435e+01
1.686050686356413280e+04 1.342787971254304864e+02 3.937261342144697096e+01 1.865065124172492972e+02 2.920487328245756942e+01
1.686092580997255936e+04 1.334260231985362282e+02 3.914838791988541544e+01 1.865107785945500893e+02 2.820611166987033158e+01
1.686137446011956126e+04 1.325332952176269430e+02 3.912977869450219970e+01 1.865292577586106404e+02 2.720643904629715948e+01
1.686185723215682810e+04 1.315970206172752341e+02 3.925721602507874053e+01 1.865163791744516857e+02 2.620669692835028286e+01
1.686235346016436597e+04 1.308887357142769190e+02 3.958085965597723543e+01 1.862340879170650396e+02 2.525517700267370103e+01
1.686295951285232877e+04 1.304014409946917397e+02 4.045558059468034884e+01 1.856840599465486150e+02 2.442727654797110759e+01
1.686349025092439115e+04 1.300814076542394560e+02 4.156927336169157883e+01 1.847878844235440852e+02 2.403566923074657069e+01
1.686395076366337889e+04 1.299158568362275616e+02 4.266192274070357371e+01 1.838088200295938748e+02 2.383906321987736021e+01
1.686435682309799813e+04 1.298453568689473059e+02 4.371051320054132105e+01 1.828212680898561189e+02 2.368196025419986128e+01
1.686471126450054726e+04 1.298213237200481274e+02 4.464683713472361859e+01 1.818229213556757600e+02 2.365814833616087398e+01
1.686508528126468809e+04 1.298506211897796163e+02 4.564252400643984942e+01 1.808233786025585061e+02 2.368579874978005506e+01
1.686543810631951055e+04 1.298910455124459418e+02 4.658746770114384361e+01 1.798234547541981669e+02 2.368796909099213366e+01
1.686578141788767243e+04 1.298864101407962721e+02 4.751943239014816101e+01 1.788239356852037361e+02 2.371637861672093095e+01
1.686610176137110466e+04 1.298633897343312356e+02 4.836488016998931272e+01 1.778249614595894172e+02 2.376142007558109981e+01
1.686643437993514453e+04 1.298590028057428754e+02 4.924150339184707548e+01 1.768252091169795222e+02 2.378075372495880657e+01
1.686678134447093180e+04 1.298371340943802750e+02 5.016621891954823553e+01 1.758252376010856892e+02 2.377804350514329101e+01
1.686711840228185611e+04 1.297545049122859382e+02 5.105973162732369275e+01 1.748277906520037561e+02 2.384360629965411604e+01
1.686748718373579686e+04 1.296619247955540004e+02 5.202321775258524639e+01 1.738286821712924279e+02 2.388311999067072477e+01
1.686784532725369718e+04 1.296235361511319581e+02 5.295756798624415751e+01 1.728298663780157085e+02 2.384393516137491176e+01
1.686821782343550149e+04 1.295855395978823879e+02 5.394113000687364945e+01 1.718302301578237916e+02 2.385523399063995242e+01
1.686861000345914726e+04 1.295610349555594212e+02 5.496621518705810416e+01 1.708322743593150506e+02 2.391707155689388742e+01
1.686899124036710418e+04 1.295507328298912739e+02 5.595691663218789103e+01 1.698332512916691144e+02 2.389215987707292754e+01
1.686938463070084254e+04 1.295174575447533130e+02 5.700126444479189303e+01 1.688334711906022960e+02 2.390122694203466125e+01
1.686976100315188523e+04 1.294504724353238032e+02 5.796726670868656583e+01 1.678344501996816120e+02 2.394422930880854139e+01
1.687014813552906344e+04 1.294007693455291985e+02 5.896171908896889136e+01 1.668346390966265460e+02 2.394190851920390983e+01
1.687057038478725008e+04 1.293717693818805401e+02 6.008150883735766001e+01 1.658346534858554548e+02 2.393688794056589586e+01
1.687096789698384237e+04 1.293304525042367175e+02 6.111889827273932951e+01 1.648361782232412622e+02 2.398773931194525488e+01
1.687135063593594532e+04 1.292989421141528794e+02 6.210362996665944024e+01 1.638365266937199749e+02 2.398114916146617048e+01
1.687176038382966726e+04 1.292123640139793679e+02 6.314920451662925416e+01 1.628367630037488425e+02 2.395950219364741329e+01
1.687214874128439624e+04 1.290697860945261368e+02 6.409175484038827619e+01 1.618368238161424983e+02 2.394960339963220974e+01
1.687255274118732996e+04 1.289003361867892750e+02 6.503074892319500577e+01 1.608404216993925218e+02 2.386959070489345436e+01
1.687297396699904129e+04 1.287273585873493289e+02 6.600583650387105195e+01 1.598561123005803779e+02 2.369608454746582638e+01
1.687337854633711322e+04 1.285628381959872115e+02 6.691686740737839045e+01 1.588612847364719585e+02 2.360066247913019666e+01
1.687381860471099571e+04 1.284095796833832424e+02 6.791073712141948704e+01 1.578670824066158218e+02 2.349356146651341248e+01
1.687427055324246248e+04 1.282448803453198138e+02 6.892412508005070038e+01 1.568750418315243280e+02 2.336777589115417442e+01
1.687470440430881717e+04 1.280576058940360724e+02 6.980312598584629313e+01 1.558766402616459459e+02 2.332024947601530940e+01
1.687519541755431419e+04 1.278965973364221469e+02 7.062135497044504007e+01 1.548823230503219008e+02 2.321689031142716075e+01
1.687577259027349282e+04 1.278339058637085941e+02 7.133604509664257876e+01 1.538835020177927504e+02 2.317696444898427188e+01
1.687647191522001958e+04 1.283377300447201890e+02 7.186165051214979371e+01 1.529291248625054038e+02 2.345311716228681931e+01
1.687727526390293497e+04 1.297854806799822143e+02 7.243640671970597111e+01 1.523667545286590723e+02 2.426012804852117100e+01
1.687780979797626787e+04 1.310009568567071199e+02 7.258524025230298093e+01 1.521323257266831490e+02 2.522887668925343263e+01
1.687827446208387482e+04 1.321392644678882391e+02 7.260721072669893772e+01 1.520984156459168730e+02 2.622728803842336376e+01
1.687867333376163151e+04 1.331175627119507396e+02 7.265427019110754259e+01 1.522185623630789735e+02 2.721947655519903719e+01
1.687908739648064147e+04 1.341687718804989231e+02 7.269000606465245085e+01 1.522996451221477798e+02 2.821612266672480729e+01
1.687949098487416632e+04 1.352166948319530491e+02 7.275914539615898491e+01 1.523079392939181105e+02 2.921595802085032645e+01
1.687986039866735518e+04 1.361690027694519358e+02 7.284435107324708270e+01 1.523351451214503243e+02 3.021557450442876203e+01
1.688024015851900185e+04 1.371479518948540033e+02 7.288111713153631399e+01 1.523140729633895205e+02 3.121528923580327586e+01
1.688061124334758279e+04 1.380976459285825229e+02 7.290595216691500013e+01 1.523160954802192748e+02 3.221527019303123751e+01
1.688097009918028198e+04 1.390190932350575963e+02 7.297349033015933628e+01 1.523876702249448840e+02 3.321258831117382471e+01
1.688136631522165408e+04 1.400431662342432162e+02 7.302312708601823488e+01 1.524134318698853860e+02 3.421219561188812008e+01
1.688173205962647626e+04 1.409923524783642677e+02 7.304924395381512170e+01 1.523829018110579909e+02 3.521165906273655111e+01
1.688209083257737439e+04 1.419301038034462579e+02 7.307748485042591824e+01 1.524081508633499311e+02 3.621125829683641228e+01
1.688247777881854927e+04 1.429297400579384032e+02 7.307716645792351073e+01 1.524445679506794136e+02 3.721059330230828266e+01
1.688285781601812414e+04 1.439024473417972274e+02 7.305944087750485494e+01 1.524238583616780716e+02 3.821030112378623045e+01
1.688325625753117129e+04 1.449255603680204558e+02 7.305068524468224211e+01 1.524201708023308868e+02 3.921028519417833991e+01
1.688364764614889646e+04 1.459255839746788297e+02 7.305104921849381583e+01 1.524459495407868701e+02 4.020993414315807968e+01
1.688404237342274064e+04 1.469369394414190140e+02 7.307183641225705628e+01 1.524094945640578089e+02 4.120917905898220823e+01
1.688447197741997297e+04 1.480505786048663595e+02 7.313308075543098141e+01 1.523949961225600305e+02 4.220906018766091705e+01
1.688488802113713245e+04 1.491097699567198163e+02 7.320152336450023256e+01 1.523952550356606537e+02 4.320905603280921525e+01
1.688529149650185718e+04 1.501125216015366277e+02 7.327176037740969150e+01 1.523499317547010605e+02 4.420798214675787108e+01
1.688570116015321764e+04 1.511548947184437850e+02 7.332418581805758606e+01 1.523536509062591335e+02 4.520791902373827043e+01
1.688610051283214852e+04 1.521884780496999383e+02 7.335579883689136693e+01 1.523705413747462387e+02 4.620777382483714746e+01
1.688648391146515132e+04 1.531670922134784973e+02 7.340591150271630738e+01 1.523111155686735572e+02 4.720588850791066449e+01
1.688688689323842118e+04 1.541998998680898865e+02 7.347575188582744943e+01 1.522967176006191039e+02 4.820573883968089035e+01
1.688727412295167960e+04 1.551797840520910938e+02 7.356498255393124452e+01 1.522770922061157535e+02 4.920554524237321914e+01
1.688765765693841968e+04 1.561324282366571765e+02 7.369433096593481025e+01 1.521667982741809624e+02 5.019929307622278003e+01
1.688806615706003140e+04 1.571348734484285785e+02 7.385048015322507808e+01 1.520883724945267659e+02 5.119619012378738176e+01
1.688845602210658399e+04 1.580492828279801074e+02 7.395891685219365286e+01 1.520279833204314741e+02 5.219435995624115066e+01
1.688886649275203672e+04 1.589913422754873409e+02 7.404060609636476897e+01 1.519222125246802761e+02 5.318871312918852823e+01
1.688930130155539882e+04 1.600068462030205581e+02 7.410234561564345768e+01 1.518844589700082395e+02 5.418791573924677607e+01
1.688971284954433577e+04 1.609651448232182815e+02 7.416272696346207738e+01 1.518963133594081967e+02 5.518780895111942186e+01
1.689014131584711868e+04 1.619671554594770839e+02 7.423373223122732156e+01 1.518424071357068499e+02 5.618628336800185252e+01
1.689058062471434823e+04 1.629939865237410004e+02 7.431506528288814195e+01 1.518108566013799248e+02 5.718577605429840105e+01
1.689098995348085737e+04 1.639309805416543497e+02 7.438383218238091388e+01 1.518246139481430532e+02 5.818565095026950473e+01
1.689142117522651461e+04 1.649139683759808008e+02 7.439140393287020459e+01 1.518399949353302816e+02 5.918553265488774429e+01
1.689189422671677676e+04 1.659512501500975077e+02 7.436942855321665036e+01 1.519465355836554181e+02 6.017971377802066968e+01
1.689237883152513677e+04 1.669626661773727392e+02 7.429746169941125800e+01 1.521184465304766604e+02 6.116477224819444558e+01
1.689285588241250298e+04 1.679613937832702959e+02 7.410716525350602524e+01 1.522519544376994531e+02 6.215580000224985469e+01
1.689333578966129062e+04 1.689439613168888741e+02 7.382938056691472184e+01 1.524805755304678883e+02 6.312921032718617198e+01
1.689383178591467367e+04 1.698961812427187397e+02 7.348367333959484426e+01 1.527166270320058743e+02 6.410095053680323929e+01
1.689434889594014021e+04 1.708603379442812980e+02 7.306712011729133849e+01 1.530359238480474460e+02 6.504852056230980395e+01
1.689486781023654476e+04 1.716934521807379497e+02 7.254126796292059964e+01 1.535012976086565288e+02 6.593343978821830831e+01
1.689537771137722666e+04 1.723193742902528811e+02 7.183965836203216782e+01 1.540668464948637393e+02 6.675804288612782500e+01
1.689589640615379903e+04 1.728656393029823164e+02 7.095746887569571015e+01 1.548754600009541207e+02 6.734566832738966013e+01
1.689635207628569697e+04 1.732671541373281059e+02 7.010662164004233432e+01 1.557855936196565949e+02 6.775998259064682827e+01
1.689678091338913873e+04 1.736074544770092984e+02 6.923890445691883144e+01 1.566987953700078435e+02 6.816721123387019077e+01
1.689723030278201259e+04 1.739821919742674083e+02 6.829639891741277324e+01 1.576530072578551938e+02 6.846633613957777698e+01
1.689765234042684096e+04 1.743196969296711245e+02 6.740359593564109275e+01 1.586021997575157059e+02 6.878090021103113827e+01
1.689807057903307214e+04 1.746098386032265353e+02 6.648478035697205257e+01 1.595312130505285779e+02 6.915042073706624137e+01
1.689853103115924750e+04 1.748947821108384346e+02 6.546227477311821019e+01 1.605002832782054725e+02 6.939703372805115578e+01
1.689897234185852722e+04 1.751172700814840937e+02 6.451279880100928210e+01 1.614819340163123229e+02 6.958769686420234279e+01
1.689941439353927490e+04 1.753010464269116255e+02 6.354170447725803683e+01 1.624673376644116729e+02 6.975711055108722292e+01
1.689985942844068632e+04 1.755108683112595997e+02 6.257229278576217979e+01 1.634644428227472872e+02 6.983265292643997668e+01
1.690030930096227530e+04 1.757066947742675040e+02 6.160167309578917383e+01 1.644565360767242908e+02 6.995813120068635271e+01
1.690075585890838192e+04 1.758591817905262360e+02 6.059384740132544067e+01 1.654471029843854524e+02 7.009414612039421399e+01
1.690119084594200103e+04 1.760109761427170838e+02 5.957333538461546851e+01 1.664458698283144713e+02 7.014360751643501146e+01
1.690162357961140879e+04 1.761191362348868381e+02 5.850907474850580314e+01 1.674433576034645910e+02 7.021384842588558683e+01
1.690204928930115784e+04 1.761984850010073842e+02 5.742938734968274161e+01 1.684430951748902885e+02 7.023347925367185951e+01
1.690242990228026611e+04 1.762708414963327073e+02 5.647962698767625511e+01 1.694423173582162576e+02 7.019614911215238351e+01
1.690279976548161721e+04 1.763153097204747723e+02 5.554466116275042253e+01 1.704419901969352793e+02 7.022153455305277703e+01
1.690317368466140397e+04 1.763212575865304643e+02 5.458214345692813652e+01 1.714418762916671994e+02 7.022864323167144107e+01
1.690354563118964506e+04 1.762935545308112069e+02 5.365530909970159001e+01 1.724401638106587313e+02 7.017018736946580759e+01
1.690393977491955957e+04 1.761893752356307061e+02 5.270181688639948447e+01 1.734374936132876996e+02 7.009828511725201849e+01
1.690432997197841178e+04 1.760259105797697714e+02 5.176343672070271396e+01 1.744281021662636135e+02 6.996197727363363583e+01
1.690471728523877391e+04 1.758786623617590408e+02 5.085140219413499096e+01 1.754111364812487182e+02 6.977920946728305296e+01
1.690511570697022762e+04 1.757457529531713192e+02 4.994301267562222080e+01 1.764046770247406357e+02 6.966592847170632297e+01
1.690551176271499935e+04 1.755714557474249489e+02 4.905247555340961441e+01 1.773933958708184093e+02 6.951755854772123655e+01
1.690594420902583079e+04 1.752906306322947501e+02 4.811494751054733143e+01 1.783638579126896673e+02 6.927640514674240535e+01
1.690640113175948500e+04 1.749428729310449455e+02 4.718498241982212704e+01 1.793253528771822403e+02 6.900194713527429258e+01
1.690684933129675846e+04 1.746274126095968313e+02 4.625917713159162759e+01 1.802677060039155208e+02 6.866733695983826635e+01
1.690728234333311048e+04 1.744798044373071662e+02 4.527039514641794682e+01 1.812161918618328116e+02 6.835328483629203333e+01
1.690768177264707265e+04 1.746400521381046929e+02 4.432327485844535886e+01 1.822054435541032547e+02 6.821653293125764606e+01
1.690804845960086095e+04 1.750668235246617712e+02 4.354392437344684907e+01 1.831997323286487642e+02 6.830407342666191539e+01
1.690842544152208939e+04 1.757010266124527220e+02 4.291190260449111094e+01 1.841442713450437338e+02 6.862311274659045068e+01
1.690882326818904767e+04 1.765465546301261099e+02 4.244270592383158203e+01 1.849441496165180183e+02 6.921348446382215513e+01
1.690921749893534070e+04 1.775076090005452443e+02 4.219787752701435579e+01 1.855045914221505257e+02 7.003962291143768937e+01
1.690961217018039679e+04 1.785201904012835428e+02 4.217020084897911403e+01 1.858975098338358407e+02 7.095630806950786962e+01
1.690999988995181775e+04 1.795185370822785558e+02 4.225696920551769864e+01 1.860736508121938755e+02 7.193868709292483743e+01
1.691039834152947515e+04 1.805425149634464503e+02 4.236759383292054082e+01 1.860849411582159405e+02 7.293862099908398022e+01
1.691080518849992586e+04 1.815528773681092503e+02 4.246198557803771934e+01 1.860845584902613155e+02 7.393849834070380211e+01
1.691120088719384148e+04 1.825206826612535735e+02 4.251636466413420123e+01 1.860416352584842343e+02 7.493756954508501167e+01
1.691161817020035232e+04 1.835774122051619770e+02 4.254314950929910566e+01 1.860013463308304154e+02 7.593624204744610040e+01
1.691205268848548803e+04 1.846850993018208840e+02 4.257911367327316299e+01 1.860383172417168396e+02 7.693545809752937714e+01
1.691246925942212329e+04 1.857455793789299605e+02 4.265256628795302163e+01 1.860298081584485885e+02 7.793515393998704610e+01
1.691287685097883150e+04 1.868032897447797325e+02 4.276946782750912490e+01 1.859681920666158135e+02 7.893315422916639079e+01
1.691327778644087084e+04 1.878382940437448951e+02 4.289118091172552028e+01 1.859390697295119139e+02 7.993269675015940834e+01
1.691366156093235622e+04 1.888225077115840236e+02 4.297868920209021582e+01 1.858856043573059367e+02 8.093122264025487311e+01
1.691404784047450812e+04 1.898303345973754972e+02 4.303147231425283081e+01 1.858189325540752463e+02 8.192866397003319889e+01
1.691442018150455624e+04 1.907880788310445439e+02 4.305695568798755346e+01 1.858170816063845621e+02 8.292866224420605192e+01
1.691478867097393959e+04 1.917144729546692759e+02 4.306743867339826437e+01 1.858097932503061998e+02 8.392853022975288013e+01
1.691518755163997412e+04 1.927278971802484762e+02 4.305705389654524140e+01 1.857772147329185657e+02 8.492763706958504599e+01
1.691557575573902432e+04 1.937156083705066294e+02 4.304552362346467476e+01 1.858149249171869712e+02 8.592689153396408130e+01
1.691596122692865174e+04 1.947004402886117020e+02 4.304326096170000682e+01 1.858657163629059710e+02 8.692544216460821360e+01
1.691635651846978362e+04 1.957185878329212869e+02 4.302127033295063541e+01 1.858821989070621896e+02 8.792504450688831241e+01
1.691672756691701943e+04 1.966819816645693209e+02 4.299038679125217755e+01 1.859610554514768808e+02 8.892181123988501668e+01
1.691710082244169826e+04 1.976591175623375136e+02 4.297464943525206849e+01 1.860666147246892024e+02 8.991589337454563235e+01
1.691747260869586535e+04 1.986364789637571562e+02 4.298425381136848955e+01 1.861080289869371427e+02 9.091502198418025671e+01
1.691784002156653878e+04 1.996028012210953193e+02 4.301897918847259206e+01 1.861452931785005944e+02 9.191412434908241380e+01
1.691821626014823050e+04 2.005902472706751212e+02 4.306222851813955543e+01 1.862212219207081318e+02 9.291095938853450775e+01
1.691857873978092175e+04 2.015575208987829683e+02 4.311748893088670798e+01 1.862325261707342179e+02 9.391071263414593773e+01
1.691894697192876629e+04 2.025574909666184453e+02 4.318752964456403731e+01 1.862065755970949681e+02 9.491019146498523185e+01
1.691930872008821825e+04 2.035231895621333251e+02 4.324797156316764557e+01 1.862221896624788542e+02 9.591002616695641336e+01
1.691966519794037595e+04 2.044639654875974770e+02 4.329079392863230424e+01 1.862086608861070545e+02 9.690979442859914172e+01
1.692003945162706077e+04 2.054579584032682931e+02 4.330975986490390994e+01 1.861661278621629378e+02 9.790858948239262816e+01
1.692041610256890272e+04 2.064499220362251890e+02 4.332283034310308523e+01 1.861834276772854082e+02 9.890842649522215879e+01
1.692080599193426679e+04 2.074770446323152555e+02 4.334282891857739628e+01 1.862028034385733122e+02 9.990796787391266776e+01
1.692120567175913675e+04 2.085357196214420128e+02 4.335004561277180812e+01 1.861796870631774539e+02 1.009073272509963743e+02
1.692158445474052496e+04 2.095428140031634143e+02 4.336955360582155095e+01 1.862268472927561618e+02 1.019060960869681480e+02
1.692195739752428199e+04 2.105569318204925366e+02 4.341782435839301968e+01 1.862938106694915632e+02 1.029032284680013447e+02
1.692231867113719636e+04 2.115578593766856841e+02 4.345093022971786212e+01 1.862767817960275636e+02 1.039030537875562601e+02
1.692266770350358638e+04 2.125241915673893516e+02 4.344411972425171342e+01 1.862547193286047786e+02 1.049024093704044844e+02
1.692301653450095910e+04 2.134722078222512778e+02 4.340003325367483455e+01 1.862955981670840231e+02 1.059015689524278088e+02
1.692335656455327990e+04 2.143931970194605015e+02 4.336286777801839065e+01 1.863299231321178127e+02 1.069009795266338188e+02
1.692370700066421705e+04 2.153555042754892952e+02 4.334684328048638946e+01 1.863748064326744327e+02 1.078997509426520764e+02
1.692405532965229577e+04 2.163116133404672610e+02 4.333441033807950049e+01 1.864650116639097348e+02 1.088956658355328528e+02
1.692439804352070496e+04 2.172623857916250358e+02 4.333504224874523203e+01 1.865306504323939691e+02 1.098929053501827156e+02
1.692474834020486014e+04 2.182493159287308231e+02 4.335976541318044042e+01 1.865153559079844285e+02 1.108927643007318125e+02
1.692509258293351741e+04 2.192203538500286299e+02 4.338150087237860220e+01 1.864936526452801218e+02 1.118923260280430583e+02
1.692544119068058717e+04 2.201979166404053387e+02 4.338368237285357765e+01 1.865126870722722288e+02 1.128921044237944500e+02
1.692579241089082643e+04 2.211897397118216304e+02 4.337840204288897183e+01 1.865115576037065068e+02 1.138921037034653381e+02
1.692614241413397031e+04 2.221915376381688532e+02 4.338049965144668363e+01 1.865183269628485334e+02 1.148918910942792735e+02
1.692648925956167659e+04 2.231918265324969184e+02 4.338058478887271008e+01 1.865638712582608889e+02 1.158908078354143782e+02
1.692682920880255188e+04 2.241934058618066388e+02 4.337037986913703946e+01 1.865811187260904660e+02 1.168905325726802289e+02
1.692717433264480496e+04 2.252207747129390327e+02 4.334635976304282678e+01 1.865706659884965859e+02 1.178903461752940700e+02
1.692751468070700139e+04 2.262082005573893468e+02 4.332641366791217052e+01 1.865965824633626937e+02 1.188900094571937274e+02
1.692786941517155356e+04 2.272285783457947446e+02 4.335639925843877762e+01 1.866145752144335290e+02 1.198895691558857948e+02
1.692822618893030449e+04 2.282664099048673449e+02 4.342955784426786181e+01 1.865780155997915699e+02 1.208888819879132797e+02
1.692856033215031493e+04 2.292362259856818696e+02 4.351071079363753569e+01 1.865295854406001865e+02 1.218877032465686483e+02
1.692889632845611050e+04 2.301979569385091224e+02 4.358179674270044757e+01 1.864824932137423161e+02 1.228865131055146520e+02
1.692923654264749712e+04 2.311602030617434025e+02 4.360614934331430703e+01 1.864106600751738370e+02 1.238839079189826009e+02
1.692958943038966027e+04 2.321491273409894234e+02 4.359244552640352310e+01 1.863684001092051687e+02 1.248824663416989154e+02
1.692994836133448916e+04 2.331397611931697327e+02 4.361150426925886592e+01 1.864019392398693071e+02 1.258818728117502559e+02
1.693031707926184026e+04 2.341349983877764203e+02 4.369749701613823589e+01 1.864412678601960920e+02 1.268807987313748811e+02
1.693070726298408772e+04 2.351398552514723121e+02 4.391369649761468708e+01 1.864178430168784928e+02 1.278803096542034439e+02
1.693108548452027026e+04 2.360006771260524943e+02 4.434951780557249634e+01 1.863094577263883309e+02 1.288704819682591847e+02
1.693146315409374802e+04 2.366681561277558501e+02 4.503690957564000996e+01 1.859551843385861218e+02 1.297961805158058439e+02
1.693184146706379397e+04 2.371786016967633657e+02 4.585458480313696583e+01 1.853321395999004437e+02 1.305750266259019270e+02
1.693221848667059749e+04 2.375496400835760653e+02 4.675510996515800599e+01 1.845730984336725840e+02 1.312184791130284793e+02
1.693262281378474290e+04 2.377563166023463737e+02 4.780577581236867246e+01 1.836774868610406770e+02 1.316489603910771393e+02
1.693301806502229738e+04 2.378171465502455817e+02 4.888250761604366090e+01 1.827008267425578367e+02 1.318585900253787031e+02
1.693338762630499696e+04 2.378279087572984736e+02 4.990451080315049381e+01 1.817072903775244583e+02 1.319690648763674972e+02
1.693375892135565300e+04 2.378225895981491362e+02 5.091968587277066405e+01 1.807088778815074193e+02 1.320114244632914620e+02
1.693413457700307117e+04 2.378360081162060169e+02 5.193933768334924395e+01 1.797091821428287233e+02 1.319869261284480046e+02
1.693451088937036548e+04 2.378728892597741265e+02 5.297563460382446010e+01 1.787098104659236242e+02 1.319870334868050463e+02
1.693488282186983633e+04 2.378762785046270380e+02 5.399641878629436320e+01 1.777116345880381800e+02 1.320465383496158722e+02
1.693525074160455915e+04 2.378575896732563137e+02 5.499402312550162719e+01 1.767122904697789636e+02 1.320804600265950910e+02
1.693562220521106428e+04 2.378619598884225752e+02 5.601855284863533058e+01 1.757124112674422349e+02 1.320947038287795863e+02
1.693598177916567874e+04 2.378772850922396174e+02 5.702711250206218807e+01 1.747126906352436038e+02 1.321179573536725798e+02
1.693634065324828771e+04 2.378480064264037708e+02 5.802966299592296195e+01 1.737128347680923639e+02 1.321250223828749313e+02
1.693670594707644341e+04 2.377337933814671374e+02 5.904290497256178583e+01 1.727130085948076612e+02 1.321075760708988014e+02
1.693706330713375428e+04 2.375760136789639319e+02 6.002635531156261095e+01 1.717131132249825782e+02 1.321099471582517992e+02
1.693743444128779447e+04 2.374186097726810374e+02 6.104452561318636583e+01 1.707137101632280860e+02 1.321201111912351394e+02
1.693780506607248026e+04 2.372946047662048272e+02 6.206479651340470838e+01 1.697154577172005645e+02 1.320626400716564319e+02
1.693816263306488327e+04 2.372166061737108009e+02 6.306427916965856895e+01 1.687181603769874698e+02 1.319925207521039283e+02
1.693851953147494351e+04 2.371701166208489724e+02 6.406280270628703022e+01 1.677185856879602284e+02 1.319634936691602149e+02
1.693888108827178803e+04 2.371317844538558859e+02 6.505469201352374853e+01 1.667190120871526062e+02 1.319353030528289992e+02
1.693926115576920347e+04 2.370728104637620106e+02 6.609688810141237525e+01 1.657197250650069122e+02 1.319076853171046082e+02
1.693963883700936276e+04 2.370157986091641646e+02 6.711820749998190649e+01 1.647200341070000604e+02 1.319311052205474084e+02
1.694001984067080048e+04 2.369890385563419102e+02 6.811538366223985008e+01 1.637206603983359514e+02 1.319659005841991188e+02
1.694041800674168553e+04 2.369961121730389095e+02 6.914436953819887322e+01 1.627220473543243884e+02 1.320072614637975050e+02
1.694080980314529734e+04 2.370775614321183014e+02 7.015434372477835723e+01 1.617277366563243675e+02 1.321131930043903253e+02
1.694121179400160327e+04 2.372470271969079079e+02 7.118092867559003878e+01 1.607354570284008730e+02 1.322371731577337641e+02
1.694163711643520946e+04 2.374387165067828960e+02 7.226109744551270353e+01 1.597462799102618476e+02 1.323781028925710359e+02
1.694205605488031142e+04 2.375618129918240697e+02 7.333795414816273706e+01 1.587685881718751091e+02 1.325880864980047988e+02
1.694246808192412573e+04 2.376018677968893655e+02 7.440384813343550263e+01 1.577851381157482251e+02 1.327631871788499041e+02
1.694287559411915936e+04 2.375623316409308927e+02 7.542867419816759877e+01 1.567891876734026368e+02 1.328527682629675439e+02
1.694327310227239650e+04 2.373567233661595708e+02 7.637790787068838938e+01 1.557914809413310309e+02 1.329035711111123419e+02
1.694368058830950395e+04 2.369192109702550226e+02 7.726047577344907324e+01 1.548012161401284459e+02 1.328147920052654456e+02
1.694408778605942280e+04 2.362879296198627799e+02 7.797896402729314502e+01 1.538542718981954636e+02 1.325017409384821576e+02
1.694448677649702222e+04 2.354793210906307195e+02 7.846338846709738846e+01 1.529906881850653804e+02 1.320126833943043607e+02
1.694491317113936748e+04 2.344134951392824178e+02 7.872583910197481316e+01 1.523255957379745951e+02 1.312859143982648504e+02
1.694532117072968322e+04 2.333021497385765031e+02 7.881553964695561376e+01 1.519341111105774189e+02 1.303700656174925143e+02
1.694569237033698300e+04 2.322811769920402298e+02 7.880264617486780310e+01 1.517114627008753871e+02 1.293971607834230895e+02
1.694606518676693304e+04 2.312636803985167262e+02 7.867854361937797592e+01 1.516271733049497357e+02 1.284030005342176253e+02
1.694643559390964219e+04 2.302561843496491747e+02 7.847226253079230673e+01 1.516599986402139280e+02 1.274037612816463962e+02
1.694679915593973783e+04 2.292699959946146748e+02 7.826630633491772926e+01 1.517260176323187579e+02 1.264059442123698318e+02
1.694716443660388541e+04 2.282886598849223390e+02 7.809819175608352282e+01 1.518049952408059937e+02 1.254091980019476722e+02
1.694753247578791343e+04 2.273038169138870330e+02 7.796688683124733643e+01 1.518999894126744437e+02 1.244138055212439014e+02
1.694790536934253760e+04 2.262980339285805087e+02 7.787143637054050771e+01 1.519556179958178461e+02 1.234157994983444411e+02
1.694826750703954895e+04 2.253149693570179295e+02 7.781992488578836742e+01 1.519574776079949743e+02 1.224158819583282565e+02
1.694863347481117671e+04 2.243183344767335541e+02 7.779657380730469640e+01 1.519418165552032178e+02 1.214160084900740344e+02
1.694900350530069045e+04 2.233040302836197384e+02 7.777704783468699645e+01 1.519120778194964885e+02 1.204168411025358125e+02
1.694935712734073968e+04 2.223310463385146818e+02 7.776319217052662225e+01 1.518370403783124232e+02 1.194196695081993624e+02
1.694971077054481066e+04 2.213533785633725302e+02 7.773716289206248575e+01 1.517789586155423933e+02 1.184219915844826261e+02
1.695005871028111142e+04 2.203898737429734069e+02 7.768543876555595773e+01 1.517766550899609683e+02 1.174219981089062657e+02
1.695039661909394999e+04 2.194529363606739594e+02 7.761086157124523766e+01 1.517728414583585561e+02 1.164220428809637440e+02
1.695072877959648758e+04 2.185363874717950523e+02 7.750691992226357740e+01 1.517674449717530649e+02 1.154222094353931851e+02
1.695106824710929141e+04 2.176048932914661975e+02 7.737999230049025812e+01 1.517978959522598643e+02 1.144227757380902517e+02
1.695142197668657900e+04 2.166335271881099800e+02 7.723617366838801956e+01 1.518410030675272253e+02 1.134237975173409012e+02
1.695176920799969594e+04 2.156792883046901181e+02 7.709790491899155995e+01 1.518696159951099105e+02 1.124242482414356203e+02
1.695212507100796938e+04 2.147078191587015397e+02 7.695784545573869195e+01 1.519264289262941645e+02 1.114261037337700344e+02
1.695249785629462349e+04 2.137018760865297224e+02 7.684942731027015839e+01 1.520081462987635632e+02 1.104295231273170828e+02
1.695287964793173887e+04 2.126809326051291293e+02 7.678967990777390185e+01 1.520428848206429961e+02 1.094310563647981240e+02
1.695326539020709242e+04 2.116551235808687181e+02 7.676174184698278680e+01 1.520143423838785566e+02 1.084314668449233494e+02
1.695364387371703560e+04 2.106561144711961617e+02 7.675587264151864986e+01 1.519775712730847488e+02 1.074323040748746365e+02
1.695401905592806725e+04 2.096754305941069845e+02 7.673533124991492116e+01 1.518908609751208019e+02 1.064366747145883778e+02
1.695439782005170127e+04 2.086925444210592389e+02 7.666819571846927772e+01 1.517752780122901584e+02 1.054439670967606730e+02
1.695478716557431835e+04 2.076851988551604222e+02 7.657617590391109275e+01 1.517322997184331541e+02 1.044454117839030545e+02
1.695520748828059004e+04 2.066004553237090136e+02 7.649700300928014940e+01 1.517115307809862372e+02 1.034463590488869613e+02
1.695562808362758733e+04 2.055147271419159836e+02 7.643815528092966360e+01 1.516472177153204086e+02 1.024486222485374185e+02
1.695603539238371741e+04 2.044494557423773244e+02 7.636283870944720320e+01 1.516352142625326280e+02 1.014492842768483598e+02
1.695644993131781303e+04 2.033723601654842241e+02 7.623563790990647249e+01 1.516716217026797722e+02 1.004499521493588077e+02
1.695686162598920055e+04 2.023210712185564262e+02 7.606250176536225638e+01 1.517351867628531750e+02 9.945307512241943471e+01
1.695727489858059926e+04 2.012711559235911523e+02 7.587406907176635684e+01 1.518751502709988017e+02 9.846298411826249719e+01
1.695769568862633969e+04 2.001925958833718369e+02 7.570273962219923192e+01 1.519978750612582132e+02 9.747177659365578961e+01
1.695809518437718725e+04 1.991572342366361568e+02 7.555197100348894423e+01 1.520450839932528595e+02 9.647290631664139937e+01
1.695848413054700359e+04 1.981477567790818739e+02 7.539047469903334786e+01 1.521060167515638000e+02 9.547525977362340655e+01
1.695888047631041627e+04 1.971317428335722184e+02 7.522451445256271541e+01 1.521951405494018275e+02 9.447955792101565464e+01
1.695926738994257539e+04 1.961617370716157893e+02 7.509024094860613729e+01 1.522361531919114555e+02 9.348054262254196090e+01
1.695966856678637123e+04 1.951841212374907570e+02 7.499444072787200355e+01 1.522541212047673866e+02 9.248070606614975020e+01
1.696008931542573191e+04 1.942060306983051703e+02 7.498052911352662875e+01 1.522503862627042679e+02 9.148134453608869876e+01
1.696050952040701668e+04 1.933232414702694655e+02 7.510408179253020933e+01 1.521784717286163584e+02 9.048423112772753996e+01
1.696095554704889946e+04 1.924683208502956973e+02 7.544699285943384837e+01 1.520105876187493550e+02 8.950251227028735457e+01
1.696142842478133025e+04 1.915651383847412035e+02 7.604139047750892644e+01 1.516168648199111431e+02 8.859683324121402848e+01
1.696186287669857484e+04 1.907145930817297028e+02 7.673638651840678904e+01 1.509901281884127400e+02 8.782006348503136905e+01
1.696225607632289757e+04 1.899068521851412470e+02 7.743326623256226071e+01 1.502811057310967158e+02 8.711569345923358298e+01
1.696261764422726628e+04 1.890943925182259306e+02 7.803463218240003130e+01 1.495248093278697468e+02 8.646222030326489971e+01
1.696294594456566847e+04 1.882953539199379236e+02 7.848895303169260274e+01 1.487573087858069414e+02 8.582213489811205420e+01
1.696326351135459117e+04 1.874702769309641326e+02 7.884086303113451777e+01 1.480701286979613940e+02 8.510126121893307527e+01
1.696356257753918544e+04 1.866485693053000716e+02 7.906604319727834707e+01 1.474978387415389705e+02 8.428210756863869335e+01
1.696385097467848755e+04 1.858392255673380191e+02 7.917385912063292608e+01 1.470025123795077775e+02 8.341499630271869137e+01
1.696414627076021497e+04 1.850134409468875845e+02 7.917814247398825955e+01 1.466325706872723913e+02 8.249035185247640811e+01
1.696444240419761263e+04 1.842002742310160670e+02 7.907506300592065429e+01 1.464193891416753388e+02 8.151506422671566554e+01
1.696475218056659651e+04 1.833646609946986814e+02 7.888494138382768028e+01 1.462959884317667161e+02 8.052288483643333450e+01
1.696507194935188090e+04 1.825149939885861841e+02 7.862565545836881142e+01 1.462509888846340118e+02 7.952644552350638207e+01
1.696540541824945103e+04 1.816620879809380824e+02 7.826148194672562397e+01 1.463571166857176706e+02 7.853491856871508503e+01
1.696574273434063070e+04 1.808315142458372691e+02 7.781413980316503398e+01 1.465696818145938494e+02 7.755783881461036344e+01
1.696606927613257358e+04 1.800455118199238029e+02 7.734826419079175253e+01 1.468260125031691246e+02 7.659206149268140962e+01
1.696639973821445528e+04 1.792819370879864778e+02 7.686068950299319624e+01 1.471749877159394657e+02 7.565683872230907525e+01
1.696672812531780801e+04 1.785627023208660376e+02 7.635798623148912156e+01 1.475895418669826142e+02 7.474687307930099678e+01
1.696706905032800205e+04 1.778742120587694444e+02 7.578675174383597835e+01 1.480079721305047258e+02 7.383892239995444129e+01
1.696743218862258072e+04 1.772032425984457120e+02 7.513244194890974370e+01 1.485101416259734890e+02 7.297842730646799225e+01
1.696781198012447931e+04 1.765304322842165732e+02 7.443356763445561342e+01 1.491228900881359039e+02 7.218855775623615045e+01
1.696819941556291451e+04 1.759038844492213514e+02 7.368484754937860259e+01 1.497672730692359266e+02 7.142391995355860956e+01
1.696858797075851908e+04 1.754268795553048790e+02 7.285743245317571848e+01 1.504626081601353462e+02 7.070919480237689925e+01
1.696898931615004403e+04 1.751502726012338655e+02 7.193705444789644332e+01 1.512686356999652730e+02 7.012508806008102624e+01
1.696939228425865076e+04 1.750928024138733861e+02 7.095842243333672172e+01 1.521693577224150431e+02 6.969779976952801803e+01
1.696977662154284189e+04 1.751792566126416375e+02 6.998451595431259875e+01 1.531317355470244195e+02 6.945450912033406610e+01
1.697014642678315067e+04 1.753279420258160997e+02 6.902143278763446688e+01 1.541290029288438745e+02 6.940175964000725628e+01
1.697050972211015323e+04 1.755058196412728648e+02 6.806827107062964899e+01 1.551285369791232540e+02 6.939049406060721026e+01
1.697085667980169455e+04 1.756983754532994340e+02 6.717154904800422344e+01 1.561277279851817639e+02 6.937320618347003176e+01
1.697121879537302084e+04 1.759215485500213845e+02 6.623544414323129104e+01 1.571222557383573530e+02 6.945412735816564975e+01
1.697158115396462381e+04 1.761767155389026982e+02 6.529989206601190688e+01 1.581103395169597832e+02 6.960764915707969180e+01
1.697194181167864372e+04 1.764365054183503503e+02 6.439216063053039818e+01 1.591020250448967204e+02 6.973542284191505303e+01
1.697231212015675555e+04 1.766668558874318080e+02 6.346737433869289902e+01 1.600932705205638626e+02 6.986497507168218135e+01
1.697268733953079209e+04 1.768560278324274009e+02 6.250477817486243026e+01 1.610851037912973140e+02 6.997821070159734802e+01
1.697306772217921389e+04 1.769872871711971811e+02 6.150568391745454022e+01 1.620842860878780129e+02 6.998739623035163504e+01
1.697344257851389557e+04 1.770774338172340947e+02 6.053040871248376220e+01 1.630837772505719272e+02 6.995754325168978482e+01
1.697381313995379242e+04 1.771897072599195155e+02 5.959251579871175863e+01 1.640829396169277175e+02 6.992322720909341172e+01
1.697420537981905363e+04 1.773485052714510175e+02 5.866165801404468283e+01 1.650816531818115891e+02 6.987538095717479791e+01
1.697461584347361713e+04 1.774813195125225604e+02 5.777765124116690032e+01 1.660802250311417367e+02 6.989007769382196500e+01
1.697505786186220575e+04 1.775313637730608605e+02 5.688538012138490529e+01 1.670776691855353420e+02 6.991157920144347315e+01
1.697554865508071452e+04 1.774650183230277776e+02 5.598647409817670706e+01 1.680667460395099226e+02 6.978637195211166500e+01
1.697611553991489200e+04 1.772549814990289860e+02 5.521800311709299081e+01 1.690244627327309104e+02 6.950857964330174354e+01
1.697683097312359314e+04 1.771403469738331182e+02 5.469971674301496023e+01 1.699040301522711616e+02 6.905054656874352759e+01
1.697954112035377329e+04 1.774718300519853358e+02 5.450124731340757478e+01 1.706610549197199020e+02 6.900437295264356408e+01
1.698856778205927549e+04 1.776509451792061611e+02 5.494360638770917404e+01 1.703239734480070808e+02 6.901899717517933652e+01
1.699313892970335655e+04 1.776171898132951981e+02 5.539968570102620760e+01 1.693772895193198167e+02 6.870204305123516519e+01
