# ts_seconds,x,y,gt_x,gt_y
5.560014272139705099e+03 1.484239705085726087e+02 7.307381773493477795e+01 1.484239705085726087e+02 7.307381773493477795e+01
5.564852544743554063e+03 1.496764398808788883e+02 7.364655039980888773e+01 1.480720805302239853e+02 7.400981469442004368e+01
5.565526271021369212e+03 1.504907949719776070e+02 7.385090630647094656e+01 1.478407128254146983e+02 7.498252991145410817e+01
5.566376661616478486e+03 1.512172176020332302e+02 7.361591985696935581e+01 1.477548386264752196e+02 7.597620193001323230e+01
5.567697771564673531e+03 1.518150322139287027e+02 7.348540342888146881e+01 1.481418177763443964e+02 7.684474766933412582e+01
5.569259645944734075e+03 1.518858080533543955e+02 7.447946545381152816e+01 1.473729847449016575e+02 7.740605582910615112e+01
5.569904268597078044e+03 1.517020036022222484e+02 7.527186008047374344e+01 1.463999054792616334e+02 7.744817866541558260e+01
5.570474311381716689e+03 1.515310728304586405e+02 7.614051812643401718e+01 1.454211117275041261e+02 7.728615413272071066e+01
5.570990407108872205e+03 1.514382306539178273e+02 7.709360775823510892e+01 1.444211125149761017e+02 7.728639466294954730e+01
5.571512736891449094e+03 1.515062494913010767e+02 7.812017616090459171e+01 1.434215596907629902e+02 7.730363862026624133e+01
5.572009157565281384e+03 1.516383906119216363e+02 7.910587194426040014e+01 1.424455618539866180e+02 7.746341567361277214e+01
5.572477987272711289e+03 1.517492246520572792e+02 8.004354419147058763e+01 1.414909572361870005e+02 7.774762073719011823e+01
5.572952457095530917e+03 1.519020244864997267e+02 8.100883730358357582e+01 1.405102787024925703e+02 7.794100968409412644e+01
5.573449477238796135e+03 1.521574315956129055e+02 8.203704052460247453e+01 1.395483784116684376e+02 7.820960986006484461e+01
5.573919673784230326e+03 1.524031185633702137e+02 8.300789396051007429e+01 1.385922322412816925e+02 7.849547341358450581e+01
5.574363305657038836e+03 1.526099357144969986e+02 8.392607932236369095e+01 1.376278640709424224e+02 7.875105392025861306e+01
5.574801882442917304e+03 1.528229479067983334e+02 8.484017915890471784e+01 1.366887668526832158e+02 7.909469478565625877e+01
5.575243983647202185e+03 1.530180017152509038e+02 8.574383799455745248e+01 1.357343580000458019e+02 7.938196610805402997e+01
5.575676507312383364e+03 1.531411008255907689e+02 8.665175100803723751e+01 1.347714722263344242e+02 7.963529062119168600e+01
5.576121052274043905e+03 1.531562864136341204e+02 8.761858076511282434e+01 1.338361697605843403e+02 7.998831481972941049e+01
5.576575285559390068e+03 1.531470575979534487e+02 8.863645475526421080e+01 1.328744819928832612e+02 8.024924947788092311e+01
5.577002488391217412e+03 1.532263764034880467e+02 8.960001744450514138e+01 1.319035654983864845e+02 8.047083011527990948e+01
5.577422598146830751e+03 1.534872090186793514e+02 9.048734026369696437e+01 1.309517407326333682e+02 8.077414924523061757e+01
5.577859211408824194e+03 1.539557514977609287e+02 9.131468911472688887e+01 1.299906213147921505e+02 8.104789514276204443e+01
5.578307024643823752e+03 1.544897740646271131e+02 9.213534060135698667e+01 1.291102701039086185e+02 8.148721855084156118e+01
5.578733204754432336e+03 1.549214287646400692e+02 9.293215766091044827e+01 1.283350260448123379e+02 8.211864718321656653e+01
5.579164143226173110e+03 1.553305784130813834e+02 9.366927833506409229e+01 1.275667328336596711e+02 8.275737129623392718e+01
5.579602110634943529e+03 1.558271167557174692e+02 9.427924337206121663e+01 1.268872504415618607e+02 8.348516601178440055e+01
5.580020455736594158e+03 1.562281287224664084e+02 9.466826239212413441e+01 1.262357294722532259e+02 8.423600056281895831e+01
5.580565409458985414e+03 1.561905432616889300e+02 9.485857233693154456e+01 1.254167691682492745e+02 8.478779544538031132e+01
5.581378830848393591e+03 1.554732548825164145e+02 9.484447959610515966e+01 1.249493118086251400e+02 8.453782547036233552e+01
5.582115539180488668e+03 1.545687756787797298e+02 9.473505141457798118e+01 1.251246973193281065e+02 8.355935599536482528e+01
5.582645900413811432e+03 1.538234704494780374e+02 9.458073114945261750e+01 1.253703573142388450e+02 8.259129063577323393e+01
5.583162262405389811e+03 1.529451970061911936e+02 9.441645697603645715e+01 1.255384660231856344e+02 8.160590881752479220e+01
5.583633159870806594e+03 1.519746220177895566e+02 9.426667989749530818e+01 1.257146772872527407e+02 8.062240382585211762e+01
5.584055564929831235e+03 1.509882003274106808e+02 9.404813023839371056e+01 1.259356827656481101e+02 7.964713291086823688e+01
5.584491507534439734e+03 1.499934007156950599e+02 9.391680514931540813e+01 1.261207868325659547e+02 7.866528123815753304e+01
5.584906691911275630e+03 1.490800620375818824e+02 9.397469974360764411e+01 1.261418368478741314e+02 7.767372346454756382e+01
5.585321784841745284e+03 1.482165823984066435e+02 9.422373406683227870e+01 1.259582222445887112e+02 7.669352610343514698e+01
5.585757087247810887e+03 1.473769318309100811e+02 9.463625215851423889e+01 1.256204098838430241e+02 7.575630677556770820e+01
5.586166548625141331e+03 1.466308055577720779e+02 9.504741889532321863e+01 1.251198881083018080e+02 7.489560113562339438e+01
5.586545344994512561e+03 1.459644076983874186e+02 9.541947653205389202e+01 1.245711653542210655e+02 7.406077525196549516e+01
5.586936749565478749e+03 1.452839737959900503e+02 9.585833818330310407e+01 1.240453692095847060e+02 7.321038433365239939e+01
5.587334180912585907e+03 1.445481427932377301e+02 9.633059644814638034e+01 1.234383032273422742e+02 7.242016194232358828e+01
5.587733325547293134e+03 1.437330214756526345e+02 9.678851468063375307e+01 1.227806728822733646e+02 7.166722353642592225e+01
5.588145229799174558e+03 1.429872244784207851e+02 9.736610365199393868e+01 1.221240220247972843e+02 7.091344110634840092e+01
5.588555059673263713e+03 1.424495851416265282e+02 9.807688964772529516e+01 1.213854291529381157e+02 7.024610957266399680e+01
5.588967339183980584e+03 1.420084495449957558e+02 9.880886593571014487e+01 1.205761330945237120e+02 6.965878021945819398e+01
5.589385261009334499e+03 1.416103718238637157e+02 9.957873865742399744e+01 1.197231755491930727e+02 6.914227437386071529e+01
5.589794509890833979e+03 1.412700008861560548e+02 1.004050266244493343e+02 1.187880043594109054e+02 6.881209690234652498e+01
5.590208128063302865e+03 1.409924676215307215e+02 1.013020388122233584e+02 1.178063805901921342e+02 6.862225213850376804e+01
5.590624071684523187e+03 1.408527145132001692e+02 1.022114391431160954e+02 1.168162427905262319e+02 6.848680902953132943e+01
5.591030387675616112e+03 1.408111073296814766e+02 1.030939438801260621e+02 1.158200208006591083e+02 6.847314601297561865e+01
5.591453932954434094e+03 1.407698080440092951e+02 1.040560207907534078e+02 1.148215426703099382e+02 6.852440408891774837e+01
5.591880804964303934e+03 1.407661713920947193e+02 1.050676900867769206e+02 1.138225135654634670e+02 6.851265543969033445e+01
5.592280785418730375e+03 1.407729978791956853e+02 1.060108801212588503e+02 1.128232627541534043e+02 6.848053315716204281e+01
5.592692906322785348e+03 1.407357948247381216e+02 1.069236156480942981e+02 1.118232918931145718e+02 6.847442922929802478e+01
5.593145703677433630e+03 1.407342999533480565e+02 1.078508256570680715e+02 1.108332298263457716e+02 6.857354846883065136e+01
5.593593323932459498e+03 1.407389506762895053e+02 1.087353923491129990e+02 1.098746447700794562e+02 6.884751695028175789e+01
5.594030561195751034e+03 1.405916135472231758e+02 1.096677802307091412e+02 1.089091060836698830e+02 6.908319598139247830e+01
5.594457135029823803e+03 1.402957365232101097e+02 1.106351874140739824e+02 1.079134320402689582e+02 6.913513995450736616e+01
5.594844690543568504e+03 1.399443538092672270e+02 1.115153811025676447e+02 1.069141717276380916e+02 6.909920437903657842e+01
5.595222284993965332e+03 1.395605995412300899e+02 1.124039146484123535e+02 1.059248718340850246e+02 6.897327066828016484e+01
5.595608590687244032e+03 1.392153237680194593e+02 1.133600723664817878e+02 1.049418940352115186e+02 6.878991755958855947e+01
5.595986763384927144e+03 1.389914239706520220e+02 1.143315252074918504e+02 1.039490250405449530e+02 6.869939269196866860e+01
5.596370609016662456e+03 1.388528659131685856e+02 1.153307835899110501e+02 1.029497912634562056e+02 6.866397502336555192e+01
5.596758834990219839e+03 1.387295752557331241e+02 1.162978148523879867e+02 1.019522520541154051e+02 6.859575016636154032e+01
5.597144312066449857e+03 1.385942662948660029e+02 1.172269912039310213e+02 1.009538860573202896e+02 6.855752032492185322e+01
5.597547276331113608e+03 1.384362117668496239e+02 1.182360747263811476e+02 9.995388829489453997e+01 6.855698278926811895e+01
5.597947417237463924e+03 1.383036551088826229e+02 1.192588582101566459e+02 9.895464865001348187e+01 6.852741754405403185e+01
5.598335786024695153e+03 1.381628465743555694e+02 1.202246116133001692e+02 9.795562287434476900e+01 6.852069860863257134e+01
5.598738613193926540e+03 1.379714742655173154e+02 1.212019399396075414e+02 9.695589580173884769e+01 6.853489987509951220e+01
5.599150625286010836e+03 1.378749439208856415e+02 1.222213198752300372e+02 9.595591390658746889e+01 6.852932887319330746e+01
5.599562529069236007e+03 1.379346610406530829e+02 1.232498950180617783e+02 9.496420933016959509e+01 6.862002118512788229e+01
5.599992778473816543e+03 1.379717978196845536e+02 1.243161120056384874e+02 9.397578001710090234e+01 6.876997253926900555e+01
5.600427336991258926e+03 1.378544036019017653e+02 1.253609794050952360e+02 9.297966197465015625e+01 6.883649564866911419e+01
5.600846430212552150e+03 1.375973728209295359e+02 1.263418203337873109e+02 9.198023120511591344e+01 6.881887722788835049e+01
5.601265646338164515e+03 1.372386337002045025e+02 1.273399772137715047e+02 9.099054242855868324e+01 6.869558109085558328e+01
5.601691034582810971e+03 1.368883866528792055e+02 1.283843068694137628e+02 9.000925348614362065e+01 6.850306156831419457e+01
5.602105437626921230e+03 1.366244156331386534e+02 1.294123067734837775e+02 8.901885135974883667e+01 6.838304335517995014e+01
5.602518447255818501e+03 1.364338161534526535e+02 1.304255727444142394e+02 8.802092045278919841e+01 6.831895317923749644e+01
5.602930539039716678e+03 1.362817569519633025e+02 1.314311666083693524e+02 8.702211891004861855e+01 6.830011640293548680e+01
5.603314413182887620e+03 1.361242959244834481e+02 1.323935256897971442e+02 8.602898456490619594e+01 6.839621000905216874e+01
5.603685685616491355e+03 1.360103391241563600e+02 1.333603421268198019e+02 8.503599237500378649e+01 6.850733418499008565e+01
5.604063588259044991e+03 1.359690106739230941e+02 1.343439972748609819e+02 8.403828908790329422e+01 6.857469209114744046e+01
5.604437780850120362e+03 1.359474131855722021e+02 1.353331773599169878e+02 8.304563249709912043e+01 6.868668951385778598e+01
5.604818799393701738e+03 1.359067034734051447e+02 1.363677131102662656e+02 8.205236412443188954e+01 6.879583082314307774e+01
5.605197538630456620e+03 1.358605054107217711e+02 1.372936370665354389e+02 8.105531767373015839e+01 6.887261222982748166e+01
5.605564457717593541e+03 1.358489559516946770e+02 1.379960490227373100e+02 8.006797282240060554e+01 6.901910472196708213e+01
5.605940600644377810e+03 1.359198298605472814e+02 1.387065056961631626e+02 7.907977048602592163e+01 6.916441450023938842e+01
5.606335722305490890e+03 1.358438305078722124e+02 1.395795363403441058e+02 7.808221204663459503e+01 6.919731533951581071e+01
5.606750682542881805e+03 1.355096644184720276e+02 1.405831450776786937e+02 7.708324864482325722e+01 6.915557549313997754e+01
5.607180046828542800e+03 1.351874564338825451e+02 1.416150408347857592e+02 7.609659186583623125e+01 6.901158390761351313e+01
5.607619330501854165e+03 1.348317473674092639e+02 1.424858007467317691e+02 7.512740142244871322e+01 6.876722968421434246e+01
5.608056925528798274e+03 1.343403524185202116e+02 1.431992074833479478e+02 7.414814608492251580e+01 6.857740112716903980e+01
5.608510829894608833e+03 1.338595720607853252e+02 1.438802102976356991e+02 7.315604098476431716e+01 6.845205786256876479e+01
5.608975868501683181e+03 1.335181134177683191e+02 1.446033035771023663e+02 7.216098360964247149e+01 6.835512693307725840e+01
5.609416131554013191e+03 1.333206136741307546e+02 1.453344810553619197e+02 7.116410257388218952e+01 6.836852764866620191e+01
5.609850732806088672e+03 1.330810484656917083e+02 1.461358002197325732e+02 7.016543370440705019e+01 6.839618673787103376e+01
5.610309104795376697e+03 1.329321879758323632e+02 1.470354424645687459e+02 6.916630722070810577e+01 6.842405559214839172e+01
5.610787346667524616e+03 1.329193939955289352e+02 1.478112948329006144e+02 6.817045125277718398e+01 6.851077296169864894e+01
5.611271518373308027e+03 1.329120539062880937e+02 1.486815990871065480e+02 6.717312638527026536e+01 6.857156028095030820e+01
5.611752842883758603e+03 1.328186920595711058e+02 1.496417554685618256e+02 6.617996372864513432e+01 6.867164900772252167e+01
5.612226262264787692e+03 1.326526279841569647e+02 1.504084300273021881e+02 6.518450848018481736e+01 6.873911303518481475e+01
5.612664577740484674e+03 1.324977136828105415e+02 1.510961663552006087e+02 6.418876901991822592e+01 6.867274157345272556e+01
5.613060332711311275e+03 1.323267270610460571e+02 1.518375448155597383e+02 6.319378328302592962e+01 6.857397053715210689e+01
5.613453062917185889e+03 1.321902164896732188e+02 1.526318872319710920e+02 6.220184874424040089e+01 6.845084563650067366e+01
5.613854241228998035e+03 1.321385531222409497e+02 1.534284086575958099e+02 6.121042777002984536e+01 6.832090260712125485e+01
5.614267183937383379e+03 1.320988941857602299e+02 1.542538403266703710e+02 6.021355934701139034e+01 6.829589580119420589e+01
5.614704008737658114e+03 1.320908360830200934e+02 1.551490022660415491e+02 5.921499301100767809e+01 6.834770324734317626e+01
5.615143766482341562e+03 1.322367699201289781e+02 1.559894344318719845e+02 5.821673787437053704e+01 6.840668179789909686e+01
5.615573404107862189e+03 1.324759382634823055e+02 1.567194770797719059e+02 5.722107919151910949e+01 6.849602494034955669e+01
5.616022536599845807e+03 1.325763411181210358e+02 1.575380630163595868e+02 5.622524632476150686e+01 6.858575961289704992e+01
5.616482847734167990e+03 1.325397171063874850e+02 1.584678144453414745e+02 5.523200873499674657e+01 6.869828706744317515e+01
5.616927331103609504e+03 1.324423827215843232e+02 1.594174960079306800e+02 5.424973051339011221e+01 6.888166048160063326e+01
5.617380992900325509e+03 1.323053662865653450e+02 1.604175346586900446e+02 5.326527341084813116e+01 6.905414486089205184e+01
5.617832692373292957e+03 1.321348503980463533e+02 1.614134723478913997e+02 5.227477639636079232e+01 6.919147294860253794e+01
5.618276777649961332e+03 1.318261565371108759e+02 1.623866025861723017e+02 5.128124543055852058e+01 6.930404046401770302e+01
5.618723623132552348e+03 1.314871461078863035e+02 1.633556229427655069e+02 5.028712857584423546e+01 6.927191980760947843e+01
5.619150607567058614e+03 1.312352392906857688e+02 1.642609924772500847e+02 4.929833841614514967e+01 6.912503143222026836e+01
5.619545181874373156e+03 1.309165326776738425e+02 1.650541711455397831e+02 4.830943342646862959e+01 6.897727475883647230e+01
5.619941404246658749e+03 1.305223503943306014e+02 1.658366290964852112e+02 4.734262973791687301e+01 6.873557183225346989e+01
5.620331004971539187e+03 1.302068839491227266e+02 1.666634749000182012e+02 4.640775118229856133e+01 6.838283400929516631e+01
5.620709141855023518e+03 1.299713218226211211e+02 1.675104048702229704e+02 4.546505257039709846e+01 6.805161487618853755e+01
5.621110287232258088e+03 1.298167974371447713e+02 1.684024312042212443e+02 4.450162252577113264e+01 6.778517456023062948e+01
5.621508754159511227e+03 1.298108015777835647e+02 1.693072909450090719e+02 4.351590457509329468e+01 6.763263303374148450e+01
5.621897614513997723e+03 1.298644835057081934e+02 1.702480961015398861e+02 4.251962973752254271e+01 6.764698614035035007e+01
5.622293115612314068e+03 1.299006237870212317e+02 1.712493125483031235e+02 4.153152966458202400e+01 6.779224993421040324e+01
5.622680997318842856e+03 1.299367770054650464e+02 1.722421946444336243e+02 4.055538954857262013e+01 6.800792809939032679e+01
5.623077735981145452e+03 1.299687325556309929e+02 1.732310884849979118e+02 3.958828711240259679e+01 6.826185428461026561e+01
5.623487644086394539e+03 1.299416407765672261e+02 1.742088554480363882e+02 3.861863256739815142e+01 6.850580382459280315e+01
5.623899798299919894e+03 1.298346847141658316e+02 1.751636570671792867e+02 3.763186554792524419e+01 6.865569808071073510e+01
5.624321717718427863e+03 1.296244600967947918e+02 1.761338975032327596e+02 3.663385758827676852e+01 6.870090944870548810e+01
5.624735880126004304e+03 1.293449902117229442e+02 1.770724933345375973e+02 3.563679204522996002e+01 6.864409461223080200e+01
5.625131053070683265e+03 1.291046409053696493e+02 1.779420816849385290e+02 3.465010787967608508e+01 6.848790998025836529e+01
5.625537060379810100e+03 1.288968290234310530e+02 1.788176505720186640e+02 3.366105613864276336e+01 6.834414627328766301e+01
5.625955028036805743e+03 1.286667625036761535e+02 1.796854657935805619e+02 3.266734058701064924e+01 6.823236522380858560e+01
5.626391530134865206e+03 1.284365956423272905e+02 1.805254148260395652e+02 3.167843795226085746e+01 6.808646294867779147e+01
5.626876591378888406e+03 1.281635471390406451e+02 1.813629519079402712e+02 3.068730497811272429e+01 6.795616489801292914e+01
5.627419323242068458e+03 1.278889616538118759e+02 1.821811594602929745e+02 2.969892411425056267e+01 6.780668881752568211e+01
5.628035871308552487e+03 1.278500249759982381e+02 1.830045347957022557e+02 2.870715257332096115e+01 6.768285384139340977e+01
5.628700942739057609e+03 1.280571582297329201e+02 1.837390850179084794e+02 2.774325100464651328e+01 6.786979662970583149e+01
5.629814245952527926e+03 1.283292238325607855e+02 1.843556518930570292e+02 2.687405258268440633e+01 6.834924063252179849e+01
5.634629350038441771e+03 1.291074214121505577e+02 1.831444186470368720e+02 2.704543225108521654e+01 6.901884781524788082e+01
5.635396188107595663e+03 1.295875788290119033e+02 1.820329112346238389e+02 2.801112140877348722e+01 6.926063694487378086e+01
5.635997253763322078e+03 1.298156022896307604e+02 1.809184679914201013e+02 2.900892154443606685e+01 6.931791045724293099e+01
5.636496784995079906e+03 1.299154260444984175e+02 1.798831043240488441e+02 3.000885118750436931e+01 6.931194696721627224e+01
5.636957354619817124e+03 1.299466679107941900e+02 1.788866508418092280e+02 3.100783295595004674e+01 6.927404212369708603e+01
5.637419346644452162e+03 1.299675631271896066e+02 1.778634401795827102e+02 3.200490390746198699e+01 6.919771423968042257e+01
5.637878867378734867e+03 1.299251423643541727e+02 1.768486380646897658e+02 3.299869307352101799e+01 6.909918423809858723e+01
5.638320179246636144e+03 1.298862950844990394e+02 1.759057614023161875e+02 3.397723488646499135e+01 6.889556097610118002e+01
5.638771951336106213e+03 1.299394384889149592e+02 1.749519959019288535e+02 3.494934634832858933e+01 6.866458631505287258e+01
5.639244066347241642e+03 1.300449755696053842e+02 1.739590425928738568e+02 3.593765041128934001e+01 6.851396103876220423e+01
5.639696239506842176e+03 1.302534696007747925e+02 1.730396546172047749e+02 3.693296135715940665e+01 6.842440804380561303e+01
5.640122291170994686e+03 1.305449865277440153e+02 1.721710674452147600e+02 3.793117483337340445e+01 6.843134548885491597e+01
5.640541972358174462e+03 1.307723507325327148e+02 1.712884717212310761e+02 3.892637581668246582e+01 6.852849486419259506e+01
5.640948969265061351e+03 1.309244117482823242e+02 1.704171416994629453e+02 3.992343686299226846e+01 6.860506615732447244e+01
5.641363240884901643e+03 1.310638631370537439e+02 1.695110584903256381e+02 4.092007712009255016e+01 6.868586777440606284e+01
5.641795110508087419e+03 1.312422397441032444e+02 1.685745366659096760e+02 4.191609545245402302e+01 6.876985738277379312e+01
5.642216116657112252e+03 1.315567853733084291e+02 1.677034471663027659e+02 4.291285126930918636e+01 6.883485607121029659e+01
5.642633925956234634e+03 1.320024858840625654e+02 1.668633305888849350e+02 4.389121967654781997e+01 6.902557858983533379e+01
5.643057258847226876e+03 1.325050928408618631e+02 1.660321012571055235e+02 4.483773919203125757e+01 6.934792093533710045e+01
5.643465049168531550e+03 1.330993680840603588e+02 1.653150558388369120e+02 4.576731623356230472e+01 6.971440087526453055e+01
5.643878181038705407e+03 1.338283531579505166e+02 1.646939831399481591e+02 4.664838427132701781e+01 7.018116169266572513e+01
5.644313937531768715e+03 1.346705085454418054e+02 1.641777926050642407e+02 4.745022919792648963e+01 7.077662679889824915e+01
5.644739687521137967e+03 1.355882728039938740e+02 1.639164742313941474e+02 4.815152186876557039e+01 7.148080820032829763e+01
5.645154207110438620e+03 1.365583305618700933e+02 1.638702592401220954e+02 4.865110020812937819e+01 7.233814819581397160e+01
5.645556024866495136e+03 1.375356278123102243e+02 1.639386855956302895e+02 4.896166375138583504e+01 7.328789008561408025e+01
5.645935808935420027e+03 1.384602749009826255e+02 1.640949037202199463e+02 4.917127824064278485e+01 7.426326796390732454e+01
5.646325029570420156e+03 1.393920782715826192e+02 1.642309355238001274e+02 4.923389414587546042e+01 7.525889482096216909e+01
5.646726815446751061e+03 1.403661103743528145e+02 1.642660681185770954e+02 4.921898154328396657e+01 7.625826078963945065e+01
5.647110583147364196e+03 1.413158074246676676e+02 1.643020668059886873e+02 4.926110146493891762e+01 7.725726153399743623e+01
5.647493609044617187e+03 1.422595371923905248e+02 1.644229298679873352e+02 4.930349501765811482e+01 7.825590982395559081e+01
5.647879567665860122e+03 1.431888124919572647e+02 1.646464880163889859e+02 4.930162095836978864e+01 7.925590615029652497e+01
5.648266148660987710e+03 1.440928319029668216e+02 1.650042812472744345e+02 4.926296299001349155e+01 8.025397987421879975e+01
5.648667582558216964e+03 1.449865154353156811e+02 1.654902082648343367e+02 4.908896119483664222e+01 8.123408434874221484e+01
5.649049488586444568e+03 1.457581781172755200e+02 1.660271609930016155e+02 4.876397096298077827e+01 8.217936724201953780e+01
5.649419962149054300e+03 1.463777884134311478e+02 1.666474167389245338e+02 4.836758853955283399e+01 8.309600105002162707e+01
5.649818042031915866e+03 1.468636862769289451e+02 1.674438189425683277e+02 4.783386468088115606e+01 8.393305607002773172e+01
5.650207620340936955e+03 1.472269373531140957e+02 1.682996827034219223e+02 4.712485946627351296e+01 8.463401130044979936e+01
5.650584990171163554e+03 1.475617571558746874e+02 1.691672767249858964e+02 4.632835202188893930e+01 8.523755130700928362e+01
5.650980270898767230e+03 1.478419666382781088e+02 1.701175386072544029e+02 4.548362854555031021e+01 8.577046480340243306e+01
5.651376423466964297e+03 1.480025283000128411e+02 1.711024955052896246e+02 4.458762607518696086e+01 8.621144017111456037e+01
5.651775363216852384e+03 1.481007688882721993e+02 1.721077288581350615e+02 4.365146706615939109e+01 8.656065536041677433e+01
5.652191543455553983e+03 1.481492332997957533e+02 1.731285090721262350e+02 4.268635498120252691e+01 8.681574568504341016e+01
5.652617366484807462e+03 1.480868466502077183e+02 1.741193051158759317e+02 4.170076014344995485e+01 8.698432480341051587e+01
5.653053994104558114e+03 1.478763152675589367e+02 1.750915609590883832e+02 4.070860811134875235e+01 8.710057559821483153e+01
5.653501819220278776e+03 1.476052954663493608e+02 1.760772420251627466e+02 3.971248332099708733e+01 8.708963372090474309e+01
5.653940211343344345e+03 1.473812805486093680e+02 1.770516037734090560e+02 3.871942039696342164e+01 8.697252018619678893e+01
5.654370977590560869e+03 1.471684929760301941e+02 1.779796421264994422e+02 3.772380319202546417e+01 8.688012362172365499e+01
5.654815904904522540e+03 1.469231060801054980e+02 1.788845048628043912e+02 3.672940457099752365e+01 8.678009479595232278e+01
5.655259061580673915e+03 1.466811545096239797e+02 1.797715178052421550e+02 3.573689903382913258e+01 8.666290824077380250e+01
5.655701411362888393e+03 1.464315693523406026e+02 1.806656624507498350e+02 3.473890984191335463e+01 8.660110205204469480e+01
5.656181344487530623e+03 1.462173319165805481e+02 1.816110953100169070e+02 3.374309225272693880e+01 8.652185362936295121e+01
5.656682089247637123e+03 1.461108093565449053e+02 1.825345412667067251e+02 3.274916705872541911e+01 8.645004351911640583e+01
5.657171601001050476e+03 1.460842305415828264e+02 1.833906622955567229e+02 3.175258660154117507e+01 8.651993573750094413e+01
5.657687490378746588e+03 1.460762908701810829e+02 1.842411238708444046e+02 3.075815357516462711e+01 8.662148077531506374e+01
5.658296844098636029e+03 1.459097412310476898e+02 1.850797338766877544e+02 2.975962005268078414e+01 8.667131066624472169e+01
5.659100966824094940e+03 1.456259530952642081e+02 1.857460824814306193e+02 2.880859371457733076e+01 8.649507450542849085e+01
5.661654566473557679e+03 1.457579587055252262e+02 1.852503698067508537e+02 2.858409899356554007e+01 8.585037074654266576e+01
5.662671868301255017e+03 1.460498886210222622e+02 1.841419549793610884e+02 2.952171684137465490e+01 8.598593933070891637e+01
5.663243299536496124e+03 1.464364880111840250e+02 1.831280508171468568e+02 3.051708357692326956e+01 8.607278058154408029e+01
5.663740617961219868e+03 1.468529809599017142e+02 1.821393233147762771e+02 3.150503433958054345e+01 8.622584044005988346e+01
5.664214546428226640e+03 1.471976883609111724e+02 1.811144654303846835e+02 3.248717602395261395e+01 8.641379875238689579e+01
5.664660816280364088e+03 1.474808576178822648e+02 1.801622328177999464e+02 3.347416040781263291e+01 8.657437795082046250e+01
5.665099835367197556e+03 1.476733244416817570e+02 1.791979139760311170e+02 3.445653302480521063e+01 8.676112487527436201e+01
5.665560276527202404e+03 1.477476866254702657e+02 1.781447822840555659e+02 3.545416349017271074e+01 8.681881778060130728e+01
5.666020509853545263e+03 1.477579371067099885e+02 1.771300445556871921e+02 3.645245234205547291e+01 8.676714839821809733e+01
5.666468320184668300e+03 1.478918706544218935e+02 1.761421940695402952e+02 3.745078780217555448e+01 8.670947590036909958e+01
5.666893901005378211e+03 1.481587780248165132e+02 1.752039788959374107e+02 3.844736703596267091e+01 8.662711278678374072e+01
5.667309335282469874e+03 1.483859089079165585e+02 1.743084392266148654e+02 3.944260274483636408e+01 8.671365275468514255e+01
5.667729144969236586e+03 1.484482380297195618e+02 1.733816954814019198e+02 4.043507206070761839e+01 8.683598477915023750e+01
5.668178864895256083e+03 1.483591619604077891e+02 1.723830245376778691e+02 4.143428257227638767e+01 8.681903102594743871e+01
5.668644416536802964e+03 1.481694337587372559e+02 1.713657102215593397e+02 4.242841433510613314e+01 8.671275206225153909e+01
5.669094724778164164e+03 1.479877424185451957e+02 1.703471382168696664e+02 4.341831932952426598e+01 8.657122559792377103e+01
5.669510398547221484e+03 1.481412113484543625e+02 1.694373466807974467e+02 4.440179255197429598e+01 8.639041379606086934e+01
5.669935943756990127e+03 1.484123054117371225e+02 1.685549231379755497e+02 4.540081594877869975e+01 8.637016654020641226e+01
5.670357335436409812e+03 1.485209806741764567e+02 1.676249058659798834e+02 4.639888157191212770e+01 8.643013129494053715e+01
5.670782754386166744e+03 1.486809646498498694e+02 1.666947316967328447e+02 4.739794859081996492e+01 8.639328030380744394e+01
5.671235830776711737e+03 1.490099189299510840e+02 1.657573397708228242e+02 4.839670692620654080e+01 8.643909147704472673e+01
5.671689464972218957e+03 1.493340919908905562e+02 1.648167657298349127e+02 4.938504046890835042e+01 8.658985672560086755e+01
5.672139147766072711e+03 1.498000430336551290e+02 1.639678620646752449e+02 5.037604167690661683e+01 8.672362982540458631e+01
5.672608161710595596e+03 1.503153029793395774e+02 1.631283170943876542e+02 5.135237621415149789e+01 8.693918009321399154e+01
5.673079464042893051e+03 1.506655078794706526e+02 1.621705220515177928e+02 5.233279507472640546e+01 8.713604639364285731e+01
5.673520240423208634e+03 1.510442108867081572e+02 1.612885189092773146e+02 5.332894593252682114e+01 8.722089767214777112e+01
5.673946793038894612e+03 1.512020599098419780e+02 1.605801575604318145e+02 5.432239329064329070e+01 8.733500030364925237e+01
5.674378091171462074e+03 1.510494211492281238e+02 1.599296067088367579e+02 5.532179769972134409e+01 8.736529278322070979e+01
5.674776760058882246e+03 1.510119331831868976e+02 1.590574959911025417e+02 5.631947504810247551e+01 8.729937949769825423e+01
5.675188274506459493e+03 1.509390102555903468e+02 1.581034824160537084e+02 5.731811488331660343e+01 8.724733453336149580e+01
5.675613977456792782e+03 1.509161017066036834e+02 1.571781013209385662e+02 5.830431147974559991e+01 8.708303666261805631e+01
5.676008344540177859e+03 1.512331558548862347e+02 1.564268030033676666e+02 5.927726118156680002e+01 8.685227583233009341e+01
5.676418643244415762e+03 1.514672068932983109e+02 1.559735534630012523e+02 6.027409318670028426e+01 8.677681961702718638e+01
5.676839694144429814e+03 1.514356608106758699e+02 1.562223016394214881e+02 6.127402994548778992e+01 8.677205696104944366e+01
5.677245747160411156e+03 1.515116533609881913e+02 1.568548236619996032e+02 6.227384568344301385e+01 8.679095756899992864e+01
5.677663329831809278e+03 1.517798706957230195e+02 1.566690157011176154e+02 6.326307049241714964e+01 8.693626247686117381e+01
5.678089161673799936e+03 1.520132824278527437e+02 1.557523371018978366e+02 6.425666672328335949e+01 8.704914375656468906e+01
5.678490697442863166e+03 1.520855046226437821e+02 1.547772961947339923e+02 6.525592191808817688e+01 8.701441628298508135e+01
5.678907768751245385e+03 1.522571613357037847e+02 1.537607666707137355e+02 6.625588841253559735e+01 8.702095212971488536e+01
5.679325162645277487e+03 1.524719342144528298e+02 1.527319859477011335e+02 6.725522802560099933e+01 8.705714500787637178e+01
5.679731180125929313e+03 1.526145102814062398e+02 1.516784107382768241e+02 6.825513839037455455e+01 8.707028947546440634e+01
5.680151586525340463e+03 1.526643078235364612e+02 1.505662135407371238e+02 6.925482086166886120e+01 8.709545313913764630e+01
5.680589488199547304e+03 1.526756657532181123e+02 1.495114428212224027e+02 7.025294470861068419e+01 8.703490357316752579e+01
5.681009613223436645e+03 1.528230713430055516e+02 1.486451125330013951e+02 7.124164220136208314e+01 8.688520963007135833e+01
5.681423505907473555e+03 1.531374634522670419e+02 1.477664711392393144e+02 7.223744197690638202e+01 8.679382163739934697e+01
5.681829224205406717e+03 1.534840930097806790e+02 1.468748424905444381e+02 7.323736717667149776e+01 8.678331313191746688e+01
5.682208221531590425e+03 1.538106841148332364e+02 1.460330874490168753e+02 7.423735330682168865e+01 8.677805882739710341e+01
5.682592711077777494e+03 1.540470489877624516e+02 1.451532525102722957e+02 7.523642773812130713e+01 8.682094540903412394e+01
5.682961123810638128e+03 1.542618934425669863e+02 1.443174609594388187e+02 7.623632496088478661e+01 8.680714342258129079e+01
5.683291125911751806e+03 1.545064902230519976e+02 1.435239514574040243e+02 7.723570478825179464e+01 8.677195211400122332e+01
5.683621461551637367e+03 1.547385347420100459e+02 1.427139422990912863e+02 7.823335242933941913e+01 8.684036060357331621e+01
5.683948877019037354e+03 1.549733870677786740e+02 1.418939908087426147e+02 7.922977372802861851e+01 8.692488470217267604e+01
5.684292659649706366e+03 1.551904958198897191e+02 1.410217764241950817e+02 8.022964985449991104e+01 8.694061450037490602e+01
5.684650675721540210e+03 1.553998943609159369e+02 1.401283566102962652e+02 8.122951060212598406e+01 8.695729299914755472e+01
5.685025962315726247e+03 1.556465783915050736e+02 1.391882630971127242e+02 8.222837425875324868e+01 8.700495205743793292e+01
5.685423013605603046e+03 1.559963107880875270e+02 1.381886098251031569e+02 8.322696259442257372e+01 8.705805834177097324e+01
5.685793913448624153e+03 1.563746023265257747e+02 1.372264660870977480e+02 8.422119870036915756e+01 8.716526336423788734e+01
5.686165226646915471e+03 1.565526524409029321e+02 1.362171008627190645e+02 8.521190549150286131e+01 8.730112036609602910e+01
5.686548646648900103e+03 1.566533016238033156e+02 1.351791774624110190e+02 8.621161992696951870e+01 8.732493806923392299e+01
5.686913911274057682e+03 1.569245343538797499e+02 1.342344739331163908e+02 8.721159116813450396e+01 8.732169079447157856e+01
5.687288549526995666e+03 1.573237329491448406e+02 1.333083750351175638e+02 8.820820785975462286e+01 8.740385384877697561e+01
5.687671885522755474e+03 1.576567438817204163e+02 1.323260661769749333e+02 8.920662021017611210e+01 8.745960747446305561e+01
5.688036458426850004e+03 1.578504323616206477e+02 1.313924786816548078e+02 9.020621904388291057e+01 8.743155521722439971e+01
5.688411924982646269e+03 1.579655164515678507e+02 1.304715434500038498e+02 9.120612823191652296e+01 8.744475331082141167e+01
5.688769804021386335e+03 1.581315608183728614e+02 1.295928542517354174e+02 9.220533052564648813e+01 8.748460332464048861e+01
5.689121359016082351e+03 1.584055918258619897e+02 1.287197206046335225e+02 9.320516305611111818e+01 8.750073759523210981e+01
5.689477482906410842e+03 1.586719908143218447e+02 1.278548876443846467e+02 9.420056192482506674e+01 8.759655384724061378e+01
5.689821106428672465e+03 1.588853571460269904e+02 1.270236909522650564e+02 9.519649550011121164e+01 8.768525563174954129e+01
5.690177990131401202e+03 1.591025922127638239e+02 1.261066263275582884e+02 9.619589257666730475e+01 8.765055357287067750e+01
5.690514878371709528e+03 1.592794030552871618e+02 1.252374005629289968e+02 9.719495395220017997e+01 8.760723679787989226e+01
5.690847512295263186e+03 1.593598464708728102e+02 1.243803191264442773e+02 9.819388755380794009e+01 8.756322565009334369e+01
5.691203024462633039e+03 1.593614895384410772e+02 1.234375272386900519e+02 9.918298447340681889e+01 8.741618073684580281e+01
5.691546397666749726e+03 1.592841849589654544e+02 1.225339863675006029e+02 1.001621740598943546e+02 8.721323966683128504e+01
5.691900552339951901e+03 1.592115161076727929e+02 1.215771193071175986e+02 1.011436072405946902e+02 8.702143952588490095e+01
5.692253279866669800e+03 1.592804147098408123e+02 1.206109638083830617e+02 1.021234325564372369e+02 8.682167349895917141e+01
5.692602895076993264e+03 1.594994681313136766e+02 1.196967843318553264e+02 1.031111099572459011e+02 8.666660313835372165e+01
5.692971529283468954e+03 1.597767969485595927e+02 1.187744121159754371e+02 1.041109707757021283e+02 8.665245702830300445e+01
5.693323520903922144e+03 1.600320075137837819e+02 1.178704465623101072e+02 1.051101246906687550e+02 8.669238468759196792e+01
5.693671626966945041e+03 1.603141795437678070e+02 1.169521745320385975e+02 1.061098996414412028e+02 8.667121213050560868e+01
5.694022259769565608e+03 1.606231526047419607e+02 1.160457028804000998e+02 1.071097976414613981e+02 8.665964657501230306e+01
5.694368152394148638e+03 1.608490177807009047e+02 1.151402336711588532e+02 1.081090555908303799e+02 8.669786838522706773e+01
5.694718513581813568e+03 1.610427648711929294e+02 1.142095831620005697e+02 1.091090113279572762e+02 8.670720130566211026e+01
5.695050088467563910e+03 1.612679295602586649e+02 1.133720912324000381e+02 1.101090048914659008e+02 8.670979646257792695e+01
5.695393805183269251e+03 1.614902369028747273e+02 1.125086705827561104e+02 1.111088064782382645e+02 8.672501757920009879e+01
5.695734538031360898e+03 1.616802999265336780e+02 1.116387446146822242e+02 1.121068147170356468e+02 8.666242598074798309e+01
5.696077080568857127e+03 1.618414890630852767e+02 1.107826098709108038e+02 1.131012233606015087e+02 8.655815982746629800e+01
5.696448705200421500e+03 1.620352565381808461e+02 1.098714802432026829e+02 1.141011667610027871e+02 8.654789442824836954e+01
5.696810010277122274e+03 1.622126149401996713e+02 1.089965286417528603e+02 1.151010791357472840e+02 8.655055455089203065e+01
5.697182135255970024e+03 1.622868910245423706e+02 1.080925581349748654e+02 1.160988581920333189e+02 8.648396480922474439e+01
5.697568045667252591e+03 1.623162937691846537e+02 1.071881258299925150e+02 1.170971508530272729e+02 8.642564882475173249e+01
5.697947307630220166e+03 1.623144387327446623e+02 1.063028990455882763e+02 1.180936904415476505e+02 8.634548241050704576e+01
5.698329842259573525e+03 1.622634830505147079e+02 1.054238963184159701e+02 1.190744689355264256e+02 8.615052090603754209e+01
5.698717072146474493e+03 1.622198318494604621e+02 1.045675424874646779e+02 1.200465307330060227e+02 8.591579812995639998e+01
5.699119465784185195e+03 1.621497711312194099e+02 1.036566389935823196e+02 1.210161326028708970e+02 8.567198410679050369e+01
5.699533792365708905e+03 1.620269690982813131e+02 1.027465975955399955e+02 1.219546022339017810e+02 8.532709582584837449e+01
5.699944154729627371e+03 1.618072129403568624e+02 1.019256726551607954e+02 1.228575310414040871e+02 8.489768866623572308e+01
5.700380289422882925e+03 1.614334140391304686e+02 1.010942096011760896e+02 1.237168966539945814e+02 8.438688049535113578e+01
5.700830348131787105e+03 1.609758552432998613e+02 1.002151726567478249e+02 1.245122926499189049e+02 8.378086164952830472e+01
5.701260332893174564e+03 1.605754827780716880e+02 9.933248226017406068e+01 1.252812082489000574e+02 8.314151250938540727e+01
5.701690915800827497e+03 1.601989824598519192e+02 9.843588159058627696e+01 1.260508673026225352e+02 8.250333556206881269e+01
5.702115080518082323e+03 1.597981215815339340e+02 9.755004138934343416e+01 1.267621568931410678e+02 8.180050186992282590e+01
5.702529220075392004e+03 1.594049300329841969e+02 9.672770819134102283e+01 1.274420954347181123e+02 8.106724205869872435e+01
5.702940437406847195e+03 1.589971571659200436e+02 9.596792142455038288e+01 1.281067684355543861e+02 8.032031933695638770e+01
5.703342689340477591e+03 1.585623539327509661e+02 9.525853594299152860e+01 1.287088323476814367e+02 7.952190697183537793e+01
5.703727759025650812e+03 1.580598523685311818e+02 9.464810463453702027e+01 1.292856519606289964e+02 7.870506106217858644e+01
5.704131326988334877e+03 1.573528575675536842e+02 9.426863247850268124e+01 1.298798558716176785e+02 7.790117511341654222e+01
5.704553229213397572e+03 1.565792801757110908e+02 9.396209457894738648e+01 1.303759295917188297e+02 7.703313058100589217e+01
5.704970177356212844e+03 1.559282838823624218e+02 9.352052589970361396e+01 1.307990145159343172e+02 7.612704219083384771e+01
5.705429969870660898e+03 1.553060351334012239e+02 9.303073070999269589e+01 1.312223669544905249e+02 7.522147312024245025e+01
5.705993210660059049e+03 1.547913575832559161e+02 9.242535545120396989e+01 1.315563263999459878e+02 7.428018700590286016e+01
5.706844388220561996e+03 1.547233913464417299e+02 9.166724983804404303e+01 1.321223172481583106e+02 7.349892695520247798e+01
5.708593043446302545e+03 1.549442141718049868e+02 9.095545368520066631e+01 1.330353185491923398e+02 7.317356820828149466e+01
5.778129579888208355e+03 1.565438301189431058e+02 9.106437346642640307e+01 1.332633997921210209e+02 7.265205606879591471e+01
5.781165523133321585e+03 1.565477884434928058e+02 9.101237640034933918e+01 1.335795300862902195e+02 7.360077133233960467e+01
5.782125493929101140e+03 1.563575225567092275e+02 9.095118638970218683e+01 1.336492233539675851e+02 7.450524625939530665e+01
5.783052592827515582e+03 1.557280856661517134e+02 9.131700820497981397e+01 1.333073874029179819e+02 7.533198699226753092e+01
5.783996723541064057e+03 1.554996629026768744e+02 9.159771093613328219e+01 1.339120675271403229e+02 7.602464576906682225e+01
5.784841601491473739e+03 1.553527576518289663e+02 9.176468774813122309e+01 1.348309113920709592e+02 7.641910934546308454e+01
5.785666704711835337e+03 1.554351000733676642e+02 9.172238281309807917e+01 1.357384345501588996e+02 7.683876898971757896e+01
5.786468974909125791e+03 1.558300366379386901e+02 9.180965240741038258e+01 1.366297201360200688e+02 7.729175897561438546e+01
5.787249343389616115e+03 1.563481758034672282e+02 9.143350584071941967e+01 1.375014968586574469e+02 7.778121624620700914e+01
5.788010973133855259e+03 1.568839229558561499e+02 9.013643283102368287e+01 1.383525249376145894e+02 7.830596993307018749e+01
5.788757736113726423e+03 1.571650156205406859e+02 8.871159070329993312e+01 1.391833381984106666e+02 7.886225162718835691e+01
5.789464164566225918e+03 1.574215686845080597e+02 8.735716183547762625e+01 1.400259147408496005e+02 7.939871228127920233e+01
5.790038011655307855e+03 1.577525924902563474e+02 8.623443731921516076e+01 1.409410375736783578e+02 7.978091104888967777e+01
5.790470720937326405e+03 1.580184052114518920e+02 8.538003091898588082e+01 1.419041933694377349e+02 8.004923484333276917e+01
5.790848130519499136e+03 1.583316995978172770e+02 8.463411501041790075e+01 1.428350725456096200e+02 8.040572968446980440e+01
5.791194210630117595e+03 1.587044632835963114e+02 8.400355279956654897e+01 1.437353118835240195e+02 8.084112222118530156e+01
5.791542266885500794e+03 1.591151534794938414e+02 8.346482426085168527e+01 1.446473557066957198e+02 8.125017248643125356e+01
5.791942425885912598e+03 1.595972345162753072e+02 8.293481897742420017e+01 1.455473104889075273e+02 8.168182163790073957e+01
5.792404183727042437e+03 1.601277743939793083e+02 8.238988691328653147e+01 1.463820805160758880e+02 8.222803443938194334e+01
5.792947790925332811e+03 1.606281257276390591e+02 8.186781559280464649e+01 1.472095006170244460e+02 8.278629152640694144e+01
5.794187304211038281e+03 1.609999451419024581e+02 8.150702393549467217e+01 1.480701979146964504e+02 8.329538998651850079e+01
5.796778729600869156e+03 1.617225950205633751e+02 8.098404580306203115e+01 1.489100221778824107e+02 8.383708462125005667e+01
5.798916210937386495e+03 1.628710744827743895e+02 8.022040619796786132e+01 1.497406151861214312e+02 8.439359710941926096e+01
5.799595615079521849e+03 1.639074522888584511e+02 7.970272443207066715e+01 1.505179491068423943e+02 8.501341399552123335e+01
5.800030883963352608e+03 1.648473981092316194e+02 7.939569027999529283e+01 1.512219065574828107e+02 8.572363936500472903e+01
5.800445604593013741e+03 1.657819953687368297e+02 7.928270972700821062e+01 1.518319329857025650e+02 8.650725517910242957e+01
5.800855815651338162e+03 1.667299076614509374e+02 7.943610443909209096e+01 1.522279114731644540e+02 8.741605934890692708e+01
5.801226869637523123e+03 1.676229205583925648e+02 7.967103213333584222e+01 1.524681848945309355e+02 8.838616485373748333e+01
5.801598172356933901e+03 1.685531319309150717e+02 7.986834021536535033e+01 1.526443481013902499e+02 8.937002333502580598e+01
5.801971572841148372e+03 1.694588045705268655e+02 8.010981021185698125e+01 1.527348384920094873e+02 9.036439182099968548e+01
5.802333551001859632e+03 1.702912348614700022e+02 8.040864644630856617e+01 1.527642111620941989e+02 9.136394427323334355e+01
5.802708579371900669e+03 1.711398035429137110e+02 8.080608231066966596e+01 1.527648402568567860e+02 9.236367432357455698e+01
5.803077431429791432e+03 1.719590391963968159e+02 8.127243375532637515e+01 1.526541449282241274e+02 9.335351923269480778e+01
5.803440991251566629e+03 1.727793825451594500e+02 8.165021591523002087e+01 1.524563082348149692e+02 9.433375161008716248e+01
5.803808904686822643e+03 1.736438208966935974e+02 8.194623719791137262e+01 1.523200449675003085e+02 9.532259798038759868e+01
5.804168854906369234e+03 1.744963208001828718e+02 8.223922438208211361e+01 1.522183214496797632e+02 9.631708578617016769e+01
5.804542669348567870e+03 1.753866129240110467e+02 8.252103292638534526e+01 1.521020428774072855e+02 9.731024299190629279e+01
5.804913717404438103e+03 1.762954265141229939e+02 8.276656447478264056e+01 1.520594990235989599e+02 9.830734632076466539e+01
5.805279300779221558e+03 1.772133061677456851e+02 8.304191459945475629e+01 1.520580498076130311e+02 9.930710480915354310e+01
5.805651866507012528e+03 1.781641932938725859e+02 8.337997117108706391e+01 1.520009820358956460e+02 1.003049057477533239e+02
5.805994435269934911e+03 1.790657187129297938e+02 8.365119205382566747e+01 1.519574091954558526e+02 1.013028481319144447e+02
5.806333654116286198e+03 1.799847483326645659e+02 8.375707912416216061e+01 1.519649722991304372e+02 1.023028105726424428e+02
5.806683547685372105e+03 1.809154983282831495e+02 8.374499344083963592e+01 1.519635961591276612e+02 1.033027237132057365e+02
5.807030315766271997e+03 1.818290272295939189e+02 8.372848316194026097e+01 1.520164286665373652e+02 1.042990696627061737e+02
5.807398900068710645e+03 1.827936195500313090e+02 8.377707045980716316e+01 1.521477910907106548e+02 1.052903338877933521e+02
5.807783494073572911e+03 1.837603063375862291e+02 8.383425406582819051e+01 1.522497563147870494e+02 1.062842776019540452e+02
5.808166911224174328e+03 1.846934230668043995e+02 8.384708572664739279e+01 1.523320577780951055e+02 1.072806687926149749e+02
5.808558634105893361e+03 1.856416046644965547e+02 8.386726660230527841e+01 1.524551286475744973e+02 1.082728605150562942e+02
5.808943351204033206e+03 1.865540674536148060e+02 8.389986847552800953e+01 1.525807546137401403e+02 1.092647860478949013e+02
5.809331248643206891e+03 1.874187328099203569e+02 8.389561588078781540e+01 1.526791837844972974e+02 1.102598792323231578e+02
5.809748696271794870e+03 1.882838943785513948e+02 8.393707739846844618e+01 1.528187521843023262e+02 1.112487684790162490e+02
5.810193982111379228e+03 1.890730552874595958e+02 8.411377696273765991e+01 1.529431761792564259e+02 1.122388436980970425e+02
5.810685728397875209e+03 1.898442208498572938e+02 8.436424404511772934e+01 1.529651165225463672e+02 1.132378873998962376e+02
5.811220106656000098e+03 1.906948111327863842e+02 8.471770149089938684e+01 1.529858449419294004e+02 1.142370330374101712e+02
5.811775572320640094e+03 1.916591041151920365e+02 8.504520263189313312e+01 1.529725303822859246e+02 1.152345940577165493e+02
5.812284653479539884e+03 1.926685834527106067e+02 8.515756167079929639e+01 1.529910175441871729e+02 1.162296040796789782e+02
5.812751717222403386e+03 1.937119404957853419e+02 8.523417503977421461e+01 1.530885006851685262e+02 1.172246892832764047e+02
5.813200402340086839e+03 1.947416317122655300e+02 8.535360544348895928e+01 1.531196371102794842e+02 1.182230279526699661e+02
5.813604520365222925e+03 1.956402025314223465e+02 8.548633441723966087e+01 1.531564442578228977e+02 1.192209813210750582e+02
5.814015752355688164e+03 1.965372175181972239e+02 8.566142998525816665e+01 1.531927407740538172e+02 1.202190296464876553e+02
5.814432255401849034e+03 1.974550470615612312e+02 8.577575420182485288e+01 1.531525092956957224e+02 1.212178760143549852e+02
5.814827806924110519e+03 1.983207291900840232e+02 8.584709088926759080e+01 1.531805663238669695e+02 1.222132344680309330e+02
5.815251182533733299e+03 1.991946706747952476e+02 8.605619034155752445e+01 1.532684804445555926e+02 1.232089194565309356e+02
5.815702658040991082e+03 2.000883694698637498e+02 8.633364915445761767e+01 1.532491436225376162e+02 1.242057986837494639e+02
5.816153326864717201e+03 2.009750689123783900e+02 8.657558059372601633e+01 1.531837284292900279e+02 1.252032628084748325e+02
5.816637741020373142e+03 2.019229306901105474e+02 8.693781383236338911e+01 1.530798727414794200e+02 1.261957649108949369e+02
5.817144949228632868e+03 2.029460820871015017e+02 8.732968678931622719e+01 1.528799283455294642e+02 1.271750037963755915e+02
5.817613727374279733e+03 2.039177179314164903e+02 8.753797509665213283e+01 1.527605593171279281e+02 1.281617020821459505e+02
5.818047146143976533e+03 2.047775232338693741e+02 8.754678672956049468e+01 1.527602742135101437e+02 1.291616293589547126e+02
5.818515011466799479e+03 2.055927314103225854e+02 8.716263237368610817e+01 1.529556218073733191e+02 1.301253137358789900e+02
5.819013582512277026e+03 2.062283636314745081e+02 8.636003403157431535e+01 1.535135995560265201e+02 1.309251788019294622e+02
5.819490495976237071e+03 2.065985459341864043e+02 8.538578220702393651e+01 1.542984204198700127e+02 1.315398786669812239e+02
5.819925678946168773e+03 2.068676640925407355e+02 8.441213661176200844e+01 1.552130220232438660e+02 1.318768727413259114e+02
5.820318972373375800e+03 2.070897885536067236e+02 8.350860723465197566e+01 1.562050588492989505e+02 1.320022973504153470e+02
5.820691848854772616e+03 2.072151036034480853e+02 8.263880759439695112e+01 1.571936376190342344e+02 1.321496846895891508e+02
5.821077622891236388e+03 2.072718491737556974e+02 8.171326172723082948e+01 1.581856235012972434e+02 1.322098239701095395e+02
5.821473823253887531e+03 2.073908729417522352e+02 8.075130266166772230e+01 1.591829422227850159e+02 1.321403884071378911e+02
5.821858254769940686e+03 2.075270152343419738e+02 7.979357693843883226e+01 1.601807227916807506e+02 1.320811943730888061e+02
5.822250181359386261e+03 2.075957250331470334e+02 7.876343539161706531e+01 1.611800337578173412e+02 1.320445627386900753e+02
5.822646724091022406e+03 2.076338862979369253e+02 7.770927029410226794e+01 1.621785333475679636e+02 1.319908814404999760e+02
5.823030491902243739e+03 2.076017231261567417e+02 7.670354799489271613e+01 1.631773514849181481e+02 1.319456160169386294e+02
5.823415147518427148e+03 2.075512505649444108e+02 7.568362012768459124e+01 1.641721442030339801e+02 1.318596196602113366e+02
5.823803933770270305e+03 2.076550220345475282e+02 7.467515241933946868e+01 1.651620997673204556e+02 1.317182842406509451e+02
5.824191586885731340e+03 2.079153882498004577e+02 7.370701248119183902e+01 1.661557651955020560e+02 1.316876515678625310e+02
5.824585192746410030e+03 2.082214766249023512e+02 7.273259676866054235e+01 1.671503666349129276e+02 1.317878363086433922e+02
5.824977155490008045e+03 2.085430468986604637e+02 7.179167074311514796e+01 1.681402205825432645e+02 1.319291360612618007e+02
5.825356886229654265e+03 2.087926984170182152e+02 7.089104498702890567e+01 1.691228297152276241e+02 1.321128028354840183e+02
5.825752887058158194e+03 2.088891747192153332e+02 6.991002552550146731e+01 1.701061614581730339e+02 1.322923849046359521e+02
5.826155460822629720e+03 2.089333770861410358e+02 6.889683290323380049e+01 1.711003681099668086e+02 1.323496267858527347e+02
5.826547754265161529e+03 2.089767193548632633e+02 6.792365236391364647e+01 1.720988269137172040e+02 1.322983828753921216e+02
5.826951450239052065e+03 2.090677085814670875e+02 6.693435543026733114e+01 1.730930589730827478e+02 1.321954267847228834e+02
5.827361571279931013e+03 2.092815657172037049e+02 6.595453869645791656e+01 1.740861246042014159e+02 1.320786857174209388e+02
5.827758160898700226e+03 2.095448575419283372e+02 6.500359112998367550e+01 1.750807027346828875e+02 1.320846150280429754e+02
5.828150924611361916e+03 2.098112621172681429e+02 6.403331613794185273e+01 1.760751082754732408e+02 1.321902366388851249e+02
5.828541031838438357e+03 2.101159322947963233e+02 6.309592119650719155e+01 1.770716607080348979e+02 1.322686955670035616e+02
5.828912022802537649e+03 2.103972245119416300e+02 6.223430493348772785e+01 1.780626041366410846e+02 1.323874498013899199e+02
5.829296447725241705e+03 2.105743825732756136e+02 6.133846381683918025e+01 1.790495026972925530e+02 1.325479451764778673e+02
5.829690827717511638e+03 2.106981362418291894e+02 6.043649000227960499e+01 1.800443924628679042e+02 1.326056058120521755e+02
5.830089448330978485e+03 2.108082397201952176e+02 5.954438177490224859e+01 1.810442057768805455e+02 1.326054002791606479e+02
5.830522685207527502e+03 2.108313863803927859e+02 5.860220078978704095e+01 1.820430483590557174e+02 1.325801949521894585e+02
5.830958951672248986e+03 2.106953773872304225e+02 5.772428164692549757e+01 1.830319645302476204e+02 1.324471493032571345e+02
5.831394873985304912e+03 2.103572032915382977e+02 5.698917286203103316e+01 1.839958572251667306e+02 1.321883162034467034e+02
5.831881004090034367e+03 2.097088405334217498e+02 5.629392930240763349e+01 1.848278879098273819e+02 1.316767028147083920e+02
5.832362975355652452e+03 2.088938581408853565e+02 5.569310706214893258e+01 1.854370815486334720e+02 1.308967147554188841e+02
5.832808964842886780e+03 2.080439319969241012e+02 5.529677859655802052e+01 1.859030341809280742e+02 1.300128316021059334e+02
5.833251944459238075e+03 2.071470754691206082e+02 5.504362807437619409e+01 1.861668154486774540e+02 1.290622794163023741e+02
5.833701343503284988e+03 2.062094549557219807e+02 5.490837779529834251e+01 1.862107885658453483e+02 1.280655628994540223e+02
5.834149934926300375e+03 2.052362056949521332e+02 5.493025948623986920e+01 1.861997733741160914e+02 1.270656539225671082e+02
5.834581100681984026e+03 2.042778144065715082e+02 5.499707628382100921e+01 1.860761728039740319e+02 1.260796895978046166e+02
5.835012486592661844e+03 2.033081710188897659e+02 5.497851849852045802e+01 1.858359493311678818e+02 1.251090510871407844e+02
5.835436887810042208e+03 2.023434519753341760e+02 5.492858206274495103e+01 1.856454767931340655e+02 1.241290580277874653e+02
5.835837157637979544e+03 2.014213902051382661e+02 5.489475018775177517e+01 1.854783284521033693e+02 1.231435127403639314e+02
5.836242047733016989e+03 2.004958699570931913e+02 5.486575096591403167e+01 1.853319868885861581e+02 1.221552267127845823e+02
5.836650547626128173e+03 1.995853303661712630e+02 5.487068074469620882e+01 1.852651087327048742e+02 1.211581498303440725e+02
5.837057277908194010e+03 1.987206863552441689e+02 5.488547959083287964e+01 1.851652018179027550e+02 1.201651265555060633e+02
5.837495194287521372e+03 1.979075983730062092e+02 5.475428226036904533e+01 1.850141247720245303e+02 1.191766242312849613e+02
5.837987490203099696e+03 1.971462294829151460e+02 5.453931314959134369e+01 1.849278264326923136e+02 1.181818712917156233e+02
5.838536216629439878e+03 1.964246896637489215e+02 5.437934143727209602e+01 1.849098573958188751e+02 1.171821662038103824e+02
5.839260284458531714e+03 1.955760405888902369e+02 5.410801824449072939e+01 1.848668051414291824e+02 1.161837876357599697e+02
5.840088476341533351e+03 1.945975041758658506e+02 5.375854871669824320e+01 1.849425586812484710e+02 1.151966287655159960e+02
5.840913804632376014e+03 1.937229412622153859e+02 5.340985516117391541e+01 1.850049717212792473e+02 1.142069825182420288e+02
5.842647996259081992e+03 1.932119266789497942e+02 5.315323364291845110e+01 1.850710499879146482e+02 1.132152045603315145e+02
5.849142580869689482e+03 1.924830306471397989e+02 5.241814618370433010e+01 1.854623368692893450e+02 1.123189280973157054e+02
5.853393351132757743e+03 1.914253322758374054e+02 5.163589783530589017e+01 1.858459265231987843e+02 1.114091678882141991e+02
5.854015133603425966e+03 1.904640065851486952e+02 5.127288708566665321e+01 1.861629055756207549e+02 1.104618587426596434e+02
5.854548059568152894e+03 1.896645042376031824e+02 5.092471573292775844e+01 1.863754738983004700e+02 1.094920478942789543e+02
5.855058885112443932e+03 1.889561497258371503e+02 5.045654435437796792e+01 1.864800462620720509e+02 1.084975823195014186e+02
5.855578880202318942e+03 1.882668244386806862e+02 4.993887719947953485e+01 1.865024681695385596e+02 1.074996894152250633e+02
5.856097213608097263e+03 1.877284891479527289e+02 4.937368593507326864e+01 1.863559155864302284e+02 1.065153887804265906e+02
5.856596556991801663e+03 1.871715050959602706e+02 4.893507922787315323e+01 1.862474988797573303e+02 1.055260767457053248e+02
5.857069328444556049e+03 1.864735690351857613e+02 4.883022439171220697e+01 1.861252849850818620e+02 1.045365046419740622e+02
5.857557690084459864e+03 1.859213989876217283e+02 4.889985565168503712e+01 1.860408185662881522e+02 1.035434184655910030e+02
5.858090233022426219e+03 1.857959592987232611e+02 4.860627473139416566e+01 1.861103928953999116e+02 1.025484134363974107e+02
5.858609499699105982e+03 1.861384406097219824e+02 4.870103424590347174e+01 1.861321641095813959e+02 1.015523351431261432e+02
5.859096030735932800e+03 1.861836465662448461e+02 4.915208468831336575e+01 1.861333610199682767e+02 1.005531144378387154e+02
5.859591673505684412e+03 1.860649263388807242e+02 4.929366767728831888e+01 1.860826807126001938e+02 9.955669475940767654e+01
5.860119342455690457e+03 1.858859441313561831e+02 4.912276109188636752e+01 1.859609513226791933e+02 9.856422160807245803e+01
5.860642576630431904e+03 1.854156383009280091e+02 4.883515713108816669e+01 1.859556683050210211e+02 9.756945595975830088e+01
5.861140136526029892e+03 1.848454738426143820e+02 4.827333731843572195e+01 1.859800946271710984e+02 9.657062726958980647e+01
5.861679278375189824e+03 1.843710983345717409e+02 4.753360406788272030e+01 1.860688161361346715e+02 9.557764489127008289e+01
5.862237079249161070e+03 1.838258989868975277e+02 4.699620138089479582e+01 1.861643753744853882e+02 9.458321315032773668e+01
5.862806575757787868e+03 1.830176210665508734e+02 4.658019200158956608e+01 1.861975725455160955e+02 9.358399858415808126e+01
5.863398313681308537e+03 1.822009346131536631e+02 4.640525170525761212e+01 1.863187267296979428e+02 9.259491029177624455e+01
5.863953866537083741e+03 1.817405724830299221e+02 4.658714703218364406e+01 1.864017625136517893e+02 9.160180600139752016e+01
5.864505207483814047e+03 1.816565719565285519e+02 4.679550342311343059e+01 1.863631871569361067e+02 9.060355005542582774e+01
5.865083222574538922e+03 1.816431807143191577e+02 4.678881524155466565e+01 1.861828267832298138e+02 8.962361161085826211e+01
5.865727248798044457e+03 1.815868978032227687e+02 4.660848953246092208e+01 1.859554395936403637e+02 8.864992472690151715e+01
5.866444383932699566e+03 1.813571112446855693e+02 4.631176197153902052e+01 1.858551738563234323e+02 8.765912278981083716e+01
5.867174932750510379e+03 1.811005993070228044e+02 4.615527727598433927e+01 1.858165770609255674e+02 8.665989102243797504e+01
5.867814622297203641e+03 1.805464068735773253e+02 4.633148444473375349e+01 1.859221544796976957e+02 8.567209078233743469e+01
5.868353727534669815e+03 1.800953007759484308e+02 4.655670596035761122e+01 1.859383288204337248e+02 8.468102103141636405e+01
5.868848411181559641e+03 1.799759695476898855e+02 4.651436919861733088e+01 1.858702923612530924e+02 8.368339908291576990e+01
5.869301575722397502e+03 1.798571645467409610e+02 4.611507637553267358e+01 1.857687234262773188e+02 8.268906439494240601e+01
5.869725132584347193e+03 1.796896228934148496e+02 4.564313399796896675e+01 1.856682843137102452e+02 8.169429092653098223e+01
5.870145451136843803e+03 1.794821106287043619e+02 4.524195809751778796e+01 1.857065037604998849e+02 8.069932328254330400e+01
5.870575854109514694e+03 1.792921927086972289e+02 4.504978270617291258e+01 1.858474551364084562e+02 7.970963470406569229e+01
5.871005116633654325e+03 1.789594016875949762e+02 4.502339140994147471e+01 1.860180959114831865e+02 7.872433599304170571e+01
5.871441419562178453e+03 1.783946049348130316e+02 4.507732665285393381e+01 1.862295679095204548e+02 7.774730449598563098e+01
5.871881673032160506e+03 1.777598859222092074e+02 4.532866041729950268e+01 1.863346801623357578e+02 7.675716764379964729e+01
5.872317607818504257e+03 1.771546650652410051e+02 4.546070376414736813e+01 1.863471229108014029e+02 7.575741822171947604e+01
5.872721955576198525e+03 1.765738171523294966e+02 4.531357784029843572e+01 1.864448032168625673e+02 7.476479957611783789e+01
5.873120281502001490e+03 1.759773564830080090e+02 4.500851689318617588e+01 1.865322361274708101e+02 7.376966130895485207e+01
5.873571150668683003e+03 1.754687394240772846e+02 4.475972895007862462e+01 1.865016643252627944e+02 7.277201439125717286e+01
5.874021889669325901e+03 1.748566152056569081e+02 4.478655456444729310e+01 1.864759603952760187e+02 7.177296186176302228e+01
5.874450993460320205e+03 1.740116214177332949e+02 4.477516390792115430e+01 1.863747529590609417e+02 7.078068368157633472e+01
5.874891956824457338e+03 1.730645650646332285e+02 4.445707433872948400e+01 1.862804484356624357e+02 6.978599305404939912e+01
5.875304959677317129e+03 1.721920052422191532e+02 4.396097834323267506e+01 1.862907703763556242e+02 6.878746725360127812e+01
5.875687322548023985e+03 1.715395322706785350e+02 4.341431474121078793e+01 1.862565962389500953e+02 6.778971595400851413e+01
5.876090018431960743e+03 1.712166021663047957e+02 4.289475787914827265e+01 1.861943753342131345e+02 6.679169200452243160e+01
5.876481137064894938e+03 1.710331306150296768e+02 4.237563624949491725e+01 1.862496311836501661e+02 6.579622771855503061e+01
5.876847532995150686e+03 1.707172937614257364e+02 4.168164959410511017e+01 1.863419155491318122e+02 6.480056416403319020e+01
5.877204384699492948e+03 1.704242698220436409e+02 4.092458040824301690e+01 1.864608915869624184e+02 6.380796531479973055e+01
5.877544142016083242e+03 1.703152700586966262e+02 4.028763620034274595e+01 1.866200217438813524e+02 6.282084369716073269e+01
5.877898350471285994e+03 1.700455279137257207e+02 3.970347918495162531e+01 1.866803157435349760e+02 6.182557236319336624e+01
5.878249844296258743e+03 1.693839670801048101e+02 3.930247509245167237e+01 1.866480299103756124e+02 6.082647842135884275e+01
5.878608273452224239e+03 1.685156845455675239e+02 3.917976441160878665e+01 1.866337924623251183e+02 5.982690498728216255e+01
5.878995052317461159e+03 1.675941758999099989e+02 3.926625734080265318e+01 1.865988674652855934e+02 5.882785959416435873e+01
5.879372392663820392e+03 1.666923503989869459e+02 3.928766788382168329e+01 1.864877402337214960e+02 5.783485727801966192e+01
5.879747197477625377e+03 1.657785688966204702e+02 3.903619281093828164e+01 1.864359146991999694e+02 5.683795275135400260e+01
5.880120193242141795e+03 1.648759434090696345e+02 3.876789709003583084e+01 1.864809336736722685e+02 5.583970779428922526e+01
5.880487909038304679e+03 1.639829917502238175e+02 3.850146990564142158e+01 1.864954759025329452e+02 5.484054814991592508e+01
5.880868465746330912e+03 1.630578650757870207e+02 3.815743154972879836e+01 1.864996299712907444e+02 5.384061215089684538e+01
5.881231263011460214e+03 1.621823009958444004e+02 3.779135999966751314e+01 1.865365106613742512e+02 5.284144259702533475e+01
5.881585433743893191e+03 1.613316970254109037e+02 3.739984295951283144e+01 1.865467288525418041e+02 5.184183078900520059e+01
5.881951794079548563e+03 1.604442698191298859e+02 3.698302275866672062e+01 1.865666771431156405e+02 5.084219894902472703e+01
5.882307820195699605e+03 1.595669263431483387e+02 3.667865938290402994e+01 1.866506456061323718e+02 4.984633971743692626e+01
5.882669529425004839e+03 1.586593253478034455e+02 3.649224127561091535e+01 1.867156377767183244e+02 4.884886431935277784e+01
5.883039124207848545e+03 1.577318291342990051e+02 3.630142682890941330e+01 1.867077858727179489e+02 4.784954380419047482e+01
5.883410684468937689e+03 1.568095834640126611e+02 3.606469977226191759e+01 1.866878104956676054e+02 4.684977609164332080e+01
5.883797099307585086e+03 1.558809949138459103e+02 3.580170113545791821e+01 1.866467729344228417e+02 4.585077693357786899e+01
5.884183384839982864e+03 1.550832441560566508e+02 3.547087107677710804e+01 1.865665680364126331e+02 4.485416624659671925e+01
5.884627519321359614e+03 1.545477785957734227e+02 3.510404685623445431e+01 1.865553240384164440e+02 4.385569410810986568e+01
5.886620892741366333e+03 1.540851768080965769e+02 3.499398649958567376e+01 1.865744002170255555e+02 4.285588327915615992e+01
5.890048794074022226e+03 1.530483194915189529e+02 3.502648172085214640e+01 1.865087304811750357e+02 4.185954829676507671e+01
5.891802149307992295e+03 1.520506796651030186e+02 3.514372117700369103e+01 1.864446499915862319e+02 4.086192247154495760e+01
5.893157405426240985e+03 1.515504294095519811e+02 3.531643769189272319e+01 1.864528597188507320e+02 3.986261911307140338e+01
5.901343729884764798e+03 1.504986792598369902e+02 3.531645320402574839e+01 1.865103587906608027e+02 3.886441298984939152e+01
5.905331064303294625e+03 1.491340589464610673e+02 3.523675975103014935e+01 1.865694188589180840e+02 3.786617715976939991e+01
5.906175325310330663e+03 1.479107904536037097e+02 3.516787260402978887e+01 1.865109958936510850e+02 3.687052329318877497e+01
5.906970969181950750e+03 1.469462049022544647e+02 3.511747864545758802e+01 1.864595850502914516e+02 3.587242905158517914e+01
5.908236806162882203e+03 1.462746979179464404e+02 3.496984105495452155e+01 1.865572610380333742e+02 3.488050006953068305e+01
5.909964497612263585e+03 1.453976218522153374e+02 3.432658960770505274e+01 1.867923034676782947e+02 3.391009213114993059e+01
5.911152158826736922e+03 1.442251388171590349e+02 3.358836519892435035e+01 1.870881482987408901e+02 3.295501773819043478e+01
5.911823588508031207e+03 1.430708688179935564e+02 3.302165025272160648e+01 1.873904232525374596e+02 3.200180082654156877e+01
5.912333543463423666e+03 1.420236748628668408e+02 3.271343863487020087e+01 1.877302309745884941e+02 3.106166517901057844e+01
5.912783059144248000e+03 1.410899345767080035e+02 3.262757861366621626e+01 1.879254651686274258e+02 3.008636813039919744e+01
5.913227384896286821e+03 1.401407853754410553e+02 3.262672884359023584e+01 1.879844915977085975e+02 2.908913177282629547e+01
5.913695806264244311e+03 1.391707353403045602e+02 3.275132249346224000e+01 1.880028952713095691e+02 2.808933330093795178e+01
5.914158473394856628e+03 1.383179952458891080e+02 3.311294527092492501e+01 1.878786006872631447e+02 2.710069949419952096e+01
5.914624081996637869e+03 1.375909625126769811e+02 3.371039103206567944e+01 1.876467285380736030e+02 2.612857009521170326e+01
5.915160882988053345e+03 1.369730418432469889e+02 3.460918309288944528e+01 1.870989402286132304e+02 2.531663744539746830e+01
5.915688910468996255e+03 1.365922235673732814e+02 3.565702776595487222e+01 1.862657796102498651e+02 2.478761546191421772e+01
5.916177115778504231e+03 1.364383538947615477e+02 3.677987087607506567e+01 1.853386677731099610e+02 2.441645070144674534e+01
5.916623091422288780e+03 1.364401471315745198e+02 3.778918787477086738e+01 1.843528780867995351e+02 2.432847308490945792e+01
5.917061884468988865e+03 1.365549555305514104e+02 3.872672943793130429e+01 1.833568467246346074e+02 2.440464329193754267e+01
5.917491284259415806e+03 1.365961534419335521e+02 3.966380241495983938e+01 1.823607905883213789e+02 2.449314176473242810e+01
5.917885357859498072e+03 1.366176971632513641e+02 4.054401534639606552e+01 1.813794279335258466e+02 2.467782149889445265e+01
5.918285238714563093e+03 1.365046248918444576e+02 4.149938750703500290e+01 1.803899194803247212e+02 2.481694064714359982e+01
5.918692857100513720e+03 1.363649353245864972e+02 4.246743969033478550e+01 1.793923115267668038e+02 2.480535161815337375e+01
5.919085661747389167e+03 1.361793291870772293e+02 4.335926916674414855e+01 1.783930421509865027e+02 2.482331691850818700e+01
5.919508612051986347e+03 1.357555839783943838e+02 4.419941141116582628e+01 1.773931841848431361e+02 2.483471667883407363e+01
5.919950131696943572e+03 1.354185836765596207e+02 4.503691579831031078e+01 1.763994719900863970e+02 2.473630764338509280e+01
5.920408414547780922e+03 1.351324250966547993e+02 4.582022478450256386e+01 1.754039631593312265e+02 2.464315773830146483e+01
5.920960613684618693e+03 1.346998711768120813e+02 4.655986565807255317e+01 1.744280264537698315e+02 2.443479836377856884e+01
5.921632027390603980e+03 1.344085677750640855e+02 4.753803251246323214e+01 1.734373380442935115e+02 2.431326498499074518e+01
5.922327613323870537e+03 1.341079452669574721e+02 4.860523650871515144e+01 1.724384619550181981e+02 2.431672176159184318e+01
5.923022073094420193e+03 1.338001335588002405e+02 4.963584850898964618e+01 1.714406891218038709e+02 2.426349389380711941e+01
5.923799212611621442e+03 1.334814985684391218e+02 5.019975745376157761e+01 1.704423771438558788e+02 2.420595206538904876e+01
5.925020329898644377e+03 1.334290420530845154e+02 5.092860940926964020e+01 1.694838406948994702e+02 2.444885100080283991e+01
5.926192794561084156e+03 1.329420378206235398e+02 5.220221373352688232e+01 1.685039414140238705e+02 2.437926999160245245e+01
5.926869449670743961e+03 1.325813163465458899e+02 5.336736194190107341e+01 1.675078358917692185e+02 2.430023653861502098e+01
5.927410983720071272e+03 1.323549477694539007e+02 5.459290624870623532e+01 1.665081793841395381e+02 2.428846000387678927e+01
5.927887435507218470e+03 1.321033347299978402e+02 5.570904046004040566e+01 1.655202229492441575e+02 2.414905133704782969e+01
5.928312084876602057e+03 1.318984273854224512e+02 5.669267773728838478e+01 1.645236110321166336e+02 2.408556570274444653e+01
5.928757651788077055e+03 1.315791483136175088e+02 5.774010577946953049e+01 1.635258758131704440e+02 2.401961594954544310e+01
5.929162842529154659e+03 1.311014875566733906e+02 5.866461825740775993e+01 1.625433268925116579e+02 2.384091263660474169e+01
5.929541932656883546e+03 1.306263467058764149e+02 5.957647469189533496e+01 1.615654147412076611e+02 2.363191534454355747e+01
5.929957663613452496e+03 1.301387120710193130e+02 6.055176748856536051e+01 1.605883571258764277e+02 2.341894416792727185e+01
5.930365480833320362e+03 1.299913511636228236e+02 6.151534207373119756e+01 1.596132656428946746e+02 2.319717768951906933e+01
5.930758865199650245e+03 1.301552747131208037e+02 6.241192378553249398e+01 1.586184136657328168e+02 2.312930483764348466e+01
5.931196474423180916e+03 1.302432573010111980e+02 6.341365498023566261e+01 1.576191574939736881e+02 2.315576475302876247e+01
5.931622011345600185e+03 1.301567339284719935e+02 6.439917255119270578e+01 1.566198219014345909e+02 2.319217333245168433e+01
5.932031921893583785e+03 1.299944911681872952e+02 6.541463315641455267e+01 1.556294757447388690e+02 2.332301895722337903e+01
5.932468849270805549e+03 1.298583762647387516e+02 6.648727747678604771e+01 1.546410872794327815e+02 2.347496674589794807e+01
5.932898482220523874e+03 1.299463031361978835e+02 6.739587360961657225e+01 1.536458254199651208e+02 2.356799236703624345e+01
5.933338640205442061e+03 1.300457981353117702e+02 6.817971313523300125e+01 1.526620744008961026e+02 2.374170193213323543e+01
5.933897934839724257e+03 1.302441038798663442e+02 6.873285731047396041e+01 1.516863407375898589e+02 2.396036200306310704e+01
5.934717925465310145e+03 1.313575933556933819e+02 6.849385917180127592e+01 1.511281307933252833e+02 2.472834894537825434e+01
5.935233590129821096e+03 1.324254366735351880e+02 6.811588266396525171e+01 1.512715593945799526e+02 2.569395015442399455e+01
5.935655583667591600e+03 1.334742819249186425e+02 6.786235760230175629e+01 1.514544279350261320e+02 2.667700508802334980e+01
5.936065238957839028e+03 1.345055627598364936e+02 6.764382436181462310e+01 1.517378185655706488e+02 2.763528084358152626e+01
5.936445380077368100e+03 1.354775529074466931e+02 6.746242842630383052e+01 1.520679742313691918e+02 2.857912542271048295e+01
5.936820501691217942e+03 1.364219359942334791e+02 6.737544901176470091e+01 1.523167420411540434e+02 2.954720507497835058e+01
5.937223675280354655e+03 1.374230535719884756e+02 6.730817588989748401e+01 1.525472448237124468e+02 3.052027243413350632e+01
5.937602018373489955e+03 1.383951401127366694e+02 6.719514664243315849e+01 1.528079786136574398e+02 3.148562041385022425e+01
5.937999232137556646e+03 1.394517516628163492e+02 6.706999115592792293e+01 1.529794624644882788e+02 3.247027686365991883e+01
5.938378173575050823e+03 1.404648037617164107e+02 6.703781065968300368e+01 1.530993148641122730e+02 3.346297003961585403e+01
5.938724790266937816e+03 1.414290817804461255e+02 6.705080282553804238e+01 1.532787245379181797e+02 3.444650037889478256e+01
5.939102595411888615e+03 1.424958431002725092e+02 6.714800792127205398e+01 1.534225822218194821e+02 3.543599049358913788e+01
5.939437356765224649e+03 1.434118950341110690e+02 6.725914996941600066e+01 1.534896088079783283e+02 3.643344725650307225e+01
5.939779582799982563e+03 1.443425292472269916e+02 6.735861748558278350e+01 1.535727003896597580e+02 3.742995614668151916e+01
5.940137364020296445e+03 1.453183797164454347e+02 6.751778582651199656e+01 1.536689804625445106e+02 3.842530420519828027e+01
5.940488261109048835e+03 1.462699186099006283e+02 6.768217534305375693e+01 1.536527704062658017e+02 3.942446409152071851e+01
5.940850707573264117e+03 1.472371822537987782e+02 6.784984627816612601e+01 1.536090196987996990e+02 4.042349409343550093e+01
5.941201788288059106e+03 1.481901976517571313e+02 6.799405490192017965e+01 1.535959542979276478e+02 4.142335187615697123e+01
5.941593233330348085e+03 1.492499770972161173e+02 6.814484265940819796e+01 1.534973119370068844e+02 4.241804489132164235e+01
5.941998311975187789e+03 1.503071081212094668e+02 6.830134761390692688e+01 1.533686510611472613e+02 4.340971066380765109e+01
5.942389708736279317e+03 1.513130230144917903e+02 6.845719880788496425e+01 1.533072341500598839e+02 4.440756612015648841e+01
5.942833468084017113e+03 1.524130882312474284e+02 6.870862890537397050e+01 1.531998283294370822e+02 4.540163047525224727e+01
5.943281937038868818e+03 1.534548136412891211e+02 6.907072249412877341e+01 1.531091681974384358e+02 4.639748584554279631e+01
5.943699704460330395e+03 1.544257776113027205e+02 6.948834078225068822e+01 1.531375869326395787e+02 4.739638892649347923e+01
5.944110878847257482e+03 1.554476579002080427e+02 6.978714623295539354e+01 1.531650193212167039e+02 4.839600420109317724e+01
5.944525429388299017e+03 1.564825452900647065e+02 6.999433705380276649e+01 1.532245337458902554e+02 4.939417485096021210e+01
5.944917885087905233e+03 1.574442638475367175e+02 7.017042636774007747e+01 1.533525636329391943e+02 5.038573035781789855e+01
5.945341179818129604e+03 1.584549096230850296e+02 7.036330931183665882e+01 1.533681399756709993e+02 5.138491790726925501e+01
5.945783495603624942e+03 1.594316486033846161e+02 7.057388796683606813e+01 1.533235242037129922e+02 5.238380794717696887e+01
5.946220650401625790e+03 1.603416989063749440e+02 7.086766488591047164e+01 1.532606214104629316e+02 5.338181867190871799e+01
5.946664190128271002e+03 1.612629207336795503e+02 7.123426961521657574e+01 1.530531265990111933e+02 5.435908508082248147e+01
5.947100109628304381e+03 1.622235254911108484e+02 7.136359201920991779e+01 1.529146501220984362e+02 5.534913554515361511e+01
5.947509657246871939e+03 1.631910100810971187e+02 7.136485909382810178e+01 1.529020842762361667e+02 5.634844298208000879e+01
5.947934857233462026e+03 1.642729894201147545e+02 7.146917888726653700e+01 1.529179165293641063e+02 5.734830341248407137e+01
5.948362022793932738e+03 1.653585763134106230e+02 7.165648694754268888e+01 1.530131983373072728e+02 5.834348885698496900e+01
5.948776987942153028e+03 1.664394456293079259e+02 7.165392709930709714e+01 1.532578825977392114e+02 5.931219392502628551e+01
5.949206738195960497e+03 1.675358322102775901e+02 7.153048295103762655e+01 1.535456642110263772e+02 6.026984448954368645e+01
5.949629975639044460e+03 1.685588995342275780e+02 7.149148069593110222e+01 1.538184759968753781e+02 6.123189764914806688e+01
5.950059376086099292e+03 1.695980691283714350e+02 7.153652262796383354e+01 1.540705799193576411e+02 6.219958096895067001e+01
5.950502929057413894e+03 1.706317202554306220e+02 7.174964863753470468e+01 1.541307732196752625e+02 6.319635615480907376e+01
5.950964974040227389e+03 1.716742034739531846e+02 7.198043513737820831e+01 1.540851366210474964e+02 6.419500547440416938e+01
5.951410669282215167e+03 1.726930718059130925e+02 7.223275063031128695e+01 1.540123103684348962e+02 6.519233458532116288e+01
5.951857082538154827e+03 1.736847880481091693e+02 7.259826614048974136e+01 1.538342985756619328e+02 6.617596263852790628e+01
5.952299471681209980e+03 1.745036722150067305e+02 7.305579352574531526e+01 1.536188805648711195e+02 6.715245033802393948e+01
5.952738144976437070e+03 1.749592213600670334e+02 7.332161447521222897e+01 1.533677242193979851e+02 6.812035293784637702e+01
5.953663506996056640e+03 1.750905645981279406e+02 7.256961498396307775e+01 1.535409605950562764e+02 6.884047228850137401e+01
5.954454189194378159e+03 1.750956624262140906e+02 7.125678474812249874e+01 1.545397853159996941e+02 6.879201708638613866e+01
5.954994924922549217e+03 1.751226619198464505e+02 7.007413354882801571e+01 1.555384017712449918e+02 6.873954874851729357e+01
5.955456692061107788e+03 1.751004419390195892e+02 6.899171613513817647e+01 1.565358405669311423e+02 6.867028208037072545e+01
5.955892080772870031e+03 1.750529846768752975e+02 6.790583806880403017e+01 1.575322955859915908e+02 6.859186467331920767e+01
5.956310231080045924e+03 1.749848594279593499e+02 6.686530208078093551e+01 1.585306246943717099e+02 6.854266787451402365e+01
5.956721787051459614e+03 1.748889687987009438e+02 6.587539785416261395e+01 1.595243778490634554e+02 6.843287146193071635e+01
5.957150023105955370e+03 1.748121088931600298e+02 6.484160111907900159e+01 1.605159141953070900e+02 6.830463546351346338e+01
5.957572174945473307e+03 1.748580726010991668e+02 6.385806179936230365e+01 1.615104115269215015e+02 6.820055173729892317e+01
5.957968394020097548e+03 1.751236027956836097e+02 6.300680073503721701e+01 1.625041977396889479e+02 6.809127201088875836e+01
5.958362204475906765e+03 1.755818072557778180e+02 6.219759403294401778e+01 1.635014391214238572e+02 6.805732385358363956e+01
5.958751617017826902e+03 1.760082075451642822e+02 6.136805659559693282e+01 1.644986129371240224e+02 6.813194452798087752e+01
5.959131184595171362e+03 1.762087119139240770e+02 6.063577964587383917e+01 1.654951407456852621e+02 6.821480694233198960e+01
5.959609980167008871e+03 1.762334873297259890e+02 6.023847071828046040e+01 1.664933905941866499e+02 6.826279453581449275e+01
5.963579886890416674e+03 1.769506322989733178e+02 6.025832587712766752e+01 1.674900799409503520e+02 6.821477156454450608e+01
5.971806279987697962e+03 1.785555648089055296e+02 6.034594818286481654e+01 1.684650601845443703e+02 6.800879393749706026e+01
5.972887947920396073e+03 1.785282022943527522e+02 5.996824468667608699e+01 1.694316233385518160e+02 6.782352188580546226e+01
