# ts_seconds,x,y,gt_x,gt_y
1.525636933555430005e+04 1.508341627260787732e+02 6.948050764373863331e+01 1.508341627260787732e+02 6.948050764373863331e+01
1.526118050821649013e+04 1.515379413603751573e+02 7.097755073192412567e+01 1.499688504818450951e+02 6.998172905361074925e+01
1.526214597515740388e+04 1.520451617198683323e+02 7.215484352780275401e+01 1.490809147301904716e+02 7.043966979374518189e+01
1.526282389738877100e+04 1.526249954959013166e+02 7.317228739418098371e+01 1.483543248059768018e+02 7.112642885551640859e+01
1.526338101408901821e+04 1.531737199719899536e+02 7.418127985558803061e+01 1.475463378705263153e+02 7.171561220260022651e+01
1.526385703577143613e+04 1.536873225503391609e+02 7.510074149182541703e+01 1.467559655683356539e+02 7.232816138280868756e+01
1.526429159292209079e+04 1.541537145069823680e+02 7.595019165466911204e+01 1.460006563440870480e+02 7.298343633231102956e+01
1.526470021440065830e+04 1.545654341868919630e+02 7.678418808964789832e+01 1.452057530392081048e+02 7.359017203884228309e+01
1.526511866085585643e+04 1.549466615987959983e+02 7.768826005218085129e+01 1.444109285380916390e+02 7.419657577214738353e+01
1.526553309681272003e+04 1.552415562154761233e+02 7.861923468160820505e+01 1.435458487007402368e+02 7.469808289631052389e+01
1.526593742667695915e+04 1.553937367566210241e+02 7.956527086139328730e+01 1.426508383117098049e+02 7.514377379897021569e+01
1.526634551096383802e+04 1.554854554649179477e+02 8.052120003530173165e+01 1.417152448131020037e+02 7.549438059422323022e+01
1.526678692735894401e+04 1.555808395945022653e+02 8.153329396904719317e+01 1.407290220991101535e+02 7.565974674301212133e+01
1.526725782425750913e+04 1.556500662473268903e+02 8.259299060866236175e+01 1.397463354844070409e+02 7.584502075019545941e+01
1.526771803713442569e+04 1.557197836651090768e+02 8.358655047030958940e+01 1.387642162767923537e+02 7.603327121850040271e+01
1.526816674115059504e+04 1.557232132631487787e+02 8.453006531727855588e+01 1.377804276165067563e+02 7.621259412442076098e+01
1.526859871750584534e+04 1.555700695676897851e+02 8.546640542861973699e+01 1.367945107324420064e+02 7.637134115341923746e+01
1.526904743902689916e+04 1.553343206397833569e+02 8.644143299585225293e+01 1.357965919151967569e+02 7.630946678507019953e+01
1.526948927430613548e+04 1.551252225313891699e+02 8.740925580661475180e+01 1.348054261211952110e+02 7.617698173609386458e+01
1.526990677061499991e+04 1.549789346615469299e+02 8.832761119530451310e+01 1.338112467341485115e+02 7.606925971278718634e+01
1.527032021277691638e+04 1.548253982690107193e+02 8.923247330472854344e+01 1.328160102967772787e+02 7.597393915341513093e+01
1.527073689322653627e+04 1.547103816357260087e+02 9.014870498690478939e+01 1.318162087482293714e+02 7.595590765494330299e+01
1.527116523143816448e+04 1.546759171785188869e+02 9.106625574365996556e+01 1.308174416358992005e+02 7.590674467253100488e+01
1.527160964019749917e+04 1.545709624790302428e+02 9.204967664691385210e+01 1.298179025603397179e+02 7.589121200282966129e+01
1.527206317609000325e+04 1.543320058933967971e+02 9.306244297897808337e+01 1.288210427582955617e+02 7.595464245086192534e+01
1.527251552047669247e+04 1.538998474517675561e+02 9.391653129303533376e+01 1.278293420094867088e+02 7.583877522419992090e+01
1.527299833981963820e+04 1.532207239511094201e+02 9.461549754848192606e+01 1.268868374445874565e+02 7.551477440655955320e+01
1.527350907692199689e+04 1.523944164028994805e+02 9.518882835540634346e+01 1.260673673997393678e+02 7.494407135931194830e+01
1.527402225233876925e+04 1.515167890772810324e+02 9.568923490564223755e+01 1.253576965781473120e+02 7.424070271321957648e+01
1.527453790917746301e+04 1.506767193194409629e+02 9.624046554712441548e+01 1.247378009472642901e+02 7.345602257966898208e+01
1.527502941295402888e+04 1.499727340043237973e+02 9.686677227907173915e+01 1.240910427674138532e+02 7.269773146886190318e+01
1.527551102586392881e+04 1.493838397462519936e+02 9.754645828597396928e+01 1.232838220377255709e+02 7.210837576416682282e+01
1.527598941223982001e+04 1.488318512051390599e+02 9.827999851318197955e+01 1.224270350563473357e+02 7.159272926406447368e+01
1.527645504812541185e+04 1.482929170099767191e+02 9.900550909041440661e+01 1.215608787914040363e+02 7.109315720256546456e+01
1.527691963669978395e+04 1.477929748429466201e+02 9.970622697678871305e+01 1.206742229358478085e+02 7.063089601413663843e+01
1.527740802181745858e+04 1.473016897007773878e+02 1.004385429368981733e+02 1.197709442585797888e+02 7.020200033934986550e+01
1.527794519681621932e+04 1.467828128751536099e+02 1.012484327434597304e+02 1.188504507326091613e+02 6.981255829625081333e+01
1.527852050728978793e+04 1.462919423917304016e+02 1.021774870776838640e+02 1.179009950636848885e+02 6.949865718886751154e+01
1.527911122218192941e+04 1.459194161417495081e+02 1.032312668687132344e+02 1.169461834383181724e+02 6.920659438615477654e+01
1.527969547456329747e+04 1.456604959499233303e+02 1.043893927532583632e+02 1.159579820183663230e+02 6.905416569015687855e+01
1.528023411812234008e+04 1.455192730407623287e+02 1.055224205343768489e+02 1.149638001704753947e+02 6.895215401073191686e+01
1.528073471798123865e+04 1.455037029982953527e+02 1.065440504151976882e+02 1.139668300619181309e+02 6.896697201517808651e+01
1.528124507509241812e+04 1.454958309103780323e+02 1.074974382022179924e+02 1.129853740091052998e+02 6.915846067604186942e+01
1.528179351172903807e+04 1.453162994188224957e+02 1.084935295040477712e+02 1.120046158122612496e+02 6.934654903483627209e+01
1.528232253007501276e+04 1.450774735762809939e+02 1.095352632408863798e+02 1.110066917918278335e+02 6.940721959563258281e+01
1.528282399915450333e+04 1.449020373144817029e+02 1.105885673576390502e+02 1.100068671522125641e+02 6.942421239894170526e+01
1.528334383700697799e+04 1.447256473001483243e+02 1.116579647695375854e+02 1.090090299572430581e+02 6.942785808195306174e+01
1.528386204194031598e+04 1.444446432544534673e+02 1.126868567366371394e+02 1.080188913947645801e+02 6.928785524140158714e+01
1.528436128704821385e+04 1.440727950686751342e+02 1.136826789466762051e+02 1.070312487683666660e+02 6.913161698045595926e+01
1.528481521125051768e+04 1.437793823772297515e+02 1.146204608240032030e+02 1.060472884727319780e+02 6.895335937017006245e+01
1.528524542187975567e+04 1.435986802119956849e+02 1.155273229576472431e+02 1.050583663413203652e+02 6.881366102716187072e+01
1.528570700786733141e+04 1.435126010413363247e+02 1.164765308569593998e+02 1.040590143495502673e+02 6.878526050151666027e+01
1.528619416483640271e+04 1.434784732815052450e+02 1.174437567265639899e+02 1.030625141651063643e+02 6.883469916454374982e+01
1.528670030674881491e+04 1.433949479155683093e+02 1.184182091898441627e+02 1.020774894641842394e+02 6.900501546431804911e+01
1.528720706972342305e+04 1.432281145390042809e+02 1.193605041146905563e+02 1.010830661724700548e+02 6.910337656993127098e+01
1.528770752460175390e+04 1.429621756525431238e+02 1.202978346342357270e+02 1.000835252027929982e+02 6.911542322316476827e+01
1.528819691123994744e+04 1.427759991757488365e+02 1.211966907294362699e+02 9.908423386994101634e+01 6.909023836834677468e+01
1.528870049266851311e+04 1.429574639327182126e+02 1.220615280556034463e+02 9.808592941873480697e+01 6.913646719743063329e+01
1.528921617153237639e+04 1.434283979580331447e+02 1.230157173741599479e+02 9.709125573926428387e+01 6.920404791008712664e+01
1.528971280849425966e+04 1.439572330100667159e+02 1.239917429216077664e+02 9.609648928006271262e+01 6.910906130976091788e+01
1.529018229959928249e+04 1.445106106081970552e+02 1.248556310084888281e+02 9.510838345816593176e+01 6.895594034833716535e+01
1.529064020750385680e+04 1.450181856768996624e+02 1.256554406879440364e+02 9.411482416594496669e+01 6.884947229446348160e+01
1.529110134040131743e+04 1.454110581021624853e+02 1.265003122549380379e+02 9.311548183439907689e+01 6.881341099918992654e+01
1.529156673835670881e+04 1.456875491375266449e+02 1.274035038119995136e+02 9.211712634420830170e+01 6.876580212806983639e+01
1.529203203352146193e+04 1.459216902576430357e+02 1.283409626710544842e+02 9.112216220902941188e+01 6.866573482743213219e+01
1.529248430919982457e+04 1.462035033690176533e+02 1.293173545648016898e+02 9.012660408592834926e+01 6.857182366513276861e+01
1.529291500484728203e+04 1.463618118030888979e+02 1.303339769207252345e+02 8.913135057442208620e+01 6.847598967126113223e+01
1.529333918782577712e+04 1.461419427653370064e+02 1.313555098786835913e+02 8.813302876322256907e+01 6.842912111352352156e+01
1.529375564630036388e+04 1.456617559921468512e+02 1.322878730110308823e+02 8.713340530177441678e+01 6.845085013788411743e+01
1.529414991372719305e+04 1.452204177877876816e+02 1.331221029858280076e+02 8.613528718623255997e+01 6.851028282860100660e+01
1.529453891670856865e+04 1.448422053973170875e+02 1.339779093320608752e+02 8.513940091618928818e+01 6.860052134594840823e+01
1.529494075687214718e+04 1.444060751132799112e+02 1.349698273315568144e+02 8.414480705989370790e+01 6.870435832394663578e+01
1.529534928522852169e+04 1.440058674559884366e+02 1.360240080910257348e+02 8.314971802282734359e+01 6.880317041034525971e+01
1.529574661073456264e+04 1.438013818613401327e+02 1.369965154747923748e+02 8.215297770258938215e+01 6.888197266242252681e+01
1.529614534050490693e+04 1.437141514203158295e+02 1.379329207807886348e+02 8.115394941226047365e+01 6.892471316670609838e+01
1.529655409271752069e+04 1.436219949409325523e+02 1.389088912954398722e+02 8.015417227416020296e+01 6.894136468654973271e+01
1.529695045734451560e+04 1.435070372624962260e+02 1.398562316461903947e+02 7.915434514064578764e+01 6.892806606101424904e+01
1.529734463499798039e+04 1.433820400761723590e+02 1.408002573715033918e+02 7.815483103005441023e+01 6.890323752017901882e+01
1.529775139718351602e+04 1.432808578426011081e+02 1.418055345220196557e+02 7.715541573254753871e+01 6.892583190498754675e+01
1.529815368608315839e+04 1.432143320847066548e+02 1.428149379860788031e+02 7.615819881865729712e+01 6.899944698668626586e+01
1.529853837749542799e+04 1.431401579113030209e+02 1.437846978562673996e+02 7.516344862235723667e+01 6.910092755870724091e+01
1.529891688981791594e+04 1.430497326778947809e+02 1.447528935073345906e+02 7.417050339641028245e+01 6.921905827842968506e+01
1.529930282256279679e+04 1.429344821978222058e+02 1.457338059905389684e+02 7.317509408075665078e+01 6.931432126372051528e+01
1.529969890049447713e+04 1.427452564725312527e+02 1.467066728830584452e+02 7.217770285731472768e+01 6.938485126983890439e+01
1.530010572848627453e+04 1.424968718335636595e+02 1.476764763976038353e+02 7.117878417365098187e+01 6.940445773587109102e+01
1.530052378793136086e+04 1.422053766342349093e+02 1.486548091594030723e+02 7.018125862204334453e+01 6.933811456331081047e+01
1.530093094753556034e+04 1.418857505718236212e+02 1.495985592959938231e+02 6.918763725890620719e+01 6.922586294145091301e+01
1.530131872184292297e+04 1.415905702974511939e+02 1.504980546701526691e+02 6.819707405238531805e+01 6.908921219429582550e+01
1.530171837866033457e+04 1.413178690736654630e+02 1.514366587049839552e+02 6.720759316564421226e+01 6.894581543604465423e+01
1.530214028915246126e+04 1.410568182977790741e+02 1.524395371623852213e+02 6.621277252556814119e+01 6.884600601644176265e+01
1.530255067616856286e+04 1.408074534855721254e+02 1.534174750905525570e+02 6.521572754492733281e+01 6.877052232664490816e+01
1.530294855229919449e+04 1.405158507310393645e+02 1.543461441604358981e+02 6.422073932665968243e+01 6.867053118125450339e+01
1.530334945827060801e+04 1.401958869058422295e+02 1.552758387908105249e+02 6.322610664963537630e+01 6.856715749577389829e+01
1.530374198435769540e+04 1.399457742180732964e+02 1.561873970909093998e+02 6.223239295784343739e+01 6.845522056153809842e+01
1.530412813914028447e+04 1.397721345593238027e+02 1.570829241219674088e+02 6.123755632945371730e+01 6.835878451673514178e+01
1.530452122714799771e+04 1.396498043559991515e+02 1.580224827233734572e+02 6.023827706746060784e+01 6.833160237597623166e+01
1.530492546774497350e+04 1.395435580058235416e+02 1.590144293666930082e+02 5.923894043470857440e+01 6.836155335393017651e+01
1.530532608798397450e+04 1.394173055941752466e+02 1.599960127811004043e+02 5.824125371193469647e+01 6.842936845869355977e+01
1.530571863285770269e+04 1.393073535611847547e+02 1.609448301402516677e+02 5.724394454313248559e+01 6.850254407580928273e+01
1.530613066902917308e+04 1.392445285562991160e+02 1.618848378318033099e+02 5.624772781803736166e+01 6.858476155455879564e+01
1.530655931323069490e+04 1.392772670890766733e+02 1.627813562016822573e+02 5.525956917204335639e+01 6.873435235142467548e+01
1.530699337976639799e+04 1.394628934888495166e+02 1.636292254403866764e+02 5.429590521656663782e+01 6.898805381057384523e+01
1.530746098377051749e+04 1.398218225897285549e+02 1.644878835901086234e+02 5.339527907178928245e+01 6.941619753485426259e+01
1.530795287137463856e+04 1.403478660907618689e+02 1.653221806031329209e+02 5.258185091091537799e+01 6.999226168701393647e+01
1.530845777180270125e+04 1.410277603207301240e+02 1.660543840199187287e+02 5.188640001946095026e+01 7.070630709080539589e+01
1.530897042446323030e+04 1.417934359256757375e+02 1.666623124370250935e+02 5.131840669674625133e+01 7.152730726644895753e+01
1.530950810464479036e+04 1.425920461640336043e+02 1.672260088002442728e+02 5.085351900044435780e+01 7.241154537332573682e+01
1.531008532907982226e+04 1.433793366439251713e+02 1.678094023149720897e+02 5.046124754965789094e+01 7.333128375501240725e+01
1.531072453179397780e+04 1.439753703569932100e+02 1.684241426979746166e+02 5.005073772174870328e+01 7.424041439536651410e+01
1.531317514235130511e+04 1.444580307687750746e+02 1.689944536552763168e+02 4.951012985606838868e+01 7.507988503233980282e+01
1.531756818621903403e+04 1.455522100539336350e+02 1.694136683095790943e+02 4.920816575495654632e+01 7.595880462437379776e+01
1.531865111853391318e+04 1.470686465362477122e+02 1.694800945979661435e+02 4.927500554067078298e+01 7.695565521949856702e+01
1.531936537109126039e+04 1.481332610356329553e+02 1.691327819858069290e+02 4.930330279461820453e+01 7.795518783575195698e+01
1.532001785930120968e+04 1.489167337440319727e+02 1.684984250050827654e+02 4.937676697893638789e+01 7.895182333832535448e+01
1.532065324100532052e+04 1.497039930321107590e+02 1.679045499322079706e+02 4.954155525816869243e+01 7.993645635356891432e+01
1.532125758239450806e+04 1.504494482604018515e+02 1.674931677696758641e+02 4.980370510364210901e+01 8.090072570510609751e+01
1.532182788775418703e+04 1.509887184955090618e+02 1.670949540074587105e+02 5.014877298841064146e+01 8.183798138122678267e+01
1.532238827417809443e+04 1.514197927173682103e+02 1.664427604822147657e+02 5.066584866103587359e+01 8.267927162973647626e+01
1.532294937221194959e+04 1.519014840200870538e+02 1.655756757530949699e+02 5.141781082512133594e+01 8.332242509485014637e+01
1.532347989380280524e+04 1.524110879366448046e+02 1.647339776907713826e+02 5.229268767098122339e+01 8.380390641051168643e+01
1.532397727730738916e+04 1.528382779996908880e+02 1.638963157661187608e+02 5.320035386217750784e+01 8.422331063221318459e+01
1.532446222144953936e+04 1.531541050733090401e+02 1.629850450549016898e+02 5.411706148389692572e+01 8.462282817541262148e+01
1.532494189950251348e+04 1.533749581752749975e+02 1.620566782023062444e+02 5.504674118202457578e+01 8.498993804077092307e+01
1.532543732397540225e+04 1.535403227606141172e+02 1.611172851125311070e+02 5.600145262475420793e+01 8.528358532400422121e+01
1.532594795118222828e+04 1.535868099285926007e+02 1.601482134679725107e+02 5.698139125811636774e+01 8.547402308294763884e+01
1.532645170214540849e+04 1.534303013827963582e+02 1.591834022789312826e+02 5.797653447065123089e+01 8.556224671034556195e+01
1.532695212708221516e+04 1.533241712346289773e+02 1.582432952667660118e+02 5.897554979565931177e+01 8.556253047957778790e+01
1.532744717925299847e+04 1.534912226831684450e+02 1.573541525141464490e+02 5.997489394010761998e+01 8.552856470436397274e+01
1.532792985564795163e+04 1.537363246034377084e+02 1.564274696233880491e+02 6.097419467591669928e+01 8.554149236166168180e+01
1.532840859465618269e+04 1.539550550476471358e+02 1.553908166428748530e+02 6.197276599634074756e+01 8.559476773458047205e+01
1.532889140004397268e+04 1.542071959804568166e+02 1.543367141963213101e+02 6.297154618619714483e+01 8.564323826861784994e+01
1.532936646749838837e+04 1.544161420226039070e+02 1.533024047897410753e+02 6.397115677887436647e+01 8.566223949644439983e+01
1.532982976430953204e+04 1.545799919347962827e+02 1.522929834568380727e+02 6.497115479310375008e+01 8.566025620491048187e+01
1.533030580493923844e+04 1.548422240987351302e+02 1.513102337048084962e+02 6.597110233781658906e+01 8.565227486598909934e+01
1.533079702057166651e+04 1.552779515596243698e+02 1.503885244135805408e+02 6.697038597392413806e+01 8.561945254124269411e+01
1.533128010645876748e+04 1.558177037430624807e+02 1.495825782266930446e+02 6.796950609808511956e+01 8.557951510377893101e+01
1.533173969705187847e+04 1.563680809775082992e+02 1.488593282220890330e+02 6.896930925522494249e+01 8.556221899573708356e+01
1.533218898953022835e+04 1.569226965070267852e+02 1.481434886241476363e+02 6.996905422477576053e+01 8.557375295055564379e+01
1.533264343626304435e+04 1.574859157229515461e+02 1.473935805941856358e+02 7.096754262933067992e+01 8.562487613324607594e+01
1.533309695446256774e+04 1.579953601738198472e+02 1.466071631253514624e+02 7.196516842728773611e+01 8.569366732635833728e+01
1.533354085605282671e+04 1.584424668816072312e+02 1.458261098365303781e+02 7.296253656957486555e+01 8.576583672871983310e+01
1.533397929631753686e+04 1.588920529186478063e+02 1.450651511675406766e+02 7.396073398601525639e+01 8.581985875464620506e+01
1.533441528066511455e+04 1.593395433190465837e+02 1.443125733027991089e+02 7.495997831676461942e+01 8.581032380840365192e+01
1.533484317488293345e+04 1.597490026169392081e+02 1.435797819419682355e+02 7.595859330464715242e+01 8.575788388855376354e+01
1.533527586694626189e+04 1.601295105785744681e+02 1.428165671483830863e+02 7.695357389394689562e+01 8.566500351063456264e+01
1.533572454972744163e+04 1.604942019852681483e+02 1.419900084855650846e+02 7.794493471996425171e+01 8.553384070088321778e+01
1.533618630368520280e+04 1.608933176008481212e+02 1.411371983633151501e+02 7.894006370456975219e+01 8.544588878844906787e+01
1.533665609724524802e+04 1.613944587425372106e+02 1.403226785146435986e+02 7.993949925042564075e+01 8.543413565138065735e+01
1.533715275053633741e+04 1.619883579438734955e+02 1.395483329935548511e+02 8.093927227506836175e+01 8.545541941263000751e+01
1.533769322995571747e+04 1.626084640119460119e+02 1.387561400020593965e+02 8.193749098699082367e+01 8.542651106867586464e+01
1.533826287961177331e+04 1.631740706758069450e+02 1.379479058992517366e+02 8.293162078824002492e+01 8.532098819445093341e+01
1.533887638197370870e+04 1.636093114866800136e+02 1.370188773638573991e+02 8.392678843214480366e+01 8.523188895131626452e+01
1.533957054619234259e+04 1.640036424344331181e+02 1.359752619893106385e+02 8.492571473711370800e+01 8.523028043437311396e+01
1.534055186925493035e+04 1.641601781405109364e+02 1.350515669128056970e+02 8.592081092465939207e+01 8.531887335204400813e+01
1.534804047306960092e+04 1.649385090264385099e+02 1.337978113529320581e+02 8.691078094201327531e+01 8.545990377289223261e+01
1.535536084389367352e+04 1.660718370638882391e+02 1.324084206551803504e+02 8.790329328537750087e+01 8.557787240064837420e+01
1.535607261403884695e+04 1.665791263958565480e+02 1.313548630877491519e+02 8.889832507792719696e+01 8.567666369753769118e+01
1.535667226577916517e+04 1.669343710736351625e+02 1.303656657544897541e+02 8.989451613290792409e+01 8.570297408854344212e+01
1.535720616694220553e+04 1.671501851896462654e+02 1.293825601994527688e+02 9.089330894782351322e+01 8.565427075345012042e+01
1.535773286714965616e+04 1.674429419433434703e+02 1.283796875532230217e+02 9.189125915121194055e+01 8.559300254316791268e+01
1.535824989693520547e+04 1.678363740025726827e+02 1.274567008263756094e+02 9.288922562360836821e+01 8.553179951695156547e+01
1.535875602084210004e+04 1.682194083849125263e+02 1.265807258692944828e+02 9.388860644344516970e+01 8.552277698611010237e+01
1.535928312176820327e+04 1.686752168344605423e+02 1.256959971887373797e+02 9.488711262078236075e+01 8.557175473671205168e+01
1.535984361995790277e+04 1.692812590421165453e+02 1.248280063807237781e+02 9.588177591029995028e+01 8.567145345549390356e+01
1.536042448807595429e+04 1.699173020290353975e+02 1.239818015038559054e+02 9.687633626330118375e+01 8.577290715421133882e+01
1.536100898030820827e+04 1.704342235535315240e+02 1.231643712124918864e+02 9.787447883587599051e+01 8.583019880735757567e+01
1.536186559932785713e+04 1.709106045358309416e+02 1.223358749627639668e+02 9.887071059111188731e+01 8.590757743290654957e+01
1.536464289849973102e+04 1.720196206259797691e+02 1.214018309951149064e+02 9.986695263035853998e+01 8.594039980290204994e+01
1.536799871019090824e+04 1.732830270000099233e+02 1.202913346174941012e+02 1.008558658578010210e+02 8.581329971331496154e+01
1.536957527214445872e+04 1.739117164016917911e+02 1.192006379257357054e+02 1.018467026874725718e+02 8.571472289922807875e+01
1.537031638765735988e+04 1.742825759903717824e+02 1.181328699588019191e+02 1.028450513976325880e+02 8.575024410811668929e+01
1.537099609424431401e+04 1.746213885572589675e+02 1.170016974800902148e+02 1.038435661993560899e+02 8.577349247405547317e+01
1.537160628937009824e+04 1.749333877137277398e+02 1.159201476120258576e+02 1.048425862548018586e+02 8.573272272389853299e+01
1.537215317724852866e+04 1.752904137895228871e+02 1.150463343652230890e+02 1.058412111360943868e+02 8.568044050905463394e+01
1.537271125269237382e+04 1.754907335063728056e+02 1.143961670469191176e+02 1.068402216878565980e+02 8.568034412104508135e+01
1.537332248253842590e+04 1.754873916805161116e+02 1.135762219424974830e+02 1.078253111865637806e+02 8.557360774222736666e+01
1.537389900357235456e+04 1.754462524491140130e+02 1.126229757247392058e+02 1.087957416378618518e+02 8.533247379523353970e+01
1.537439191624314299e+04 1.754373575533669509e+02 1.117874495091280806e+02 1.097671971655095007e+02 8.509558248015585491e+01
1.537485838599358613e+04 1.755311299934407430e+02 1.110104038766838954e+02 1.107527743231145223e+02 8.493803501922303667e+01
1.537532301076342264e+04 1.757592821763832660e+02 1.102022963477270281e+02 1.117481430723333631e+02 8.484213523712925564e+01
1.537577703691808529e+04 1.760616402148863244e+02 1.093257901198386719e+02 1.127445374415320600e+02 8.475742469770649734e+01
1.537622037296815506e+04 1.763325022075334800e+02 1.084436636448566702e+02 1.137424738215038218e+02 8.474873411040140070e+01
1.537665473402189855e+04 1.765587138639328373e+02 1.076118152588610997e+02 1.147412377380030080e+02 8.479840687381218345e+01
1.537709731487090357e+04 1.767483752823644068e+02 1.067649526535555822e+02 1.157398578573312591e+02 8.485091073193954969e+01
1.537755031380181936e+04 1.768979317274427672e+02 1.058256194699954591e+02 1.167381731670670604e+02 8.483979353774292065e+01
1.537798442538302697e+04 1.769897319478797328e+02 1.048483089424242536e+02 1.177364786390408540e+02 8.478167102119421372e+01
1.537839211899394650e+04 1.769929521556883287e+02 1.038925133025362157e+02 1.187355488684928559e+02 8.474047341766741681e+01
1.537880811425487263e+04 1.768877959108055506e+02 1.029258958024412607e+02 1.197261315353782294e+02 8.462577713358732012e+01
1.537923422846969697e+04 1.766593859701334850e+02 1.020002742086373360e+02 1.207009319802415064e+02 8.440561016199204403e+01
1.537964982367087032e+04 1.763631181885590422e+02 1.011607128634399970e+02 1.216465948480164201e+02 8.408656554827173579e+01
1.538005835511522309e+04 1.760400923654814846e+02 1.003336588798998861e+02 1.225486636868988626e+02 8.365846057187141582e+01
1.538048452146931959e+04 1.756103257640578761e+02 9.948263203521425169e+01 1.234149211724647301e+02 8.315962234017960952e+01
1.538092142095697818e+04 1.751444934226480825e+02 9.860458238858382174e+01 1.242294812948581750e+02 8.258271961472460987e+01
1.538132537930541548e+04 1.746880943369155830e+02 9.780709214777084526e+01 1.249661642972212547e+02 8.190932973265347528e+01
1.538169371804059301e+04 1.741594925106433038e+02 9.716806861525255101e+01 1.256530654621639513e+02 8.118276768829795742e+01
1.538206757628090418e+04 1.736055275419578834e+02 9.651311571515500987e+01 1.263196587522743215e+02 8.043743523069764478e+01
1.538243791932546810e+04 1.731732739145497249e+02 9.577307837544458380e+01 1.270047674761205059e+02 7.970964033152934292e+01
1.538280364248955084e+04 1.728315499224024734e+02 9.499928671720766715e+01 1.277447798162638577e+02 7.903857703548497682e+01
1.538319210766320430e+04 1.725364053708441077e+02 9.414432856090002133e+01 1.285312735024258188e+02 7.842160385746892359e+01
1.538358651965498393e+04 1.723512536128668557e+02 9.325955891691050681e+01 1.293802342761304942e+02 7.789876870994855551e+01
1.538397104606773246e+04 1.722590092383249498e+02 9.238744669811319454e+01 1.303040733396700546e+02 7.752617630452762398e+01
1.538437094170145065e+04 1.723002142292470751e+02 9.145904154097061678e+01 1.312600347947193029e+02 7.723281303698790623e+01
1.538480235229172467e+04 1.725592169391628659e+02 9.050284965046041918e+01 1.322364638879442396e+02 7.702960612214296532e+01
1.538525813748873770e+04 1.730835904283579225e+02 8.961258176067074999e+01 1.332284546718113063e+02 7.703522868762460973e+01
1.538569591104834763e+04 1.737663314061401252e+02 8.890452533562856274e+01 1.341957489849444585e+02 7.726714511113445383e+01
1.538613476034730411e+04 1.745560882849158304e+02 8.832571855297652519e+01 1.350694357846223568e+02 7.773296532332412312e+01
1.538658284015517711e+04 1.752650385432138194e+02 8.771094428512046193e+01 1.358503473243419535e+02 7.835527671937467176e+01
1.538700653922487800e+04 1.757790802355647486e+02 8.707851826101195059e+01 1.366001841609538303e+02 7.901688502234974010e+01
1.538742835932906564e+04 1.761621993786635301e+02 8.641538854039612261e+01 1.374039516723497911e+02 7.960674314818615471e+01
1.538786830074263889e+04 1.764843033420083600e+02 8.566401509280156290e+01 1.383172902834757565e+02 7.998818446887516131e+01
1.538833027607726399e+04 1.767046925614606039e+02 8.474436410971119926e+01 1.392982149171591857e+02 8.016482087641036003e+01
1.538879898904809852e+04 1.769886417213512289e+02 8.419551233833055903e+01 1.402951869495744575e+02 8.023476313241386038e+01
1.538925614018706619e+04 1.773900329097169788e+02 8.406924920372667032e+01 1.412941449485544183e+02 8.028032163943004207e+01
1.538971943433101842e+04 1.776554662294267359e+02 8.431636507285689675e+01 1.422786458540017236e+02 8.043291479378716247e+01
1.539021947709657434e+04 1.778219398190536822e+02 8.460036413575883785e+01 1.432492727214093691e+02 8.067305449870737277e+01
1.539075916397703259e+04 1.780647037396198016e+02 8.476981171862642839e+01 1.442333529485157442e+02 8.083423305330501307e+01
1.539133529271277075e+04 1.781886163891402077e+02 8.478129022123279412e+01 1.451888284324676874e+02 8.065201242691396999e+01
1.539191609485541267e+04 1.780795111018704517e+02 8.464381115239660858e+01 1.460753985277879679e+02 8.019586794495634763e+01
1.539253240448522047e+04 1.781436787207230452e+02 8.438123343285298006e+01 1.469320496478704285e+02 7.967999375741479184e+01
1.539326612075721641e+04 1.785972617316837159e+02 8.413436851141460693e+01 1.477782888053060333e+02 7.914733982186814387e+01
1.540270315662858047e+04 1.778139413201764683e+02 8.304199140303775550e+01 1.486562363270863614e+02 7.920740685300332018e+01
1.541215328847081946e+04 1.764520730320100768e+02 8.211787403119534190e+01 1.478745053750297984e+02 7.946411744203558669e+01
1.541278857293789042e+04 1.772262301042271417e+02 8.179890661685764996e+01 1.476589130304896571e+02 8.043522981860675714e+01
1.541332018408073418e+04 1.782955412474090338e+02 8.133681549000658606e+01 1.476303637100292292e+02 8.143287950507783535e+01
1.541378649453368052e+04 1.791735684262782229e+02 8.092029151244537388e+01 1.479725600084491646e+02 8.237190445352962342e+01
1.541419724761078942e+04 1.799375878108969289e+02 8.082117189924518641e+01 1.484932053439285369e+02 8.322445600054199133e+01
1.541465664674736945e+04 1.808689986257095654e+02 8.060822279939320367e+01 1.492157275020810516e+02 8.391573992912768176e+01
1.541509349096683945e+04 1.817158447974115347e+02 8.033270514482656210e+01 1.499749109414640600e+02 8.456649025358314020e+01
1.541548174413583001e+04 1.824106936320313821e+02 7.998275842192876439e+01 1.507798260220693010e+02 8.515977766501114843e+01
1.541590727423301178e+04 1.830418850298587472e+02 7.942556325137925910e+01 1.516190410937790602e+02 8.570353690541138292e+01
1.541637095648884497e+04 1.837096206323886634e+02 7.875294693642342736e+01 1.524377443553460409e+02 8.627775277162741929e+01
1.541682987364361361e+04 1.841184134654646982e+02 7.793575556861708264e+01 1.532633792430594326e+02 8.684034735104600600e+01
1.541725410427065617e+04 1.843301582022330933e+02 7.715269279291666749e+01 1.542006170885946119e+02 8.718574156126432229e+01
1.541771173945874580e+04 1.843359405425347859e+02 7.625639428910567119e+01 1.551962449544874403e+02 8.726689160657220157e+01
1.541821430745375801e+04 1.843231739148881445e+02 7.515618962052830909e+01 1.561813575451996314e+02 8.709523627916094313e+01
1.541869675660774010e+04 1.844865917008290808e+02 7.420016573054415687e+01 1.571567552025107375e+02 8.687487511755297476e+01
1.541915357483141815e+04 1.844089638481774216e+02 7.321308263720935372e+01 1.581384643502478582e+02 8.668524276855190180e+01
1.541957390326894892e+04 1.843719296223950721e+02 7.234957617347440362e+01 1.590994149725736690e+02 8.640886561711369040e+01
1.542001520263369639e+04 1.843497638732700352e+02 7.149290516131047468e+01 1.600783865766757401e+02 8.620486972775468359e+01
1.542048137285137454e+04 1.843858704091632035e+02 7.055802361622141916e+01 1.610574691862730106e+02 8.600169723772100383e+01
1.542095440323238108e+04 1.847598666936631560e+02 6.968686730643014471e+01 1.620241715816154056e+02 8.575046764575473901e+01
1.542139910550181958e+04 1.851396444711120921e+02 6.881889981348109586e+01 1.630241374625117885e+02 8.575642544139991230e+01
1.542186298214093586e+04 1.855084005912686678e+02 6.783895720965506371e+01 1.640231684532132022e+02 8.579625358193501938e+01
1.542233697247845521e+04 1.859663932500967292e+02 6.699283993268336701e+01 1.650136250580491151e+02 8.593402708982446825e+01
1.542281013023195192e+04 1.862516713734882785e+02 6.608720266671366517e+01 1.660068682325793361e+02 8.604700767917212545e+01
1.542327967005367100e+04 1.865735143866967007e+02 6.515564798936853208e+01 1.670065121447981369e+02 8.602344180170139509e+01
1.542376391599523959e+04 1.868901741145136839e+02 6.418766526277273954e+01 1.680056164704620016e+02 8.606208507384550899e+01
1.542426161556560146e+04 1.873625491802062584e+02 6.325155029885111446e+01 1.690043476032336969e+02 8.601246544972356389e+01
1.542476934295190767e+04 1.880825886774608477e+02 6.245937301181101020e+01 1.700040680146045418e+02 8.601223176527724945e+01
1.542524141653447077e+04 1.886513897992473403e+02 6.161648591696135924e+01 1.709968478619232712e+02 8.613132026268009156e+01
1.542571719198866958e+04 1.891570460517199876e+02 6.081630899227965870e+01 1.719954441219965133e+02 8.618048311959213947e+01
1.542622995329111654e+04 1.896752312212454399e+02 5.998094717471668957e+01 1.729845050366760688e+02 8.632717474402575419e+01
1.542674045899348675e+04 1.899372200921010005e+02 5.914259040124360212e+01 1.739822738753921954e+02 8.639309923046316442e+01
1.542724968821141920e+04 1.899726844385309619e+02 5.878982809126214448e+01 1.749819118795397230e+02 8.640949504226972522e+01
1.542772779397166232e+04 1.902929071853558014e+02 5.788416574393438907e+01 1.759744753063873759e+02 8.652728185301765507e+01
1.542816520413580292e+04 1.906948330689863838e+02 5.714323693045984243e+01 1.769738852270762948e+02 8.649398048380891169e+01
1.542864917896445149e+04 1.910533899031407543e+02 5.632650775851683989e+01 1.779736004128658919e+02 8.649772616294526983e+01
1.542910439967504681e+04 1.911064172268115442e+02 5.548273749460161497e+01 1.789667702126607765e+02 8.638213821821656779e+01
1.542955307183994228e+04 1.915349775452999381e+02 5.486107892890461812e+01 1.799488146047508508e+02 8.619759714587401334e+01
1.543004171509402477e+04 1.921104843573480707e+02 5.415584112364125957e+01 1.809486240683621929e+02 8.620385786904718373e+01
1.543057156276612841e+04 1.926726827306269740e+02 5.337767140589729564e+01 1.819443170753177696e+02 8.629606918014422945e+01
1.543114576046387083e+04 1.930288781753581304e+02 5.270325014573033684e+01 1.829432190410905150e+02 8.633844670264608112e+01
1.543178840413801481e+04 1.929285133569312336e+02 5.197322021173480522e+01 1.839193307893591793e+02 8.623813254144533857e+01
1.543256848510769851e+04 1.922237287992981578e+02 5.161101971414354495e+01 1.845243531823133480e+02 8.547242823066983419e+01
1.543340870038459434e+04 1.911111790486325503e+02 5.135706920169776168e+01 1.845045822613697908e+02 8.448023122870203849e+01
1.543413188282202100e+04 1.902599924529109217e+02 5.142574904814561876e+01 1.841451312726038338e+02 8.354791459437119272e+01
1.543496533349149286e+04 1.891049553248905681e+02 5.145625994018340776e+01 1.837112886354270245e+02 8.264903677808054283e+01
1.543623260396974365e+04 1.878192051117164283e+02 5.144636641161658730e+01 1.834274785044152338e+02 8.169015900124296081e+01
1.544009856475260131e+04 1.857549127215500562e+02 5.139851322851107085e+01 1.835114003314744764e+02 8.074262638599830666e+01
1.544164247098309534e+04 1.842795766973326863e+02 5.138608478922828482e+01 1.834388552367163925e+02 7.976694390148016112e+01
1.544254798019809823e+04 1.830467785214994763e+02 5.131688199153254715e+01 1.837549502774485575e+02 7.884789657323105416e+01
1.544331852181599970e+04 1.818863552611428247e+02 5.103031450463059571e+01 1.836965455000566294e+02 7.787584534899563948e+01
1.544398878743737987e+04 1.808887659148342095e+02 5.074222888668757747e+01 1.838825327325664887e+02 7.690635189474394906e+01
1.544472726495793904e+04 1.797367987678513543e+02 5.032945092094399797e+01 1.839796269795691046e+02 7.591388179471421438e+01
1.544567905696062917e+04 1.789686448640552499e+02 5.025673548892483211e+01 1.840218256434690431e+02 7.491481989712680445e+01
1.544671368029476798e+04 1.783124366725029404e+02 4.982810208776722050e+01 1.839284596604367721e+02 7.392097786855215702e+01
1.544762254148846114e+04 1.778548961025232700e+02 4.958986709568607409e+01 1.841820009037714101e+02 7.296798477498622049e+01
1.544836723232131953e+04 1.778000265808838662e+02 4.915843141450294951e+01 1.842133431104246881e+02 7.197682396287434869e+01
1.544911257326821578e+04 1.779729563427043502e+02 4.927233071112949148e+01 1.840557213680659743e+02 7.099103454054427687e+01
1.544998188787288018e+04 1.780150892240859832e+02 4.949550917506993386e+01 1.834252538783288742e+02 7.024101072049134586e+01
1.545090552771632611e+04 1.775722817689947703e+02 5.044836547899147661e+01 1.825086576598075681e+02 6.986960272066754385e+01
1.545168251016905197e+04 1.770171728179545028e+02 5.127852600308217035e+01 1.815256950950331998e+02 6.969477065672094795e+01
1.545238642468862963e+04 1.767585650214353734e+02 5.240613622078324596e+01 1.805513268352871989e+02 6.989036999332385847e+01
1.545302600083831021e+04 1.765883770082703847e+02 5.356552186282317507e+01 1.795592526099882207e+02 7.001119903309329118e+01
1.545364434443820028e+04 1.764048966897765638e+02 5.483982962175844733e+01 1.785761250917916243e+02 7.019281524136476946e+01
1.545421280192926497e+04 1.761126505596337211e+02 5.597250227166429681e+01 1.775774971640611000e+02 7.020635863405659904e+01
1.545476220589182412e+04 1.756033273542291226e+02 5.703757055845273527e+01 1.765775093927968840e+02 7.020153751460330227e+01
1.545529654006321471e+04 1.749924553508479619e+02 5.802635770820786121e+01 1.755949153127811542e+02 7.002200214335259432e+01
1.545581063521452415e+04 1.744904227235603287e+02 5.894365406981359001e+01 1.746059767619176455e+02 6.987418462702989075e+01
1.545633700598461655e+04 1.741217568035019099e+02 5.963224603320949768e+01 1.736213031447294100e+02 6.969996719919312511e+01
1.545711674312491050e+04 1.740631997357031366e+02 5.980923295830445596e+01 1.726392652734152193e+02 6.951131346937097533e+01
1.546015152166763255e+04 1.741027488556990761e+02 6.035883647400300589e+01 1.716619944773965472e+02 6.966078115664781478e+01
1.546253053430772343e+04 1.741710598486510833e+02 6.125705019979694299e+01 1.707813753166326762e+02 7.011344283474623751e+01
1.546308854385199265e+04 1.738859470512822156e+02 6.182786626611627412e+01 1.697941502529933189e+02 7.025628588245763240e+01
1.546359815026309661e+04 1.735819655094796872e+02 6.259854071752712912e+01 1.687942003659898091e+02 7.024809854012103472e+01
1.546411779000431852e+04 1.733970621389165103e+02 6.344421883398432982e+01 1.677944186040652426e+02 7.022727819113768533e+01
1.546463990125713826e+04 1.733588040224344979e+02 6.415760643568842170e+01 1.667948574791838610e+02 7.019885413381315686e+01
1.546520362679197206e+04 1.734643113285457048e+02 6.462300642024780473e+01 1.657975276900945403e+02 7.013559334616185481e+01
1.546582127875265178e+04 1.736807735848047116e+02 6.522637740733347300e+01 1.648103848007147576e+02 6.998030071643182737e+01
1.546643058887570987e+04 1.738686979753010746e+02 6.592672581727047998e+01 1.638334902196475582e+02 6.977050249390950398e+01
1.546698284836801031e+04 1.735926681559342342e+02 6.643840756737154152e+01 1.628461500907070274e+02 6.961847006230436818e+01
1.546744276524579072e+04 1.733489109987182246e+02 6.720207815958434594e+01 1.618711402192404591e+02 6.940064576966510401e+01
1.546788322420092845e+04 1.732196178114583347e+02 6.801531328247601493e+01 1.608789448638332260e+02 6.927811506095380878e+01
1.546832739416962613e+04 1.732448193352213934e+02 6.865274183671728281e+01 1.598814543383817011e+02 6.922173893627355312e+01
1.546876844839459773e+04 1.735736454867630982e+02 6.921646488077178105e+01 1.588832897254522152e+02 6.926749021426498132e+01
1.546922515586593181e+04 1.740929277611885482e+02 6.972272045531521201e+01 1.578911384675899683e+02 6.939221503215790676e+01
1.546971891087869153e+04 1.744983832109120669e+02 7.007920642888076657e+01 1.569005253711839885e+02 6.952859350056959897e+01
1.547025956191946352e+04 1.748326536526929260e+02 7.032837527799959787e+01 1.559091031953949482e+02 6.958468623002991649e+01
1.547076691140711955e+04 1.749793237069705185e+02 7.086554526111567043e+01 1.549206341007470087e+02 6.943630440110864299e+01
1.547124709801054087e+04 1.751193756099148118e+02 7.168961505922808897e+01 1.539243465468836405e+02 6.937700826082193828e+01
1.547172277254897745e+04 1.753318732210644271e+02 7.270484046938874201e+01 1.529364969801321763e+02 6.948859632854237134e+01
1.547218960921887447e+04 1.755001151232198708e+02 7.360151877168324575e+01 1.519912764619741097e+02 6.981208869222008673e+01
1.547264140744108772e+04 1.756832105511295765e+02 7.392499554808645712e+01 1.510701450783542441e+02 7.020122536858444562e+01
1.547307686159259174e+04 1.759033964575754965e+02 7.387128160064064275e+01 1.501512029833043016e+02 7.059402214651895235e+01
1.547349184826820056e+04 1.761220636353116902e+02 7.377315961644858078e+01 1.492502288421819117e+02 7.102688964050067000e+01
1.547389950517760008e+04 1.762984293005790164e+02 7.400847215708031968e+01 1.483430592275787205e+02 7.144372673729267831e+01
1.547432692489102192e+04 1.765265530505361085e+02 7.453681596826274358e+01 1.474873867399403764e+02 7.196065951373682879e+01
1.547476560995539694e+04 1.767526566392941163e+02 7.510065654668703417e+01 1.466419192124892561e+02 7.249329740804940059e+01
1.547521365905028688e+04 1.769197686849200011e+02 7.548111768677675570e+01 1.457627422679361473e+02 7.296979206783723271e+01
1.547567532679970464e+04 1.770826736575740767e+02 7.566412588428735830e+01 1.448754435945927526e+02 7.343013838999806353e+01
1.547614590358884379e+04 1.771117095904446899e+02 7.579875072095751420e+01 1.439735888143451348e+02 7.386148294535101400e+01
1.547663507370401931e+04 1.769324584982234114e+02 7.584517006934746064e+01 1.430835879469295548e+02 7.431680890807018613e+01
1.547715658382721631e+04 1.765294200816911427e+02 7.612418355918586599e+01 1.421752789699644097e+02 7.473510465312550366e+01
1.547770872643236362e+04 1.758076563023354026e+02 7.690893515375987022e+01 1.412782535485717972e+02 7.517473891810416831e+01
1.547824980837427938e+04 1.753892656864260573e+02 7.751680783413388554e+01 1.404295881560072985e+02 7.570211124924902890e+01
1.547874798033840671e+04 1.749804221717878363e+02 7.806244316596608712e+01 1.396082263104615890e+02 7.627181390799215421e+01
1.547920523257037530e+04 1.744378554196160849e+02 7.866962961757964479e+01 1.387303169763625021e+02 7.673453194858927873e+01
1.547962674681175304e+04 1.737867461210259705e+02 7.929499481635744473e+01 1.377656462708797562e+02 7.699693623182513136e+01
1.548002388060974408e+04 1.731574359240011063e+02 8.008961691101340818e+01 1.367844223235912011e+02 7.716872192699207744e+01
1.548041226425435707e+04 1.726679789637431099e+02 8.097296267810213521e+01 1.357868372538401047e+02 7.715694536976677398e+01
1.548078545877715442e+04 1.724905054726814626e+02 8.192260379960966077e+01 1.347948892032954404e+02 7.703059366445667422e+01
1.548114715608478946e+04 1.723876272115451798e+02 8.285748407867397702e+01 1.338060294164132529e+02 7.688234442755401687e+01
1.548150908391071061e+04 1.724647150816737167e+02 8.367812744303057571e+01 1.328171034159447288e+02 7.674068778967325954e+01
1.548189094580669553e+04 1.729472292031714744e+02 8.436926366220762930e+01 1.318209313716558881e+02 7.672290973672146208e+01
1.548226541645647922e+04 1.734099121986524779e+02 8.508839613539004176e+01 1.308412044486224488e+02 7.689949078978665398e+01
1.548263886502053174e+04 1.736085786983590253e+02 8.584001894710191038e+01 1.299099883755217775e+02 7.725847466589063117e+01
1.548302341836800042e+04 1.734206711543054951e+02 8.660063450127670137e+01 1.290304055551464728e+02 7.773225485020677183e+01
1.548339779902371811e+04 1.734725952978388648e+02 8.739555971528906753e+01 1.281819130368241417e+02 7.826143138195573101e+01
1.548375466647252688e+04 1.739534036141155298e+02 8.813454681828177684e+01 1.273410515943703700e+02 7.880157981797785283e+01
1.548413156076329324e+04 1.745558990192444639e+02 8.895263513375627440e+01 1.265454435828106483e+02 7.940613478099575673e+01
1.548451142615804747e+04 1.751657370673441392e+02 8.980096233689596374e+01 1.257925166853705861e+02 8.006412375238029711e+01
1.548487611483140608e+04 1.757643338746452173e+02 9.056801407503630230e+01 1.250648031723112723e+02 8.074943092443066917e+01
1.548523634502787900e+04 1.763522126418817777e+02 9.128460918604710628e+01 1.243608396512967715e+02 8.145952781002432630e+01
1.548560701553168474e+04 1.769341709757644878e+02 9.202581744262205632e+01 1.236417191182647599e+02 8.215441303963433484e+01
1.548598359173470635e+04 1.775031776220712914e+02 9.276616121318393482e+01 1.229195702023021965e+02 8.284610665362157533e+01
1.548636390888051392e+04 1.780450897665819525e+02 9.350876286789133474e+01 1.221767183320169181e+02 8.351493223849955427e+01
1.548677525674830395e+04 1.785106753101742640e+02 9.437165682143380252e+01 1.214020667605830823e+02 8.414729737001982812e+01
1.548720783904102791e+04 1.787876091466516471e+02 9.536164165564042605e+01 1.205891252780343024e+02 8.472200214381786054e+01
1.548763242382077624e+04 1.788254195843624359e+02 9.640751972549081472e+01 1.196737215846638804e+02 8.511085716901907006e+01
1.548805080024199196e+04 1.787495316267091425e+02 9.746729630265804190e+01 1.186978291281902784e+02 8.532560482511485134e+01
1.548846594266657667e+04 1.786529291020240464e+02 9.851420364570398647e+01 1.177068685667436370e+02 8.545069472586703796e+01
1.548888567856381997e+04 1.785069720354235869e+02 9.956330695968300404e+01 1.167078468308467194e+02 8.549140312428563959e+01
1.548929852576355370e+04 1.783669654150466215e+02 1.005961895083419222e+02 1.157081779260458916e+02 8.548907317036895392e+01
1.548968718649062430e+04 1.782255252928509606e+02 1.015735174742491580e+02 1.147089419111314754e+02 8.545011458270312232e+01
1.549009057634124110e+04 1.780108496611069029e+02 1.025660853298027178e+02 1.137093546781716498e+02 8.542466507124251507e+01
1.549049825076830348e+04 1.777506085473708026e+02 1.035463664524391589e+02 1.127093926641255308e+02 8.541681292260022929e+01
1.549088628260762380e+04 1.774911825579724223e+02 1.044765461120622234e+02 1.117101495313081614e+02 8.538683380319874061e+01
1.549128098559729006e+04 1.772285268197844346e+02 1.053993953191782253e+02 1.107122523731531629e+02 8.535801273945916989e+01
1.549171147024578568e+04 1.769816011387289905e+02 1.063667080711820603e+02 1.097138435325749981e+02 8.541428480007036228e+01
1.549215783288616512e+04 1.767872613559952413e+02 1.073556199082065348e+02 1.087150997467866489e+02 8.546438146329622043e+01
1.549262613255318138e+04 1.765779923364245576e+02 1.083519705563929705e+02 1.077161656264778031e+02 8.551039175728794817e+01
1.549312496022724372e+04 1.763219532942215437e+02 1.093780073383507272e+02 1.067186592289200036e+02 8.550404665376808566e+01
1.549367677979402470e+04 1.760689102568668716e+02 1.104759487231002879e+02 1.057239962993534732e+02 8.545189867566672604e+01
1.549426058459926571e+04 1.758956626622459680e+02 1.115923973129552564e+02 1.047265205450274834e+02 8.552061496691641196e+01
1.549483505194638929e+04 1.758047222365569269e+02 1.124711516583041657e+02 1.037310163685630613e+02 8.559886839836367756e+01
1.549703201563767470e+04 1.757046077540625788e+02 1.130353958942060899e+02 1.027520756192987363e+02 8.561777728765021322e+01
1.550120278879143007e+04 1.754847001762250613e+02 1.139276517301129701e+02 1.017829176836755636e+02 8.548574496566503456e+01
1.550233200842729093e+04 1.754664145964565023e+02 1.152706132098627023e+02 1.007917427299251614e+02 8.557692746267670714e+01
1.550310992993158652e+04 1.754432978536736414e+02 1.163670336303714663e+02 9.979237719590611277e+01 8.555231613746238395e+01
1.550378155938646523e+04 1.753201045535656135e+02 1.173487997035499575e+02 9.879540353205464953e+01 8.560479465602018934e+01
1.550436365602697879e+04 1.750955801775668874e+02 1.182624023795465860e+02 9.780153979868661906e+01 8.567514047338814009e+01
1.550487668893672890e+04 1.749014746533041773e+02 1.191340219609186306e+02 9.680263614173424003e+01 8.562833763114005592e+01
1.550539510217569295e+04 1.747753479610688885e+02 1.200358457773451875e+02 9.580347185457067383e+01 8.558810088701790164e+01
1.550593120181815539e+04 1.747808935280297931e+02 1.210225269694859094e+02 9.480724493575807799e+01 8.561716966086285652e+01
1.550646954613182425e+04 1.748025375209513186e+02 1.220314243438043462e+02 9.382066816641869877e+01 8.577815838126564074e+01
1.550701068624701111e+04 1.746589294995008856e+02 1.230140161864559047e+02 9.283372363590268606e+01 8.591778131443881250e+01
1.550754646767541817e+04 1.744017411843174159e+02 1.239150918637716074e+02 9.183478646311451143e+01 8.591476308152248009e+01
1.550813220076905782e+04 1.741222394330281134e+02 1.248052871060619822e+02 9.084126825058811505e+01 8.581259573468911128e+01
1.550942070488864192e+04 1.738644661125608479e+02 1.257369581055832697e+02 8.985165612597039342e+01 8.567601358398322020e+01
1.551294757631019820e+04 1.735438621332178570e+02 1.267500790080868285e+02 8.885654998427709472e+01 8.558067668279250029e+01
1.551677677047631187e+04 1.731694885868946585e+02 1.279432820984943504e+02 8.786207940486141865e+01 8.549241050568777212e+01
1.551751233819744630e+04 1.729434618776440686e+02 1.291020760443474842e+02 8.686366179798220344e+01 8.545184275365991766e+01
1.551807722275141350e+04 1.726442178578477922e+02 1.300990745058382743e+02 8.587242126053115499e+01 8.532691469012209495e+01
1.551856937214297432e+04 1.723276274697512633e+02 1.310252424983497974e+02 8.488907800291084982e+01 8.514515975682968474e+01
1.551905014909915553e+04 1.720597236008866844e+02 1.319876907171627920e+02 8.390252088536027486e+01 8.498453898494284431e+01
1.551955431255511212e+04 1.718696527585238698e+02 1.330466574697641420e+02 8.290727247738436745e+01 8.490051234916302292e+01
1.552005912602373974e+04 1.717740301421701474e+02 1.341293189764358544e+02 8.190747489436991202e+01 8.489590920204399538e+01
1.552054544774874012e+04 1.717387129549675535e+02 1.351594824590747521e+02 8.090797314592141731e+01 8.492545588799973189e+01
1.552101838466364097e+04 1.716966361719778149e+02 1.361268957020323285e+02 7.990873768599034577e+01 8.496382053366181708e+01
1.552151166565657695e+04 1.716110438624939150e+02 1.371392889600290630e+02 7.890955075453825884e+01 8.500206060768141469e+01
1.552203843134652197e+04 1.714789785069752384e+02 1.381950411249044066e+02 7.791088441221614858e+01 8.505347985733065741e+01
1.552258838104334245e+04 1.713626584617000503e+02 1.391834883933403546e+02 7.691169722026128852e+01 8.509308516325272365e+01
1.552318273909952222e+04 1.713830859414294423e+02 1.400928035617325236e+02 7.591655510515886363e+01 8.516984311865330426e+01
1.552415751289029322e+04 1.714826155348450811e+02 1.408618455906582767e+02 7.492971381820085242e+01 8.533142235676594112e+01
1.552610034875155725e+04 1.710383185714743774e+02 1.416156804744778412e+02 7.399422766177823974e+01 8.524077291274187473e+01
1.552802837386013016e+04 1.701619358318324089e+02 1.426015975447612618e+02 7.307503161579262496e+01 8.490682465306733206e+01
1.552900486479166466e+04 1.697631736493408994e+02 1.436599950160356514e+02 7.208276995601040937e+01 8.478279730756794663e+01
1.552972043154624407e+04 1.695322067249825864e+02 1.447149879910381856e+02 7.108639642933631819e+01 8.471944810211198273e+01
1.553038631206834179e+04 1.694743242575281670e+02 1.457964322734346183e+02 7.008895046546264496e+01 8.476700359013395314e+01
1.553102541638003640e+04 1.694606562837150534e+02 1.468345976200801317e+02 6.910387361473127044e+01 8.492792083312949103e+01
1.553164392617875819e+04 1.693461218513442645e+02 1.478092478713714399e+02 6.811849722610996594e+01 8.508441555061313011e+01
1.553225645896447168e+04 1.691830386937973287e+02 1.487527729978299362e+02 6.712212206051893304e+01 8.508605069176228142e+01
1.553287941807386051e+04 1.690728543642049715e+02 1.497416141505425458e+02 6.612386530928351647e+01 8.505950852605809587e+01
1.553351163212139909e+04 1.689898614777847001e+02 1.508092692493010247e+02 6.512551954877390870e+01 8.511087533091590274e+01
1.553413219775191828e+04 1.688978715529772785e+02 1.518975675721079028e+02 6.413070437078947350e+01 8.521010592352168089e+01
1.553472581565375003e+04 1.687799893894292893e+02 1.529550752156824842e+02 6.313635993578020589e+01 8.531526098619438869e+01
1.553528618220765566e+04 1.686694155164004485e+02 1.539570480468719040e+02 6.213945505253406765e+01 8.539282027827529475e+01
1.553582241894891558e+04 1.685398125885120919e+02 1.549186345229581718e+02 6.114047880898737475e+01 8.542221795273944451e+01
1.553635327222439810e+04 1.683379565684569741e+02 1.558922404906271026e+02 6.014293344981310696e+01 8.536993324926766036e+01
1.553688528296414552e+04 1.680645441691166866e+02 1.568378258897561182e+02 5.914798373187500857e+01 8.526961974105543618e+01
1.553742272340014097e+04 1.677361910632954221e+02 1.577300787366887675e+02 5.815888756848007546e+01 8.512716381122301357e+01
1.553796088891641557e+04 1.673673838875524496e+02 1.586138211344257343e+02 5.718282657955836612e+01 8.491262801778121627e+01
1.553851151163891518e+04 1.669228528622359136e+02 1.595264136511981974e+02 5.620807738158833189e+01 8.469073793359359570e+01
1.553907279301196650e+04 1.664279193566816559e+02 1.604618128505632342e+02 5.523242633595836537e+01 8.447224773848834900e+01
1.553961447517149463e+04 1.659007454084078859e+02 1.613335025949116073e+02 5.427156627294824887e+01 8.419776797933894841e+01
1.554013538730109758e+04 1.652721074968405617e+02 1.621044013364828800e+02 5.337902865179795953e+01 8.376562053777082895e+01
1.554065372239613498e+04 1.645712951927992833e+02 1.627666687358135391e+02 5.260243311059551274e+01 8.314269812729389741e+01
1.554119165835267268e+04 1.638017011351829240e+02 1.632562027918444301e+02 5.192099688900171373e+01 8.241270864586446976e+01
1.554173730693922880e+04 1.628825339200091662e+02 1.636546144460426433e+02 5.133689580663678242e+01 8.160408600809476809e+01
1.554225211289627077e+04 1.619014471333713345e+02 1.640621979604993044e+02 5.080238534011574103e+01 8.075892685063993781e+01
1.554275867193472732e+04 1.608930996295638636e+02 1.643861914552695112e+02 5.031873255353106345e+01 7.988535287932634787e+01
1.554327762463269210e+04 1.598347040698620845e+02 1.645081215012198470e+02 4.992847504147274407e+01 7.896596887060522363e+01
1.554379360555588391e+04 1.588208651751766354e+02 1.644635194996183714e+02 4.972002685771509789e+01 7.799655650359950698e+01
1.554433763850535433e+04 1.577988996572091764e+02 1.643620102127333382e+02 4.971528568426310812e+01 7.699968339701244702e+01
1.554492505276187876e+04 1.567421439044772171e+02 1.642406315849655130e+02 4.974531382834931037e+01 7.600056053412941992e+01
1.554554460771512458e+04 1.556698933041417945e+02 1.641482823120597061e+02 4.971817932043445154e+01 7.500130872169734175e+01
1.554615268152059980e+04 1.546112055109374808e+02 1.640726639669015583e+02 4.958917337728930619e+01 7.401199491425677479e+01
1.554672641769230540e+04 1.535876898450451904e+02 1.638643403611813483e+02 4.950622852026364740e+01 7.301950739656949452e+01
1.554729431716964245e+04 1.528298893286994087e+02 1.634082129604607019e+02 4.959759991652558142e+01 7.202706193772941390e+01
1.554920601140828876e+04 1.534858149324764724e+02 1.637607654658285128e+02 5.003965019639330336e+01 7.149663258322721049e+01
1.554978320592394448e+04 1.546188737112582032e+02 1.640411183314968468e+02 4.980173612852032505e+01 7.246366908037614962e+01
1.555031624956072119e+04 1.557417134304035073e+02 1.643986866755681717e+02 4.976037267510879758e+01 7.345991015315833295e+01
1.555080422155147426e+04 1.567592988274012669e+02 1.647826612165772531e+02 4.953884872949603135e+01 7.443499325669310451e+01
1.555128097289514517e+04 1.577793624630001261e+02 1.650915826546194580e+02 4.935189882593174104e+01 7.541723947382152460e+01
1.555175116498622265e+04 1.588462640231323917e+02 1.651819129483097583e+02 4.921686972048127728e+01 7.640744678532075795e+01
1.555219756992881776e+04 1.598889459372547890e+02 1.651443153739986940e+02 4.919056099823676931e+01 7.740562559767664652e+01
1.555261685134751133e+04 1.608660830797679466e+02 1.650537724602917251e+02 4.929628479150730413e+01 7.840001089700399461e+01
1.555304310757509484e+04 1.618728731541781940e+02 1.648701538711130183e+02 4.942633480378810873e+01 7.939097165050569060e+01
1.555346196109028278e+04 1.628379171331741304e+02 1.645585266421361439e+02 4.965283311531057109e+01 8.036389274749986100e+01
1.555384177241038924e+04 1.636593808758291004e+02 1.642187275404355944e+02 5.000019949551277421e+01 8.130077225902147120e+01
1.555423522467444491e+04 1.645274477084938383e+02 1.638193509572136861e+02 5.045700217997775638e+01 8.218831018398955734e+01
1.555463999243418584e+04 1.654086843746969180e+02 1.633598871571212499e+02 5.104173461460862171e+01 8.299927081300789666e+01
1.555502068328930363e+04 1.661232154674696631e+02 1.628581611567717857e+02 5.166902785822345123e+01 8.377796240199810995e+01
1.555541124016679714e+04 1.667135327672284859e+02 1.622632981165151307e+02 5.234052736470364664e+01 8.451516535947878594e+01
1.555587050845990234e+04 1.672863642476010853e+02 1.615862623296449385e+02 5.312598986838614223e+01 8.513392316021389661e+01
1.555636547591857197e+04 1.678497867580468608e+02 1.608780905692821648e+02 5.386309051899296918e+01 8.580429665373071657e+01
1.555686773745250866e+04 1.682617588352219684e+02 1.601684270013045932e+02 5.450399314207184887e+01 8.656434705619912506e+01
1.555758304411666541e+04 1.683397844348822616e+02 1.592858021315151120e+02 5.534509070516608631e+01 8.704721373958932418e+01
1.555847488014733244e+04 1.680520462683076346e+02 1.580556518024256434e+02 5.630104361490894860e+01 8.690790363683063902e+01
1.555912256168018939e+04 1.679092018237487594e+02 1.568982318476366800e+02 5.719532234515170899e+01 8.648085698983202008e+01
1.555961518706001516e+04 1.678686570791068391e+02 1.558646956713183158e+02 5.816707492275838831e+01 8.624584513038227840e+01
1.556006036069099537e+04 1.678677927565760797e+02 1.548560208058232490e+02 5.915041133256989525e+01 8.606849758748344925e+01
1.556047488446167517e+04 1.679161716534154607e+02 1.538673618199059661e+02 6.014549809514828382e+01 8.598411308531966313e+01
1.556086988446042233e+04 1.680151714427653076e+02 1.529118333802717302e+02 6.114540825097499521e+01 8.597104998669034615e+01
1.556128915288522330e+04 1.682382617718249946e+02 1.518862826026899882e+02 6.214455564153798406e+01 8.598186513083783211e+01
1.556172457630856661e+04 1.685310162132008429e+02 1.508105283517613771e+02 6.314128326944760516e+01 8.606092124899473106e+01
1.556214272478241764e+04 1.687593317430587661e+02 1.497852201240048089e+02 6.413456270211284505e+01 8.617545338283028400e+01
1.556255622435007899e+04 1.688991625649975106e+02 1.487846704633576849e+02 6.512686377350829048e+01 8.629711113605689832e+01
1.556299618026367170e+04 1.689989534634653126e+02 1.477428875906973076e+02 6.612415839375370297e+01 8.634927224493586095e+01
1.556344859547415035e+04 1.691095602454532809e+02 1.466909443545160059e+02 6.712401992550621799e+01 8.633546452687428996e+01
1.556389039776283789e+04 1.692637181127666679e+02 1.456418369163951354e+02 6.812401585365367396e+01 8.633655887886015989e+01
1.556431896024539674e+04 1.694366210309636642e+02 1.445957160422900358e+02 6.912388593587753860e+01 8.634881468018527073e+01
1.556473928111269379e+04 1.696034559928690442e+02 1.435656003466094432e+02 7.012342527362989131e+01 8.637885149090044479e+01
1.556514495828297913e+04 1.697291509906970930e+02 1.425482294518119204e+02 7.112292371646164213e+01 8.639584145188132425e+01
1.556553588648259938e+04 1.698049453103776329e+02 1.415420145212629848e+02 7.212275970079193144e+01 8.637809634085243715e+01
1.556591483851693556e+04 1.698650992530810697e+02 1.405495965268428904e+02 7.312246561200707617e+01 8.635693294702869593e+01
1.556630146816854540e+04 1.699283290079386575e+02 1.395266407365885470e+02 7.412134476584846254e+01 8.631101588552937187e+01
1.556668104390495500e+04 1.700107583616207876e+02 1.385327551895831277e+02 7.511993329564229782e+01 8.626024876728031643e+01
1.556704116058405452e+04 1.700984720168874844e+02 1.376030583299388468e+02 7.611963336529905177e+01 8.623721560966411914e+01
1.556740186890057521e+04 1.701972570706031433e+02 1.366712516705036364e+02 7.711933252418296547e+01 8.621642898133757171e+01
1.556776055469064158e+04 1.703304214596093402e+02 1.357562620491089547e+02 7.811865461473195182e+01 8.620181724248843125e+01
1.556811836511296315e+04 1.704756675228218512e+02 1.348405227907608719e+02 7.911695020113600663e+01 8.625359285027978729e+01
1.556849972481026089e+04 1.706370972938539410e+02 1.338620224513407493e+02 8.011276645615077996e+01 8.634491647044627882e+01
1.556889609266287334e+04 1.708436210983112176e+02 1.328963213907586578e+02 8.110455745131326921e+01 8.646724164378487387e+01
1.556929390701955708e+04 1.710659575319710370e+02 1.319681377122339541e+02 8.209014559629918040e+01 8.663629184317926502e+01
1.556971425127132898e+04 1.712285797492586994e+02 1.309616554792509362e+02 8.308137080579327005e+01 8.675581834735938003e+01
1.557014665906536538e+04 1.712639470105917496e+02 1.299339318327959631e+02 8.408074305157346373e+01 8.678826514799766301e+01
1.557056722664642803e+04 1.711967483727405011e+02 1.289663912575692564e+02 8.507913113022121365e+01 8.676371420709259041e+01
1.557098427810141038e+04 1.711740360493309367e+02 1.279918354763850203e+02 8.607444234488202994e+01 8.666705308842041688e+01
1.557140868371671786e+04 1.712663342905525212e+02 1.269537421998109181e+02 8.706953893453506055e+01 8.656820515425886242e+01
1.557183865378364499e+04 1.714258583113428074e+02 1.258903367862439779e+02 8.806335663385368662e+01 8.645904026088180672e+01
1.557225135222589961e+04 1.716597166820533005e+02 1.249081032874078119e+02 8.905687654529168640e+01 8.639052981943258658e+01
1.557265199128592758e+04 1.719712481214764637e+02 1.239939896130051551e+02 9.005430535107531398e+01 8.645912528438485367e+01
1.557306504243036943e+04 1.722714561621385201e+02 1.230372307164349763e+02 9.105139333515306532e+01 8.652512721108911364e+01
1.557348437146897231e+04 1.725583401870556770e+02 1.220305717244612964e+02 9.204822186973066778e+01 8.658413065304081613e+01
1.557389508993898198e+04 1.728468776357265426e+02 1.210290249033355252e+02 9.304270927618168230e+01 8.668269420250365442e+01
1.557430680855750688e+04 1.730946164763065553e+02 1.200010181948842529e+02 9.404182648008269041e+01 8.671803374487309668e+01
1.557471578226432030e+04 1.732901117422406116e+02 1.189590973902189859e+02 9.504144386078402817e+01 8.673901153197272151e+01
1.557511258191298293e+04 1.733989081273729767e+02 1.179755746853655438e+02 9.604079131336351338e+01 8.677299359636513998e+01
1.557549730462004663e+04 1.733684011338966968e+02 1.171317854433694094e+02 9.704059558368021499e+01 8.677603712292317084e+01
1.557592559255780543e+04 1.731692285841693888e+02 1.164321478563800980e+02 9.803098849635767920e+01 8.667776164368419245e+01
1.557650725316053831e+04 1.727595489121476930e+02 1.159371464640691727e+02 9.894907934622190737e+01 8.632328634895085884e+01
1.557729233748930528e+04 1.723282664469170982e+02 1.154799017276111925e+02 9.972463235796823255e+01 8.570119094692158512e+01
1.557809930043922577e+04 1.723320685406841335e+02 1.146400227501351736e+02 1.005295656531705220e+02 8.516285018548302332e+01
1.557869227975388094e+04 1.727105887241775406e+02 1.136824258412672606e+02 1.014975050552912137e+02 8.511949966319025407e+01
1.557915881791596439e+04 1.730143665897881817e+02 1.129212417464845117e+02 1.024628072555077551e+02 8.537574083872019060e+01
1.557962512830147352e+04 1.731470908382985954e+02 1.122155537412161408e+02 1.034357429385064080e+02 8.558687277302540508e+01
1.558020878479093517e+04 1.730796970945014266e+02 1.112958834720742090e+02 1.044297609978520143e+02 8.559542381791695220e+01
1.558086155259559928e+04 1.729853966031685673e+02 1.101118868423355366e+02 1.054260210640698858e+02 8.550973180828286502e+01
1.558139976754626696e+04 1.729611168494348874e+02 1.089823441495531853e+02 1.064245719130345407e+02 8.548373641047467686e+01
1.558182430760499301e+04 1.728996292124666923e+02 1.080073323793420315e+02 1.074244651422395123e+02 8.549730815689187580e+01
1.558221035020104500e+04 1.728252063555958955e+02 1.070886274670431817e+02 1.084243752989285667e+02 8.549259254955148890e+01
1.558259221639323005e+04 1.727786852514281009e+02 1.061647065262574614e+02 1.094185583173185705e+02 8.540736213933082865e+01
1.558297701249860802e+04 1.728440122341203278e+02 1.052484024939742540e+02 1.104074767056586381e+02 8.525890236882041506e+01
1.558335136779909044e+04 1.730031878949551185e+02 1.044046643831112959e+02 1.114018422782855424e+02 8.520740306375412842e+01
1.558373014667803909e+04 1.731484411012621649e+02 1.037733715589315437e+02 1.124005232960457192e+02 8.525719084337953291e+01
1.558429878161004308e+04 1.734551737370068736e+02 1.033052600455894208e+02 1.133994201368111874e+02 8.530111276763011574e+01
1.558513461405056296e+04 1.740185099011129921e+02 1.027444703212936048e+02 1.142242301613257496e+02 8.570834856847282879e+01
1.558579993923812617e+04 1.742156594540703907e+02 1.020161846517001720e+02 1.150833321177355941e+02 8.606128216165436129e+01
1.558628775519456212e+04 1.738620963399916093e+02 1.010836514082791808e+02 1.160652912975287165e+02 8.594334663630854720e+01
1.558675055100034842e+04 1.734483428163590304e+02 1.000675506341508907e+02 1.169662494425584782e+02 8.553541880771777528e+01
1.558715260064079848e+04 1.730707132809630480e+02 9.915483356912221780e+01 1.178283045996307123e+02 8.502867834198060848e+01
1.558753569371370213e+04 1.726749510701847043e+02 9.824926706286376543e+01 1.186763987056096710e+02 8.449947878163926873e+01
1.558792040108628134e+04 1.722809188760433017e+02 9.730085323762443750e+01 1.195114079088410222e+02 8.394925268349048508e+01
1.558828302044192242e+04 1.717765892687205564e+02 9.648949527884694533e+01 1.203569379968864013e+02 8.341561119894714693e+01
1.558865191643923936e+04 1.710873948648182932e+02 9.578810191952364050e+01 1.211606518138756456e+02 8.282435308811513153e+01
1.558903802023434946e+04 1.703603319720401146e+02 9.505800155137994523e+01 1.218793397620844274e+02 8.213186215940484658e+01
1.558940837030246075e+04 1.697256107823502589e+02 9.430451018593170431e+01 1.225568164258924924e+02 8.139636210067094169e+01
1.558976554158430554e+04 1.691553693914428038e+02 9.352828952482356328e+01 1.232532588912943936e+02 8.067920822774389933e+01
1.559014021370775663e+04 1.686777452392740884e+02 9.262948759682383582e+01 1.240104599154800837e+02 8.002832631655655860e+01
1.559051678180716772e+04 1.682762717726957931e+02 9.170015441885546181e+01 1.248390493401826404e+02 7.947159529554619439e+01
1.559088098803953653e+04 1.679193279944086328e+02 9.082127579527707439e+01 1.257066632235601986e+02 7.897474961794198123e+01
1.559127026205212132e+04 1.675494473538844318e+02 8.990262399413968808e+01 1.265996971285559027e+02 7.852578400100813383e+01
1.559167414436104991e+04 1.670864039137066186e+02 8.905769887094182025e+01 1.275009947685364011e+02 7.809260847940439021e+01
1.559206492120324219e+04 1.665123464444910724e+02 8.848985592199629480e+01 1.283885692444191591e+02 7.763241737019801292e+01
1.559246572956885393e+04 1.658409193017398024e+02 8.823482573212641000e+01 1.292782505521072096e+02 7.717612460387701390e+01
1.559287635591640537e+04 1.658600315393038613e+02 8.779415412491268000e+01 1.301992804342288252e+02 7.678986982222460256e+01
1.559327542855401043e+04 1.661969113748746452e+02 8.704413960800246741e+01 1.311490833372939449e+02 7.647868948249829657e+01
1.559366753792635791e+04 1.662682071149839373e+02 8.617352409607730124e+01 1.321318763137427652e+02 7.633088152630053003e+01
1.559407621717250913e+04 1.665604440855580890e+02 8.537648909979351686e+01 1.331293126679480565e+02 7.625964586011014035e+01
1.559448791605152110e+04 1.671857415547590904e+02 8.482392736721361359e+01 1.341272479040862038e+02 7.626514800483147383e+01
1.559488081154467545e+04 1.675577331438051374e+02 8.450935293942443138e+01 1.351040407785104662e+02 7.645233322919162333e+01
1.559527771073252006e+04 1.675532160845938563e+02 8.420965741186701337e+01 1.360837874423417304e+02 7.664309953850066393e+01
1.559571471901947007e+04 1.675087775898635130e+02 8.407717825446707138e+01 1.370782696442927886e+02 7.674168596509903750e+01
1.559617904120484855e+04 1.674754841123067592e+02 8.407978239601935400e+01 1.380770510482378484e+02 7.675002753403165912e+01
1.559661566247975679e+04 1.671396872684782693e+02 8.401740613497082677e+01 1.390728918330400177e+02 7.666846542163096956e+01
1.559703045269968243e+04 1.666564220788397108e+02 8.370868978714773334e+01 1.400704341384772533e+02 7.661875326996171509e+01
1.559746549023037733e+04 1.665888299695340038e+02 8.334201895030774665e+01 1.410427328340680333e+02 7.643081466658114209e+01
1.559791766319949056e+04 1.667304711943670839e+02 8.324785387683830606e+01 1.419763272866905766e+02 7.607595098650824639e+01
1.559836604421053198e+04 1.667735179338964713e+02 8.325638506432841268e+01 1.428815212761945759e+02 7.565188514396460562e+01
1.559879989366895825e+04 1.667083670402581959e+02 8.290255289940589023e+01 1.437208734478270458e+02 7.511492127313472622e+01
1.559919618150267161e+04 1.665723750440338620e+02 8.219219012248552758e+01 1.445155591267612749e+02 7.450804942401870790e+01
1.559960773224915101e+04 1.663596185125502700e+02 8.134103069687462551e+01 1.452232018622851513e+02 7.380739649724598905e+01
1.560000055526731558e+04 1.660331507279479126e+02 8.058885720033896405e+01 1.458595777102078443e+02 7.303635667333148263e+01
1.560034472999227546e+04 1.655850115040742594e+02 8.000855290323747226e+01 1.465370652498302491e+02 7.230304030339144106e+01
1.560069751151709352e+04 1.650170014118123163e+02 7.939412274489421861e+01 1.472422737154080608e+02 7.159406369493484590e+01
1.560105387598427478e+04 1.644514623305205134e+02 7.875760925816555869e+01 1.479397474205090361e+02 7.087747045059062145e+01
1.560140500372006318e+04 1.638828368164629978e+02 7.818917184315861846e+01 1.486830234969764035e+02 7.021079683950334527e+01
1.560178245789422726e+04 1.631945802577268125e+02 7.757151411544751340e+01 1.494094103782967125e+02 6.952555305648461115e+01
1.560218293960730989e+04 1.624339673009149010e+02 7.686555711122973378e+01 1.500292700111282045e+02 6.874485831242236600e+01
1.560257479522603353e+04 1.615818454433969862e+02 7.633483655464510775e+01 1.505449742437336056e+02 6.788966114730010304e+01
1.560297496826567294e+04 1.605778845094527014e+02 7.603879451652863963e+01 1.508870849504720866e+02 6.695724515813063249e+01
1.560339372595030000e+04 1.595391472267593258e+02 7.572750858291411191e+01 1.511089335647388054e+02 6.598259751557799291e+01
1.560379290809956728e+04 1.585858818489294606e+02 7.535271486918625783e+01 1.512781313503555225e+02 6.499731208927252624e+01
1.560416682801619390e+04 1.577527782368485987e+02 7.494435860334327515e+01 1.513597902424392316e+02 6.400210284397188332e+01
1.560455084493156755e+04 1.568999530803621383e+02 7.452956741427470888e+01 1.514432817194390566e+02 6.300616150279249439e+01
1.560493590187858717e+04 1.559371543778169382e+02 7.429567094018888440e+01 1.515754732936571543e+02 6.201509634201265442e+01
1.560530324382615618e+04 1.549704171074556314e+02 7.408245749513521616e+01 1.516673215483333195e+02 6.102020996526575658e+01
1.560567012580640403e+04 1.540454132408568171e+02 7.377492749914746639e+01 1.517538131998315691e+02 6.002417803066553859e+01
1.560603601671145771e+04 1.531573271411759549e+02 7.353118825689421101e+01 1.518495645654213320e+02 5.902878728608457237e+01
1.560638716779274546e+04 1.523732973502668528e+02 7.327675252769915915e+01 1.518979095556902905e+02 5.803051974775340938e+01
1.560675783523336759e+04 1.515297066504361965e+02 7.297176342100519264e+01 1.519126319885785961e+02 5.703064593763876644e+01
1.560715250230117272e+04 1.506692119591407391e+02 7.269527976180420126e+01 1.518891392718431632e+02 5.603126014181425063e+01
1.560753431330016792e+04 1.502425669520439158e+02 7.251137072506189440e+01 1.518105036848771192e+02 5.503472699146473701e+01
1.560790455039669541e+04 1.499587156190341943e+02 7.215874174596727642e+01 1.517082135699993728e+02 5.403997457899009760e+01
1.560829087682313730e+04 1.494425221972391853e+02 7.163997772668395214e+01 1.515966552641842213e+02 5.304623457367425488e+01
1.560866634447559227e+04 1.488560287127031074e+02 7.108157904974309815e+01 1.515471135180394526e+02 5.204879650158206061e+01
1.560903579016721778e+04 1.483797077015417187e+02 7.038406312679515509e+01 1.516105706268567417e+02 5.105241870017417227e+01
1.560943058893096349e+04 1.478523187194006709e+02 6.964144552482362371e+01 1.517564599232448472e+02 5.006357941475766893e+01
1.560982481166749312e+04 1.471513111709795965e+02 6.904068363713720657e+01 1.519102101859130016e+02 4.907554174593079210e+01
1.561019939811546465e+04 1.464692875024939269e+02 6.846408073980347808e+01 1.520500825921643013e+02 4.808537921450925978e+01
1.561058118755096439e+04 1.458414270799784731e+02 6.793685429573429246e+01 1.521208290818646276e+02 4.708920696088115676e+01
1.561096920905622937e+04 1.449972908701753624e+02 6.772883552578814204e+01 1.521320678433675937e+02 4.608938955399079873e+01
1.561133417347421528e+04 1.440626817600673633e+02 6.769935537880266452e+01 1.521146612201877986e+02 4.508962434079680293e+01
1.561169402835086112e+04 1.431225277843159915e+02 6.765656394154397901e+01 1.520471311964538472e+02 4.409239012804545865e+01
1.561207433972881336e+04 1.421082828347136058e+02 6.763363876382568662e+01 1.520023976416787264e+02 4.309404265971717507e+01
1.561245275933747871e+04 1.411274978562812805e+02 6.774834077161357015e+01 1.520521644863791551e+02 4.209660756293068573e+01
1.561281557246244665e+04 1.401473415487982948e+02 6.783881932249013857e+01 1.521256808973398904e+02 4.109938890163265057e+01
1.561318184934672354e+04 1.391305306545476412e+02 6.782310290013259646e+01 1.521946043239186963e+02 4.010177390568900790e+01
1.561355844117534070e+04 1.381185486525657495e+02 6.768801524969579475e+01 1.522401124321122552e+02 3.910301564182391587e+01
1.561392182275401865e+04 1.371756589039655694e+02 6.743293439592831362e+01 1.522298186195573635e+02 3.810354805995392979e+01
1.561428941346793545e+04 1.362309276637753896e+02 6.706656601941827489e+01 1.522222600426511008e+02 3.710378608685082469e+01
1.561466740875238611e+04 1.352704849943132217e+02 6.654894730842396200e+01 1.522655969397386002e+02 3.610509223824153935e+01
1.561503965719077678e+04 1.343450317332026316e+02 6.598513599211840130e+01 1.523141241285771343e+02 3.510634300803101837e+01
1.561541844886052604e+04 1.333714100239626248e+02 6.560783851675600431e+01 1.523964745719603400e+02 3.411029379163967690e+01
1.561581063659208121e+04 1.323105180799652487e+02 6.547706549223534012e+01 1.524748057789441589e+02 3.311362677090508555e+01
1.561619466137155723e+04 1.312926063542940085e+02 6.528086630199449303e+01 1.524738160143683672e+02 3.211475762561522629e+01
1.561657730659391200e+04 1.303564016520782047e+02 6.493609717637959022e+01 1.524379122698753122e+02 3.111540313641109989e+01
1.561698299369817505e+04 1.293512544146746563e+02 6.473997828912317232e+01 1.523290299650369661e+02 3.012298253254186520e+01
1.561738959430824980e+04 1.282986327732885172e+02 6.460798489907040221e+01 1.521599750400054631e+02 2.913746101825127255e+01
1.561777622817742667e+04 1.273034440985934452e+02 6.451922314851415763e+01 1.520494108934388180e+02 2.814499191384206611e+01
1.561818724048230615e+04 1.263057421776937161e+02 6.436835812256053657e+01 1.520049599688275350e+02 2.714617988764955570e+01
1.561861071001404707e+04 1.255190183094113223e+02 6.392328151160362637e+01 1.521201663057057942e+02 2.615899988863578685e+01
1.561902424192924263e+04 1.250038921497751971e+02 6.326508717933403858e+01 1.524622750439399681e+02 2.522630124718406819e+01
1.561945810446852011e+04 1.246933102149499319e+02 6.245766796058642001e+01 1.530264910482027290e+02 2.441021217486171579e+01
1.561992522596761410e+04 1.246507181053387256e+02 6.154706639535033474e+01 1.538322739139109956e+02 2.385060554090351559e+01
1.562037135688847775e+04 1.248536403273249249e+02 6.053058394886080151e+01 1.547846181974633453e+02 2.357630638572574355e+01
1.562077404936490711e+04 1.251768667993966346e+02 5.952355981787729178e+01 1.557783722215973796e+02 2.348866629162814235e+01
1.562116401613480411e+04 1.254526187404771775e+02 5.851371880730520303e+01 1.567776045758500061e+02 2.350177279588436363e+01
1.562156750504908814e+04 1.256093656973244066e+02 5.741476488794569377e+01 1.577772761577214737e+02 2.352373038897301782e+01
1.562195833909061184e+04 1.257884093075158205e+02 5.632131596447928246e+01 1.587772475948730460e+02 2.352970514405405567e+01
1.562232380427216049e+04 1.261059664720500990e+02 5.532954427586341239e+01 1.597772367634521231e+02 2.352705716098508759e+01
1.562269572665938904e+04 1.265293860393391583e+02 5.438328025166177326e+01 1.607757129428512428e+02 2.348066409554070688e+01
1.562308561060678221e+04 1.269181861518590750e+02 5.347480701830340166e+01 1.617747318443164772e+02 2.347212577698213209e+01
1.562348024588855696e+04 1.272161823150974840e+02 5.251266361834784391e+01 1.627706057680658489e+02 2.355264615825105068e+01
1.562386899291585905e+04 1.274354607939190771e+02 5.154717210180899656e+01 1.637674744380226457e+02 2.362712659728432385e+01
1.562426619857472906e+04 1.276609951483329155e+02 5.058447082746660328e+01 1.647640599097923939e+02 2.370761742282762086e+01
1.562466034713463887e+04 1.278792693294104339e+02 4.959158386928756101e+01 1.657601499923758013e+02 2.379586701761865086e+01
1.562501793058563453e+04 1.280734816588090723e+02 4.866144058409054196e+01 1.667552660841749912e+02 2.389412462314887975e+01
1.562537383159778801e+04 1.283427413781222697e+02 4.774393668503864063e+01 1.677463441747591730e+02 2.402596093708593727e+01
1.562573633556251116e+04 1.286431767027872013e+02 4.684809817891869699e+01 1.687318823153314042e+02 2.419458992554783805e+01
1.562607872578327260e+04 1.288079460998936270e+02 4.602651528762776678e+01 1.697108625670745994e+02 2.439785239601991051e+01
1.562643495571433596e+04 1.288582817328380656e+02 4.519132350577552870e+01 1.706866288333897899e+02 2.461665159838357653e+01
1.562681237935509125e+04 1.289138780386509495e+02 4.430072789329081218e+01 1.716713906006600325e+02 2.478645726464321442e+01
1.562719399947502461e+04 1.291481440168021777e+02 4.343294873681704615e+01 1.726675738681298924e+02 2.485485565484025727e+01
1.562757688727077584e+04 1.295709788683460033e+02 4.261874991100084742e+01 1.736674140865248148e+02 2.486089594522177038e+01
1.562796221633213463e+04 1.300776832811100405e+02 4.180092624001603241e+01 1.746673991718512582e+02 2.486211229977839210e+01
1.562832751394992192e+04 1.304567259172351044e+02 4.108317801873269559e+01 1.756661844311028915e+02 2.490369938320067078e+01
1.562869725910767556e+04 1.306087127792274600e+02 4.032335313618479944e+01 1.766654236259715844e+02 2.493748976978955412e+01
1.562909306817074867e+04 1.306616139665193259e+02 3.935470403203359524e+01 1.776651972309834662e+02 2.492977754148499869e+01
1.562948868221642260e+04 1.306907866036339101e+02 3.829483609639289909e+01 1.786650228167758883e+02 2.491127869159133468e+01
1.562988520969382444e+04 1.307207230856309934e+02 3.726639390475330771e+01 1.796649626876727552e+02 2.490149977706556683e+01
1.563030407247519906e+04 1.308393235349437305e+02 3.621325145647995214e+01 1.806643610091843186e+02 2.487141979766592925e+01
1.563075281001362600e+04 1.309446894232501108e+02 3.512656209761983916e+01 1.816640213221377280e+02 2.485065416783487890e+01
1.563124381252782587e+04 1.310823228918173982e+02 3.415267628327747218e+01 1.826639369290776642e+02 2.485697702960443678e+01
1.563179496574311452e+04 1.313063264910082353e+02 3.341482527576447126e+01 1.836635141335080448e+02 2.483938952088067964e+01
1.563243126291518820e+04 1.315959445627445632e+02 3.262373397514885198e+01 1.846538969538241020e+02 2.493904231382010295e+01
1.563593055020791144e+04 1.313310968061563528e+02 3.207078782374655646e+01 1.856297567005085227e+02 2.515466743631612800e+01
1.566274019855795632e+04 1.322719503397421477e+02 3.147398642196646890e+01 1.860698121028705430e+02 2.588692970750460631e+01
1.566447861135839230e+04 1.334109884043191698e+02 3.163586035111561046e+01 1.863362257348856019e+02 2.685073018168063896e+01
1.566486345085152425e+04 1.344082413798455775e+02 3.194900535049508150e+01 1.865137062806398660e+02 2.782777380901127628e+01
1.566523078111687573e+04 1.353846720407990176e+02 3.233471696400169293e+01 1.864984124063469437e+02 2.882543144694616899e+01
1.566557703941359432e+04 1.363033431874334838e+02 3.272251469636709231e+01 1.863941289232811584e+02 2.981986648148932417e+01
1.566590830416776771e+04 1.372070916524537552e+02 3.303643149676193502e+01 1.862925872001470111e+02 3.081444409126550354e+01
1.566624246183969990e+04 1.381496790196829352e+02 3.330572448675475528e+01 1.862449717647236866e+02 3.181278336859104527e+01
1.566656014276141104e+04 1.390311045650445578e+02 3.359382304859015989e+01 1.862496295059133899e+02 3.281261840329560187e+01
1.566687008947913091e+04 1.398884401316209107e+02 3.386671039007698170e+01 1.862841914036782782e+02 3.381195677979043523e+01
1.566718659181795192e+04 1.407624587090595298e+02 3.413484746460594010e+01 1.863261847734852950e+02 3.481105568542061945e+01
1.566749484244802625e+04 1.415664045744876489e+02 3.448478505795892346e+01 1.863424183878436224e+02 3.581069670623150358e+01
1.566781622218824305e+04 1.423862911337280366e+02 3.486204591689723031e+01 1.863357224720109002e+02 3.681067325705021887e+01
1.566814354482617455e+04 1.432552617234317438e+02 3.519998187012212298e+01 1.862767578042215177e+02 3.780704932505128113e+01
1.566847665448792759e+04 1.441377000692274919e+02 3.562579076802524014e+01 1.861643186407502526e+02 3.880054257898645176e+01
1.566882155044459978e+04 1.450293205161523815e+02 3.613033361608800220e+01 1.860764043514532489e+02 3.979665947849068175e+01
1.566914718658930360e+04 1.458801884688585346e+02 3.660249538978440853e+01 1.859624152013585388e+02 4.078950025801854906e+01
1.566947946594955283e+04 1.467652039336650489e+02 3.705943899304261890e+01 1.858369404090346109e+02 4.178106665822205201e+01
1.566982889114087993e+04 1.476752518635767615e+02 3.749383780799561805e+01 1.857648568093782444e+02 4.277827898871218792e+01
1.567016462434717869e+04 1.485437399666798512e+02 3.783313727767297507e+01 1.857006260226776533e+02 4.377609234739361455e+01
1.567049878185800662e+04 1.494350332429403352e+02 3.811366296626278682e+01 1.856577149792539103e+02 4.477421233937690914e+01
1.567083633062970148e+04 1.503382401013902552e+02 3.838566247169859480e+01 1.856733563828699971e+02 4.577403525612724877e+01
1.567116322506594588e+04 1.512185466246787939e+02 3.862165469924636341e+01 1.856733813760496048e+02 4.677356205131226830e+01
1.567149891696385566e+04 1.521606753142140747e+02 3.880899794742730791e+01 1.856659296827150456e+02 4.777307159320427843e+01
1.567183937210184922e+04 1.531314895020441043e+02 3.897656486996962855e+01 1.857046987811548320e+02 4.877222795853501935e+01
1.567216950894789261e+04 1.540722690596684004e+02 3.909775302966654920e+01 1.857484343109913993e+02 4.977120532708954670e+01
1.567250568656267751e+04 1.550207753383152465e+02 3.918490350565972591e+01 1.857742749759678418e+02 5.077085535076931677e+01
1.567284377418460099e+04 1.559567050529607002e+02 3.933759425364809204e+01 1.857994565902836257e+02 5.177051786545597167e+01
1.567318873494706713e+04 1.568877292705505795e+02 3.956780797714005615e+01 1.858057329862743643e+02 5.277007119086740516e+01
1.567354835306619316e+04 1.578331268506146046e+02 3.982493516772557030e+01 1.857624669928572700e+02 5.376895748793791796e+01
1.567389901453493258e+04 1.587108626290743700e+02 4.015103997771907984e+01 1.857251989552100611e+02 5.476780231776895391e+01
1.567424512317113113e+04 1.595478946471993424e+02 4.052565983878513833e+01 1.857083684651543365e+02 5.576754606768562894e+01
1.567460905160898801e+04 1.604391607534845150e+02 4.088542383219842691e+01 1.856593928607472890e+02 5.676620078739658481e+01
1.567498669562717077e+04 1.613580122605280280e+02 4.125548184013057096e+01 1.855836923637547784e+02 5.776329404345089813e+01
1.567537068166085010e+04 1.622572355884095714e+02 4.167386503420981825e+01 1.854539948838697967e+02 5.875358118154654363e+01
1.567577827513945158e+04 1.631952242596910025e+02 4.212634304780343086e+01 1.852655089353381186e+02 5.973565007543929539e+01
1.567620458249426338e+04 1.641505954047844966e+02 4.264324712232667736e+01 1.850506294653899886e+02 6.071195643910154871e+01
1.567662261085741738e+04 1.650597318056993288e+02 4.321347416460670132e+01 1.847447129685143921e+02 6.166111086152879039e+01
1.567701902186202096e+04 1.658582286430989825e+02 4.382176689109051182e+01 1.843900487403502098e+02 6.259542602037664238e+01
1.567741161526739597e+04 1.665093626440923629e+02 4.455323008538347551e+01 1.840616633202860157e+02 6.353988412756463333e+01
1.567780055985078434e+04 1.671529960039581226e+02 4.525685034914062044e+01 1.836931345029800013e+02 6.446894748053642843e+01
1.567816543953342989e+04 1.677616234526465462e+02 4.589435253258671565e+01 1.832977718806242251e+02 6.538744193455639220e+01
1.567852858802823903e+04 1.681978822519501193e+02 4.665631781188032789e+01 1.828480662954175386e+02 6.627725814746199262e+01
1.567890870620323403e+04 1.684650158769142934e+02 4.756319972853963662e+01 1.822759056986244275e+02 6.709501695592915382e+01
1.567929661407706408e+04 1.684613139381714575e+02 4.854141604736873461e+01 1.816069207964449390e+02 6.783582297304697306e+01
1.567968616635789294e+04 1.682630605094811358e+02 4.953956873387519977e+01 1.808281152392474098e+02 6.845359492586665340e+01
1.568009882723463124e+04 1.681146428032432993e+02 5.061867513924129725e+01 1.799519653822464420e+02 6.893247502742683253e+01
1.568052651498123487e+04 1.679657702678033786e+02 5.174500783243237123e+01 1.790273830139583708e+02 6.930900503835073323e+01
1.568093466812529368e+04 1.677497620545371149e+02 5.278694554390773419e+01 1.780606994645121688e+02 6.955014055858170252e+01
1.568132485215552151e+04 1.674638835915595507e+02 5.375600117395398314e+01 1.770705718903350316e+02 6.968986018562114282e+01
1.568172350913817718e+04 1.670638121976438697e+02 5.470718243284917293e+01 1.760751008884781186e+02 6.974987575772257742e+01
1.568213090289410866e+04 1.665680447538896658e+02 5.559042588096465920e+01 1.750782998366327661e+02 6.968581538485364035e+01
1.568253818570305339e+04 1.660387493066905620e+02 5.618659908951146775e+01 1.740852988375835366e+02 6.956773497950851493e+01
1.568294772669851955e+04 1.656729163498618789e+02 5.641568666632252871e+01 1.730998894277126965e+02 6.940418845402719228e+01
1.568339581373577130e+04 1.655715830978643055e+02 5.646828994439938043e+01 1.721175232995492763e+02 6.922015166953984533e+01
1.568627010065515424e+04 1.658856186521474569e+02 5.657710917996470101e+01 1.711359833619621327e+02 6.903348772011160861e+01
1.569058035167178969e+04 1.660891624237742406e+02 5.695316117456152938e+01 1.701534545680015924e+02 6.885639507176912844e+01
1.569242707883188086e+04 1.659101213521681473e+02 5.723895478545260573e+01 1.691934771752727897e+02 6.861053142242101899e+01
