# ts_seconds,x,y,gt_x,gt_y
2.004577913021647691e+04 1.658408397222003998e+02 6.789987971546112533e+01 1.658408397222003998e+02 6.789987971546112533e+01
2.005345148858279572e+04 1.654845563493009024e+02 6.989561754045162445e+01 1.648408459958394587e+02 6.790162425662624912e+01
2.005401119410474348e+04 1.654219820830805929e+02 7.100305571936441140e+01 1.638413808621314445e+02 6.787463627721756154e+01
2.005451524863778468e+04 1.652969955613990010e+02 7.203191601960122625e+01 1.628448682147555644e+02 6.794969618752320173e+01
2.005502435233586220e+04 1.652164036252195558e+02 7.309368053846851865e+01 1.618495835268916778e+02 6.785574461762284670e+01
2.005554253960222923e+04 1.651217743864463898e+02 7.416517256276955550e+01 1.608497713248031005e+02 6.787500106057129301e+01
2.005605095455762057e+04 1.650169242138747165e+02 7.523317992639651663e+01 1.598498918626560794e+02 6.788087361405462161e+01
2.005651076405599815e+04 1.650192892346182703e+02 7.625304383070479730e+01 1.588518157388064935e+02 6.783879284191266379e+01
2.005696601854129403e+04 1.650406653291214809e+02 7.729948002585508959e+01 1.578605066174897331e+02 6.796983334551283917e+01
2.005740754906595248e+04 1.651220993957966812e+02 7.833038341016101924e+01 1.568640283884750488e+02 6.805212240405830926e+01
2.005780417637146820e+04 1.652676575624107329e+02 7.925362140219300500e+01 1.558660112819708559e+02 6.809018922139667040e+01
2.005821317869778431e+04 1.653883221269164210e+02 8.020601481255464194e+01 1.548888721645630540e+02 6.830278881740809993e+01
2.005862423821965058e+04 1.655182062210779748e+02 8.114844748827849230e+01 1.539111924089192769e+02 6.851196840846522207e+01
2.005904346724338393e+04 1.657080275473751101e+02 8.206744602660988619e+01 1.529256284485992126e+02 6.867341892919240820e+01
2.005949642751381543e+04 1.659351990171340674e+02 8.301835116994487862e+01 1.519797786556256938e+02 6.899773709619618955e+01
2.005994808900260250e+04 1.662539171783832614e+02 8.391480104105559690e+01 1.510477527615334736e+02 6.936007955134735425e+01
2.006039063908397657e+04 1.666780521193191191e+02 8.477037368136207363e+01 1.501158585967227452e+02 6.971972852131987963e+01
2.006084427647163466e+04 1.670851565964811414e+02 8.566297706355121022e+01 1.492403158525902427e+02 7.020260311856263513e+01
2.006129376479494749e+04 1.674552072982848756e+02 8.656099670798188583e+01 1.483379830283081162e+02 7.063228282789455648e+01
2.006174209803581834e+04 1.678335738250241889e+02 8.744147616166523562e+01 1.474043708647777180e+02 7.098797508705604287e+01
2.006222034676051408e+04 1.682186290424560013e+02 8.836580266149721297e+01 1.465180399112946930e+02 7.145099521305368739e+01
2.006268850887512599e+04 1.686190327074768049e+02 8.925434477643709386e+01 1.456218999995942909e+02 7.189437385270433367e+01
2.006313370591093553e+04 1.690286442914253655e+02 9.009012705395545595e+01 1.447117109868027285e+02 7.230651510938911031e+01
2.006358205741893471e+04 1.694334725641145383e+02 9.092839367525255057e+01 1.438491671348014052e+02 7.281241326738080488e+01
2.006402859517241450e+04 1.698903612573619171e+02 9.172985194246295748e+01 1.429731523523108763e+02 7.329463456824788636e+01
2.006446341774430766e+04 1.703639485038182215e+02 9.248109599339156262e+01 1.420973731083860798e+02 7.377504949049175309e+01
2.006494183726101255e+04 1.707912497420614955e+02 9.334095804025540133e+01 1.412764899403323966e+02 7.434508149510853059e+01
2.006544338197557954e+04 1.711464915332766736e+02 9.431084422067490891e+01 1.403986284490056278e+02 7.482100203871573285e+01
2.006591825720416819e+04 1.713899757344443628e+02 9.529361882834508890e+01 1.394642069717259574e+02 7.517698273724136016e+01
2.006641651239014391e+04 1.715223299887904886e+02 9.637506196994208096e+01 1.385132894331146076e+02 7.547857594201931875e+01
2.006693307618617837e+04 1.715795360667426337e+02 9.752457452287941919e+01 1.375223941923089512e+02 7.561137486611436032e+01
2.006742447728002298e+04 1.715448682592667922e+02 9.862698849703430426e+01 1.365255914312779737e+02 7.569104503809836615e+01
2.006790193171909414e+04 1.714321391977880182e+02 9.970964891157750287e+01 1.355282302416952689e+02 7.572905463427638040e+01
2.006837672715498411e+04 1.712655480450985692e+02 1.007824565342581735e+02 1.345329347254313461e+02 7.563227442374787302e+01
2.006884350573823394e+04 1.710423826027627854e+02 1.018194048221741497e+02 1.335371966592976776e+02 7.554064371018991153e+01
2.006928940180292557e+04 1.708289594277579795e+02 1.028232987156071658e+02 1.325453207339556627e+02 7.541556707058938969e+01
2.006974352098086092e+04 1.705889422342573027e+02 1.038380233334983984e+02 1.315591401382544632e+02 7.525135174624409728e+01
2.007022781551842127e+04 1.701984232527506151e+02 1.048565748840786540e+02 1.305723127500373550e+02 7.510349932660324157e+01
2.007069652164591753e+04 1.697359391126960588e+02 1.058065609820890103e+02 1.296227644399999690e+02 7.479416148281327992e+01
2.007112939114699839e+04 1.692969102519998046e+02 1.066659454807342797e+02 1.287029297683074276e+02 7.440352757596305366e+01
2.007159257873124079e+04 1.688005604352032094e+02 1.075428132312994620e+02 1.277640242017214831e+02 7.406179189120327067e+01
2.007207822713444693e+04 1.682984661757178060e+02 1.084558136366278518e+02 1.268577286131439052e+02 7.363925770237835877e+01
2.007253547140069713e+04 1.678296223398243114e+02 1.093095858842528685e+02 1.259506332159904503e+02 7.322059434906329045e+01
2.007302114965636429e+04 1.672772412127757207e+02 1.101969732838613254e+02 1.250222990015470828e+02 7.285286278341388311e+01
2.007351078385873552e+04 1.667224721049179266e+02 1.111166749766843225e+02 1.241372414556326760e+02 7.238740239055293557e+01
2.007395363123213247e+04 1.662089011262275449e+02 1.119365920493675617e+02 1.232542959636746787e+02 7.191798026954526790e+01
2.007442741842660689e+04 1.656165005229793792e+02 1.127726286527364579e+02 1.223847049788899710e+02 7.142880153281363675e+01
2.007490950781912761e+04 1.650683215868972979e+02 1.136306944556280030e+02 1.215672446714413724e+02 7.085426632674543157e+01
2.007535687232027703e+04 1.646077862497999433e+02 1.144300949249727068e+02 1.206917669716542321e+02 7.037570095782908197e+01
2.007581705028461147e+04 1.641624105826210780e+02 1.152832208535451457e+02 1.197688293067206757e+02 6.999132628805530487e+01
2.007627095967370769e+04 1.638111376832026451e+02 1.161773373595764838e+02 1.188498287850338357e+02 6.960036272389228884e+01
2.007668681920130985e+04 1.635441270616205145e+02 1.170284956991332024e+02 1.178894722786935318e+02 6.932926750044276787e+01
2.007712426695880276e+04 1.633183345121655918e+02 1.179640166865930269e+02 1.169060344982964352e+02 6.914988978917327245e+01
2.007756580858072266e+04 1.631801491786732754e+02 1.189323031714462644e+02 1.159264326074237346e+02 6.895421519619911521e+01
2.007799927901979027e+04 1.631010543750597037e+02 1.198799813514447123e+02 1.149318491864801928e+02 6.887632942741380759e+01
2.007848075446663643e+04 1.630679807989659764e+02 1.209459591209265596e+02 1.139323614544833987e+02 6.889552096538164960e+01
2.007896403395136076e+04 1.630771145543609748e+02 1.220398741714476358e+02 1.129333066446540812e+02 6.889934246528804351e+01
2.007939923572992120e+04 1.630479307242420646e+02 1.230310665867511091e+02 1.119364541591829578e+02 6.897827679305765969e+01
2.007983795885743530e+04 1.629810346591600023e+02 1.240353081759889307e+02 1.109400579093768471e+02 6.902322075415492009e+01
2.008027406305727345e+04 1.629098691792677300e+02 1.250212340671136246e+02 1.099417191229530317e+02 6.897336637937510773e+01
2.008068390575361991e+04 1.628117161986471615e+02 1.259086853648709905e+02 1.089419768551971686e+02 6.898222368174327812e+01
2.008112198241416627e+04 1.627323276057825012e+02 1.268115746017777781e+02 1.079432213838421859e+02 6.899158759051701395e+01
2.008158829398620946e+04 1.627784305776776819e+02 1.277118025422532241e+02 1.069449960825395607e+02 6.895704003730229203e+01
2.008207390928157838e+04 1.629160137332047782e+02 1.285940965840344177e+02 1.059531664791509371e+02 6.905265890101762238e+01
2.008262089461805954e+04 1.630889551425041475e+02 1.295428926645072636e+02 1.049742432594795218e+02 6.925477882889275349e+01
2.008319254127197928e+04 1.632867227128413106e+02 1.304664329859863869e+02 1.039940887074401417e+02 6.944669104262730741e+01
2.008379686634547761e+04 1.633956533949726406e+02 1.313046751495170383e+02 1.030256582537729599e+02 6.969489433525983202e+01
2.008515221288310568e+04 1.633851781734295514e+02 1.319580704866730514e+02 1.020633792401629023e+02 6.995788257638049856e+01
2.008912004073993012e+04 1.632605845571742407e+02 1.324141589377278194e+02 1.011245008093314510e+02 7.007507691572891417e+01
2.009498489199640244e+04 1.629648827932798270e+02 1.332600415112880228e+02 1.001709559894253232e+02 6.977469386822751574e+01
2.009848019599071995e+04 1.626038013881940572e+02 1.345013453044530820e+02 9.919765889730128094e+01 6.955445409197159279e+01
2.009933802856770126e+04 1.625332152418297085e+02 1.356708530956150582e+02 9.821572417266071398e+01 6.937027720647731144e+01
2.009991365917550502e+04 1.626494846350774992e+02 1.367140538783554291e+02 9.723138102929583226e+01 6.923719629387349528e+01
2.010041843036960199e+04 1.626091489948742037e+02 1.376833942398299087e+02 9.623225846115911963e+01 6.920874245382128720e+01
2.010093379222561634e+04 1.625920087151316409e+02 1.386137663920839884e+02 9.523385942339378119e+01 6.919324856417487979e+01
2.010149924054651638e+04 1.625891399815110105e+02 1.396170566701040343e+02 9.424264679507915332e+01 6.930352263252513012e+01
2.010206182571302634e+04 1.625738812149171508e+02 1.406319740172980062e+02 9.325320548556923939e+01 6.940430500872649588e+01
2.010259551055924749e+04 1.626566076726146264e+02 1.415855120419384718e+02 9.225820627380232963e+01 6.946081607698174309e+01
2.010314890823820315e+04 1.627257929300695309e+02 1.426054871901571062e+02 9.126755222324136696e+01 6.959637975250593911e+01
2.010371775006574899e+04 1.628023374581532039e+02 1.437193595108100794e+02 9.027152245801534036e+01 6.965733995818207802e+01
2.010426748816781401e+04 1.628498511820425563e+02 1.447775385416132679e+02 8.927984380132399167e+01 6.973638583377848477e+01
2.010480388141258663e+04 1.627544914371648019e+02 1.457880856405707277e+02 8.829015687256959666e+01 6.983869817892673382e+01
2.010533056251933158e+04 1.627423177509002130e+02 1.467807050919472545e+02 8.729047566753703791e+01 6.981754865976316182e+01
2.010586734070765669e+04 1.627946322378693651e+02 1.477816172578505416e+02 8.629929355585497319e+01 6.988428760520852734e+01
2.010638664469237847e+04 1.627770163882719316e+02 1.487642612633281374e+02 8.530998696931108327e+01 6.997130772177810343e+01
2.010687532319112142e+04 1.627896456981658844e+02 1.497116583759079447e+02 8.431063373857595877e+01 6.993599249250728178e+01
2.010738762031573788e+04 1.628436724378490510e+02 1.507179788633404200e+02 8.331239065028621837e+01 6.995823289571382020e+01
2.010788963111694102e+04 1.628558166575582504e+02 1.517118478139017839e+02 8.231611971432920427e+01 6.996178700152805163e+01
2.010834927036883892e+04 1.628083562673240579e+02 1.526486630618960589e+02 8.131998078231072213e+01 6.995085646107919786e+01
2.010883364009194338e+04 1.627355161858052384e+02 1.536827942118900410e+02 8.032697416314624661e+01 7.006442202033278477e+01
2.010932623589383002e+04 1.627072824455251236e+02 1.547872231541019516e+02 7.933298247172012907e+01 7.014334343332443211e+01
2.010978387089625903e+04 1.626903782219129369e+02 1.558079049396696121e+02 7.833879866544670278e+01 7.021430598108457843e+01
2.011026656216854462e+04 1.625861260403832489e+02 1.568373238069954994e+02 7.734588643356873661e+01 7.031491382666010281e+01
2.011077641745982692e+04 1.625081821974552838e+02 1.578699249062665615e+02 7.635186415541382132e+01 7.026017386197101189e+01
2.011125992338657670e+04 1.624418645579198994e+02 1.587813989682522049e+02 7.535904263429564764e+01 7.019738564087687394e+01
2.011173635813512374e+04 1.623163276585821961e+02 1.597351109523914090e+02 7.436250102590528854e+01 7.017131764193921128e+01
2.011223673379813044e+04 1.622799759386741698e+02 1.608017394478662823e+02 7.336903531901064923e+01 7.005723272133656110e+01
2.011275656251424516e+04 1.622088164438052047e+02 1.618848210802273115e+02 7.237501859510555846e+01 7.003984312911558163e+01
2.011325823052529086e+04 1.620327041359401505e+02 1.629888706947207879e+02 7.137963085660695128e+01 7.004972177980721426e+01
2.011372587276841659e+04 1.618988194773512248e+02 1.640675124745610844e+02 7.038204478137568287e+01 7.001040996020171292e+01
2.011420554093454484e+04 1.617461819808171128e+02 1.651249076627858017e+02 6.938277532162248917e+01 7.004583206749606461e+01
2.011468788878108535e+04 1.615833731397562474e+02 1.661817652158973715e+02 6.839115736412175295e+01 6.998873225663692210e+01
2.011513478501779537e+04 1.614543396800342521e+02 1.671796340003353123e+02 6.740002610279134387e+01 6.989856738778833289e+01
2.011559542789592160e+04 1.612806506088064964e+02 1.681916691373587582e+02 6.640045036275776624e+01 6.992463618433480121e+01
2.011607362293742699e+04 1.611404561172102206e+02 1.692280069291935263e+02 6.540115139587824444e+01 6.992989323462637685e+01
2.011653281641959256e+04 1.611292089622991455e+02 1.701986625264078157e+02 6.441115048169234569e+01 7.000619154895838392e+01
2.011703065681072621e+04 1.611507529089402055e+02 1.711766620126345231e+02 6.342366320501226085e+01 7.015111208177602009e+01
2.011756808520223058e+04 1.612049886574951358e+02 1.721683598696026536e+02 6.242605061008319467e+01 7.016744774328574863e+01
2.011808457917333362e+04 1.611786956157847044e+02 1.731462165316208086e+02 6.142885471585412205e+01 7.018115451006653416e+01
2.011857512005132958e+04 1.610537777402932420e+02 1.741545075997964886e+02 6.043312553056701120e+01 7.018693164080650604e+01
2.011906526533111537e+04 1.609176435199584319e+02 1.751616824602699864e+02 5.943563189924145718e+01 7.012318849865638981e+01
2.011958342543587059e+04 1.607833107422283945e+02 1.761525266638754772e+02 5.844143261611340279e+01 7.017848625448307587e+01
2.012010675404493668e+04 1.608691924663226018e+02 1.771418987160255085e+02 5.744865812353502577e+01 7.028951164776390215e+01
2.012059396482977536e+04 1.611987586990380521e+02 1.780952736430249956e+02 5.649838734252139005e+01 7.053078324140501820e+01
2.012109668784807582e+04 1.616080622125621176e+02 1.790338879721149965e+02 5.564493645373985231e+01 7.104461888119416813e+01
2.012163966655711920e+04 1.621560130528333730e+02 1.798892544719693944e+02 5.479692028264432224e+01 7.156726372142659898e+01
2.012214805513804458e+04 1.628550366433636896e+02 1.805842857158381776e+02 5.401231653329417526e+01 7.215580529276466848e+01
2.012262633215646565e+04 1.636164022675825152e+02 1.811494851754969773e+02 5.336906621366858872e+01 7.292116720281642017e+01
2.012314211554604117e+04 1.644753812492931218e+02 1.814917201180095390e+02 5.278919300223995492e+01 7.373366605120449435e+01
2.012368416164639348e+04 1.653578921010145280e+02 1.818247500107132169e+02 5.243684712177386587e+01 7.464852321948112035e+01
2.012418215910402432e+04 1.662560571324356715e+02 1.821757091695215820e+02 5.218761886979964260e+01 7.561190291467607949e+01
2.012469243138087404e+04 1.672236640557416365e+02 1.824491435325002442e+02 5.187459610623871242e+01 7.656078985755016220e+01
2.012526150301371308e+04 1.682187700486608151e+02 1.828081415010052524e+02 5.167298948849467877e+01 7.753729998988467287e+01
2.012580786083951534e+04 1.691953011095806119e+02 1.830850156727287867e+02 5.145051501050731702e+01 7.850645316081433123e+01
2.012633394466086975e+04 1.702021153368542912e+02 1.832031384009295039e+02 5.123219796357487610e+01 7.947501638770992827e+01
2.012689758890321173e+04 1.711925515670699838e+02 1.832618331788507646e+02 5.122231032629130709e+01 8.047086021583791648e+01
2.012749520930471044e+04 1.722173845005716259e+02 1.830516121991938974e+02 5.128259046551655587e+01 8.146873615021833359e+01
2.012810465485371969e+04 1.732176028421709191e+02 1.826156273625232700e+02 5.148611543593227680e+01 8.243167221474959661e+01
2.012869704748921140e+04 1.739993959157783081e+02 1.820762238299239471e+02 5.190145243465108393e+01 8.334050942804891804e+01
2.012929588121977940e+04 1.746626330713338859e+02 1.813924689637299252e+02 5.244076471408102691e+01 8.417581627131377786e+01
2.012993186396817691e+04 1.753676199092223271e+02 1.806800512077033147e+02 5.315318404888076032e+01 8.486743951068658021e+01
2.013056559018083499e+04 1.761004264424098267e+02 1.799384271822957828e+02 5.391297833523177019e+01 8.551516092261896063e+01
2.013117256426647145e+04 1.767006875296634121e+02 1.790787556873557946e+02 5.474228641898179859e+01 8.603847091752147946e+01
2.013175137578596696e+04 1.771640640979930765e+02 1.781659635091013740e+02 5.567476708496639048e+01 8.639968847240413652e+01
2.013231954372559994e+04 1.774779295918706055e+02 1.772267915310925446e+02 5.660824480992106089e+01 8.675830135631906614e+01
2.013288477050956135e+04 1.776556880495263329e+02 1.762781746539629637e+02 5.757596928899585720e+01 8.695758056098952693e+01
2.013342198537786317e+04 1.777800629556247713e+02 1.753902642492988946e+02 5.857255439748667669e+01 8.703625557336070528e+01
2.013397886106202350e+04 1.778302085789095770e+02 1.744492110303796437e+02 5.956957315492116578e+01 8.706527230278632601e+01
2.013459760538718183e+04 1.778300223618960558e+02 1.733606832137023162e+02 6.055664357932878517e+01 8.693237618813790846e+01
2.013519335961342949e+04 1.777236396110416763e+02 1.722987451619466412e+02 6.154525322845014301e+01 8.683768835860607282e+01
2.013574978812170230e+04 1.776050379395163645e+02 1.713309810316198991e+02 6.253710693178938129e+01 8.675221930235852597e+01
2.013631936782959747e+04 1.775901231096741242e+02 1.703679786883593010e+02 6.352915012479516577e+01 8.664063354488011726e+01
2.013690408996809492e+04 1.775870398343174088e+02 1.693259098511475713e+02 6.452825816649873047e+01 8.662543387166074638e+01
2.013748770476775098e+04 1.776935749845469843e+02 1.682175501067110588e+02 6.552551080197260092e+01 8.658207674701363032e+01
2.013807116574153406e+04 1.779707346725793400e+02 1.671704782659330135e+02 6.652094078405242783e+01 8.658731103312312882e+01
2.013905880126889315e+04 1.782943365572815253e+02 1.663240843528024300e+02 6.751745327630881377e+01 8.667029460174747157e+01
2.014914825667889454e+04 1.787015585959595683e+02 1.657045217673459661e+02 6.851386589224397028e+01 8.675453619118735560e+01
2.016838879665192144e+04 1.787417712114795734e+02 1.654845426106670345e+02 6.951039824427198255e+01 8.672754505365021771e+01
2.019563605119503700e+04 1.785402642009059377e+02 1.646550434303879342e+02 7.043470033134984476e+01 8.642800776579717592e+01
2.020451121774949206e+04 1.789365870962152769e+02 1.635242754894863424e+02 7.140961283772763579e+01 8.649014885160529786e+01
2.020702997294216766e+04 1.791716828622204218e+02 1.621763460054591803e+02 7.238208210361833039e+01 8.631376278697437954e+01
2.020887927949607547e+04 1.794053136812404432e+02 1.613114866485826724e+02 7.337742901389323436e+01 8.639370678762058731e+01
2.021966695431259723e+04 1.796210111210929483e+02 1.608964195051208037e+02 7.431359338030752326e+01 8.668219444332241608e+01
2.023204955253508888e+04 1.798786067613829971e+02 1.598545416951173479e+02 7.524070874721118685e+01 8.693619717260008883e+01
2.023361428549047196e+04 1.801762048246843904e+02 1.585605975784622501e+02 7.622718541031453299e+01 8.682208786388240185e+01
2.023424009667043720e+04 1.803533406784023043e+02 1.574520017129296434e+02 7.721754007699458100e+01 8.675103390100872502e+01
2.023485963630335391e+04 1.803845035388319218e+02 1.564261603495197903e+02 7.821697466296664913e+01 8.678437721011984252e+01
2.023551050717759063e+04 1.805268006535958136e+02 1.554899758805828185e+02 7.921120194594665520e+01 8.671939784334080059e+01
2.023613288224843927e+04 1.806892419901066944e+02 1.545033201460436203e+02 8.019447253309957091e+01 8.678668184322783929e+01
2.023671494670661559e+04 1.808067254552204304e+02 1.535353561590100639e+02 8.118527894867899874e+01 8.685193541583022636e+01
2.023733365204145230e+04 1.809451127077751380e+02 1.525435073135702453e+02 8.218008911830044383e+01 8.691547011748163243e+01
2.023795233691117028e+04 1.810578366700863171e+02 1.515358113938284816e+02 8.316711767832697433e+01 8.707411003688952178e+01
2.023855088535775940e+04 1.812440697204029618e+02 1.505902426460270362e+02 8.415787452004502711e+01 8.708882019200098057e+01
2.023913699278638160e+04 1.813953801119018578e+02 1.497104522287795021e+02 8.515403365242080724e+01 8.709906327977269314e+01
2.023973580519292227e+04 1.813298002916713756e+02 1.488566269018958508e+02 8.615207609685825219e+01 8.710436977060231811e+01
2.024038570963172606e+04 1.812573310840108149e+02 1.478668184846915494e+02 8.714116941818723205e+01 8.697439444878186521e+01
2.024100664100162248e+04 1.811100588166006560e+02 1.468950553360859033e+02 8.813407013484777508e+01 8.688738373423491623e+01
2.024156660011079657e+04 1.809391342925820823e+02 1.460206827042656812e+02 8.911868203990033521e+01 8.674385808440536039e+01
2.024215501977553140e+04 1.808981816305039558e+02 1.450107554144167636e+02 9.010300192765448912e+01 8.657288012377749453e+01
2.024273930959052450e+04 1.808111009302052992e+02 1.440198052031637985e+02 9.109870784139933164e+01 8.649207173076973731e+01
2.024329261659957047e+04 1.807620338167259035e+02 1.431296084474169845e+02 9.208745076610870228e+01 8.636028880913414696e+01
2.024382256018907356e+04 1.806729484317391439e+02 1.422234223580955472e+02 9.307987063310496012e+01 8.631320248210511181e+01
2.024434811299074863e+04 1.805125080948004381e+02 1.412979020907389440e+02 9.407941337690299122e+01 8.634048472564803944e+01
2.024489556662542600e+04 1.805193057780258243e+02 1.403401657212134239e+02 9.507517126669593210e+01 8.627563903518237964e+01
2.024545618230230684e+04 1.805147379456688554e+02 1.393288638806353674e+02 9.607076031166070607e+01 8.627697299471665815e+01
2.024599181959876660e+04 1.804152314353762847e+02 1.383914365042224119e+02 9.706766311242526513e+01 8.625666151811748250e+01
2.024654754300632339e+04 1.804289596650594945e+02 1.374309975173039220e+02 9.806523310694595352e+01 8.618756933726385228e+01
2.024710815271362662e+04 1.803722885711144954e+02 1.365087787910412658e+02 9.906350853536446266e+01 8.619868046577713017e+01
2.024765133521019743e+04 1.803766115663486289e+02 1.356969932972502590e+02 1.000550510540902422e+02 8.612169279692000146e+01
2.024830191843516513e+04 1.805267585469930225e+02 1.347265519586207745e+02 1.010498996537730960e+02 8.608387846687799083e+01
2.024901566225776696e+04 1.806368073833639585e+02 1.335993541658188803e+02 1.020458321396640855e+02 8.616618624500738122e+01
2.024967866698510988e+04 1.808912490599955447e+02 1.324715072196637777e+02 1.030431662217511359e+02 8.618565847736509511e+01
2.025025816274685712e+04 1.811437616778771087e+02 1.314350812046799604e+02 1.040357449586799277e+02 8.626804402546474648e+01
2.025079274285082283e+04 1.812297077453542897e+02 1.305089541739194487e+02 1.050314974132613770e+02 8.631243287189252555e+01
2.025139297548519971e+04 1.811688438572374196e+02 1.295643770245914652e+02 1.060297307231007267e+02 8.625970411532956916e+01
2.025204394234109714e+04 1.810146912563741068e+02 1.285865539099838770e+02 1.070108571716556440e+02 8.608309979151432856e+01
2.025275133160195765e+04 1.810042359365710070e+02 1.274575288597198437e+02 1.079861732460516350e+02 8.586258266811864814e+01
2.025337952591141220e+04 1.809982294738044004e+02 1.263577013825289299e+02 1.089777194540902769e+02 8.576514723759429160e+01
2.025392175626548124e+04 1.809702085010119390e+02 1.253612395172820442e+02 1.099708450856546165e+02 8.566028709717436129e+01
2.025444220286195923e+04 1.808724821038489097e+02 1.244250983377789481e+02 1.109672700151580074e+02 8.561476487422974913e+01
2.025496946278915857e+04 1.807596649040040688e+02 1.235536177733822853e+02 1.119666998795916584e+02 8.558979205073175933e+01
2.025554681980043097e+04 1.807911663349087803e+02 1.225710604966058241e+02 1.129663483681263756e+02 8.558370520002952730e+01
2.025611340599887990e+04 1.807674284698807128e+02 1.214641974461694787e+02 1.139546513511267420e+02 8.571182118997660382e+01
2.025663249577643364e+04 1.806737864286367596e+02 1.203700231679913628e+02 1.149487933730907656e+02 8.576999043887386165e+01
2.025716674205839081e+04 1.805854873870549397e+02 1.192463401749650416e+02 1.159471332225368627e+02 8.572105865618156884e+01
2.025769885341178087e+04 1.804119822300718852e+02 1.181710922204666758e+02 1.169372114374989735e+02 8.558781238181090600e+01
2.025819000881865213e+04 1.801636828927454701e+02 1.172346784496582615e+02 1.178821653625014250e+02 8.527756429862056109e+01
2.025868611548520494e+04 1.799088027635741014e+02 1.163188507443807822e+02 1.188180930890746936e+02 8.492593958268619758e+01
2.025920011234716003e+04 1.795861187447910083e+02 1.153832358846638897e+02 1.197471346606454858e+02 8.455664204299745279e+01
2.025969093674247779e+04 1.792011294589223667e+02 1.144795175346891511e+02 1.206382098864106354e+02 8.410560582088861281e+01
2.026014720895406572e+04 1.788933055176237588e+02 1.136019620285553628e+02 1.215614980058959134e+02 8.372931041188694223e+01
2.026060559822921277e+04 1.785977161706981349e+02 1.127088301690730816e+02 1.225028851362726101e+02 8.339202962436114319e+01
2.026106767665813095e+04 1.783414153058496652e+02 1.117816781208430257e+02 1.234240740171705539e+02 8.300435363885412698e+01
2.026152942488539338e+04 1.781142971048425636e+02 1.108394901271912829e+02 1.243667581977222909e+02 8.267534704319092498e+01
2.026200630137871485e+04 1.778604997553873091e+02 1.098544790663297732e+02 1.253224416497933618e+02 8.238095088898946017e+01
2.026248899482081106e+04 1.776556534868292090e+02 1.088283879889923185e+02 1.262712977864190265e+02 8.206557667549191137e+01
2.026295134288416375e+04 1.774788766624832022e+02 1.078384004831376330e+02 1.272389242906003091e+02 8.181865261257539146e+01
2.026340799361284371e+04 1.773605568997826936e+02 1.068600712541816762e+02 1.282124207453016993e+02 8.159014641184316474e+01
2.026388190347991258e+04 1.773127821869905176e+02 1.058468219613678514e+02 1.291937574170502785e+02 8.140011880359871554e+01
2.026434659168545477e+04 1.772429943988184391e+02 1.048995276757217709e+02 1.301874353255905987e+02 8.129683441159065183e+01
2.026481772822761559e+04 1.772197422823118416e+02 1.039427000846161491e+02 1.311762431722474957e+02 8.115411725574773527e+01
2.026532165191067543e+04 1.773450857388183692e+02 1.028637573112236652e+02 1.321639835140897503e+02 8.099829393086282892e+01
2.026579899530241528e+04 1.774528978335608258e+02 1.018530217798303994e+02 1.331573421585026153e+02 8.088573562493311897e+01
2.026626571715054160e+04 1.774777379804006046e+02 1.008702503926674439e+02 1.341442600688139066e+02 8.072894990710301499e+01
2.026676688697121790e+04 1.774974377419216864e+02 9.976107110259120248e+01 1.351378979411304613e+02 8.062800782041963998e+01
2.026724574935503915e+04 1.774915231619142446e+02 9.872037550025905261e+01 1.361352231943707523e+02 8.055494261450003535e+01
2.026770150173423826e+04 1.775560840163446130e+02 9.777865037426947481e+01 1.371265550879344914e+02 8.042774000281568192e+01
2.026819247896512752e+04 1.776822987105877303e+02 9.677721557975280575e+01 1.381232836780453397e+02 8.036697105057511692e+01
2.026871506246382705e+04 1.777332896628629442e+02 9.574558945026511481e+01 1.391211898750167393e+02 8.030557420669649105e+01
2.026923681658710484e+04 1.778093854809359584e+02 9.477634694589366404e+01 1.401146571103297163e+02 8.019380747159954126e+01
2.026974099381504857e+04 1.778732917490502814e+02 9.384420963871330912e+01 1.411125371502176904e+02 8.016989389774315100e+01
2.027025684993851610e+04 1.778326019778043019e+02 9.281410985795817226e+01 1.421071984927190783e+02 8.008447559377829350e+01
2.027076927419099957e+04 1.777292163634082840e+02 9.177133338717688105e+01 1.430894445344810890e+02 7.990070637933608566e+01
2.027124810032917230e+04 1.775346857877399316e+02 9.083705521118866955e+01 1.440785889122566061e+02 7.975837849542165259e+01
2.027173559606552590e+04 1.772713254504250244e+02 8.997440214721736140e+01 1.450489905606480647e+02 7.952559101256160545e+01
2.027228185879016746e+04 1.769867794308469513e+02 8.905598392139260966e+01 1.460048526399038735e+02 7.923214128263744271e+01
2.027286262338138113e+04 1.767402749996192028e+02 8.813191782607592017e+01 1.469547980211500544e+02 7.891979243397992150e+01
2.027350565811121123e+04 1.764811039303783957e+02 8.728697673666479773e+01 1.479009420199706426e+02 7.859607918429263407e+01
2.027444311133454539e+04 1.762396769452272451e+02 8.661792606007450956e+01 1.488832098355416633e+02 7.843052589406430286e+01
2.028032179036280650e+04 1.762606841590106512e+02 8.633713809652235227e+01 1.496245966915949737e+02 7.896184678090155273e+01
2.032510954035032410e+04 1.759893667197573279e+02 8.651042105568163265e+01 1.494574468849128266e+02 7.892910568624421330e+01
2.034011084137323996e+04 1.751212977271043485e+02 8.694889860853545827e+01 1.489893393908716348e+02 7.806751047334115867e+01
2.034087790088451220e+04 1.741063710175522772e+02 8.722772676921962898e+01 1.484091541158772998e+02 7.725501419825356209e+01
2.034146434071992917e+04 1.731740228354983060e+02 8.718726993734468067e+01 1.480652154255678283e+02 7.633577891342682165e+01
2.034201601397402555e+04 1.722352816370436983e+02 8.709852635073475824e+01 1.481252834851748048e+02 7.536202937443582073e+01
2.034253491043654503e+04 1.713264757527094275e+02 8.704478238606536422e+01 1.482344418385061715e+02 7.437784104973962940e+01
2.034305572873372148e+04 1.704501542872040716e+02 8.678460221146114861e+01 1.483687198488431989e+02 7.339675191112473840e+01
2.034357623385761690e+04 1.695613559505280250e+02 8.638017286611626844e+01 1.487927424878917861e+02 7.250603113622679530e+01
2.034407437316983487e+04 1.687033410750898952e+02 8.596931417796751873e+01 1.492299713198687243e+02 7.161540224576842206e+01
2.034454679009261235e+04 1.678871618380536859e+02 8.553708205332688408e+01 1.496427062824489269e+02 7.070778316514355311e+01
2.034502656802169076e+04 1.670493564811548595e+02 8.506395502529598218e+01 1.501543521616967780e+02 6.984939299307333727e+01
2.034550022508497204e+04 1.662041455232374574e+02 8.458711951431082809e+01 1.506058813354838151e+02 6.896182933407372673e+01
2.034594387042813469e+04 1.653373504722765972e+02 8.423227481566412678e+01 1.510321075675156237e+02 6.805851221940143603e+01
2.034642596478943233e+04 1.643515996876958241e+02 8.398238193142590546e+01 1.514631368514097005e+02 6.715686852607780111e+01
2.034693430889746378e+04 1.632562693067874307e+02 8.378808646275858507e+01 1.516765998946543448e+02 6.619577371821020506e+01
2.034740988944960918e+04 1.622357997171743023e+02 8.361854313602405853e+01 1.518025929146807016e+02 6.520558744983725319e+01
2.034788921609865065e+04 1.612541131909382557e+02 8.353736297741028238e+01 1.518840221690606143e+02 6.421292622752838497e+01
2.034837201070396986e+04 1.602610581330940818e+02 8.360023043697242429e+01 1.518676060052508490e+02 6.321318667670203695e+01
2.034881793566184569e+04 1.593685868456035166e+02 8.370610717514637145e+01 1.518982894154631822e+02 6.221518918552098398e+01
2.034926829975410510e+04 1.584814860008391690e+02 8.378970561763279079e+01 1.519212011425084086e+02 6.121679774439900257e+01
2.034975951585206712e+04 1.574998603914957300e+02 8.387395204978136576e+01 1.517999948558254744e+02 6.022808755681792547e+01
2.035024180435984817e+04 1.565265145917849452e+02 8.393693612215827216e+01 1.517049656638481565e+02 5.923710663265284637e+01
2.035069622358247580e+04 1.555970260337120692e+02 8.398918843176895166e+01 1.516610865187548427e+02 5.823850967935988621e+01
2.035117019121202975e+04 1.545565231519540248e+02 8.393582656787653207e+01 1.515839647293381915e+02 5.724150618863639295e+01
2.035164508105364075e+04 1.534797857005914636e+02 8.383775736536522061e+01 1.515903355208620269e+02 5.624468977427576277e+01
2.035210010276156754e+04 1.524406546694500832e+02 8.380349600941642052e+01 1.516179952369722059e+02 5.524606399703816351e+01
2.035256823701037138e+04 1.513556982060432858e+02 8.374315210408938981e+01 1.516205493168787939e+02 5.424615300985670530e+01
2.035302871732738640e+04 1.503085440643898494e+02 8.370594964059426957e+01 1.516403021780193683e+02 5.324636018343775135e+01
2.035345475653934409e+04 1.494015819072829174e+02 8.376664508583984059e+01 1.515503317902328888e+02 5.225564000520577679e+01
2.035389317375910832e+04 1.484380312308739178e+02 8.374567612824861840e+01 1.514419126017541259e+02 5.126362261562350398e+01
2.035433962613396579e+04 1.474511737469079833e+02 8.365137570403233269e+01 1.514935532971539942e+02 5.026915635137777372e+01
2.035477117799081680e+04 1.465595937458228661e+02 8.356225760276352332e+01 1.515803329580013212e+02 4.927376223139206957e+01
2.035522873472030551e+04 1.456336815006018242e+02 8.348324820995210871e+01 1.516485149036561211e+02 4.827620751689451595e+01
2.035571660120288288e+04 1.446200417704082213e+02 8.340922715503556617e+01 1.517352067955912958e+02 4.727998204308072872e+01
2.035618129524100004e+04 1.436201394213385925e+02 8.338609584746454573e+01 1.517123771861780313e+02 4.628524256071187182e+01
2.035661988042606390e+04 1.426573326427323138e+02 8.340438505460586782e+01 1.516726909227066358e+02 4.528798988537739234e+01
2.035707366502400328e+04 1.416653756809433560e+02 8.338357192096856352e+01 1.516732142059488240e+02 4.428807357938595857e+01
2.035752187961509480e+04 1.406968953684220764e+02 8.329022929800727582e+01 1.516075214597122738e+02 4.329139972755429255e+01
2.035795200270978603e+04 1.397669922993124487e+02 8.318337564604065903e+01 1.515834312906698358e+02 4.229439039575238724e+01
2.035839692568774990e+04 1.387881037578278836e+02 8.313094657821298483e+01 1.516095536552372778e+02 4.129480699022717261e+01
2.035883625678516182e+04 1.378088059708379944e+02 8.310293509315872029e+01 1.515917089245156717e+02 4.029538874440989105e+01
2.035925361125344716e+04 1.369007130894154329e+02 8.309952247068855513e+01 1.516187205890405210e+02 3.929763699711816116e+01
2.035970397076425070e+04 1.359512005058969066e+02 8.315914375823322757e+01 1.516596107126810580e+02 3.829907292652952577e+01
2.036016660452426368e+04 1.349732180668441117e+02 8.322171262099146816e+01 1.516163255847625919e+02 3.730111982620809385e+01
2.036060804842102152e+04 1.339890222336204886e+02 8.320437898424175671e+01 1.515940019435672639e+02 3.630282153678275137e+01
2.036106531935946259e+04 1.329980507383631618e+02 8.321365376143501180e+01 1.516106800804975876e+02 3.530298374501806791e+01
2.036153180226173936e+04 1.320746826059560419e+02 8.332604742554545396e+01 1.515499373732192225e+02 3.430676203427274373e+01
2.036199367686251571e+04 1.311573497664033709e+02 8.342819426058142085e+01 1.515186966481480511e+02 3.330984775936264697e+01
2.036247500393744485e+04 1.301979011852269537e+02 8.346498992216891111e+01 1.515734774739062232e+02 3.231156204315571756e+01
2.036298361940198447e+04 1.292247689929330647e+02 8.350703482531025656e+01 1.515663848941786114e+02 3.131393753491267162e+01
2.036348695534645594e+04 1.282475659808277157e+02 8.355055949755106326e+01 1.515801370464278364e+02 3.031637271549330848e+01
2.036398131674823526e+04 1.272896071755130265e+02 8.359152648955854659e+01 1.515892467187381385e+02 2.931787964966891025e+01
2.036450337093103008e+04 1.262889024108538649e+02 8.358490719512289502e+01 1.515286069233642650e+02 2.831992195704827253e+01
2.036502583213881735e+04 1.252739297497481488e+02 8.353148242916196864e+01 1.515511470810152446e+02 2.732381213527256136e+01
2.036555191067382839e+04 1.243225774582374754e+02 8.334010658197067301e+01 1.515985752018390258e+02 2.632574854806503595e+01
2.036609392930236572e+04 1.235179080496409654e+02 8.278627345639060309e+01 1.517802981167451435e+02 2.535286229065160768e+01
2.036662063963057517e+04 1.228721068393745384e+02 8.194726827013464288e+01 1.522967818740981727e+02 2.452096979423356515e+01
2.036710954958356160e+04 1.225280678342450074e+02 8.095815444018377605e+01 1.530846833514852392e+02 2.392689473223307317e+01
2.036756820746195081e+04 1.223725949323611104e+02 7.994827751614187150e+01 1.540206341671697885e+02 2.360633055012818105e+01
2.036803654247718077e+04 1.222099401693834864e+02 7.893166651640260056e+01 1.550036773120119733e+02 2.342468623398006855e+01
2.036850342547831679e+04 1.220579844495445769e+02 7.794958165687201301e+01 1.559777484766016471e+02 2.320348873703909121e+01
2.036896738052264845e+04 1.219924651220717351e+02 7.700079358517011485e+01 1.569615261377005595e+02 2.304089479664097695e+01
2.036944597086241993e+04 1.219897575510678394e+02 7.603854488836577730e+01 1.579593099133478518e+02 2.298760532206250673e+01
2.036991067366995048e+04 1.219632868284300002e+02 7.507767207705850865e+01 1.589555946234855242e+02 2.291215710711352926e+01
2.037035908821214980e+04 1.219020946194450659e+02 7.412075441716896762e+01 1.599533973314601951e+02 2.287509622119745245e+01
2.037081079388362195e+04 1.218794393739072603e+02 7.316755588925472864e+01 1.609533666555772697e+02 2.288275151767428639e+01
2.037127413899143721e+04 1.219077651928175072e+02 7.219860543426145227e+01 1.619520484076276716e+02 2.284574551349946958e+01
2.037174147398061541e+04 1.219485116162785800e+02 7.122069296689919327e+01 1.629498829822119887e+02 2.286341978063573777e+01
2.037222574359222926e+04 1.220516684404665710e+02 7.020993383753567230e+01 1.639467474607792212e+02 2.294199594407113807e+01
2.037271881794203000e+04 1.222563561621423531e+02 6.918519371988615774e+01 1.649446036346623146e+02 2.300506044281653928e+01
2.037318098695713343e+04 1.224003616214418741e+02 6.822186794999730353e+01 1.659368736489904279e+02 2.311887770650510632e+01
2.037363815522488585e+04 1.224268303164653702e+02 6.728458613432340485e+01 1.669308148695805301e+02 2.322235372246193918e+01
2.037412767113463269e+04 1.224670149260853265e+02 6.632004388615858659e+01 1.679296304282540007e+02 2.326335457367528647e+01
2.037460548399055551e+04 1.225742397334668681e+02 6.539109193682267573e+01 1.689191094635223180e+02 2.338577807544034215e+01
2.037507723825880385e+04 1.226053561631473912e+02 6.449653631845770008e+01 1.699116484847216100e+02 2.349500258666742170e+01
2.037556837400285440e+04 1.225585253325963322e+02 6.356084386323412616e+01 1.709106881287431747e+02 2.350794719271476652e+01
2.037604582154199306e+04 1.224744676062654776e+02 6.261824573825347784e+01 1.719087434588587371e+02 2.355042855047864592e+01
2.037651546773089649e+04 1.223299795839114097e+02 6.170523295365050132e+01 1.729066840061785797e+02 2.354171379523821983e+01
2.037701686590916142e+04 1.222131753425842362e+02 6.075824967102579421e+01 1.739026003913374154e+02 2.345447624169095491e+01
2.037751255598912394e+04 1.221167305724824388e+02 5.984204679344555444e+01 1.749006515916338458e+02 2.341273928688536543e+01
2.037799899587824984e+04 1.220704993676259278e+02 5.896542128102438340e+01 1.758947616178865303e+02 2.332288402709346897e+01
2.037852182331949371e+04 1.221110499287131148e+02 5.799458296475813768e+01 1.768885651874093128e+02 2.321322659786725850e+01
2.037905379906405142e+04 1.220152689255942136e+02 5.698960591559529121e+01 1.778841206592944673e+02 2.311906424883496314e+01
2.037955724715485485e+04 1.218266785972563042e+02 5.604645491460728834e+01 1.788607429747071365e+02 2.291899423642602684e+01
2.038006676809595592e+04 1.216894129265925102e+02 5.506613670202696653e+01 1.798420406213074045e+02 2.273363033784978526e+01
2.038061335685585436e+04 1.216383819032645306e+02 5.406476266960093113e+01 1.808306224529243309e+02 2.258295171764322973e+01
2.038119854195172229e+04 1.218864725856157634e+02 5.313828662180391404e+01 1.818257771711805333e+02 2.249678259269507663e+01
2.038173505641983502e+04 1.223355580063197721e+02 5.236721084533253645e+01 1.827703366433439953e+02 2.275014782249361645e+01
2.038226139495175084e+04 1.229558755396333680e+02 5.170422538056806872e+01 1.836344168981500502e+02 2.324713602439873128e+01
2.038281239377547172e+04 1.238376873908049731e+02 5.128749466593514228e+01 1.843360794893779939e+02 2.394636787996647342e+01
2.038330527141656785e+04 1.247078811946732060e+02 5.095853873050934624e+01 1.847681203335257578e+02 2.483533381692675590e+01
2.038377534353356532e+04 1.255669295180335183e+02 5.068092376620525386e+01 1.850814856693940555e+02 2.578466013107871291e+01
2.038427184418990510e+04 1.265592533872787584e+02 5.059746473162132929e+01 1.852616298488575524e+02 2.676535531105154320e+01
2.038475550551079868e+04 1.275078711376680474e+02 5.057171829429193366e+01 1.852463522114177863e+02 2.776110267040879620e+01
2.038525241508242834e+04 1.284569088556849010e+02 5.056154158738152660e+01 1.852505252897371122e+02 2.876005643429816416e+01
2.038579160268110718e+04 1.294929236821942595e+02 5.065963446729265485e+01 1.853571895239035427e+02 2.975334588991815110e+01
2.038632491781976205e+04 1.304259551461823037e+02 5.073718746337687691e+01 1.853520145875165781e+02 3.075007413809217027e+01
2.038689289056734560e+04 1.313207984398219992e+02 5.086430134763493527e+01 1.853078429112514698e+02 3.174908738196000968e+01
2.038752077535508215e+04 1.322274716211534269e+02 5.113477411694793773e+01 1.852369445031003181e+02 3.274642332450958548e+01
2.038873210093427770e+04 1.327742456301930076e+02 5.130683657744341986e+01 1.851296468696655211e+02 3.374053053151126136e+01
2.039204863367720463e+04 1.339355168963130893e+02 5.116139075825147842e+01 1.850162681598233974e+02 3.473408099080148759e+01
2.039337959997028156e+04 1.351741333597197752e+02 5.104451527208163242e+01 1.851843830076923609e+02 3.571121475518189925e+01
2.039403488889674190e+04 1.363078208321396687e+02 5.101707662092611884e+01 1.852469562180204150e+02 3.670628159936006085e+01
2.039460179444648747e+04 1.372621032725986083e+02 5.098012091976271165e+01 1.852712712058975910e+02 3.770598507329717108e+01
2.039520276197330168e+04 1.382165027703507292e+02 5.103039849406052042e+01 1.853019502867724952e+02 3.870551025382363974e+01
2.039581959910396108e+04 1.392433478065789245e+02 5.107039529982651516e+01 1.851532447038712519e+02 3.969162423069146683e+01
2.039642111854408722e+04 1.402168762141556897e+02 5.094822180955470259e+01 1.850922855566389558e+02 4.068865247498438009e+01
2.039700172633456532e+04 1.411701979596113574e+02 5.085305577533581101e+01 1.850551984651882833e+02 4.168796258266610266e+01
2.039759381983121784e+04 1.422104727678943448e+02 5.082669038172998199e+01 1.850537099626585871e+02 4.268788096513865327e+01
2.039818314021467086e+04 1.432825172766022774e+02 5.063647303104708897e+01 1.851796316741976227e+02 4.367894383589700880e+01
2.039874017091704081e+04 1.443639550737005948e+02 5.042765483152160044e+01 1.852355616830379006e+02 4.467691142067607046e+01
2.039926614733237875e+04 1.453532706024368508e+02 5.041272305077004745e+01 1.853362897717651094e+02 4.567163888102687253e+01
2.039980447839304179e+04 1.463309552922294472e+02 5.049463506712011451e+01 1.853718096727184275e+02 4.667071409799762449e+01
2.040036322468746948e+04 1.473527858450906649e+02 5.049075043144555508e+01 1.852639499970543966e+02 4.766390558542104117e+01
2.040090369380225457e+04 1.483051516944616139e+02 5.035408823679172485e+01 1.852756649840383716e+02 4.866290126430540397e+01
2.040142689730825077e+04 1.492317398902099512e+02 5.025038637881538506e+01 1.853084348064268170e+02 4.966236181356523360e+01
2.040197423499875003e+04 1.502064638296753003e+02 5.020365621041364790e+01 1.852078856164273475e+02 5.065646677404419762e+01
2.040252024995074680e+04 1.511859325984774500e+02 5.009157043803086395e+01 1.852409102986130449e+02 5.165497898933917043e+01
2.040306464812534614e+04 1.521460912235445733e+02 4.998762823172407366e+01 1.853058152617124108e+02 5.265285665424168116e+01
2.040361393839329321e+04 1.531137561530591711e+02 4.997081862255295448e+01 1.852528210093977634e+02 5.365092135534531081e+01
2.040417806534294868e+04 1.541289368963048787e+02 5.001171093322823680e+01 1.853172691043138229e+02 5.464826509206417171e+01
2.040474533882348624e+04 1.551109183361746489e+02 5.004569544676135706e+01 1.852706680660324707e+02 5.564671429284868509e+01
2.040531821523544568e+04 1.561343705384531972e+02 5.001324089288250718e+01 1.851734466894071431e+02 5.664192731014055227e+01
2.040591813310406360e+04 1.572502216827846269e+02 5.006048654981403701e+01 1.852790887094766674e+02 5.763521000289737373e+01
2.040649021299148080e+04 1.582978228308364237e+02 5.009989224860333934e+01 1.852118727181048996e+02 5.863219752126202167e+01
2.040701080767561143e+04 1.592359224816283927e+02 5.004759897979094774e+01 1.851611164549388491e+02 5.963089986635446138e+01
2.040756459254878428e+04 1.601785932556911973e+02 5.002814449774658812e+01 1.852476101387165386e+02 6.062691797546077765e+01
2.040807197736878516e+04 1.611180983221191809e+02 5.000166856051733077e+01 1.851933458575043403e+02 6.162519937012861959e+01
2.040854947190523308e+04 1.620481466810041695e+02 5.005199309409501751e+01 1.852499223770732044e+02 6.262348206193076550e+01
2.040909175171704555e+04 1.630638787485654291e+02 5.004492319188598515e+01 1.853854351126254301e+02 6.361422154910496829e+01
2.040962792836735025e+04 1.640544660448446734e+02 4.987995664825553632e+01 1.853332509061155235e+02 6.461264602852820360e+01
2.041016931986618147e+04 1.650511984285393225e+02 4.995352408392177068e+01 1.854666423300189422e+02 6.560360561619275188e+01
2.041077922133530228e+04 1.662030858631585772e+02 5.016634899422459171e+01 1.855620011100985494e+02 6.659901819475643947e+01
2.041136269003452253e+04 1.672453035609468088e+02 5.026174454882460196e+01 1.855634296719756833e+02 6.759895468318879352e+01
2.041197334177065568e+04 1.682418670868424897e+02 5.036848913723405730e+01 1.856938043875506423e+02 6.859012708721836304e+01
2.041256490302524981e+04 1.691704591786414937e+02 5.051111653154086412e+01 1.855877795777302310e+02 6.958446804886627035e+01
2.041308750197574773e+04 1.700427118407631042e+02 5.054390499936494052e+01 1.855306523859431991e+02 7.058264235892133343e+01
2.041368267735295376e+04 1.709674119222493687e+02 5.064769320729570978e+01 1.855965665082103726e+02 7.157975204527998869e+01
2.041427207676313265e+04 1.719768553108533240e+02 5.057290063951251824e+01 1.854257952435185359e+02 7.256472982318720710e+01
2.041481240716506363e+04 1.728949628904073279e+02 5.050160772237926210e+01 1.853961790185535392e+02 7.356422794317249725e+01
2.041540963709407151e+04 1.739168628235485983e+02 5.058317404927461070e+01 1.854170763951711649e+02 7.456347751064261331e+01
2.041599868035872714e+04 1.750343374275907138e+02 5.056156044096792357e+01 1.852831012664864829e+02 7.555326688701413218e+01
2.041655121767817400e+04 1.760653963113507814e+02 5.049925509608637952e+01 1.853840966907144718e+02 7.654812463474925721e+01
2.041713535977206993e+04 1.770654935136345216e+02 5.061700590170726599e+01 1.854494341919846363e+02 7.754595142545190356e+01
2.041770458383131700e+04 1.779754211552916843e+02 5.048539042981262526e+01 1.854853211778234936e+02 7.854466179356748512e+01
2.041832738822306055e+04 1.789956741596153336e+02 5.041219533707602807e+01 1.856618301374689395e+02 7.952631996255044555e+01
2.041892484998435611e+04 1.800005479781011672e+02 5.045285351150565845e+01 1.855331557414188239e+02 8.051771041229143577e+01
2.041948023786091289e+04 1.808318031717089980e+02 5.032089347389330669e+01 1.855118791496659298e+02 8.151660122210952863e+01
2.042012935884929175e+04 1.817420844460885974e+02 5.025846577939305604e+01 1.856554975956099440e+02 8.250622436511076785e+01
2.042080046638801650e+04 1.829456409865356648e+02 5.015791902009436853e+01 1.857839036984072436e+02 8.349791434157178571e+01
2.042135887033773542e+04 1.839059295411791481e+02 5.007217024933675020e+01 1.859407373305656961e+02 8.448550038910325100e+01
2.042192347096880985e+04 1.850241270431078249e+02 5.018464381824918519e+01 1.860567136225832883e+02 8.547838148594097163e+01
2.042245685373290689e+04 1.860263804068846696e+02 5.020786286649830288e+01 1.860720721515010325e+02 8.647807268124135760e+01
2.042299105891699946e+04 1.868418142587246393e+02 5.034932749099618832e+01 1.861416895775244598e+02 8.747214552181443992e+01
2.042349869013471107e+04 1.877247592596739878e+02 5.055903646804765117e+01 1.858870377819606290e+02 8.843914382607407276e+01
2.042402527461100181e+04 1.886796405553129148e+02 5.074304114076406336e+01 1.856236564530516091e+02 8.940081226186923402e+01
2.042454589620324259e+04 1.897476430288764675e+02 5.088131189370746199e+01 1.856321100588695288e+02 9.040033757577698736e+01
2.042502992118458860e+04 1.907396321949149183e+02 5.102412232554334537e+01 1.855313672929579809e+02 9.139521272963355614e+01
2.042551417287709410e+04 1.917009894581031801e+02 5.113734144598665665e+01 1.854178581310300444e+02 9.238664460161625414e+01
2.042600599059395245e+04 1.925983787450865918e+02 5.123197114139667008e+01 1.855223805277586280e+02 9.337990113423651906e+01
2.042645087861278080e+04 1.934990555871224842e+02 5.121199322761712835e+01 1.854487781832724522e+02 9.437718853596649637e+01
2.042693528721944676e+04 1.943855243368928711e+02 5.118280416037671898e+01 1.853837925319951410e+02 9.537429828621532124e+01
2.042742902879236135e+04 1.953219318570537553e+02 5.135746769543360557e+01 1.854428335693717429e+02 9.637125243761423121e+01
2.042789611130551930e+04 1.962737449954801434e+02 5.161798403440872818e+01 1.853290654241999675e+02 9.736454670435803394e+01
2.042841289824112027e+04 1.973497652591710221e+02 5.181846362758765423e+01 1.852967497625126043e+02 9.836342089221761853e+01
2.042893144183743425e+04 1.983772432919226389e+02 5.203976908103463472e+01 1.853695134713988750e+02 9.935925536323409801e+01
2.042941972062563946e+04 1.993985133179561160e+02 5.215179062947867550e+01 1.852604965964353028e+02 1.003527937651161182e+02
2.042991368689517549e+04 2.003438249478477928e+02 5.220900432297536753e+01 1.852659868998201773e+02 1.013525917280561259e+02
2.043043939401792522e+04 2.013700238931094475e+02 5.239945837649291605e+01 1.853179416023378394e+02 1.023488058629158104e+02
2.043089011361793746e+04 2.023769838183403351e+02 5.260970394160388963e+01 1.851394953704393629e+02 1.033322116384553766e+02
2.043133572489795188e+04 2.033746372795279456e+02 5.280717851825956188e+01 1.850778526557521673e+02 1.043301217527394584e+02
2.043180903556978592e+04 2.043796231899393945e+02 5.292607510003291083e+01 1.850671202953799082e+02 1.053286725701484556e+02
2.043228698849882494e+04 2.053203757688248174e+02 5.301751726742489979e+01 1.848891092690665801e+02 1.063117962136392833e+02
2.043277116396815836e+04 2.062312892696506594e+02 5.316488238350661533e+01 1.848634592134760055e+02 1.073109626552440403e+02
2.043329409165487959e+04 2.071780339981546888e+02 5.330299344539625395e+01 1.849270261302033305e+02 1.083068425127017207e+02
2.043376721442036069e+04 2.080878686997631064e+02 5.327841912260002033e+01 1.847873178160253360e+02 1.092953671820630888e+02
2.043424410525472922e+04 2.089358568209198381e+02 5.327473211670978515e+01 1.848476728755649674e+02 1.102934065823500873e+02
2.043478990293864263e+04 2.098885003658997448e+02 5.337150319905335039e+01 1.849484626473924607e+02 1.112868827117357426e+02
2.043530626432017743e+04 2.108974002987996244e+02 5.331512951259524868e+01 1.848814982223970276e+02 1.122835788742649470e+02
2.043579467331120031e+04 2.118570826683204018e+02 5.341733655799181690e+01 1.849689519566015861e+02 1.132797305552815601e+02
2.043632581588600078e+04 2.129223340149350463e+02 5.352462741005970059e+01 1.850217991022729791e+02 1.142770438748646882e+02
2.043686109332168053e+04 2.139746113486611989e+02 5.342365641004085575e+01 1.849227184660906858e+02 1.152698243632596586e+02
2.043736395335574707e+04 2.147757921398447536e+02 5.336933486578231367e+01 1.850418252655406661e+02 1.162621054700158822e+02
2.043786259874202005e+04 2.155910301177430597e+02 5.342852271128903396e+01 1.850434068993105825e+02 1.172620951910935929e+02
2.043842875729936350e+04 2.164037305887339642e+02 5.334692535633698185e+01 1.850519460143044057e+02 1.182594795243546599e+02
2.043901581408558559e+04 2.173340993288600203e+02 5.346980277662726166e+01 1.852620513390380950e+02 1.192297108614017560e+02
2.043954510576409666e+04 2.183924778098262891e+02 5.347958331475889793e+01 1.851064287147405878e+02 1.202137874134368758e+02
2.044013331276850658e+04 2.195390883109474487e+02 5.345127667012912553e+01 1.852322153629678212e+02 1.212056937934345484e+02
2.044068052341745351e+04 2.206167798778941460e+02 5.352990697209088466e+01 1.853907208342418755e+02 1.221905284362840263e+02
2.044116390902322382e+04 2.215273908050699561e+02 5.355025707255702372e+01 1.853459828726331580e+02 1.231876003054509425e+02
2.044164851070035365e+04 2.223958303933464151e+02 5.349412494018730513e+01 1.854900336704940571e+02 1.241770220824330409e+02
2.044215873755193752e+04 2.232252139301917566e+02 5.333900867197034756e+01 1.855645958567672835e+02 1.251729740444856418e+02
2.044266853905395328e+04 2.240588089167544581e+02 5.328738228469006799e+01 1.855023873013642515e+02 1.261693047063518094e+02
2.044318279940960929e+04 2.249382352967977852e+02 5.361604998455890581e+01 1.855933031043818460e+02 1.271617533199370200e+02
2.044369338438128398e+04 2.258256898467404312e+02 5.407822178901160726e+01 1.854096430983127846e+02 1.281414698849412162e+02
2.044416281336889006e+04 2.265043979017295612e+02 5.464710785583699959e+01 1.849871877407952070e+02 1.290471231923523590e+02
2.044462580507556777e+04 2.269640910372487212e+02 5.542260493429493096e+01 1.844368302438583953e+02 1.298724583282178742e+02
2.044513539479197425e+04 2.271346652150341754e+02 5.633149032562977965e+01 1.836041783542885355e+02 1.304126242096912165e+02
2.044565587377536212e+04 2.271984469601619026e+02 5.734175731161752054e+01 1.826315580289079605e+02 1.306446886603324629e+02
2.044614942123665605e+04 2.272250785873746679e+02 5.838453086239301371e+01 1.816491034602579475e+02 1.308180207039081608e+02
2.044662306184613044e+04 2.272579786760520335e+02 5.938006248428014544e+01 1.806491618331197060e+02 1.308083704017172408e+02
2.044709227635838761e+04 2.272648038247662612e+02 6.033621718023601943e+01 1.796492392008988759e+02 1.308155833222822082e+02
2.044755318374816125e+04 2.272398927383297860e+02 6.123076209377025236e+01 1.786502952492029408e+02 1.308344339030759329e+02
2.044799823862492121e+04 2.271225453226887225e+02 6.218905245334914156e+01 1.776541462704009291e+02 1.307557601216079775e+02
2.044847839959741759e+04 2.268980336017818900e+02 6.331175451644831753e+01 1.766547260376061388e+02 1.307860171724110785e+02
2.044895667393226177e+04 2.266274535256528111e+02 6.436458076775517156e+01 1.756575657309780354e+02 1.308364434115222537e+02
2.044942194706360897e+04 2.265251827966051792e+02 6.535097994473603933e+01 1.746616445354557641e+02 1.307537321086111888e+02
2.044989988707455268e+04 2.265414179593904862e+02 6.635338470394867727e+01 1.736622394324817833e+02 1.307755767396345732e+02
2.045039380139645073e+04 2.265313095725693984e+02 6.737246338681693203e+01 1.726665938477415523e+02 1.308409867565200386e+02
2.045086539635879308e+04 2.264070729492540579e+02 6.833159192738951049e+01 1.716716671295218077e+02 1.307413317078306534e+02
2.045133016431922806e+04 2.262522089410514354e+02 6.928834487063515724e+01 1.706735533773080533e+02 1.306807508243010716e+02
2.045181752706424231e+04 2.261887674991220933e+02 7.031676287416649984e+01 1.696748584707254395e+02 1.306360040790720518e+02
2.045229782867849644e+04 2.261136775154264171e+02 7.127217830831381207e+01 1.686799549936062022e+02 1.305477813918215020e+02
2.045278496776699467e+04 2.261127922432763739e+02 7.220428701627720613e+01 1.676812056434882265e+02 1.305923220994236260e+02
2.045331105775259130e+04 2.261253632766267287e+02 7.327997549831373192e+01 1.666857254729434601e+02 1.306771360831028232e+02
2.045378510894033025e+04 2.260401395501480408e+02 7.434884977174925780e+01 1.656859404566274918e+02 1.306578575431988725e+02
2.045423961742833490e+04 2.259219084278291518e+02 7.540171744494834627e+01 1.646874818211305467e+02 1.306370428091066174e+02
2.045472482888683953e+04 2.257324875571331688e+02 7.645064359190253356e+01 1.636978760069627867e+02 1.304937641541291384e+02
2.045523136097810129e+04 2.255802766245673752e+02 7.745970410459545974e+01 1.627033775946401306e+02 1.303957993127206976e+02
2.045576592936526504e+04 2.254103491487635154e+02 7.844105456459467973e+01 1.617038324292451819e+02 1.303789794466818535e+02
2.045632324715609866e+04 2.252941900931642749e+02 7.940653629982136863e+01 1.607064680288161753e+02 1.303115978444397456e+02
2.045690148612196208e+04 2.252443156817880379e+02 8.037285177436869787e+01 1.597070314945639780e+02 1.303232209976821991e+02
2.045749215637447560e+04 2.252824731875835482e+02 8.133993804008679263e+01 1.587110318822419117e+02 1.303832915700659214e+02
2.045805226033893268e+04 2.253420239694745533e+02 8.222512388767090385e+01 1.577175974857037204e+02 1.303323692888804146e+02
2.045860518325646626e+04 2.253538498798404248e+02 8.315221211304580606e+01 1.567319904155039580e+02 1.304969717882454745e+02
2.045919957946934301e+04 2.252139130731070225e+02 8.416940528977539770e+01 1.557348018154419265e+02 1.305522238294141744e+02
2.045978617914998540e+04 2.249580430159468563e+02 8.504280251273402769e+01 1.547361749314655128e+02 1.305036398115528300e+02
2.046037648948864080e+04 2.244038721566825529e+02 8.574795767827124848e+01 1.537615659848526661e+02 1.304026990723014592e+02
2.046095709126320799e+04 2.235253430155324850e+02 8.631239547410170587e+01 1.529414237601511104e+02 1.298506808452676751e+02
2.046152205482076170e+04 2.225791433820451459e+02 8.663267314587970702e+01 1.523596178398346694e+02 1.290455549408508773e+02
2.046204579277540324e+04 2.216103974183792786e+02 8.669768936573483131e+01 1.520401212958316819e+02 1.281081002035868721e+02
2.046253834378248212e+04 2.207363304810613727e+02 8.678109332467943204e+01 1.519388923540520295e+02 1.271140215366369404e+02
2.046306901705831478e+04 2.198816399308398672e+02 8.686819837084884455e+01 1.517591471514165562e+02 1.261304253695770541e+02
2.046361573873039742e+04 2.189472508053514161e+02 8.689041911102351889e+01 1.516186856329094894e+02 1.251467267212943426e+02
2.046414230650319587e+04 2.180135811879711980e+02 8.688650381640223941e+01 1.516501687185790672e+02 1.241477399727099851e+02
2.046469575228372196e+04 2.170890386511423458e+02 8.682329508253761219e+01 1.516271370280621511e+02 1.231480053459891195e+02
2.046525277058073334e+04 2.161149758473205793e+02 8.670285746962329654e+01 1.516527380037266255e+02 1.221514255281335295e+02
2.046574253525640233e+04 2.152263958230527976e+02 8.660153090980568891e+01 1.517553575667552934e+02 1.211601849865060245e+02
2.046624011063323633e+04 2.143303482142203791e+02 8.642342289347737960e+01 1.517413008090200037e+02 1.201606660941999820e+02
2.046674247584748082e+04 2.134382349031008630e+02 8.622757125295908054e+01 1.518137309579431928e+02 1.191655035147693553e+02
2.046722284953058261e+04 2.125766608109845492e+02 8.616219204306065649e+01 1.519375430355182175e+02 1.181766132084873249e+02
2.046773164011520930e+04 2.116698308868123775e+02 8.608555295769882321e+01 1.519341772098892420e+02 1.171766192180191126e+02
2.046823249037825371e+04 2.107977826389721940e+02 8.597922281883613493e+01 1.519814014684669417e+02 1.161805590945427724e+02
2.046870789389504716e+04 2.099893347478796954e+02 8.594697026673117080e+01 1.521013810792924232e+02 1.151897188055175576e+02
2.046922074465556216e+04 2.091906067292992191e+02 8.590933844540846565e+01 1.521234321936912579e+02 1.141899861426743570e+02
2.046975892234440107e+04 2.083962585893099231e+02 8.586468829145749737e+01 1.521792314846774445e+02 1.131936610991221670e+02
2.047029802480294529e+04 2.075569253302741117e+02 8.587405987805088614e+01 1.522700953697719228e+02 1.122015989533944236e+02
2.047087516694304941e+04 2.066588814136838153e+02 8.580396388564224708e+01 1.522391912947649928e+02 1.112020933979118666e+02
2.047147050577495247e+04 2.057353394827956095e+02 8.568990040438217193e+01 1.522531256268839854e+02 1.102035208746391817e+02
2.047203319725238907e+04 2.048196617053411330e+02 8.568904728464036680e+01 1.522712228021911471e+02 1.092082653222588675e+02
2.047261439012290793e+04 2.038447156950131784e+02 8.574221142420584840e+01 1.521622681264464916e+02 1.082142544099203718e+02
2.047323031525064289e+04 2.028225378625647295e+02 8.581679480883153133e+01 1.520847932695263012e+02 1.072176279909847239e+02
2.047382480486075656e+04 2.018385822821637134e+02 8.585618945396156221e+01 1.520151595564728382e+02 1.062208030545496058e+02
2.047438543674432367e+04 2.008604003061337835e+02 8.582738996035885748e+01 1.519368850317025306e+02 1.052254149048036567e+02
2.047495405738003319e+04 1.998503373167262680e+02 8.579963611905908749e+01 1.518961574701473864e+02 1.042272352558930777e+02
2.047555180418728924e+04 1.988180376555180828e+02 8.574757016177139235e+01 1.518485069800900362e+02 1.032304824763542115e+02
2.047614673351946476e+04 1.978375598940995985e+02 8.576049948643013465e+01 1.518850976962056336e+02 1.022311524889772301e+02
2.047670504173983136e+04 1.969334439456149539e+02 8.580381279898053037e+01 1.518547913331410655e+02 1.012351034134128867e+02
2.047723294358709609e+04 1.960492889842506941e+02 8.574947362674275553e+01 1.517934456004728361e+02 1.002408030086517101e+02
2.047776424911954018e+04 1.951609151016302519e+02 8.570787941799335385e+01 1.518408494914183962e+02 9.924193091671419609e+01
2.047829886757418353e+04 1.942575659397227810e+02 8.567430846438817582e+01 1.518534623574968236e+02 9.824300654972762459e+01
2.047883351346440395e+04 1.933330855791437273e+02 8.561583495715179026e+01 1.518685955315968386e+02 9.724514000886978238e+01
2.047937798473311341e+04 1.924518670033671413e+02 8.559371363931772692e+01 1.519081567669742299e+02 9.624754307983585022e+01
2.047993220089235183e+04 1.916255244965504971e+02 8.553769794514693103e+01 1.518711115470509014e+02 9.524830471237621055e+01
2.048048755217370126e+04 1.907787426068602485e+02 8.546032142651267804e+01 1.518710329422423797e+02 9.424991821914977663e+01
2.048106020566083680e+04 1.899008479179234712e+02 8.540378029692290340e+01 1.518714485359719788e+02 9.325236914440354496e+01
2.048164464030251111e+04 1.890494760036342257e+02 8.527513390521326642e+01 1.518173878476125935e+02 9.225416615981961854e+01
2.048220809159294004e+04 1.882330757829256811e+02 8.515621211213979791e+01 1.518548757103164348e+02 9.125716396457474389e+01
2.048277932293660706e+04 1.873976675584076190e+02 8.516276405452543941e+01 1.518819605214748947e+02 9.026147350482311538e+01
2.048338508322952839e+04 1.865344088406692435e+02 8.529722993288821442e+01 1.517918749553985833e+02 8.926581816032590666e+01
2.048398927694310260e+04 1.857097060324992981e+02 8.557673326112406187e+01 1.516011822089990631e+02 8.828750703593374283e+01
2.048456991051459772e+04 1.849203118861724136e+02 8.593692063297150696e+01 1.512397644529944216e+02 8.735977759045842106e+01
2.048515355345723583e+04 1.841675881613628292e+02 8.635219815344622418e+01 1.507985161239683407e+02 8.646241854529105808e+01
2.048577647917421928e+04 1.834694940775693794e+02 8.680765518566352057e+01 1.502748181149589186e+02 8.561673878227075818e+01
2.048642285618957612e+04 1.827901868137325607e+02 8.730403906887377730e+01 1.496986681847216403e+02 8.480037335689118549e+01
2.048705373404306010e+04 1.821267472822076172e+02 8.786360037902538522e+01 1.491475604413047904e+02 8.396596832517468556e+01
2.048767834677187057e+04 1.813710675812291413e+02 8.827527564304334362e+01 1.485989147018630945e+02 8.312995558014023345e+01
2.048829613887851156e+04 1.805060083917217639e+02 8.849243482536687111e+01 1.482425032041096529e+02 8.221256543481486290e+01
2.048888239759480712e+04 1.796710013454293460e+02 8.864992023857662673e+01 1.480104748017503482e+02 8.124000362426650668e+01
2.048945892269284741e+04 1.788256253491217365e+02 8.869828843811018260e+01 1.477739002385109757e+02 8.026842276425931288e+01
2.049005011836955964e+04 1.779047689678688187e+02 8.861952445621301422e+01 1.476960583061137982e+02 7.927921055548198126e+01
2.049062314561492167e+04 1.769990959881468768e+02 8.845767746010896815e+01 1.477091973055145218e+02 7.827932244092887970e+01
2.049115167466658386e+04 1.761426409637086579e+02 8.827414383457725933e+01 1.477679392125229469e+02 7.728187648400502496e+01
2.049167799295504665e+04 1.752611346051211285e+02 8.814980291581358074e+01 1.478913542072779421e+02 7.628985035485042943e+01
2.049223167418614321e+04 1.743870406703102560e+02 8.798117204342464959e+01 1.479616877409587516e+02 7.529395110522145274e+01
2.049279107448353534e+04 1.735921334989046727e+02 8.766395277347982073e+01 1.481025579384394746e+02 7.430796613151861152e+01
2.049335990877718723e+04 1.728546202670221703e+02 8.728896058668352964e+01 1.484440797443767224e+02 7.337384028149180892e+01
2.049399938449608453e+04 1.721178842245373062e+02 8.677307358563041362e+01 1.488467747422640741e+02 7.245856172971434717e+01
2.049465846126947508e+04 1.713643627479826819e+02 8.609263902223841569e+01 1.494254658924365060e+02 7.165926092969422712e+01
2.049522138191870908e+04 1.707898929353389406e+02 8.536807863315101486e+01 1.501136244565947493e+02 7.093374769287324000e+01
2.049574381948275186e+04 1.704569031136189494e+02 8.454402736359044468e+01 1.508785155698902258e+02 7.029393771421975146e+01
2.049627215263613107e+04 1.702418278750560887e+02 8.364355260647523949e+01 1.517879861895904412e+02 6.991155170648698913e+01
2.049677947606363887e+04 1.701299511589376436e+02 8.279033720509681871e+01 1.527397019486550960e+02 6.960490165992250411e+01
2.049727308596294097e+04 1.701308494944357221e+02 8.194636559860114744e+01 1.537089911626436844e+02 6.936393351051032141e+01
2.049776473601773614e+04 1.701433374192701251e+02 8.109631604881910505e+01 1.547025390245693757e+02 6.931667413362595198e+01
2.049822865524813096e+04 1.702014878363569039e+02 8.029718889502665036e+01 1.556972640018546485e+02 6.923460853189413911e+01
2.049871516275447357e+04 1.702964016788970980e+02 7.942397583990640442e+01 1.566947021220542524e+02 6.917238823033778772e+01
2.049924652666256225e+04 1.702612272315137716e+02 7.850557423876649921e+01 1.576900326475750944e+02 6.924235319065755334e+01
2.049980608697592106e+04 1.701940094200105023e+02 7.760032355814793448e+01 1.586840167756407993e+02 6.919060228671041557e+01
2.050037926950396650e+04 1.701836123168987740e+02 7.664642100151233706e+01 1.596824971259541428e+02 6.915908372077242916e+01
2.050096822607626746e+04 1.701502058056173041e+02 7.570567028009162414e+01 1.606799999461823063e+02 6.921910697582252681e+01
2.050161598996068278e+04 1.702630444662912623e+02 7.476782946803960783e+01 1.616763058626890768e+02 6.917294727196998849e+01
2.050231051401266086e+04 1.703728771501928634e+02 7.381025362730190409e+01 1.626528776520655697e+02 6.933559729687493700e+01
2.050301645997486412e+04 1.704848918596523788e+02 7.290669893225903309e+01 1.636455836886116799e+02 6.935400889753924503e+01
2.050372619618133467e+04 1.705758824806061682e+02 7.202757403414689463e+01 1.646363850805400943e+02 6.946480622220167334e+01
2.050449202068219529e+04 1.704615452348605231e+02 7.111213705104323424e+01 1.656342150743197124e+02 6.950204577489930102e+01
2.050527965202357518e+04 1.704884409524021294e+02 7.011133519820077709e+01 1.666088492397012715e+02 6.930219807130157506e+01
2.050605961235511859e+04 1.703609608109538271e+02 6.919368551763409414e+01 1.676007204791127094e+02 6.932248659414833014e+01
2.050685732207942419e+04 1.703169509440757849e+02 6.838325848026950382e+01 1.685643349834857361e+02 6.909433762606848006e+01
2.050767591426986473e+04 1.703084708420539073e+02 6.752129979267533599e+01 1.695209279614060449e+02 6.929507367273195939e+01
2.050859630653979912e+04 1.703321164398891767e+02 6.651289040744092063e+01 1.705093773308071832e+02 6.923087017439101487e+01
2.050964598992494575e+04 1.703921354604383396e+02 6.563697035256849688e+01 1.714621026845274514e+02 6.950074365947354238e+01
2.051068796264111734e+04 1.703915203505313514e+02 6.483849243099399473e+01 1.724446950243834067e+02 6.938698250281170488e+01
2.051176871244269569e+04 1.702803430764226960e+02 6.386053833454108286e+01 1.734191377743862574e+02 6.958076103106064636e+01
2.051287348978368391e+04 1.704607544729263680e+02 6.287383540714148467e+01 1.743766684770767199e+02 6.933345654168950034e+01
2.051387200476924045e+04 1.704182548631612235e+02 6.188760175214184045e+01 1.753341608068156461e+02 6.957115806884952747e+01
2.051482892202829680e+04 1.704923395934380039e+02 6.091049038707795660e+01 1.762874813979222210e+02 6.931613288353318580e+01
2.051567133143994579e+04 1.703968681024092859e+02 6.001612135047675167e+01 1.772424865270597820e+02 6.956796401622894166e+01
2.051647203537073074e+04 1.703421680704081211e+02 5.917590913814084530e+01 1.781815458807800496e+02 6.926060613004413824e+01
2.051735461803495491e+04 1.702398928587505225e+02 5.819659520800197328e+01 1.791698239064523648e+02 6.936983799355856206e+01
2.051832880800031489e+04 1.699801604911042432e+02 5.725548591094788264e+01 1.801336935818207508e+02 6.911595955986224737e+01
2.051935980350354293e+04 1.698587543247045630e+02 5.640218088103146954e+01 1.811304215540773157e+02 6.904542776253329350e+01
2.052042890055546377e+04 1.695155204556706110e+02 5.561195704107979765e+01 1.821108765850326563e+02 6.885020915337007352e+01
2.052153735516994493e+04 1.694482945197908634e+02 5.448993800798518805e+01 1.831093815498554420e+02 6.880176190712612083e+01
2.052256164944671036e+04 1.694635237293854004e+02 5.353347078498129719e+01 1.841093377445666022e+02 6.879448427290108725e+01
2.052352348876063479e+04 1.698856466689654212e+02 5.277480614223175337e+01 1.850338984638157740e+02 6.917106903920591776e+01
2.052544745370471719e+04 1.704201307283328504e+02 5.341379921422965538e+01 1.852331175184331471e+02 7.007114292476174455e+01
2.052688951966628520e+04 1.714001381803029744e+02 5.382413676782555001e+01 1.848483886456241692e+02 7.096027096273665791e+01
2.052807640233213169e+04 1.724634888176416325e+02 5.395045449938037052e+01 1.847309664109870369e+02 7.194083555652521511e+01
2.052919547220274762e+04 1.735885626173435980e+02 5.418242503170702662e+01 1.844849175751255359e+02 7.290190599875151634e+01
2.053017486469227515e+04 1.746036499539891622e+02 5.423248890839280278e+01 1.844360305552818318e+02 7.389978264088078674e+01
2.053113110111655624e+04 1.755024759186340475e+02 5.425956917182904959e+01 1.844918231785655962e+02 7.489632430538760843e+01
2.053216400923133551e+04 1.764526706933522746e+02 5.414198822017898038e+01 1.846233076994381008e+02 7.588762544244929131e+01
2.053320874289577841e+04 1.774894491300561867e+02 5.399649874934178229e+01 1.847269542638449877e+02 7.688188382994907499e+01
2.053421633827840560e+04 1.785312435606942643e+02 5.394630886674423920e+01 1.847953399063629547e+02 7.787954230640684727e+01
2.053526907882771047e+04 1.796150256143515094e+02 5.389127303762944621e+01 1.848722743736968255e+02 7.887649588279290924e+01
2.053639422412909335e+04 1.807537467809499674e+02 5.403632671602004933e+01 1.848521176088375171e+02 7.986523301564096755e+01
2.053742013051898539e+04 1.817070480917754196e+02 5.402363598241604592e+01 1.848128815983088771e+02 8.083952398303519260e+01
2.053837686555352775e+04 1.826496583816414159e+02 5.405372534872855539e+01 1.848716043175666357e+02 8.181097094177989959e+01
2.053930151160330934e+04 1.836081830503496519e+02 5.407126346520707472e+01 1.847769526480339266e+02 8.279366001664439523e+01
2.054019880491567892e+04 1.845833401104925997e+02 5.428639065862403612e+01 1.846979871558804120e+02 8.376902889144240305e+01
2.054105499525693813e+04 1.853778603688434146e+02 5.469971280670248603e+01 1.844269905012443758e+02 8.473010686121003232e+01
2.054196303251236168e+04 1.858439862169353205e+02 5.546314477729333703e+01 1.838694573791003677e+02 8.543781292674320582e+01
2.054295982897001159e+04 1.859588075125817284e+02 5.635578267256635598e+01 1.829238049037674330e+02 8.571437230293219045e+01
2.054411260998262151e+04 1.860196299180283006e+02 5.715251299998967482e+01 1.819299015803750876e+02 8.570853591735694010e+01
2.054543473073429050e+04 1.858804872610582777e+02 5.790147874426114072e+01 1.809329723859224828e+02 8.569906652235836475e+01
2.054672867574523843e+04 1.856655646364364713e+02 5.881085859839410546e+01 1.799413028378093884e+02 8.581833580971262165e+01
2.054781378459569169e+04 1.856486030589081224e+02 5.970391508962329397e+01 1.789554302178995897e+02 8.598560896666111830e+01
2.054890318047020628e+04 1.853972460101144577e+02 6.056012649596627284e+01 1.779783737269423227e+02 8.588280665754501797e+01
2.054986857313861401e+04 1.851612652918614401e+02 6.139055807463848424e+01 1.769924175023543000e+02 8.590607390110265840e+01
2.055069935554199401e+04 1.849432719778035334e+02 6.226052262207036847e+01 1.759995759058675446e+02 8.586348257752139546e+01
2.055148490938323084e+04 1.851450420918690725e+02 6.303642648775620927e+01 1.750030603853732885e+02 8.587816983274942118e+01
2.055234359302318990e+04 1.851268022508747606e+02 6.384916830214243788e+01 1.740652571860419471e+02 8.618703465776009409e+01
2.055312182399979429e+04 1.850625625120478048e+02 6.465366815346806106e+01 1.731412871632549297e+02 8.603040386709433562e+01
2.055387574400506492e+04 1.851238321274720988e+02 6.534326008762693050e+01 1.722219309949983312e+02 8.623138739820466014e+01
2.055479359628842576e+04 1.851429625031749424e+02 6.624998870271585361e+01 1.712438040399396471e+02 8.629121866698189081e+01
2.055567427141751614e+04 1.851443058685279084e+02 6.714925485787270532e+01 1.702508994698968365e+02 8.637905157203906015e+01
2.055664428224245057e+04 1.848858688839594322e+02 6.807603056820758525e+01 1.692624820113545923e+02 8.629124237410374576e+01
2.055765641118685744e+04 1.847124269046828715e+02 6.901096231739364839e+01 1.682755316337678835e+02 8.613023282168408912e+01
2.055875633308536271e+04 1.845794506225324483e+02 7.005419804036642972e+01 1.672783184007323030e+02 8.609718113832749964e+01
2.055984884638880976e+04 1.845946942899455507e+02 7.113249154480615744e+01 1.662801826263506371e+02 8.615213267568867650e+01
2.056085475100802068e+04 1.845695942328650290e+02 7.218028650601080187e+01 1.652833543735426645e+02 8.609482023908886106e+01
2.056172880378128684e+04 1.845036221615707746e+02 7.311768881519731167e+01 1.642839473757750852e+02 8.610908303077003723e+01
2.056251354361812628e+04 1.843001100872378970e+02 7.401583122673139314e+01 1.632840433118336989e+02 8.609713638469980879e+01
2.056331631799948809e+04 1.842877131876440444e+02 7.483488708969460390e+01 1.622850153439919723e+02 8.606243512917860983e+01
2.056432341273513885e+04 1.841073336228855339e+02 7.583037843341386974e+01 1.612986708541790506e+02 8.622463029199708728e+01
2.056531330457166769e+04 1.843253862569626449e+02 7.671375331580163959e+01 1.603029746793676225e+02 8.619781840705957165e+01
2.056619581214597929e+04 1.844263656458064418e+02 7.768035825492474089e+01 1.594255085618448788e+02 8.666225504876486241e+01
2.056690975957651244e+04 1.846424998527731987e+02 7.852307413417513260e+01 1.584311901988533009e+02 8.665431913534069963e+01
2.056764866962787346e+04 1.847544539462504076e+02 7.945883700258782767e+01 1.574996914739398903e+02 8.700446676086785658e+01
2.056845413883707442e+04 1.846154588502813283e+02 8.043903865464831426e+01 1.565001799588797837e+02 8.702800923223369978e+01
2.056930955727401670e+04 1.846088150197046787e+02 8.140270301396019192e+01 1.555043672256011575e+02 8.711942306878924569e+01
2.057012871291614647e+04 1.844095550059223569e+02 8.225988187979096722e+01 1.545087866398374388e+02 8.718924717454532924e+01
2.057103981470464350e+04 1.845009002779520699e+02 8.314485526849922792e+01 1.535182422987095947e+02 8.705219697010322477e+01
2.057194560205342350e+04 1.838939366332604379e+02 8.399398595623230790e+01 1.525508428383677710e+02 8.684430073398705474e+01
2.057271590857699994e+04 1.834229442060755844e+02 8.475352777830680395e+01 1.517088748166472669e+02 8.631127661599994383e+01
2.057352265292475568e+04 1.828556161882262927e+02 8.542133573583711836e+01 1.508411451047452658e+02 8.586691960090143994e+01
2.057426833485631505e+04 1.822266270263689023e+02 8.614349096024498920e+01 1.501959487158813147e+02 8.511228003971871203e+01
2.057499113099322858e+04 1.815865114875007578e+02 8.685989140517008877e+01 1.493876565528429410e+02 8.452350643049291534e+01
2.057570079681085917e+04 1.808210785842961741e+02 8.745241777520500648e+01 1.486080322081851932e+02 8.390325592091193130e+01
2.057636967940520117e+04 1.800484497716343810e+02 8.805749813673851634e+01 1.478898364448223504e+02 8.321506868277903379e+01
2.057704586719114741e+04 1.792700245650546549e+02 8.856245156877903923e+01 1.471713765103667413e+02 8.255529134365202992e+01
2.057770985764417128e+04 1.785128444981914129e+02 8.889825606908335942e+01 1.466881598402003704e+02 8.167988336758232037e+01
2.057838270837891469e+04 1.777004972126390783e+02 8.913649431700345360e+01 1.461892097790108380e+02 8.081325359304190670e+01
2.057905911487020785e+04 1.767992802308505702e+02 8.921065416171987295e+01 1.458349804512169783e+02 7.989909274455759203e+01
2.057973799931758913e+04 1.760164404875381479e+02 8.922137187071841424e+01 1.456902881269809882e+02 7.891075238609334974e+01
2.058050419615280771e+04 1.752130214816775151e+02 8.914446462325605580e+01 1.455505330959432229e+02 7.792437366547363808e+01
2.058129008823555705e+04 1.743296651913921380e+02 8.911279770435132264e+01 1.455665022001951172e+02 7.692580643011751818e+01
2.058203885638588690e+04 1.734933285658933642e+02 8.909788199222806782e+01 1.455667287870924724e+02 7.592887540587648232e+01
2.058277412135455234e+04 1.726281441621790975e+02 8.890629262668677768e+01 1.456900553573828745e+02 7.495495151220241326e+01
2.058353369555740937e+04 1.717499845240384957e+02 8.858798193703310631e+01 1.459362887863127014e+02 7.398705021327903353e+01
2.058433494086444989e+04 1.708707552984329254e+02 8.807864608606021761e+01 1.462836303100835948e+02 7.306028150164753754e+01
2.058509722547449564e+04 1.701003394418949313e+02 8.747404207298247059e+01 1.467836493895056265e+02 7.219468704017729976e+01
2.058583750476786008e+04 1.694392417830749196e+02 8.676322710344398104e+01 1.473322908798349999e+02 7.135905129908657329e+01
2.058654837485271491e+04 1.687884765776336451e+02 8.596733356946974425e+01 1.479695777011758651e+02 7.059103703926713536e+01
2.058724479849849740e+04 1.683479497823313125e+02 8.515911528651847107e+01 1.486446462894629121e+02 6.985328861807627732e+01
2.058793148223805838e+04 1.680042130170674000e+02 8.434299703928580527e+01 1.494722469062274683e+02 6.931874919928067413e+01
2.058860008571115395e+04 1.676419151999993460e+02 8.357050109580578123e+01 1.502964229365827293e+02 6.875940337551466541e+01
2.058925163686925589e+04 1.674073510792059665e+02 8.282722161370267600e+01 1.511632791903728901e+02 6.826725148851042491e+01
2.059000084413927470e+04 1.671025106252024273e+02 8.205084461462408285e+01 1.521065834546918154e+02 6.794363530080561020e+01
2.059080476792557965e+04 1.669579977751917284e+02 8.119992658978307531e+01 1.529995016849322838e+02 6.750226070959134006e+01
2.059157018407688156e+04 1.668573857054798282e+02 8.034104896678037733e+01 1.539728900107153038e+02 6.738575560423048216e+01
2.059240346533110278e+04 1.667895112754740126e+02 7.952303483976166376e+01 1.549401904879555332e+02 6.715136752223003214e+01
2.059328792776635237e+04 1.668816981177768639e+02 7.871169196045896399e+01 1.559306518439195486e+02 6.719786296395258773e+01
2.059428572001406428e+04 1.668746244753657493e+02 7.776262665928071272e+01 1.569290866975890424e+02 6.716495994630676591e+01
2.059540366306482247e+04 1.670295922877886028e+02 7.675214663020508965e+01 1.579040907951949180e+02 6.737044220624909485e+01
2.059666129425809777e+04 1.669743823904452142e+02 7.602420849253557833e+01 1.588607639479847933e+02 6.712254560766693601e+01
2.059801610018178690e+04 1.671049918863120638e+02 7.498213986221276173e+01 1.598558454813914977e+02 6.714184626293717884e+01
2.059962585866362861e+04 1.671814545629135296e+02 7.417120514729562331e+01 1.608469139618482302e+02 6.727281136678189455e+01
2.060099702584929764e+04 1.674917468081901291e+02 7.340354104492884346e+01 1.618431400013464554e+02 6.720859194555296767e+01
2.060209240089539890e+04 1.677041075274453874e+02 7.256149140737974790e+01 1.628084251492818453e+02 6.745650102463650910e+01
2.060302123816899621e+04 1.679420712300619130e+02 7.157285132368801328e+01 1.637944404839398373e+02 6.762109477055457774e+01
2.060387693866587142e+04 1.680084121420472343e+02 7.062646984862553268e+01 1.647935872375336430e+02 6.764657571139581194e+01
2.060470934154427232e+04 1.680912214744620883e+02 6.974499047974973109e+01 1.657908360941358410e+02 6.771956261298842605e+01
2.060552317698017214e+04 1.680518298926298542e+02 6.879225896285508668e+01 1.667765471048653865e+02 6.755801576195553082e+01
2.060629893519709367e+04 1.681297478767812663e+02 6.776164222449956753e+01 1.677552267615354538e+02 6.736385588637749322e+01
2.060705713335537803e+04 1.681325438160018564e+02 6.671041909537441938e+01 1.687549665427305570e+02 6.735462730576065837e+01
2.060782002942821418e+04 1.680446383001450101e+02 6.567334247816910420e+01 1.697529329919229610e+02 6.729408335706865785e+01
2.060855962593693039e+04 1.679168980980637684e+02 6.475532438731997331e+01 1.707524575577764949e+02 6.727951489239154625e+01
2.060943668426300064e+04 1.680861680806471554e+02 6.389741848078227804e+01 1.717470132705833521e+02 6.722056564423817804e+01
2.061042945073094961e+04 1.684036795555126389e+02 6.310420223932435135e+01 1.727271390889757186e+02 6.741419823047949933e+01
2.061144411136924100e+04 1.689324983745473219e+02 6.229804759969356098e+01 1.736757669716144790e+02 6.772693759598452345e+01
2.061245503033089335e+04 1.691268187001950025e+02 6.124090915681125580e+01 1.745975109500940334e+02 6.807055663400977608e+01
2.061340601362737652e+04 1.690046452615979433e+02 6.019315619882090118e+01 1.755953864670549933e+02 6.800577881636843358e+01
2.061428021872206227e+04 1.687461400004897314e+02 5.926117262416306630e+01 1.765840744506889166e+02 6.790072417119957038e+01
2.061514116983718486e+04 1.687576564624661728e+02 5.836843662589985371e+01 1.775335998748579414e+02 6.772897714965884575e+01
2.061592641040217495e+04 1.686895357605003767e+02 5.749824853912553380e+01 1.784841948345177514e+02 6.791052363982380768e+01
2.061668211660143425e+04 1.686248717037342715e+02 5.650371417050180156e+01 1.794590009975422902e+02 6.770605373906194302e+01
2.061740164839337012e+04 1.685419121841175922e+02 5.567491003165655883e+01 1.804570804352784990e+02 6.764418086500153038e+01
2.061815162669226993e+04 1.683553455111071173e+02 5.493033220148849693e+01 1.814287766723286950e+02 6.747774208889029524e+01
2.061889416264492320e+04 1.685342791127936266e+02 5.410271027422600554e+01 1.823370862353371251e+02 6.728151720308953543e+01
2.061956207758412711e+04 1.687117751591442243e+02 5.338924286218210113e+01 1.832821298601575108e+02 6.755521568773687591e+01
2.062039042934851022e+04 1.690579382535529760e+02 5.268007389255022588e+01 1.842536754532507928e+02 6.768267740838632562e+01
2.062135086074965147e+04 1.697201386362768289e+02 5.208192928255542853e+01 1.850956473659522601e+02 6.819743253520375958e+01
2.062237713076304135e+04 1.704505064179653857e+02 5.166361176134593336e+01 1.857398488102619751e+02 6.895417197151050459e+01
2.062342917043221678e+04 1.714769276802855416e+02 5.157678927342634978e+01 1.860717402576565860e+02 6.986703593820340075e+01
2.062440791711317434e+04 1.724196942565457391e+02 5.153061754572225794e+01 1.861158180776170923e+02 7.086605749846438584e+01
2.062547548725968227e+04 1.732606804227872601e+02 5.155145635070653043e+01 1.860902115523669806e+02 7.186263154204947057e+01
2.062671503711189507e+04 1.739529406171155017e+02 5.165039183741047424e+01 1.860308788645012612e+02 7.285816738696520645e+01
2.062811881784097204e+04 1.745304300291291497e+02 5.187162198261546564e+01 1.859744739161457403e+02 7.385135168693159358e+01
2.062956481282990717e+04 1.750590835288253402e+02 5.192197358190720280e+01 1.858857543543448116e+02 7.484193666294100922e+01
2.063093960935492214e+04 1.758517881689976150e+02 5.186004500604988010e+01 1.858691553238449217e+02 7.584014440248627409e+01
2.063208629843599556e+04 1.768670568064958672e+02 5.194603070411589130e+01 1.858084781838215349e+02 7.683794589683930099e+01
2.063316805436106733e+04 1.778601346589300078e+02 5.185413454091988683e+01 1.858219064748535629e+02 7.783660472264224950e+01
2.063423548483660124e+04 1.788808423187307994e+02 5.185962418415372355e+01 1.858664887475634657e+02 7.883512628311723347e+01
2.063529834068843047e+04 1.798862491989661407e+02 5.184122283279429411e+01 1.859584294959097122e+02 7.982620028175965388e+01
2.063628514467133209e+04 1.808348160739152775e+02 5.178063209050377935e+01 1.861827981748365630e+02 8.080039537507917657e+01
2.063718513594066098e+04 1.817271302209002499e+02 5.171399058442879237e+01 1.862707605297043472e+02 8.178088216279877543e+01
2.063806071630326915e+04 1.826612886588439721e+02 5.165827133397127113e+01 1.862575097182636625e+02 8.277655734091585771e+01
2.063887338970088967e+04 1.835731071908469971e+02 5.182241684494405831e+01 1.861028968673445831e+02 8.373384787768368653e+01
2.063961303092934031e+04 1.842047344734171190e+02 5.217459834566034971e+01 1.857332963189098223e+02 8.466258111276007980e+01
2.064044877576954968e+04 1.845325409910427084e+02 5.282488669304206041e+01 1.851441955650723230e+02 8.542347774852655107e+01
2.064154945723084529e+04 1.850013256308675125e+02 5.363012727428614568e+01 1.843424456614888811e+02 8.602080485958003919e+01
2.064270626941435330e+04 1.850950271332634145e+02 5.469398015527737300e+01 1.834220762759669867e+02 8.632806167951868304e+01
2.064375698992098842e+04 1.849350287790214509e+02 5.574542324287215678e+01 1.824261904485991010e+02 8.641272363970452375e+01
2.064474273892596830e+04 1.846500090686434419e+02 5.660745629037401727e+01 1.814343765420391321e+02 8.633999021610190994e+01
2.064571092760633474e+04 1.844645312661979801e+02 5.750612034247124882e+01 1.804402929049938393e+02 8.624204871356661783e+01
2.064667324153322261e+04 1.844659260722388012e+02 5.843849302562119163e+01 1.794419746476981459e+02 8.618411964123561120e+01
2.064766867182399437e+04 1.845093357580619511e+02 5.941637166559281269e+01 1.784426622031220404e+02 8.615266716930014468e+01
2.064869032756366141e+04 1.845755329591811744e+02 6.046730096430234624e+01 1.774433478304223684e+02 8.617455984461699359e+01
2.064969975768169388e+04 1.845111518988261423e+02 6.155127009760396817e+01 1.764461251450207442e+02 8.624611797974689864e+01
2.065064522743838825e+04 1.842869411180275847e+02 6.257886812542805188e+01 1.754484124116384578e+02 8.624843846068939968e+01
2.065157444248008687e+04 1.839956539359013732e+02 6.346931159204508077e+01 1.744703035913758526e+02 8.639025075718706148e+01
2.065248851192534494e+04 1.839046212146257346e+02 6.438077431882666701e+01 1.735466049002258160e+02 8.621136569354391099e+01
2.065335885285574477e+04 1.837403741521326026e+02 6.525282363717042244e+01 1.726176883131527120e+02 8.628450149276832803e+01
2.065427382954430868e+04 1.835801665159496849e+02 6.612910002841768176e+01 1.716827227713575326e+02 8.612531712518978111e+01
2.065521796897113745e+04 1.836547780671597536e+02 6.704216640432670715e+01 1.707353083156839375e+02 8.624659958914764957e+01
2.065616703292503007e+04 1.837407387710848070e+02 6.793710659527609153e+01 1.697485249536652532e+02 8.627825416853796980e+01
2.065716490238828555e+04 1.839992786843948807e+02 6.894146360664508677e+01 1.687655722812842498e+02 8.641983706665415355e+01
2.065821606047001478e+04 1.839849515236756758e+02 6.990573773560538484e+01 1.677710544201953837e+02 8.646796983619871924e+01
2.065934403585245673e+04 1.840636966524635625e+02 7.092967171308197294e+01 1.667762442406061894e+02 8.655511170717878144e+01
2.066039074599956439e+04 1.840998953408776231e+02 7.196609625068512628e+01 1.657784513743426658e+02 8.655584530006217392e+01
2.066131954698590926e+04 1.840945375681450287e+02 7.295572565842866197e+01 1.647838539729976617e+02 8.663725059773504711e+01
2.066216509167653930e+04 1.839496774292115902e+02 7.378493593662589944e+01 1.637857649410450449e+02 8.662314688339358781e+01
2.066302620947786272e+04 1.838616610331291099e+02 7.453881338642381138e+01 1.627937283482178543e+02 8.649997145292709888e+01
2.066402378433385820e+04 1.836849726639171365e+02 7.547451712542910229e+01 1.617963537330468284e+02 8.642946107452240767e+01
2.066510722080247069e+04 1.838504653801920199e+02 7.650809887367977069e+01 1.608012802039664280e+02 8.652004799280332747e+01
2.066603966980324913e+04 1.838877381370980686e+02 7.739485712316472643e+01 1.598256717226906574e+02 8.673791446648046133e+01
2.066699129594949773e+04 1.839967195627861827e+02 7.840562510286292763e+01 1.588286998369335947e+02 8.669057105069592239e+01
2.066789915759227006e+04 1.838661753727395194e+02 7.951974660153963725e+01 1.579470280241392857e+02 8.714884932762879544e+01
2.066862161876659593e+04 1.840459102153324409e+02 8.032282234799095022e+01 1.570089531756012775e+02 8.683156338192731027e+01
2.066950959231586603e+04 1.839487323094193982e+02 8.112812105937834417e+01 1.560213477924369272e+02 8.697866450698752772e+01
2.067043852999414594e+04 1.839890641977046357e+02 8.201506631892316079e+01 1.550290279116693171e+02 8.685793867912431665e+01
2.067144669951622564e+04 1.839270742986550715e+02 8.279706629686623387e+01 1.540898785186474242e+02 8.718414477129495310e+01
2.067224438060913599e+04 1.834873212952713004e+02 8.363576276610051252e+01 1.531564135282244479e+02 8.682827604262540433e+01
2.067307346122764648e+04 1.830717432146888086e+02 8.441346329395368286e+01 1.521689605908614453e+02 8.670015127452509773e+01
2.067395004185361176e+04 1.824266738857283769e+02 8.522081663120752637e+01 1.513130041336748661e+02 8.618407708580751603e+01
2.067479589773371117e+04 1.818418814112577309e+02 8.607902097310784484e+01 1.503993926200708415e+02 8.578013234317589308e+01
2.067564503496802718e+04 1.812799036760224851e+02 8.690101857446619249e+01 1.495775611214442904e+02 8.521044436121378851e+01
2.067654253436408544e+04 1.807700201527933928e+02 8.754763905721249273e+01 1.487463282925800740e+02 8.465614656163185714e+01
2.067757679865556565e+04 1.798835559909477126e+02 8.798049442579242907e+01 1.480643821156807576e+02 8.393626059478205548e+01
2.067846555171508226e+04 1.790375409462106973e+02 8.849940993777937592e+01 1.475936770486954686e+02 8.305593938682351052e+01
2.067925608280962115e+04 1.782101480434745042e+02 8.894302686072987285e+01 1.470539381256777460e+02 8.221637379754318431e+01
2.068007554895893190e+04 1.773750130926925408e+02 8.926233602900606456e+01 1.466161081477558525e+02 8.131744799402953561e+01
2.068098602347203268e+04 1.764124136480969014e+02 8.936007761287200424e+01 1.462724952716531845e+02 8.038472682258456814e+01
2.068197868537051181e+04 1.753580825058319306e+02 8.939265463087077990e+01 1.461462106456188792e+02 7.939715545921114881e+01
2.068313590248566470e+04 1.742904780916605318e+02 8.943142636465745454e+01 1.461278742722828952e+02 7.839788550262562694e+01
2.068447022521473264e+04 1.732965290643203105e+02 8.942652248658355063e+01 1.461759076526932404e+02 7.740795910073487107e+01
2.068576898950585019e+04 1.721571137575398609e+02 8.918893127439812929e+01 1.462988001333206398e+02 7.641970081958322680e+01
2.068693915135275529e+04 1.710868294373258323e+02 8.899961678556532263e+01 1.464383333311997148e+02 7.543521541355600846e+01
2.068818238630406267e+04 1.699851192404984204e+02 8.876605956396709018e+01 1.465750999507312429e+02 7.444859155840825338e+01
2.068923230787460852e+04 1.689279780271112372e+02 8.851729276924722001e+01 1.468403542603455207e+02 7.349965909760325644e+01
2.069005078037712519e+04 1.680511212105929246e+02 8.810388581539920949e+01 1.471230432444188807e+02 7.254534901190339724e+01
2.069073856464141500e+04 1.673274456657763380e+02 8.745631197210225594e+01 1.476117763606283404e+02 7.170649209156567849e+01
2.069131838793546194e+04 1.666904616758636450e+02 8.672858415666658516e+01 1.482011109251796768e+02 7.090085608917841853e+01
2.069187298944585928e+04 1.661598781160964222e+02 8.592992170976519617e+01 1.488805925930376191e+02 7.017747858183528820e+01
2.069244839987453815e+04 1.655642631466558612e+02 8.507713329858469820e+01 1.497131884258853063e+02 6.963416562432819035e+01
2.069297235972071940e+04 1.651106832883732238e+02 8.421967467295891652e+01 1.505002692555902399e+02 6.902782311136753890e+01
2.069345998042694555e+04 1.648670993292487879e+02 8.335188020239235129e+01 1.513589343990920497e+02 6.854066952765869303e+01
2.069397736758328392e+04 1.647083112757603942e+02 8.250513907633413169e+01 1.523195498785161988e+02 6.828013713534888041e+01
2.069446736407110438e+04 1.647616384940604632e+02 8.167242476743884083e+01 1.532551675696341533e+02 6.794327069370865502e+01
2.069494466986820407e+04 1.649220774614813649e+02 8.081039642478465623e+01 1.542218958384787300e+02 6.773148638919553832e+01
2.069545233824937895e+04 1.649387115726199511e+02 7.993387789421953471e+01 1.552143396697859714e+02 6.777916112737754872e+01
2.069594283265722333e+04 1.649283975426158975e+02 7.908079704719041558e+01 1.562035881684795413e+02 6.771611735707821822e+01
2.069645679787163317e+04 1.649818737064558150e+02 7.813828146459081836e+01 1.571953639974610724e+02 6.758967249216551920e+01
2.069698189012606235e+04 1.649737504153158341e+02 7.719207230779551310e+01 1.581865164274755102e+02 6.764875305273733375e+01
2.069751253137814274e+04 1.650760178299287588e+02 7.624658214057947703e+01 1.591812288959472994e+02 6.764137515065301898e+01
2.069804253132077793e+04 1.652726509609671837e+02 7.526055894585431361e+01 1.601724317186798885e+02 6.771915916024406101e+01
2.069858340760552528e+04 1.654014402162794681e+02 7.426763272168180663e+01 1.611534991582501277e+02 6.791077861615735856e+01
2.069910098019075667e+04 1.655359995073134201e+02 7.333160601661460021e+01 1.621423185668164137e+02 6.790427122666606863e+01
2.069958690359530010e+04 1.655475908535036353e+02 7.244283414646183417e+01 1.631342965994158760e+02 6.796099554613064697e+01
2.070012533294519380e+04 1.654541339386132677e+02 7.151137938629734947e+01 1.641312271862367425e+02 6.802024684098971363e+01
2.070070366265720804e+04 1.654242650291775476e+02 7.060155372192595280e+01 1.651183809779473677e+02 6.789673395663130862e+01
2.070126746506767086e+04 1.653661183838574118e+02 6.976567165368334145e+01 1.661105362385023057e+02 6.788655459637813294e+01
2.070191729063545790e+04 1.652631580698886751e+02 6.893228432529996041e+01 1.670512466468967432e+02 6.763402909995937762e+01
2.070288768380088004e+04 1.651376070808290706e+02 6.833526256586496572e+01 1.680156451674817220e+02 6.739837505223833602e+01
2.070674921142411404e+04 1.649784225143176570e+02 6.813552424858119139e+01 1.688782186335096185e+02 6.694256027779563567e+01
2.070925680974384886e+04 1.648879915691397287e+02 6.787219168929708246e+01 1.696680085721923490e+02 6.632938434220091040e+01
2.071229651652758548e+04 1.649175889577619216e+02 6.774689608955533515e+01 1.705500197511030649e+02 6.649869324389392489e+01
