# ts_seconds,x,y,gt_x,gt_y
1.951921535733841301e+04 1.370242975298341719e+02 7.505867213546289918e+01 1.370242975298341719e+02 7.505867213546291339e+01
1.954138175153282646e+04 1.375871407521592573e+02 7.592556051062194911e+01 1.360443285545310061e+02 7.518465756391985622e+01
1.954255545642843208e+04 1.387135863462340808e+02 7.697999878746344393e+01 1.354994370808499298e+02 7.602056442400265723e+01
1.954321524396665336e+04 1.394998539902621530e+02 7.735829944149288906e+01 1.347231760021684863e+02 7.665019919946892912e+01
1.954378216653186246e+04 1.400699038894934176e+02 7.819697768183230835e+01 1.340370373541116749e+02 7.737525109881239871e+01
1.954427125825809344e+04 1.405712780688406838e+02 7.891987237649372844e+01 1.331900913372405739e+02 7.790657396137820001e+01
1.954479849057343017e+04 1.413681688257962321e+02 7.936594473989352139e+01 1.323891224788331158e+02 7.850521499011956905e+01
1.954533193734209999e+04 1.421067208156601680e+02 8.004181195126552950e+01 1.315596705054910274e+02 7.906103440182072006e+01
1.954579754713684451e+04 1.426822223635767841e+02 8.075801261961206023e+01 1.306277453631861363e+02 7.942285002258299187e+01
1.954626923308345431e+04 1.431996396628579475e+02 8.149778986738532183e+01 1.297380741787872580e+02 7.987914794849643840e+01
1.954679045793622936e+04 1.437893845783859206e+02 8.225865459094384846e+01 1.288790459104659192e+02 8.039088829996661900e+01
1.954727442161279396e+04 1.444154669291386881e+02 8.293285521160474616e+01 1.279995713734230094e+02 8.086458398539326708e+01
1.954775149805363253e+04 1.448913696480464353e+02 8.365805478585869537e+01 1.272127978753327113e+02 8.148120329155639752e+01
1.954825570415925540e+04 1.454043741868902941e+02 8.431668428162576845e+01 1.263629826772452418e+02 8.200807112253433218e+01
1.954875361319639705e+04 1.460539260063333984e+02 8.485672116724308012e+01 1.254909736517028733e+02 8.249569724163639250e+01
1.954925760103417633e+04 1.465899995342165028e+02 8.555365195177287774e+01 1.247017328235973253e+02 8.310939345922642474e+01
1.954980857095192914e+04 1.471807521648587738e+02 8.618997705453034541e+01 1.238688134874743554e+02 8.366249806843808301e+01
1.955043213650733014e+04 1.480278166527457415e+02 8.679282020138786891e+01 1.230793198508568196e+02 8.427549111724813713e+01
1.955107341739854746e+04 1.486421099854424028e+02 8.757775786194164880e+01 1.223431593187291497e+02 8.494537926419012308e+01
1.955168313106096321e+04 1.492189879735695683e+02 8.830200934547383440e+01 1.214358041067058025e+02 8.536546351457000981e+01
1.955235840977669432e+04 1.497446592415618056e+02 8.919874379363747607e+01 1.205436280216403873e+02 8.581430113592259090e+01
1.955312664763239809e+04 1.502738384971025880e+02 9.009038029659321012e+01 1.195891756356713245e+02 8.611232255024013682e+01
1.956147714209821424e+04 1.511866490728033057e+02 9.042019291156721295e+01 1.187640650450626651e+02 8.645834035516654126e+01
1.959119592852898131e+04 1.518869259585981979e+02 9.095921256934573762e+01 1.182663150871818942e+02 8.689993238880404647e+01
1.959215401505820773e+04 1.521572010161065407e+02 9.207809857378987317e+01 1.172820901650006817e+02 8.707620687643142787e+01
1.959272759361723365e+04 1.523642489151599761e+02 9.318022278041354411e+01 1.163007763945254425e+02 8.726697099006844383e+01
1.959327408985880174e+04 1.526237383980092375e+02 9.426705257301409802e+01 1.153033567668961155e+02 8.733727941455241250e+01
1.959379479242335947e+04 1.527208720640395541e+02 9.527038757150360482e+01 1.143129931414032967e+02 8.746980924150923897e+01
1.959428096934504356e+04 1.527014019259088400e+02 9.620407590041946833e+01 1.133149168726044280e+02 8.740824329099942247e+01
1.959476875107923479e+04 1.526271096827280473e+02 9.715115716133625767e+01 1.123190702568863202e+02 8.731837903285968139e+01
1.959528312011202070e+04 1.523687909687004378e+02 9.817587838430426928e+01 1.113202173841088012e+02 8.728410183769021558e+01
1.959576548462718347e+04 1.521901829453925359e+02 9.912722134935539486e+01 1.103356480562431585e+02 8.710967820612759738e+01
1.959622523810072744e+04 1.521124146476175270e+02 1.000010820077583276e+02 1.093423351164217650e+02 8.699433777234183651e+01
1.959676843072453994e+04 1.519512061176480131e+02 1.009695030576907300e+02 1.083483980739290331e+02 8.689071533649894263e+01
1.959733393621598225e+04 1.518313892196651409e+02 1.019172469270986454e+02 1.073785219688258508e+02 8.665202386941346901e+01
1.959786119825932838e+04 1.518693238770677283e+02 1.029446727473456917e+02 1.063806989412363606e+02 8.659444975022599067e+01
1.959836773115933829e+04 1.522199133260506869e+02 1.038893576714729363e+02 1.053955660093726578e+02 8.642332744676158995e+01
1.959890024846918459e+04 1.524089133394856219e+02 1.049338369714889581e+02 1.044020992244253279e+02 8.631801901819390821e+01
1.959944219318498654e+04 1.524123231561790703e+02 1.060581123512634178e+02 1.034035693463493999e+02 8.635582420336173470e+01
1.959994523082054729e+04 1.525148363058941072e+02 1.070770097786193844e+02 1.024083404930572669e+02 8.627611982829985493e+01
1.960041637727177658e+04 1.524935451518791467e+02 1.079208867653093620e+02 1.014140852539446911e+02 8.638251307302731163e+01
1.960093018030134044e+04 1.524361834083186693e+02 1.088953100719062093e+02 1.004167702717292201e+02 8.643556634101740599e+01
1.960143028220347696e+04 1.525993641528718854e+02 1.098037819517910521e+02 9.942237167924697872e+01 8.634313336356863999e+01
1.960190835646388587e+04 1.527272889692847571e+02 1.104695864050446659e+02 9.842505750993319680e+01 8.641569228819395221e+01
1.960261270329604304e+04 1.526785540988356331e+02 1.104516849511018250e+02 9.762026139200419550e+01 8.652150450718845320e+01
1.960398968276978121e+04 1.526912105750965623e+02 1.097248355255385661e+02 9.857849973375093100e+01 8.676749256892858853e+01
1.960670887186072287e+04 1.529637265314443653e+02 1.098278116332443517e+02 9.896669438597101021e+01 8.658713668220427451e+01
1.960847204661444630e+04 1.529923899044932796e+02 1.109080104744027153e+02 9.811087175094874624e+01 8.644451508438608300e+01
1.960913269194612440e+04 1.531368846357512439e+02 1.119646969800063943e+02 9.711251424375275576e+01 8.650178735960727749e+01
1.960970251132941485e+04 1.531983152515509801e+02 1.130172516932265978e+02 9.611578161234180584e+01 8.642944443363272455e+01
1.961026802400974702e+04 1.528470723715842610e+02 1.139972684254712334e+02 9.511756038062216589e+01 8.647690138821634775e+01
1.961079243299494556e+04 1.526059251479578620e+02 1.149258473248343364e+02 9.411835936997030672e+01 8.644500535476780101e+01
1.961128793419295471e+04 1.523590394541315902e+02 1.158117417495422501e+02 9.312280819257711073e+01 8.653327476455184808e+01
1.961184330519610739e+04 1.521882564780192126e+02 1.168023117211076567e+02 9.212987971157458844e+01 8.665186794236704770e+01
1.961242548393774996e+04 1.522661933065521396e+02 1.176826458785021003e+02 9.113294765069518633e+01 8.658773931903414223e+01
1.961307370537532552e+04 1.523069365006348050e+02 1.184288108906407047e+02 9.013899893539561958e+01 8.668969717786808360e+01
1.961405647381852032e+04 1.522502758999131913e+02 1.187795031828115668e+02 8.914026728127289800e+01 8.673838174360865594e+01
1.962727464583146866e+04 1.523477698539678613e+02 1.194117069556483131e+02 8.818632768056424709e+01 8.644577859034873768e+01
1.963212023372491603e+04 1.526640267611437594e+02 1.194008636956728537e+02 8.782057560254116879e+01 8.682024133814415734e+01
1.963575384689945713e+04 1.528047205440469440e+02 1.202442457105079541e+02 8.780542868701986947e+01 8.687733492517570255e+01
1.963697970831181374e+04 1.526680720437011587e+02 1.214822552503426039e+02 8.682502822582817714e+01 8.689421639534316455e+01
1.963768526748154181e+04 1.521545030267105290e+02 1.222377413165180826e+02 8.584841491562156079e+01 8.674652282586889385e+01
1.963839928951969341e+04 1.516951559159721512e+02 1.231244411960360168e+02 8.489948569999305050e+01 8.643399996550691355e+01
1.963940735783494893e+04 1.516255301011587733e+02 1.238531136177375345e+02 8.391906279070481389e+01 8.625639146477715258e+01
1.964461780450993319e+04 1.518554230915387393e+02 1.250788549316540497e+02 8.306045638181534230e+01 8.647979023796187903e+01
1.964582840172919896e+04 1.518403969237190267e+02 1.260816353065990540e+02 8.206906197051770846e+01 8.660682683959070971e+01
1.964652465950846090e+04 1.516806154785622311e+02 1.268954999682112543e+02 8.107332437289838367e+01 8.666086446280701239e+01
1.964714655242488880e+04 1.514050330227385643e+02 1.277283275949905743e+02 8.007478643190985679e+01 8.670332412720348714e+01
1.964777537482251137e+04 1.510860714829724998e+02 1.286470006312274279e+02 7.907570524044852789e+01 8.671520745215121906e+01
1.964842748946693973e+04 1.508762794325639902e+02 1.295985484170676898e+02 7.807576778855603550e+01 8.670961590677025299e+01
1.964908468835139138e+04 1.508475995939755308e+02 1.305876887827203063e+02 7.708229985339684731e+01 8.661854574983131272e+01
1.964969892775814878e+04 1.509045450610167620e+02 1.314410076183493175e+02 7.609267785390210292e+01 8.647485678828090272e+01
1.965031325537274824e+04 1.509143443698045814e+02 1.321849283711054284e+02 7.510034155467852202e+01 8.635224707091832386e+01
1.965096327624194601e+04 1.509868385611274846e+02 1.330800417775005258e+02 7.410817223383189400e+01 8.622764027838476864e+01
1.965162753019462980e+04 1.510976159233085809e+02 1.341049817363376349e+02 7.311431740964724213e+01 8.625649050164368248e+01
1.965224733151841792e+04 1.511896082735462699e+02 1.351075297779679545e+02 7.211746507464297906e+01 8.633433501231957052e+01
1.965281183365737525e+04 1.512149643790218931e+02 1.360348200473804354e+02 7.112770741254639972e+01 8.647009732593066644e+01
1.965336661830298908e+04 1.511774648489231652e+02 1.368897420219306582e+02 7.014467770626629317e+01 8.665315179257528655e+01
1.965394126222818886e+04 1.513209165698036713e+02 1.377154783622585796e+02 6.914983008356745131e+01 8.671950055775994315e+01
1.965451176913077870e+04 1.515177293754382504e+02 1.385196467435350485e+02 6.815411347538241671e+01 8.680319542355827878e+01
1.965504348373785251e+04 1.516625623418019586e+02 1.393710970138855316e+02 6.715618930201532066e+01 8.685980228211356291e+01
1.965554820724971432e+04 1.518486586586101623e+02 1.402947962140190725e+02 6.615661437705419701e+01 8.688840500970887604e+01
1.965608436935888676e+04 1.519252880361020459e+02 1.412342991253391915e+02 6.516937999604076026e+01 8.703191262855852983e+01
1.965662085645834668e+04 1.519088875441227628e+02 1.421256013814706591e+02 6.417363373693561357e+01 8.708281658722091834e+01
1.965711812270124938e+04 1.520896789030860532e+02 1.429318043979585866e+02 6.317499279060405826e+01 8.703881680625306672e+01
1.965762947783194613e+04 1.521886220786233821e+02 1.437724291345064671e+02 6.217629808381808232e+01 8.706239667234993362e+01
1.965814105098547589e+04 1.520843199277523752e+02 1.447095014958790387e+02 6.117660416191620243e+01 8.706575436906292964e+01
1.965860685111516796e+04 1.519479372937703943e+02 1.456261816912416407e+02 6.017713984270372407e+01 8.709197013529757214e+01
1.965907907271156000e+04 1.516752219734829339e+02 1.465156004407618298e+02 5.917777289260184403e+01 8.712754054796171488e+01
1.965958273962624298e+04 1.512361153683253860e+02 1.474084660915447387e+02 5.818985716934995622e+01 8.699958062391756641e+01
1.966008684041225206e+04 1.507590416576195480e+02 1.482297334465842766e+02 5.720695855030408694e+01 8.681550163083065286e+01
1.966060055241293230e+04 1.502182223403203807e+02 1.489529355288181307e+02 5.624831842103569812e+01 8.653531168188493439e+01
1.966114080709288828e+04 1.496372134466884063e+02 1.496369258041983414e+02 5.537654675375643620e+01 8.605518064113437049e+01
1.966167709592059327e+04 1.489846828354233423e+02 1.502037884757191080e+02 5.451703413528425557e+01 8.554412945806679147e+01
1.966218902960638297e+04 1.482008933226240970e+02 1.506235421327684207e+02 5.373700832071300226e+01 8.492222204657893769e+01
1.966268749471267438e+04 1.473280215282237862e+02 1.509395694340902310e+02 5.312821748420644496e+01 8.413481185880083046e+01
1.966320604469885075e+04 1.462848572010585997e+02 1.511178696769757153e+02 5.254502986205243786e+01 8.332248793610011717e+01
1.966372721854769406e+04 1.451871339300466275e+02 1.513066605759865695e+02 5.207345920164562614e+01 8.244279425600419131e+01
1.966420689857497928e+04 1.442465616986517034e+02 1.514459283379566159e+02 5.162191519894888359e+01 8.155054793008019942e+01
1.966470543240242841e+04 1.432247591185237923e+02 1.514797200186144437e+02 5.124882814668856668e+01 8.062354787972513748e+01
1.966523793668723010e+04 1.421734209359404417e+02 1.515183929906074525e+02 5.108931082856921080e+01 7.964033352178216774e+01
1.966579472305167656e+04 1.412087852937025616e+02 1.513443789566042597e+02 5.089615479576353607e+01 7.865963793804861837e+01
1.966635860196308568e+04 1.401641231951463169e+02 1.511826161014042782e+02 5.082038391703650859e+01 7.766399218471642030e+01
1.966693395729811527e+04 1.392066149876941665e+02 1.510845763718620560e+02 5.079687108430154296e+01 7.666433894886158384e+01
1.966757565152002280e+04 1.383638616001496189e+02 1.506156079033131050e+02 5.083219817170364507e+01 7.566519067236038154e+01
1.966820174126992788e+04 1.374999005057260035e+02 1.500632291974593784e+02 5.114949151720863085e+01 7.472317388747720202e+01
1.966879985279966786e+04 1.367199210734208634e+02 1.495246038363664809e+02 5.145658576230800207e+01 7.377170685935965366e+01
1.966938664082993637e+04 1.360644021051988375e+02 1.488271759576137470e+02 5.201933316660343110e+01 7.295175189475880018e+01
1.966995291696192726e+04 1.354438966475771338e+02 1.480675866353855668e+02 5.274529308292281371e+01 7.226608218308471976e+01
1.967051870628867982e+04 1.352186615048526903e+02 1.473229150119704514e+02 5.337773539753126784e+01 7.149271458818945746e+01
1.967103220773029170e+04 1.352222956061084744e+02 1.465566756121093306e+02 5.417458943925767301e+01 7.089310574271441112e+01
1.967152976597277302e+04 1.351464233931521051e+02 1.457217663994884447e+02 5.506805504376031735e+01 7.044584627568565338e+01
1.967208951771106513e+04 1.353003663002315875e+02 1.447873602429451694e+02 5.597385707610991545e+01 7.002216513075488535e+01
1.967265497366148702e+04 1.352684627743099384e+02 1.437662304047180442e+02 5.696139821654713131e+01 6.988427416030778261e+01
1.967315045452361301e+04 1.350473732938612272e+02 1.428321359816555116e+02 5.795507206846874482e+01 6.977198044551772682e+01
1.967366924793713042e+04 1.348770829282377122e+02 1.417574784669505448e+02 5.895246309776327109e+01 6.970033979341401675e+01
1.967416284019498562e+04 1.349189333361330512e+02 1.408199842796588541e+02 5.993989172999487636e+01 6.985093970250046880e+01
1.967463820042880252e+04 1.352059632870986263e+02 1.399956592289772743e+02 6.093716655936112403e+01 6.992243334950723010e+01
1.967515601766462714e+04 1.354509572607339010e+02 1.389875593084338163e+02 6.193503975227011438e+01 6.998761635784809698e+01
1.967568983338169346e+04 1.356018519705165772e+02 1.378738517196516398e+02 6.292257121008168497e+01 7.014403184695083837e+01
1.967623289528803434e+04 1.355657447792634400e+02 1.368283303412960379e+02 6.392194657757018206e+01 7.013135454692432802e+01
1.967674425204980798e+04 1.352434450532378492e+02 1.357465459737329070e+02 6.491966512704452441e+01 7.019719113545048117e+01
1.967724537652917934e+04 1.352071303071425064e+02 1.346954221605267037e+02 6.591628129503133948e+01 7.027935449642325239e+01
1.967774333896708049e+04 1.354874135123016856e+02 1.337277480101014078e+02 6.691009118503950504e+01 7.017294951518923085e+01
1.967820724128549773e+04 1.354754725734781857e+02 1.327920746944707560e+02 6.790932772336653045e+01 7.020493902507182327e+01
1.967865138798060434e+04 1.353149726703510112e+02 1.319254391404797104e+02 6.890923901856717748e+01 7.021786822641391268e+01
1.967913674963130325e+04 1.348556404008797074e+02 1.307945763886137343e+02 6.990145408344693578e+01 7.009479392174020518e+01
1.967960684582351314e+04 1.344205111960219767e+02 1.297517517667816662e+02 7.089811146157218502e+01 7.017184076554677574e+01
1.968002538789180471e+04 1.338030709461097842e+02 1.291804209854563226e+02 7.189804250657891771e+01 7.018049884490349655e+01
1.968051937026550149e+04 1.328486953870696823e+02 1.287760859851442774e+02 7.289493819811966091e+01 7.010226330540247375e+01
1.968100122674614249e+04 1.325637886278774999e+02 1.279283152089116413e+02 7.387791255780511790e+01 7.028410725369465695e+01
1.968146068928597379e+04 1.327502209483425872e+02 1.270974582889855782e+02 7.486525676182495204e+01 7.044269325378273550e+01
1.968197026056787581e+04 1.328964863356273725e+02 1.261165128694958639e+02 7.586353740238550358e+01 7.050112192176351300e+01
1.968244175076319516e+04 1.328076955188048771e+02 1.251320074486200298e+02 7.685563077233933882e+01 7.062659689551642828e+01
1.968289417097728438e+04 1.329884194217703737e+02 1.243284383625134808e+02 7.784927041036014828e+01 7.051422137666892809e+01
1.968339216268411110e+04 1.333288022370957719e+02 1.234347948971550579e+02 7.884544781918451406e+01 7.042712081086629894e+01
1.968386613063460027e+04 1.333723237950855491e+02 1.224596770839624611e+02 7.984533173749741763e+01 7.043405267046691165e+01
1.968430895792855881e+04 1.334365768435955317e+02 1.216286753108563659e+02 8.082964380869739784e+01 7.025780756530954818e+01
1.968480687654713984e+04 1.333889478384251390e+02 1.209013420026926866e+02 8.182573519757754354e+01 7.017017976589717421e+01
1.968532517214876862e+04 1.329973290445433065e+02 1.202422012714285842e+02 8.280517549213517725e+01 6.996844887910570776e+01
1.968584450074176129e+04 1.326602603694900608e+02 1.194004616571003510e+02 8.378694430172492957e+01 6.978132049089720113e+01
1.968630749966876465e+04 1.322877673021029921e+02 1.184342075867185144e+02 8.477747032193671828e+01 6.991681822320869344e+01
1.968676251407506788e+04 1.321443470680687824e+02 1.174896049811721497e+02 8.577677932371324232e+01 6.988389431949948971e+01
1.968728829666640377e+04 1.322872545442782268e+02 1.164572303848200079e+02 8.677159212051053316e+01 6.997875553179007113e+01
1.968784624376015927e+04 1.325582194782623162e+02 1.155871001506378519e+02 8.771277279364906576e+01 7.031493928796521686e+01
1.968838979685621962e+04 1.329503069734216467e+02 1.147986230382797146e+02 8.870508381473638337e+01 7.043869154384154285e+01
1.968897094037916759e+04 1.331246954605114468e+02 1.138882609814324383e+02 8.969877469745236453e+01 7.055079055763286533e+01
1.968954925804632512e+04 1.331614441449342792e+02 1.130099405683070870e+02 9.068989590197048756e+01 7.067648715965565032e+01
1.969011660377980661e+04 1.329447585184246918e+02 1.122322513890011493e+02 9.168086610623336696e+01 7.054240775494794491e+01
1.969076209904993812e+04 1.319287984988050084e+02 1.115530947718093131e+02 9.267260871698890412e+01 7.041428479845147592e+01
1.969142049908351328e+04 1.313884351502512118e+02 1.107994697180210295e+02 9.366773464045733988e+01 7.032546126236536566e+01
1.969191691399582487e+04 1.312581144694485147e+02 1.100845225968575392e+02 9.465552823231018920e+01 7.047449759503062694e+01
1.969238806693517472e+04 1.312618632701373258e+02 1.092235153749882102e+02 9.565016004576435193e+01 7.037238852551178070e+01
1.969291264465937275e+04 1.312533949527831680e+02 1.082412091296788503e+02 9.665006384618222057e+01 7.036066291464391043e+01
1.969345498801754729e+04 1.309955970708240613e+02 1.072794751513559959e+02 9.764599943084361655e+01 7.029711779395992721e+01
1.969397640094726739e+04 1.305552688154296561e+02 1.063993264188767824e+02 9.856400297520721665e+01 6.990366218666220277e+01
1.969448594434549887e+04 1.298722956055416660e+02 1.058092887099517156e+02 9.955438948766770579e+01 6.976644424145996481e+01
1.969501962172353160e+04 1.295291858114313470e+02 1.049203821868236730e+02 1.005523050016747248e+02 6.971334778317101666e+01
1.969554864980962520e+04 1.295378301662994716e+02 1.041242815965991184e+02 1.015233688146462754e+02 6.948152996864817510e+01
1.969606350542416112e+04 1.297662234170402655e+02 1.032245893745762260e+02 1.025212097738772030e+02 6.954711674075174699e+01
1.969659983472449676e+04 1.301525537780678405e+02 1.024241813268938444e+02 1.035198758034125319e+02 6.958913602958111255e+01
1.969715518630799488e+04 1.298510379593496111e+02 1.020477905702239099e+02 1.045129853591738964e+02 6.948682318210609310e+01
1.969766453226381782e+04 1.298761906894527272e+02 1.010955025104773171e+02 1.054950582198168547e+02 6.967210166067192745e+01
1.969814085252508085e+04 1.300956819334390957e+02 1.002067700468962812e+02 1.064948834297109670e+02 6.967624342059973230e+01
1.969866968807799640e+04 1.302359693040574484e+02 9.912790956421082456e+01 1.074903267787691590e+02 6.959743123948288712e+01
1.969912496313416705e+04 1.302744742809415186e+02 9.837487172617245790e+01 1.084722913565734075e+02 6.978362319190351570e+01
1.969955926363590697e+04 1.305450182585821892e+02 9.757374402513123357e+01 1.094720135746474909e+02 6.980251734825688459e+01
1.970009759297785422e+04 1.306719315671635115e+02 9.671466257424398805e+01 1.104702374999196479e+02 6.975860757690752223e+01
1.970058790581125504e+04 1.306603435123870725e+02 9.598436184047356790e+01 1.114584128934088625e+02 6.990645893489653417e+01
1.970106201572952341e+04 1.306705287544100713e+02 9.525801791255715045e+01 1.124571004110339345e+02 6.985532730107901500e+01
1.970158981196681998e+04 1.306853306523240974e+02 9.437055119940846737e+01 1.134555575944372237e+02 6.982889851794791980e+01
1.970205699601428933e+04 1.309625759458778305e+02 9.395195807097121588e+01 1.144347293790507791e+02 7.002710059360488515e+01
1.970248238860776473e+04 1.313019642040100052e+02 9.326881043855141229e+01 1.154345910475864372e+02 7.002158358792151205e+01
1.970296519393642666e+04 1.316352379279528861e+02 9.229928147996984933e+01 1.164307350527062255e+02 7.009888872001607751e+01
1.970341283151758398e+04 1.319252875645753988e+02 9.146404164416669857e+01 1.173951516881629544e+02 7.036283870744016156e+01
1.970382674877241152e+04 1.320757165196923211e+02 9.093362148558334468e+01 1.183751664944772983e+02 7.056126687623707028e+01
1.970429616189246372e+04 1.323083507883526977e+02 9.064303812248940062e+01 1.193373811814604579e+02 7.083083934971949702e+01
1.970471025318527973e+04 1.327971865989237301e+02 8.980954485770284634e+01 1.202401721885213846e+02 7.126050957871588309e+01
1.970510897841833867e+04 1.333362316342049496e+02 8.897846121018247345e+01 1.211745696899530316e+02 7.161612585544791898e+01
1.970554597772355191e+04 1.340234441797274201e+02 8.817550101985436584e+01 1.220658967291825689e+02 7.206725651137550415e+01
1.970596078727386703e+04 1.345934007023559218e+02 8.743602449251240216e+01 1.228530001555391777e+02 7.268386829648792968e+01
1.970638015939187608e+04 1.351879774267133598e+02 8.669988453849967414e+01 1.236828745122505353e+02 7.324177708039708534e+01
1.970684791836178556e+04 1.359293848055114893e+02 8.591536923575681328e+01 1.245230070238630020e+02 7.378239977107628533e+01
1.970726886943283534e+04 1.367748693810774228e+02 8.530164745061243536e+01 1.252458897642770808e+02 7.447335460776405114e+01
1.970767935938340088e+04 1.377561743305443827e+02 8.478510489737928424e+01 1.259523408922697740e+02 7.518099171159396121e+01
1.970811631334268532e+04 1.386460090164407291e+02 8.410945065778940943e+01 1.266193111634670601e+02 7.592594003842242500e+01
1.970857113637984367e+04 1.393592241815380532e+02 8.336822758140881717e+01 1.273420766970439502e+02 7.661237702194692645e+01
1.970900353562487362e+04 1.397036670821993880e+02 8.253673435307557327e+01 1.282535382900458387e+02 7.702329410148375644e+01
1.970945412078216395e+04 1.399179864645347209e+02 8.156198109648565264e+01 1.291948930671270546e+02 7.736068819945458586e+01
1.970991470137790384e+04 1.402913802841440543e+02 8.056503179349405741e+01 1.301336428829893350e+02 7.770176630759553404e+01
1.971036689958229908e+04 1.407303632310490116e+02 7.973599083406037380e+01 1.311212010615366808e+02 7.785766280166130571e+01
1.971085639981573695e+04 1.410110989221281557e+02 7.879308452219342485e+01 1.320908269942792401e+02 7.810078262690301187e+01
1.971135313430171300e+04 1.411244258966101199e+02 7.774005314919843102e+01 1.330319506729164516e+02 7.843719167189348696e+01
1.971180347614029961e+04 1.412991827857048008e+02 7.680236065795733680e+01 1.340063210728782508e+02 7.865836282462699103e+01
1.971224960113910129e+04 1.415268611823267122e+02 7.590395044192412399e+01 1.349320144194194313e+02 7.903606674838572133e+01
1.971276707497103416e+04 1.418818191627503325e+02 7.497908294969938936e+01 1.358276388814117013e+02 7.948007396058851270e+01
1.971326426501698734e+04 1.423210110648414854e+02 7.409480979445528703e+01 1.367608575320428770e+02 7.983810600554930659e+01
1.971372988608652668e+04 1.426295359593759713e+02 7.319961711749662925e+01 1.376507729752899536e+02 8.029328146847161918e+01
1.971420490994287320e+04 1.430031945436375054e+02 7.228884951979625839e+01 1.385858287910494653e+02 8.064778192172273918e+01
1.971468035966629759e+04 1.436521184873332686e+02 7.145254140458844461e+01 1.395154969473174447e+02 8.101312530356614161e+01
1.971515146076861492e+04 1.442172768547845010e+02 7.057766890813864791e+01 1.403730228646602427e+02 8.152667432346136422e+01
1.971564500544104158e+04 1.447066291880696838e+02 6.967597110886796941e+01 1.412781647201679505e+02 8.195072772992051569e+01
1.971618245512291105e+04 1.452336285571644794e+02 6.876581679923529578e+01 1.421284634177336272e+02 8.247634494851870102e+01
1.971673222933993748e+04 1.456231813759110878e+02 6.776890874714244717e+01 1.429341468898674634e+02 8.306544989521808020e+01
1.971726577777490820e+04 1.460111775608552307e+02 6.686099050240694908e+01 1.438467726698544311e+02 8.347406533304841503e+01
1.971776886882536564e+04 1.464613505175755108e+02 6.594841306976974238e+01 1.447445654089240463e+02 8.391375979292952536e+01
1.971829035561019191e+04 1.470029552435915718e+02 6.505095615898071060e+01 1.456787088114767243e+02 8.427037169531833172e+01
1.971880867623190352e+04 1.477702373866096366e+02 6.436254975127118882e+01 1.466237211152416364e+02 8.459401630892992330e+01
1.971930544204443868e+04 1.485031565413103749e+02 6.364122394113365289e+01 1.475106033823080907e+02 8.505537654712942697e+01
1.971980531554374465e+04 1.493078107936544825e+02 6.295338505718979150e+01 1.484213435425239140e+02 8.546266896091589160e+01
1.972034267066964821e+04 1.501841940869132372e+02 6.221820250907211403e+01 1.492096789930218961e+02 8.607516052388422167e+01
1.972085661567240095e+04 1.509437945073495939e+02 6.153579562250690316e+01 1.498802317631609924e+02 8.681661563453390329e+01
1.972134543919477073e+04 1.517269719206300351e+02 6.110629109506008660e+01 1.505848670081857392e+02 8.752159734089408971e+01
1.972183804500466067e+04 1.526784079879545857e+02 6.081600874370739263e+01 1.510769586509467217e+02 8.838909656253048297e+01
1.972231546778863776e+04 1.537704821401074469e+02 6.067599887716553297e+01 1.513616232336992482e+02 8.934699837128439981e+01
1.972274786807961209e+04 1.547756586238868692e+02 6.078505811389716484e+01 1.515144128335986977e+02 9.033256546052383840e+01
1.972316022676187276e+04 1.556638994034223629e+02 6.088017396800708525e+01 1.514757653235894850e+02 9.133101621816251736e+01
1.972361541801328349e+04 1.566320586349935979e+02 6.085037176110126467e+01 1.515663103757393912e+02 9.232584680106262454e+01
1.972406445064704531e+04 1.575877882525084317e+02 6.083343908079803697e+01 1.517602380664465329e+02 9.330499693933845151e+01
1.972452520914000343e+04 1.585645641805900254e+02 6.078337708650337845e+01 1.517951275898188044e+02 9.430434429350992787e+01
1.972501639062283357e+04 1.596469670600445738e+02 6.072985490400217401e+01 1.518683905751196619e+02 9.530103860282785888e+01
1.972549366436539640e+04 1.605390290762070720e+02 6.082828300268688793e+01 1.520138820294452273e+02 9.628885814097498042e+01
1.972597389523129823e+04 1.614865916532064603e+02 6.086577134692263513e+01 1.520257013344693178e+02 9.728841651841844396e+01
1.972648367969972242e+04 1.625123201054513231e+02 6.093884751617192563e+01 1.521040597569464410e+02 9.828526833863843137e+01
1.972700279765260711e+04 1.635823456228596058e+02 6.093229396073726178e+01 1.521256444846303850e+02 9.928298970507607635e+01
1.972746708374406808e+04 1.645303931811168354e+02 6.088334874321623147e+01 1.520102725399657118e+02 1.002744284611785019e+02
1.972795634381381387e+04 1.655592030077997663e+02 6.100597246241242289e+01 1.520410504543935701e+02 1.012738569130931836e+02
1.972847501400026522e+04 1.667407835381740426e+02 6.122551338454120895e+01 1.520214289172690485e+02 1.022729251207828582e+02
1.972890221398427093e+04 1.677260793243937940e+02 6.122454476196098483e+01 1.519314396042910005e+02 1.032672109764115334e+02
1.972930229817614236e+04 1.685928359063699702e+02 6.117831184233487107e+01 1.519802717891787154e+02 1.042660179694499476e+02
1.972972264874206303e+04 1.694685556811282652e+02 6.127574487291371952e+01 1.520155056215555192e+02 1.052648826982395320e+02
1.973012635647262869e+04 1.703694445867473064e+02 6.141845298682590482e+01 1.519887366070527435e+02 1.062639003310542734e+02
1.973055327147896605e+04 1.713993606257784279e+02 6.154787968640405182e+01 1.520379801876387091e+02 1.072625015786737634e+02
1.973103334517440089e+04 1.725189053572853481e+02 6.171614547284916341e+01 1.520300824158285309e+02 1.082621124369335206e+02
1.973148862119860496e+04 1.735514619667275724e+02 6.190787634098847292e+01 1.519745309483897415e+02 1.092599160364920152e+02
1.973192315996963953e+04 1.745227329128184692e+02 6.216702657849329228e+01 1.519862611311941691e+02 1.102590876520526422e+02
1.973238329833028183e+04 1.755373242246650989e+02 6.241917489417871678e+01 1.519244968280185901e+02 1.112564559501820867e+02
1.973283599794891052e+04 1.765310372715299820e+02 6.255649901342646046e+01 1.519655105304772178e+02 1.122549987904347546e+02
1.973326218900846652e+04 1.774824933861721945e+02 6.260862154874775598e+01 1.520720972544742438e+02 1.132487715039121099e+02
1.973369743357325569e+04 1.784828743077413264e+02 6.258331031011390877e+01 1.521081100370094248e+02 1.142480990193140116e+02
1.973412370425530753e+04 1.794614512157029083e+02 6.257134231475998831e+01 1.521736585534805783e+02 1.152454553648673112e+02
1.973453795726909811e+04 1.804425110908759393e+02 6.262669937299060052e+01 1.522900045083453904e+02 1.162377041838733049e+02
1.973498000026574664e+04 1.815094903533475872e+02 6.268410848612722930e+01 1.523127765450318805e+02 1.172374108111972362e+02
1.973541277722777158e+04 1.825439797484944791e+02 6.267304992796044871e+01 1.523747957500877988e+02 1.182344246711131035e+02
1.973583387335018415e+04 1.835334583994738864e+02 6.267215073051622909e+01 1.525145232396185691e+02 1.192233420812009399e+02
1.973627109923788157e+04 1.845713533720245323e+02 6.278405615815103857e+01 1.525345085763857469e+02 1.202228759373155782e+02
1.973670048541361757e+04 1.856044101924047709e+02 6.300423954981658881e+01 1.525150524272266352e+02 1.212224225858386433e+02
1.973711106879965882e+04 1.865831158710990962e+02 6.317603737282939846e+01 1.525211183545279141e+02 1.222210772288192118e+02
1.973753548179721111e+04 1.875742405553089611e+02 6.329464575375778423e+01 1.524102307232100486e+02 1.232148047579863430e+02
1.973795664588390719e+04 1.885542580585444341e+02 6.336230792127445000e+01 1.522850586073645047e+02 1.242063315060841120e+02
1.973837183953628482e+04 1.895198904623385090e+02 6.349496248224727424e+01 1.522185140052104941e+02 1.252036424439492350e+02
1.973881193257799896e+04 1.905519027533042333e+02 6.366115030759936388e+01 1.520853402265761076e+02 1.261947249868785548e+02
1.973925678768537546e+04 1.915873834710255608e+02 6.380722160423209743e+01 1.519601851510433619e+02 1.271861907886918033e+02
1.973971478402965295e+04 1.926321301326257469e+02 6.393844296311996800e+01 1.519217075521715685e+02 1.281851974503148028e+02
1.974020491876302549e+04 1.935572300574748965e+02 6.389543885512205179e+01 1.520010200401522127e+02 1.291713143710533416e+02
1.974070127301664252e+04 1.940660362192136859e+02 6.346543942447082287e+01 1.524411834087763395e+02 1.300550170602621733e+02
1.974116530470113503e+04 1.942887294560726730e+02 6.267866009631387669e+01 1.531605457681514793e+02 1.307448968099789397e+02
1.974163437989269732e+04 1.944572015994476430e+02 6.168570883437715224e+01 1.540137710853108501e+02 1.312448378648631149e+02
1.974210575990944199e+04 1.946586829091035327e+02 6.060370941542868906e+01 1.549869775697303567e+02 1.314627573633337363e+02
1.974254124521334234e+04 1.948150705729073877e+02 5.956643446913619044e+01 1.559816521092812707e+02 1.315644375812725286e+02
1.974297247129795869e+04 1.949378006858586900e+02 5.852443346270149505e+01 1.569749562921979589e+02 1.316737517085318814e+02
1.974341642101628895e+04 1.950895003458548160e+02 5.745185677167465599e+01 1.579741358052598059e+02 1.317132140677007044e+02
1.974383362107105131e+04 1.952241387802930035e+02 5.643336242496099686e+01 1.589733345475918043e+02 1.317481869134190333e+02
1.974424470322506750e+04 1.952388224309832196e+02 5.541367854652649783e+01 1.599713371613705135e+02 1.317883247931071651e+02
1.974466680641747735e+04 1.951703395172206399e+02 5.438854228395149448e+01 1.609692441553923743e+02 1.317292399860336047e+02
1.974507682684900283e+04 1.950952228771826071e+02 5.342784521627838501e+01 1.619648011574349198e+02 1.316373330458067414e+02
1.974549898928572657e+04 1.949724269724118528e+02 5.245412197872471438e+01 1.629610710958773154e+02 1.315590100350335376e+02
1.974594830511574764e+04 1.949135961345106978e+02 5.142374936414950781e+01 1.639520911128817886e+02 1.314257380044277568e+02
1.974640164631841981e+04 1.949426408650237477e+02 5.038477292400125407e+01 1.649467967084463851e+02 1.313561239336733024e+02
1.974687274445425646e+04 1.949610900437704686e+02 4.935162492464070993e+01 1.659453024135362682e+02 1.314107063716260484e+02
1.974738477626821987e+04 1.949684131532412437e+02 4.834519892594344270e+01 1.669437755488414155e+02 1.314654192514969964e+02
1.974795392358325989e+04 1.949237891297384806e+02 4.732751894543759619e+01 1.679420662931782999e+02 1.315196688236437694e+02
1.974855291563949868e+04 1.948859524621833543e+02 4.628794261824485545e+01 1.689380409623377943e+02 1.314860239770594603e+02
1.974914165737443182e+04 1.950039214476846041e+02 4.518461945980823913e+01 1.699268739052039052e+02 1.313406782999581424e+02
1.974973187358227733e+04 1.951362179081679642e+02 4.403397128547645423e+01 1.709218332186802627e+02 1.312408948528029100e+02
1.975037782685375714e+04 1.952465021628257773e+02 4.299938284974806635e+01 1.719111417175895156e+02 1.311005977749255749e+02
1.975142936095677578e+04 1.952284627681434870e+02 4.223179801514025655e+01 1.728963404138622479e+02 1.309468587624644442e+02
1.975323633545357734e+04 1.948406165758601674e+02 4.157374037350260210e+01 1.738944011678495087e+02 1.309580849400085185e+02
1.975461019887668226e+04 1.946141541624144793e+02 4.063969205059828482e+01 1.748918522099328641e+02 1.309874396589568732e+02
1.975530566252528297e+04 1.947244278376774957e+02 3.949178758613062001e+01 1.758913178636857424e+02 1.309590626749001387e+02
1.975586333727149395e+04 1.950504849304056165e+02 3.840237370154139285e+01 1.768912606765270823e+02 1.309582344852709923e+02
1.975640043199012871e+04 1.955130557894220544e+02 3.746556185411020579e+01 1.778776174489938171e+02 1.310748292858241939e+02
1.975691167802068230e+04 1.958582248817423022e+02 3.657597175435585513e+01 1.788372482393300800e+02 1.313532111084682583e+02
1.975740864594418599e+04 1.960479178969217173e+02 3.571744566840971657e+01 1.798059780972430417e+02 1.315795513068918581e+02
1.975791364616208011e+04 1.961166525373573108e+02 3.484782356946673332e+01 1.807968445710539527e+02 1.317136672189469095e+02
1.975841496981486125e+04 1.960590826064079124e+02 3.395809932967382139e+01 1.817868076957154813e+02 1.318547771224941414e+02
1.975893485242124370e+04 1.959294007264501261e+02 3.307306892913026530e+01 1.827821984080084405e+02 1.319158891248320913e+02
1.975950621022524501e+04 1.957202688694017922e+02 3.220286151130844132e+01 1.837744627606821268e+02 1.318220721731533729e+02
1.976011934208549428e+04 1.954393090712083279e+02 3.156125859242550646e+01 1.846483999642674121e+02 1.314123119442228926e+02
1.976074603947573996e+04 1.949798353275350564e+02 3.131366970116103587e+01 1.852762642266430362e+02 1.306501510933198915e+02
1.976135670191120516e+04 1.942612866591533987e+02 3.122099030191683511e+01 1.856251052108780755e+02 1.297276768942115837e+02
1.976192769922368825e+04 1.934302560934861219e+02 3.105755085858762499e+01 1.856520501758598698e+02 1.287407818976911642e+02
1.976244744302061736e+04 1.925214474088251677e+02 3.093499443960615380e+01 1.855742488729122215e+02 1.277442120720727843e+02
1.976293314449765603e+04 1.915782952740025564e+02 3.103449348392873119e+01 1.854648449893753366e+02 1.267513425203179906e+02
1.976342594632638429e+04 1.906476541992199145e+02 3.127035027882991969e+01 1.852503602302302852e+02 1.257762166145370912e+02
1.976392666315963652e+04 1.897013959705056720e+02 3.144379111683570471e+01 1.850961089541011120e+02 1.247923233381933272e+02
1.976440666065986443e+04 1.887929704337381622e+02 3.150775992111011448e+01 1.850374671083968963e+02 1.237941948476752430e+02
1.976488682961074301e+04 1.878649695068590404e+02 3.148121954819561097e+01 1.849731464155561866e+02 1.227964015758910392e+02
1.976537295842081585e+04 1.869302865592981959e+02 3.141391006808713726e+01 1.849638090099102214e+02 1.217980422188535243e+02
1.976585021710465298e+04 1.860406113191578186e+02 3.122715152756293122e+01 1.849094027916757454e+02 1.208023541172535857e+02
1.976634032059808669e+04 1.851088558050490747e+02 3.108056998881576050e+01 1.847579928964645148e+02 1.198143073094732358e+02
1.976685132088558385e+04 1.840898182008858441e+02 3.099134947303942411e+01 1.846860368498365403e+02 1.188203734303391457e+02
1.976737142774475069e+04 1.829615089589734680e+02 3.077682660438351903e+01 1.845989957141239586e+02 1.178263378899329723e+02
1.976791299084614366e+04 1.817774215620636085e+02 3.045335417762857944e+01 1.844642837267848847e+02 1.168354602259678643e+02
1.976847155998311791e+04 1.807606576257319659e+02 3.025636088436698756e+01 1.844604399653252074e+02 1.158405593094880430e+02
1.976903035589431965e+04 1.800135698530111199e+02 3.023033418509535153e+01 1.844586038164373463e+02 1.148423754799512722e+02
1.976958452665358709e+04 1.792255408924974915e+02 3.022797189028804610e+01 1.844057220197569507e+02 1.138437798696439671e+02
1.977011585742488387e+04 1.783015899193506471e+02 3.013400363649118319e+01 1.843104690652124589e+02 1.128488038629325416e+02
1.977065883756713811e+04 1.773584616492956627e+02 2.976287486839904162e+01 1.842128698964092450e+02 1.118537135010666077e+02
1.977122822758210896e+04 1.763432886627206528e+02 2.933813777747559115e+01 1.842598053012393677e+02 1.108599610290984714e+02
1.977175988340039112e+04 1.753636937090296612e+02 2.901909867764190665e+01 1.842658793909525912e+02 1.098640300590491279e+02
1.977226769801835326e+04 1.743966964819458951e+02 2.869886803976463696e+01 1.842635739774231070e+02 1.088650250281705922e+02
1.977275875710748005e+04 1.734487445622898747e+02 2.836586650032108636e+01 1.843736877681421618e+02 1.078728486702680982e+02
1.977323144395060444e+04 1.725279981178740627e+02 2.811157655160751645e+01 1.843979259537395023e+02 1.068777107698856241e+02
1.977372064585925182e+04 1.715409482253922420e+02 2.787736845007496100e+01 1.844049195349310821e+02 1.058784817701396292e+02
1.977421036716714661e+04 1.705488090912923269e+02 2.763467113524025720e+01 1.845267806885024413e+02 1.048879424159052292e+02
1.977468934389880451e+04 1.695918058081270203e+02 2.738479855131549101e+01 1.846539024754902982e+02 1.038964869186391269e+02
1.977516749432222423e+04 1.686472613422239988e+02 2.710730439362344057e+01 1.847930502777073229e+02 1.029065045533906755e+02
1.977563707245068508e+04 1.676966061959065257e+02 2.696290435292262444e+01 1.848338073936080832e+02 1.019108099957899469e+02
1.977608950888432810e+04 1.667795048260661019e+02 2.698735128882466228e+01 1.846798839982338336e+02 1.009274838050298513e+02
1.977654763514867591e+04 1.658201186253098456e+02 2.704535476219057344e+01 1.845226622132964849e+02 9.994103168304626195e+01
1.977701402723708816e+04 1.648476607759222929e+02 2.711980277658729221e+01 1.843569920470481804e+02 9.895528605089155860e+01
1.977755153528848678e+04 1.638164292673616558e+02 2.707311853179183103e+01 1.842102280072492704e+02 9.796651032290824901e+01
1.977810505050686334e+04 1.627256123717206151e+02 2.688309745932050987e+01 1.842172623653665937e+02 9.697099818249608916e+01
1.977862456019198362e+04 1.616890487320569321e+02 2.660852734176942747e+01 1.842389704955917296e+02 9.597188086136185348e+01
1.977910377983493890e+04 1.607368041191921293e+02 2.629625909380424886e+01 1.843709220450320743e+02 9.498514231009350794e+01
1.977955678153076587e+04 1.597665439436682391e+02 2.598457519375864067e+01 1.845091703030090002e+02 9.399560208753229062e+01
1.978002995953647769e+04 1.587638568993444039e+02 2.565953364073967791e+01 1.845891219194622010e+02 9.299902152540624911e+01
1.978052565361697998e+04 1.577834688470162234e+02 2.540348900952288602e+01 1.847827660627705484e+02 9.202199274243709226e+01
1.978100565862705844e+04 1.568353231837985504e+02 2.524330111839422131e+01 1.849363327465699172e+02 9.103630573772738899e+01
1.978149836048387806e+04 1.558604682899166392e+02 2.510801600525651978e+01 1.850124680574488707e+02 9.003942828990045655e+01
1.978200383088689341e+04 1.548578861963026156e+02 2.507360936628018067e+01 1.850913489354560113e+02 8.904261032945167642e+01
1.978247627502852993e+04 1.539593608361471411e+02 2.505737872504166930e+01 1.850561929036351501e+02 8.804664196486997696e+01
1.978297842768243572e+04 1.530518065095427858e+02 2.500731500061862533e+01 1.850154695425040359e+02 8.704804992646141670e+01
1.978347775267908946e+04 1.521474818743309356e+02 2.487728084402116124e+01 1.851340571493184939e+02 8.605939018132755791e+01
1.978395838036872374e+04 1.512721069591067646e+02 2.471339626192664696e+01 1.851921825363239691e+02 8.506447502350424372e+01
1.978446838157791353e+04 1.503022581573770822e+02 2.453853619675594189e+01 1.852299312247508283e+02 8.406545205726298775e+01
1.978499547360573342e+04 1.493104225802349561e+02 2.448298270471470417e+01 1.852841417696222948e+02 8.306692282861769172e+01
1.978553709106807582e+04 1.483402281629259676e+02 2.440278317298595567e+01 1.851934489535201465e+02 8.207577172904366591e+01
1.978606919028039920e+04 1.473677319910361518e+02 2.435115688855154303e+01 1.851290018713416998e+02 8.107967293142647236e+01
1.978656077361110874e+04 1.464141516635008031e+02 2.425114723905612024e+01 1.850694587494733412e+02 8.008171283169731680e+01
1.978708291589664805e+04 1.453987080424340377e+02 2.402891658754909798e+01 1.849361759911583931e+02 7.909139850934326432e+01
1.978760725183020622e+04 1.443098406710849133e+02 2.371998496171300275e+01 1.849971087152692917e+02 7.810382293260188646e+01
1.978806648637342005e+04 1.433508835840339088e+02 2.341517027733379308e+01 1.850233408244207283e+02 7.710779194405444059e+01
1.978856594530752045e+04 1.423831158014224059e+02 2.320350139709347559e+01 1.850010369591969379e+02 7.610805044022391996e+01
1.978907798618515153e+04 1.413724652700680338e+02 2.321498886647064808e+01 1.851057480287398676e+02 7.511682958271472899e+01
1.978956538597132749e+04 1.404434751314979906e+02 2.322340236049796403e+01 1.851181531804852227e+02 7.412129875748510699e+01
1.979010249287018451e+04 1.394968779927625917e+02 2.300163485713553868e+01 1.851370794391108063e+02 7.312240756942556175e+01
1.979066939256483602e+04 1.384843272797526197e+02 2.275244329749691019e+01 1.854102679180359701e+02 7.217204530513754435e+01
1.979122886282969921e+04 1.376712254531710471e+02 2.222281787270297571e+01 1.858126122153114181e+02 7.125688847304341778e+01
1.979177758510057902e+04 1.372365707551636262e+02 2.139787188764574211e+01 1.864801045496845688e+02 7.054003406138174626e+01
1.979233698135064697e+04 1.369980100836515362e+02 2.057851833022904842e+01 1.873509797782930093e+02 7.006349948036098851e+01
1.979297446183732973e+04 1.368643331481424923e+02 2.024942613568408945e+01 1.881588507184983996e+02 6.948685542700609119e+01
1.979634914124457282e+04 1.368316889923584085e+02 1.962411146320830113e+01 1.890913819836564187e+02 6.936059663701362865e+01
1.979812101392983459e+04 1.365456177439939154e+02 1.889331332305859945e+01 1.900682840883947904e+02 6.918632390816841848e+01
1.980088322153168701e+04 1.370521929329939894e+02 1.953433890719670529e+01 1.902015510946975780e+02 6.888631792204856197e+01
1.980218462994811853e+04 1.374326923469760118e+02 2.041918175811360214e+01 1.892316833762161252e+02 6.896002460192438832e+01
1.980318336013359294e+04 1.378607085741511753e+02 2.127808848076578485e+01 1.882779240038212265e+02 6.925718215790608667e+01
1.980405777776820469e+04 1.379820180911036971e+02 2.216095956034329006e+01 1.872961568942944552e+02 6.942787591539314462e+01
1.980478057076234836e+04 1.375132964345808659e+02 2.298341454275402995e+01 1.863590257135373349e+02 6.923725769938290853e+01
1.980539108856350504e+04 1.368993793990922541e+02 2.359705820512305152e+01 1.856233170805133739e+02 6.858752996658023449e+01
1.980599370741564053e+04 1.361071099724811120e+02 2.381621908823710498e+01 1.851106121660436656e+02 6.773706316664249982e+01
1.980660093585323193e+04 1.350808642898759047e+02 2.387980271506633656e+01 1.848721389433644333e+02 6.678068547793337473e+01
1.980716084026470708e+04 1.341918159838023996e+02 2.393996166869540687e+01 1.847651167818391968e+02 6.578647742825978639e+01
1.980769726356756655e+04 1.333656967102105853e+02 2.391247873618642572e+01 1.846655892010593902e+02 6.479153492223622379e+01
1.980823095174332411e+04 1.324237401335758477e+02 2.389409551032793289e+01 1.845802897518306338e+02 6.379518233800565952e+01
1.980878284346394503e+04 1.315156335332247863e+02 2.380741958729660723e+01 1.844857208054659452e+02 6.279971034423580534e+01
1.980934673687855684e+04 1.306316252410893810e+02 2.362235936671274672e+01 1.845662686094584046e+02 6.181521710814239157e+01
1.980988403323148304e+04 1.297457875472883018e+02 2.349389923705917127e+01 1.847589050244449425e+02 6.083409062862985905e+01
1.981041696679711094e+04 1.288104457445153059e+02 2.331151274710756027e+01 1.848555462527975521e+02 5.984108511647211515e+01
1.981094190728760077e+04 1.277994989834294159e+02 2.310995235738186793e+01 1.849342646822040592e+02 5.884465160519271620e+01
1.981145383447238783e+04 1.268104215519650921e+02 2.295731912548944820e+01 1.849537075144286575e+02 5.784717785009885915e+01
1.981198811674257740e+04 1.258721260451234372e+02 2.264607161161503868e+01 1.849203094577823379e+02 5.684773805912086431e+01
1.981253834272931999e+04 1.249041891829288744e+02 2.232441126059985947e+01 1.849846387379165833e+02 5.585281786933972370e+01
1.981305940492666923e+04 1.239084710285313662e+02 2.209789313588902715e+01 1.850507685622387157e+02 5.485619259599663167e+01
1.981353918808623348e+04 1.228945657379204022e+02 2.196927977961140144e+01 1.851168817954050212e+02 5.385886204332968674e+01
1.981401053238198438e+04 1.219013933647672445e+02 2.199478279581333240e+01 1.851488429559889823e+02 5.286046845419435414e+01
1.981448282644728897e+04 1.209341220451574799e+02 2.198749599829898216e+01 1.850475417858542642e+02 5.186854632678429766e+01
1.981494641900746501e+04 1.199637179498732280e+02 2.188817995508867043e+01 1.849765355359245120e+02 5.087364534686029316e+01
1.981540340689819641e+04 1.189897777336028639e+02 2.182184062088258969e+01 1.849306492054934381e+02 4.987499529682309429e+01
1.981586729791213293e+04 1.179885365590912869e+02 2.173667235915901230e+01 1.848094041795376654e+02 4.888335781655992207e+01
1.981632382505572241e+04 1.170290171424008037e+02 2.161994041069245043e+01 1.847392869919590339e+02 4.788805640239456807e+01
1.981675639996411701e+04 1.161952086485736260e+02 2.156506313499200189e+01 1.846805579010419365e+02 4.689027458246744828e+01
1.981721470389912065e+04 1.153174361741831291e+02 2.150415925098202763e+01 1.845445377218253213e+02 4.590042973391994963e+01
1.981768961663663504e+04 1.143706412359452003e+02 2.140992955523083907e+01 1.844944475608461403e+02 4.490583650133976334e+01
1.981816007319144410e+04 1.134518919557376506e+02 2.139922776928857218e+01 1.845069883181509454e+02 4.390593097200989803e+01
1.981865272522583109e+04 1.124916862029518967e+02 2.132139458931731468e+01 1.844908866439748181e+02 4.290623332158389758e+01
1.981914455305357842e+04 1.115084798047402046e+02 2.109451624820905380e+01 1.845166010832419943e+02 4.190747820370555843e+01
1.981961363127505319e+04 1.105549108883827500e+02 2.078166233880330083e+01 1.844960229421561166e+02 4.090949799045284863e+01
1.982009502225786491e+04 1.095807915318377042e+02 2.042191857673985922e+01 1.845138508647998776e+02 3.991169482051854089e+01
1.982059346133539293e+04 1.085884417527660020e+02 2.026022912307366752e+01 1.846150844361395684e+02 3.891718566881206698e+01
1.982108893948556215e+04 1.076593438868443684e+02 2.030302766099292100e+01 1.846217760820174192e+02 3.792093483495235517e+01
1.982158200758672683e+04 1.067446067950701121e+02 2.028162436462718077e+01 1.846476155842257469e+02 3.692324884551663899e+01
1.982209820178477094e+04 1.058091893179383902e+02 2.016103127872455403e+01 1.847175006269465598e+02 3.592569626940511540e+01
1.982264389020073213e+04 1.047956266227740230e+02 1.998741151300879082e+01 1.846875942384129701e+02 3.492880734837407175e+01
1.982318035194196273e+04 1.037833076911823014e+02 1.985612056842541406e+01 1.847646062362372845e+02 3.393894057261043429e+01
1.982369072974802839e+04 1.028870918977783333e+02 1.980991415128573863e+01 1.848666603607736931e+02 3.294524225349448443e+01
1.982422374252979716e+04 1.019096357352044038e+02 1.965727403743066048e+01 1.848914787111868065e+02 3.194605386663578628e+01
1.982474785450721174e+04 1.009148763409786227e+02 1.943598186730667265e+01 1.850369473956028230e+02 3.096226943624476391e+01
1.982524183096816705e+04 9.999584835167853214e+01 1.916990460219376402e+01 1.851491135848272620e+02 2.997173525398665461e+01
1.982574583307041030e+04 9.907481087072045511e+01 1.886369352191795556e+01 1.852390089009251710e+02 2.897608348678344470e+01
1.982626801388878084e+04 9.810872056524513596e+01 1.866176480454516096e+01 1.853656894758159410e+02 2.798423794925728814e+01
1.982676989416642027e+04 9.713603411577118152e+01 1.861803602297523597e+01 1.852902231848832741e+02 2.699863150090321895e+01
1.982726050007984668e+04 9.615843420077527526e+01 1.872483771028909061e+01 1.850702300321989071e+02 2.602348494478224694e+01
1.982777940158412821e+04 9.524680066655275823e+01 1.897411130539408930e+01 1.846634674105597185e+02 2.511886309758337887e+01
1.982831300562381148e+04 9.452546487078919313e+01 1.940672979299276690e+01 1.839175743775219587e+02 2.450179155692737609e+01
1.982883140375478251e+04 9.433351426299924469e+01 2.005797997532167898e+01 1.830300749421429600e+02 2.404171601920808499e+01
1.982932904952155513e+04 9.435695989790887950e+01 2.091530137160926017e+01 1.820663720537488075e+02 2.382998699113745644e+01
1.982983942125292742e+04 9.426786691037715116e+01 2.186123272221728087e+01 1.810730725639189700e+02 2.388032298976482792e+01
1.983033263534456273e+04 9.416653725913820949e+01 2.282529263646712536e+01 1.800839154791401597e+02 2.380649541665570013e+01
1.983080394125409657e+04 9.413832722651608265e+01 2.384658764456299096e+01 1.790906032395453167e+02 2.369504879023799404e+01
1.983126583619258236e+04 9.426958354984330413e+01 2.476224503907089058e+01 1.780921265213233085e+02 2.364849499773439945e+01
1.983169168767225347e+04 9.458124906957333167e+01 2.548697116409582009e+01 1.770984002830657857e+02 2.354754252197905018e+01
1.983211698307572442e+04 9.491515981878663410e+01 2.626205387131234303e+01 1.761010715492730867e+02 2.351747715162162677e+01
1.983259588199348218e+04 9.486364570935404572e+01 2.727326364782294021e+01 1.751156127292664451e+02 2.366355787178103398e+01
1.983309281835502770e+04 9.447752647148122662e+01 2.826164561009818144e+01 1.741230379253314311e+02 2.367988575086378589e+01
1.983359214228151541e+04 9.411720739319363815e+01 2.922343661470373277e+01 1.731236066402587426e+02 2.365724919729017373e+01
1.983411590267447900e+04 9.398463965492233285e+01 3.022560608260376469e+01 1.721256823452303024e+02 2.370941066447023005e+01
1.983464363604227401e+04 9.396476379034918125e+01 3.126019862632429991e+01 1.711284512393180819e+02 2.367968524610253667e+01
1.983514968316282102e+04 9.384097501782891015e+01 3.226655227747438204e+01 1.701516110581651446e+02 2.383495353500580549e+01
1.983569311836123234e+04 9.340972622160654737e+01 3.336939238353294712e+01 1.691748800176404188e+02 2.404812712970044686e+01
1.983619835055331350e+04 9.304532822479757215e+01 3.444852174701507863e+01 1.681808466075073909e+02 2.408669996115466105e+01
1.983664970479304611e+04 9.287146910241214925e+01 3.543799063879871625e+01 1.671826244282802350e+02 2.412821037423930193e+01
1.983713358045064160e+04 9.276139689465358629e+01 3.642730923330701387e+01 1.661833125588032658e+02 2.414339817842128610e+01
1.983764496769602920e+04 9.260667127846777191e+01 3.735868507231353419e+01 1.652031071712982282e+02 2.397469153781904794e+01
1.983812593335226484e+04 9.243615741796075724e+01 3.812104414842983857e+01 1.642114573864830902e+02 2.388281662359597135e+01
1.983863201212983768e+04 9.222983999372347341e+01 3.893986011993528251e+01 1.632119062474138786e+02 2.385305764007116380e+01
1.983915389651333680e+04 9.212040849118682218e+01 3.985663213685824502e+01 1.622214986358706028e+02 2.372910133638547592e+01
1.983962834939455934e+04 9.200475547856636638e+01 4.070034085837609439e+01 1.612294710679129537e+02 2.376039903484736016e+01
1.984008211540229604e+04 9.190206455617861536e+01 4.161872544987520683e+01 1.602315833964165961e+02 2.381637514818324064e+01
1.984055554716183906e+04 9.192081676536621160e+01 4.258141685278683042e+01 1.592347522747148503e+02 2.376097983971647309e+01
1.984103476872944157e+04 9.185678570257083209e+01 4.348883407309293148e+01 1.582414346650226662e+02 2.382365646880927201e+01
1.984153216228153178e+04 9.171565188578459527e+01 4.441683280943718870e+01 1.572458382972711490e+02 2.380226181072742619e+01
1.984205154091624718e+04 9.154766410939694765e+01 4.536779356522531259e+01 1.562526169231432220e+02 2.368818467994821120e+01
1.984254585851271986e+04 9.134627420215910831e+01 4.628057689323082258e+01 1.552577129546932326e+02 2.371480313107196736e+01
1.984303879952085845e+04 9.123299170263317137e+01 4.723282228430646512e+01 1.542593612580091644e+02 2.371143299984181496e+01
1.984356655415501154e+04 9.123380564698251760e+01 4.817877481301332665e+01 1.532629273692865013e+02 2.376947280873211099e+01
1.984410703890411605e+04 9.142723255150238515e+01 4.888241420948344285e+01 1.523112303166550987e+02 2.405210480128708284e+01
1.984478271957965626e+04 9.198950574126985202e+01 4.934069825472088411e+01 1.515505172732356129e+02 2.467059074675393049e+01
1.984543202020379249e+04 9.290954739104209636e+01 4.947648438124851822e+01 1.514008047541190365e+02 2.559815957664241992e+01
1.984597370528948159e+04 9.392113478719981856e+01 4.954773481055287476e+01 1.513745205281705069e+02 2.659707746198959200e+01
1.984648144364458494e+04 9.494562484773702238e+01 4.954738510595764467e+01 1.514272006913861617e+02 2.759390410905572821e+01
1.984698340672844279e+04 9.601452398268810384e+01 4.965798279560052464e+01 1.515668641367171574e+02 2.858362673416040423e+01
1.984745733913659205e+04 9.707545083013083342e+01 4.983665946872942953e+01 1.516061838286670422e+02 2.958044317831750902e+01
1.984791949528422992e+04 9.805140315903437909e+01 4.998038239198125154e+01 1.516815314938297661e+02 3.057659726715721149e+01
1.984842882759616623e+04 9.896516330484074331e+01 5.011706767027069986e+01 1.517906603231503482e+02 3.157061460705620703e+01
1.984891140086046289e+04 9.989185339015111254e+01 5.021054489419311295e+01 1.517470544833640531e+02 3.256559243211540178e+01
1.984937994972322485e+04 1.008342633757370805e+02 5.029901290228037425e+01 1.517561201204356394e+02 3.356370790953916838e+01
1.984988930377177530e+04 1.018446334871968304e+02 5.045522257386549114e+01 1.517797531855063653e+02 3.456335816006957629e+01
1.985038919662871194e+04 1.028319638083139012e+02 5.045628189120625251e+01 1.517108835300580552e+02 3.555975892053307774e+01
1.985099242048253655e+04 1.036426170178638984e+02 5.037590283918309098e+01 1.517671936856717423e+02 3.655428124338661178e+01
1.985277478925745163e+04 1.049288799515773007e+02 4.980825417330704852e+01 1.517003564341562480e+02 3.606475040686009947e+01
1.985485251375064399e+04 1.060797121475915503e+02 4.930384542005923976e+01 1.519071997662413480e+02 3.510818259345212766e+01
1.985580670726942117e+04 1.069222811689807742e+02 4.919146134095048950e+01 1.517837099246217178e+02 3.600712238454355685e+01
1.985655840412430916e+04 1.075716702403712475e+02 4.931515888434245198e+01 1.520051528276545412e+02 3.698104855912063726e+01
1.985726213591056512e+04 1.085169839736420414e+02 4.969939096714981730e+01 1.518363637270007871e+02 3.796569527587038095e+01
1.985779935345546255e+04 1.092991809518928932e+02 5.000648818000581741e+01 1.514653078486176128e+02 3.889322792740885149e+01
1.985831628188609466e+04 1.100525940501232753e+02 5.032055081870570490e+01 1.513506333752951605e+02 3.988653742647250056e+01
1.985883468479507792e+04 1.110575058206159298e+02 5.051712578802505504e+01 1.513149006144493001e+02 4.088584620807319681e+01
1.985935551861202475e+04 1.121506842858036634e+02 5.049697874845482204e+01 1.513419807890043387e+02 4.188517778707198147e+01
1.985986877916711455e+04 1.132015998657463598e+02 5.036729816284191941e+01 1.514949714579678357e+02 4.287339343003115744e+01
1.986040925793290080e+04 1.143480819892962472e+02 5.014600550544560775e+01 1.516237900678155768e+02 4.386505444613931104e+01
1.986096017999839387e+04 1.154847412031127476e+02 4.999876361637791433e+01 1.517683782598905680e+02 4.485438041759239525e+01
1.986151745026216668e+04 1.165603713608251866e+02 5.002608292218500452e+01 1.518134790942673362e+02 4.585294298088081888e+01
1.986205030600390819e+04 1.175423342845490282e+02 5.016256502433485309e+01 1.517352509521380171e+02 4.684955905579021618e+01
1.986258919814537148e+04 1.184475043891275448e+02 5.049319830590026470e+01 1.517607748491993220e+02 4.784910701772012942e+01
1.986312343686731401e+04 1.194058080465245126e+02 5.078018644926449099e+01 1.517195704188790444e+02 4.884825115680218488e+01
1.986363873442111071e+04 1.203884986461117705e+02 5.080272993382010327e+01 1.517019835612993575e+02 4.984755816368824100e+01
1.986414301169895043e+04 1.213296785717297723e+02 5.074019693753783855e+01 1.518074201547998712e+02 5.084188880870368621e+01
1.986465859949251535e+04 1.223671309366199296e+02 5.062632821404136507e+01 1.518640838807020259e+02 5.184017406471360090e+01
1.986519806723030342e+04 1.234576969980380881e+02 5.056759538245762542e+01 1.519755317229089826e+02 5.283393231368346221e+01
1.986573602407212820e+04 1.245397661704239312e+02 5.063818338528049878e+01 1.520590469739924515e+02 5.382987123614049096e+01
1.986624799953204274e+04 1.255592021080426122e+02 5.064241243697345851e+01 1.520390248688230201e+02 5.482873649894892765e+01
1.986676886630580702e+04 1.265088990728704488e+02 5.067461865057686055e+01 1.521650260275957010e+02 5.582076483912804576e+01
1.986727806177366074e+04 1.274639940050641798e+02 5.071267301713854891e+01 1.522746100663294158e+02 5.681422138132325017e+01
1.986777785725885769e+04 1.284752239900045936e+02 5.067632474368847539e+01 1.522918095964369911e+02 5.781377624547582172e+01
1.986832196126251438e+04 1.295370444001018484e+02 5.059658416038719508e+01 1.523821272781710263e+02 5.880967503879729463e+01
1.986888525980242775e+04 1.306050341491380777e+02 5.039564186536682655e+01 1.524664454979289587e+02 5.980560312844403370e+01
1.986944084290605679e+04 1.315295491162953567e+02 5.004905448152928926e+01 1.526607898913502197e+02 6.078578415863677264e+01
1.987000318122504177e+04 1.323560546054227984e+02 4.964127952783043440e+01 1.529640099951128605e+02 6.173870376516155289e+01
1.987057332065541414e+04 1.332531196410282917e+02 4.917572382223305283e+01 1.532912850470899002e+02 6.268150868150779331e+01
1.987114266634932210e+04 1.341923020024328537e+02 4.873276261481829152e+01 1.537918848689779736e+02 6.354678250768694880e+01
1.987168646976399032e+04 1.351102321371385528e+02 4.830709058439679637e+01 1.543579439317584274e+02 6.437103887040882455e+01
1.987220873679829674e+04 1.360405526884758842e+02 4.788591487434575100e+01 1.549611745704919770e+02 6.516818969121474936e+01
1.987273562781405781e+04 1.369416549834700731e+02 4.746290311115330951e+01 1.556060158989593276e+02 6.593183011379009884e+01
1.987328673396884187e+04 1.378504215710431424e+02 4.696981374090794503e+01 1.562044063032417682e+02 6.673104288717189547e+01
1.987388559281622292e+04 1.387986084420464863e+02 4.650034325253567147e+01 1.569223094863106098e+02 6.742605218836708048e+01
1.987452382646589467e+04 1.396790608683154460e+02 4.612609576164143022e+01 1.577144709160592697e+02 6.803467494686155703e+01
1.987519035794732918e+04 1.404490341392943833e+02 4.574226636310874738e+01 1.585844783764183603e+02 6.852068409119516446e+01
1.987583528589347407e+04 1.410190943233605765e+02 4.514402167359295248e+01 1.595268532029075175e+02 6.885439932363020432e+01
1.987645679029622988e+04 1.414849992790713031e+02 4.425791302163982976e+01 1.604561699513370456e+02 6.922231113260812663e+01
1.987708055393675022e+04 1.419314723041359514e+02 4.329161492510117881e+01 1.614106709540693032e+02 6.952027271857923552e+01
1.987771070191018225e+04 1.422633920480409699e+02 4.226214501699881509e+01 1.623773639422879285e+02 6.977196104985074498e+01
1.987831465793270763e+04 1.424133623102121931e+02 4.124268692420225335e+01 1.633673502747008115e+02 6.990411148087859772e+01
1.987891102017542289e+04 1.423835207087998072e+02 4.030477064011449784e+01 1.643666143498466568e+02 6.992360385829432801e+01
1.987953770798727055e+04 1.421256932184679727e+02 3.938301082696884237e+01 1.653522421649267073e+02 6.981225058627616420e+01
1.988017978080882676e+04 1.417349747823240591e+02 3.853534709036512851e+01 1.662892536107711408e+02 6.946334178311288099e+01
1.988086771979187324e+04 1.412477022023018378e+02 3.785250534388997323e+01 1.671793217654916930e+02 6.902541418018230956e+01
1.988870135845672849e+04 1.401357972489372798e+02 3.691840749011722522e+01 1.675236810399993317e+02 6.836067229858262806e+01
1.989406687803640307e+04 1.395949911087816986e+02 3.651838502261676211e+01 1.666596413405604835e+02 6.857835524629835788e+01
1.989560827839085323e+04 1.396680062678060210e+02 3.655497650935441101e+01 1.664497365507002087e+02 6.948741922152564143e+01
