# ts_seconds,x,y,gt_x,gt_y
2.283408845162876241e+04 1.414388201423888063e+02 7.918023060221214848e+01 1.414388201423888063e+02 7.918023060221214848e+01
2.283846427760516235e+04 1.421723315221223061e+02 8.022306473963740814e+01 1.405039051134449721e+02 7.953302331446886342e+01
2.283935099599387468e+04 1.428612556900602897e+02 8.123320956944341731e+01 1.396561775777543630e+02 8.006213292690068783e+01
2.283992646087892717e+04 1.432853383857231506e+02 8.220641516889422462e+01 1.387203803915857634e+02 8.041461824416596471e+01
2.284038337347473134e+04 1.435813182692163821e+02 8.306224064540532481e+01 1.377936087450454181e+02 8.078956379219563644e+01
2.284084451965727203e+04 1.437809028672418492e+02 8.408004841992733702e+01 1.368309737906886028e+02 8.105707659868781434e+01
2.284127141160837346e+04 1.439757941453545129e+02 8.513182734181803824e+01 1.358348656741580953e+02 8.114521365562931976e+01
2.284163273193970235e+04 1.441510486189662856e+02 8.605941551039363446e+01 1.348390318701072488e+02 8.123639820112086340e+01
2.284200133485063270e+04 1.442972066471031951e+02 8.701866795515461206e+01 1.338432082677812502e+02 8.132566665654756832e+01
2.284234765826231524e+04 1.444298488312558959e+02 8.794890202601175133e+01 1.328432566300239444e+02 8.133396154656999499e+01
2.284270511455712040e+04 1.446370653298336890e+02 8.893129320770958657e+01 1.318436373351181317e+02 8.132695180232184384e+01
2.284304141827963394e+04 1.449107992525516124e+02 8.980945562650062186e+01 1.308494131976642052e+02 8.143331763287690706e+01
2.284338420772735481e+04 1.452350258890595569e+02 9.068951070890742017e+01 1.298630241468083284e+02 8.159769750857938675e+01
2.284373760002742711e+04 1.455898363270899267e+02 9.161297271510093765e+01 1.288802763843158914e+02 8.178190235212863968e+01
2.284406537525949898e+04 1.459283032750167308e+02 9.244012935279405951e+01 1.279130736455024646e+02 8.203534095299939111e+01
2.284441486354815788e+04 1.463052749849064185e+02 9.326388954927139707e+01 1.269653553899587308e+02 8.235443205397808697e+01
2.284475580495594477e+04 1.467106638174231250e+02 9.405628542418180871e+01 1.260234367893950207e+02 8.268986309179740601e+01
2.284512478772337272e+04 1.471690881846129741e+02 9.494255789700807213e+01 1.251073392362820016e+02 8.309047942008857035e+01
2.284548366578873538e+04 1.475876448719321274e+02 9.579783450012253354e+01 1.242186655054563573e+02 8.354900734529380202e+01
2.284584520470365169e+04 1.480511711515710260e+02 9.664910988050817764e+01 1.233224555439806096e+02 8.399238511474253244e+01
2.284622015027913585e+04 1.485913157157220326e+02 9.752364806387389251e+01 1.224039875772586612e+02 8.438732759364538083e+01
2.284656875267165378e+04 1.490378423475740988e+02 9.834480464114260201e+01 1.215200810601622692e+02 8.485497196501739836e+01
2.284694258659073967e+04 1.494341824949432862e+02 9.928053484080359681e+01 1.206253314708982316e+02 8.530036061407844272e+01
2.284729129493202345e+04 1.497985218575124975e+02 1.001904265193145136e+02 1.196813809785562199e+02 8.563037527744829447e+01
2.284764356648011017e+04 1.500500035720386904e+02 1.011348913034122461e+02 1.187287384436346969e+02 8.593441317611770103e+01
2.284798831865021202e+04 1.501139273153558804e+02 1.020180690346011971e+02 1.177672790394559712e+02 8.620489243394949597e+01
2.284834934126550797e+04 1.501294768313942996e+02 1.029297817345711366e+02 1.167716648826384045e+02 8.627784686882357335e+01
2.284875426829002754e+04 1.501919128301668707e+02 1.039216679842806883e+02 1.157802693535214758e+02 8.615747268382047253e+01
2.284912953328003641e+04 1.502755277986743181e+02 1.047961491952335678e+02 1.147819638095158439e+02 8.621548934024737321e+01
2.284951263255152662e+04 1.503804111906991068e+02 1.057018526215035905e+02 1.137848542063868109e+02 8.629085389438515108e+01
2.284988765789112949e+04 1.504876523845082374e+02 1.066260059897636552e+02 1.127901981829258347e+02 8.639360634231813663e+01
2.285024324684160456e+04 1.505707795368170707e+02 1.075115518171815268e+02 1.117926497071083674e+02 8.646351147408239513e+01
2.285061841359424579e+04 1.506296453771862218e+02 1.084970299180566968e+02 1.107942891357387225e+02 8.651624269263341205e+01
2.285096944331362101e+04 1.506711710053003515e+02 1.094729404267267370e+02 1.097945167507988344e+02 8.649620541850147504e+01
2.285132318815378676e+04 1.507241578322767452e+02 1.104809492804899520e+02 1.087953655083697839e+02 8.645602821623155876e+01
2.285165898731621564e+04 1.507686392356150122e+02 1.113991332199361892e+02 1.077957262170060346e+02 8.643806701234414902e+01
2.285200395280386147e+04 1.508095192815300436e+02 1.123263096860357706e+02 1.067990853124693302e+02 8.635625636823927209e+01
2.285236509942167686e+04 1.509177726632957501e+02 1.132844463973166853e+02 1.058030520602327016e+02 8.627116254544020535e+01
2.285268568994396992e+04 1.510144976708746754e+02 1.141149922949084612e+02 1.048031445436213716e+02 8.627156809970416873e+01
2.285303050268725201e+04 1.510298186910886500e+02 1.150425893369400683e+02 1.038039644657007727e+02 8.630999213785477764e+01
2.285335773295383478e+04 1.510487728479670864e+02 1.159012965083163920e+02 1.028039748822844217e+02 8.631035883276973664e+01
2.285369647153115511e+04 1.511291016414872956e+02 1.167950822597499041e+02 1.018045283176145972e+02 8.633274469275376362e+01
2.285402627790084443e+04 1.512235847466837129e+02 1.176777074520707345e+02 1.008090910869973129e+02 8.642757142050551522e+01
2.285436682827052209e+04 1.513134456864065100e+02 1.186158421929753928e+02 9.981088696124434989e+01 8.648113509677084210e+01
2.285470144041318417e+04 1.513607940988369478e+02 1.195610860113126535e+02 9.881134641462654145e+01 8.645113337016157118e+01
2.285501365455804989e+04 1.513717366337168073e+02 1.204576152737176642e+02 9.781223744714809243e+01 8.640905185542915490e+01
2.285533162969553086e+04 1.513548803750460650e+02 1.213634935503214649e+02 9.681290764992627373e+01 8.637369605376390780e+01
2.285564005772013115e+04 1.514272703155155853e+02 1.222363341198616382e+02 9.581480696244085493e+01 8.631309238125332683e+01
2.285597777543126358e+04 1.516234403041332541e+02 1.231415560866765020e+02 9.481530890389585409e+01 8.629457592444468617e+01
2.285629588509776659e+04 1.517745467346335033e+02 1.239922375071993770e+02 9.381705435241886448e+01 8.635360999599232912e+01
2.285664384427202822e+04 1.518823996391684545e+02 1.249676288321780788e+02 9.281836871834418901e+01 8.640277548303249944e+01
2.285698361417377600e+04 1.518856774226641733e+02 1.258479257751661891e+02 9.181840897658896949e+01 8.640532643205217767e+01
2.285733245429646922e+04 1.518239205337565920e+02 1.266840878896179419e+02 9.081865923621002423e+01 8.638500941080418727e+01
2.285767752160971213e+04 1.518208006491803985e+02 1.275218576145489209e+02 8.981874156178297142e+01 8.638889708598757977e+01
2.285801369158933085e+04 1.518903606108432882e+02 1.284224421271943868e+02 8.881925024874418284e+01 8.635726003670532691e+01
2.285836660786856373e+04 1.520154815387521978e+02 1.294093475048696575e+02 8.781959026192669171e+01 8.634546540877650500e+01
2.285868157586615416e+04 1.521184468497530418e+02 1.303055974731227877e+02 8.682142566653168103e+01 8.640568609267280920e+01
2.285901758698010963e+04 1.521604862520714221e+02 1.312931412829881879e+02 8.582426404589800484e+01 8.647789443640978391e+01
2.285933321413278827e+04 1.521450584048977817e+02 1.322187657795620908e+02 8.482462142634018676e+01 8.647736983600032090e+01
2.285966756007414369e+04 1.521672781243650547e+02 1.331918425364135317e+02 8.382768185608931333e+01 8.639948766121246138e+01
2.285997596957084170e+04 1.522344551045394780e+02 1.340634827356792869e+02 8.282936611274990923e+01 8.634147614821583261e+01
2.286032186852905215e+04 1.523438190736665945e+02 1.350455213113347099e+02 8.183108751478724230e+01 8.628293407382066960e+01
2.286066847724283434e+04 1.524703845827899897e+02 1.360325998999548176e+02 8.083212537694031141e+01 8.624058932514185472e+01
2.286101166565342282e+04 1.525881529306445827e+02 1.370243803989000639e+02 7.983227050685906079e+01 8.625219837766961462e+01
2.286136150732202077e+04 1.526663268421558257e+02 1.380327737690478216e+02 7.883332853555225483e+01 8.629499590537164977e+01
2.286169891487208952e+04 1.527310867768173921e+02 1.390096101385865666e+02 7.783346551757468035e+01 8.628387230570477584e+01
2.286206008461315287e+04 1.528523567245434833e+02 1.400702572051660297e+02 7.683447236960375903e+01 8.624258531507689440e+01
2.286238676343226689e+04 1.529761030134864939e+02 1.410103829544615337e+02 7.583463477178774781e+01 8.625678892717708379e+01
2.286272569983509675e+04 1.531001169338948955e+02 1.419895434754816677e+02 7.483564197072206525e+01 8.630104477285898668e+01
2.286305249078762427e+04 1.532297699373201851e+02 1.429443138729642726e+02 7.383597147612915990e+01 8.632583703333496317e+01
2.286337178723152465e+04 1.533609919785270108e+02 1.439014827280661564e+02 7.283714491717955752e+01 8.637334421307234322e+01
2.286368793319600809e+04 1.534579451748833776e+02 1.448419865741597903e+02 7.183967701847387843e+01 8.644160947712175869e+01
2.286400180717956391e+04 1.535256287333858154e+02 1.457745141015478509e+02 7.083991147701341617e+01 8.644410160569761103e+01
2.286433276865229709e+04 1.536409669771630604e+02 1.467489072462232116e+02 6.984157200581726954e+01 8.638754968131735268e+01
2.286464529742603554e+04 1.538115676666791671e+02 1.476572540643835509e+02 6.884194265974660709e+01 8.637011156297609205e+01
2.286497887325354532e+04 1.539807984181884137e+02 1.486165780257061328e+02 6.784303905842062932e+01 8.641624413239267710e+01
2.286529836257511852e+04 1.541091721115371342e+02 1.495364333514314978e+02 6.684539806360463388e+01 8.648487016453888998e+01
2.286563787446145943e+04 1.542249498986828655e+02 1.505246811349620089e+02 6.584767463330676662e+01 8.655168749184154819e+01
2.286594530306144588e+04 1.543322526987217316e+02 1.513940191238660589e+02 6.485180778569295512e+01 8.664214976047675520e+01
2.286627597248175152e+04 1.544637611722404529e+02 1.523097841110090940e+02 6.385382252345473120e+01 8.670319626994009354e+01
2.286659891253536625e+04 1.546367731712838349e+02 1.531812565209148431e+02 6.285405958483937638e+01 8.671925839576159944e+01
2.286693940314929205e+04 1.548602836574723653e+02 1.541212152816157470e+02 6.185664318586866983e+01 8.678652634730919146e+01
2.286726971800974934e+04 1.550372020374680346e+02 1.550212271568759661e+02 6.086671009819776401e+01 8.692796940969215314e+01
2.286761168616327268e+04 1.551565330141980326e+02 1.559548930143535586e+02 5.987828903942508418e+01 8.707900477067082079e+01
2.286796653927052830e+04 1.552777850521015921e+02 1.569218402436322322e+02 5.888411671651912371e+01 8.718667965838325529e+01
2.286829940377331150e+04 1.553925614605508656e+02 1.578255988596488919e+02 5.788822734548001847e+01 8.727700214085392361e+01
2.286866843916238213e+04 1.554495597919209047e+02 1.588378384085090147e+02 5.689047611196637888e+01 8.734143507091535241e+01
2.286902756621906519e+04 1.554657684494668501e+02 1.598226135032855950e+02 5.589055090197820164e+01 8.734974707586546572e+01
2.286941614810401370e+04 1.553933790944383020e+02 1.609015960059387851e+02 5.489100409072788977e+01 8.732592588291332447e+01
2.286980039087835758e+04 1.551448386426089314e+02 1.618923272648601994e+02 5.389776763227272482e+01 8.722796005323570512e+01
2.287017403982426549e+04 1.547299802913714757e+02 1.627969971599439702e+02 5.294645843257028872e+01 8.692933560843199814e+01
2.287056723875986063e+04 1.541274877700745662e+02 1.636702697356247143e+02 5.208520393775675217e+01 8.642246893376385231e+01
2.287092225968382991e+04 1.534820833220655913e+02 1.643620390457791700e+02 5.129530756091491384e+01 8.581317711557744587e+01
2.287129980422071094e+04 1.526373367691788587e+02 1.649270030897306185e+02 5.065731204899877582e+01 8.504712997337786362e+01
2.287166370307507168e+04 1.517371752258694357e+02 1.653492424934014764e+02 5.020633444499375742e+01 8.415563194894653520e+01
2.287202201002523361e+04 1.507730538033452774e+02 1.656886466742086554e+02 4.986590806907316420e+01 8.321560441130158381e+01
2.287238823167340524e+04 1.497384589832705046e+02 1.659031269783306186e+02 4.959487223248703458e+01 8.225404389906766767e+01
2.287273927402250047e+04 1.487471946271151069e+02 1.659978603584832797e+02 4.945966580471373675e+01 8.126517945981765934e+01
2.287311463827899934e+04 1.477020532672172521e+02 1.659174373305233701e+02 4.949154993704511440e+01 8.026583573650437131e+01
2.287347372031254417e+04 1.467636710553081514e+02 1.656999788791204367e+02 4.959279472089676233e+01 7.927317560706450195e+01
2.287384337641607272e+04 1.457977301154998315e+02 1.654219726787060836e+02 4.987567378486344438e+01 7.831487612472527360e+01
2.287421876622724085e+04 1.447970571358445397e+02 1.650841711115935198e+02 5.025106645686567930e+01 7.738806367304486855e+01
2.287456318652663322e+04 1.438790793520777243e+02 1.646857338760604250e+02 5.060912939486320994e+01 7.645449970765093894e+01
2.287493893469160321e+04 1.428755126200308894e+02 1.641788102099661444e+02 5.102011224386587429e+01 7.554400212542775250e+01
2.287529292281689777e+04 1.419756900503637951e+02 1.636545258242459795e+02 5.154213378460345751e+01 7.469152582038712751e+01
2.287563906808005413e+04 1.411683767509844927e+02 1.630385136458845352e+02 5.212631718985569762e+01 7.388000855836594383e+01
2.287598020425145660e+04 1.404412881436512919e+02 1.623558777106133846e+02 5.274867384702628925e+01 7.309830514227520837e+01
2.287631397846403343e+04 1.397391792476140893e+02 1.616264633670969317e+02 5.346021472909458794e+01 7.239759930508724040e+01
2.287664242325022133e+04 1.390854665239154428e+02 1.608622197864042960e+02 5.425644605381398122e+01 7.179260987332176569e+01
2.287692506795803274e+04 1.385620201681166179e+02 1.601787825058136718e+02 5.505396501787412689e+01 7.118955060953464908e+01
2.287722764562651355e+04 1.380575918509660767e+02 1.593872868114838752e+02 5.588122729807380296e+01 7.062828138287922286e+01
2.287753308609566011e+04 1.376420438711658676e+02 1.585473091553812139e+02 5.674775549919948503e+01 7.013031918475095949e+01
2.287786256153890645e+04 1.372811546300169141e+02 1.576114179573435194e+02 5.765149159327190631e+01 6.970233793279933820e+01
2.287816010501261189e+04 1.370135761290347887e+02 1.567583763947109503e+02 5.855075239410496835e+01 6.926630956519733218e+01
2.287847449825664080e+04 1.368032185441475121e+02 1.558410150407300705e+02 5.948984104090325076e+01 6.892570692041205405e+01
2.287877281708845840e+04 1.366565232186478056e+02 1.549710095564548169e+02 6.046460230637870126e+01 6.870513504204967603e+01
2.287910041963158801e+04 1.365746958782126228e+02 1.540049193292715017e+02 6.145543075055118720e+01 6.857039720552356243e+01
2.287940752584337315e+04 1.365916128174006872e+02 1.531034102675083659e+02 6.245021544145686221e+01 6.847453165829008981e+01
2.287976012441912098e+04 1.366430410451213788e+02 1.520469956599502552e+02 6.344947166585108533e+01 6.847825618427836503e+01
2.288010360673530886e+04 1.366869179867631772e+02 1.510132240869507996e+02 6.444403345265445182e+01 6.858098619613468827e+01
2.288044383133557858e+04 1.367622264963618761e+02 1.499669170368145501e+02 6.543467851040919925e+01 6.871594989693470268e+01
2.288076785076862870e+04 1.368252113315722909e+02 1.489789279792683203e+02 6.643011493163898251e+01 6.880993480266683093e+01
2.288109401465519477e+04 1.368504564784008721e+02 1.479780887786710366e+02 6.741977044034507571e+01 6.895183805079292938e+01
2.288144224481394122e+04 1.368220717520682967e+02 1.469020444905184775e+02 6.840315830876171788e+01 6.913084095751020186e+01
2.288175637316529901e+04 1.368357418254666698e+02 1.459440856997086087e+02 6.939729377904414775e+01 6.923898282548030636e+01
2.288209362877425156e+04 1.368701986622676827e+02 1.449121074881068978e+02 7.039081478041050843e+01 6.935199920104783189e+01
2.288241685603575752e+04 1.368830899007712389e+02 1.439358987155687828e+02 7.138160791350496481e+01 6.948640837744110854e+01
2.288275538265815339e+04 1.368617823996190737e+02 1.428957387323601438e+02 7.237737302433329489e+01 6.957755125396163010e+01
2.288307471458662258e+04 1.368552085218445882e+02 1.419284196138337109e+02 7.337493778622425111e+01 6.964596743108585031e+01
2.288340240981971510e+04 1.368464559696373897e+02 1.409264452577380666e+02 7.436946251652886986e+01 6.975009627981970084e+01
2.288372965860622207e+04 1.368006133912305700e+02 1.399196890385450445e+02 7.536242164473208049e+01 6.986704158596691627e+01
2.288403570550540098e+04 1.367319612859896267e+02 1.389627671082458278e+02 7.636016876769637918e+01 6.993105557192770050e+01
2.288435661864147551e+04 1.366583489767856463e+02 1.379441828564453374e+02 7.736003894070765341e+01 6.994712230313029977e+01
2.288466537904474899e+04 1.365962658423788127e+02 1.369565901317106977e+02 7.835995801543961647e+01 6.995978676537241370e+01
2.288499235141382815e+04 1.365426838277670925e+02 1.359006462125574046e+02 7.935988523329852740e+01 6.996499594652523513e+01
2.288527863560103287e+04 1.364895163461101788e+02 1.349797309795981732e+02 8.035970096685109354e+01 6.994626858589904828e+01
2.288558890431223335e+04 1.364317293966263378e+02 1.339756374017630378e+02 8.135966398354256057e+01 6.993999505665578909e+01
2.288587864493783854e+04 1.363802957731394656e+02 1.330565589997551967e+02 8.235963884300210225e+01 6.994608080071628819e+01
2.288618919547180121e+04 1.363637968885213638e+02 1.320840125163786070e+02 8.335942972356809832e+01 6.993603229958181089e+01
2.288647729127874118e+04 1.363707599713571881e+02 1.312046524205570961e+02 8.435827598723358278e+01 6.989258270328988942e+01
2.288680500525372190e+04 1.363951211675791910e+02 1.301997830523567643e+02 8.535787551977519172e+01 6.990757414671490722e+01
2.288712175313900661e+04 1.364275538051576575e+02 1.292394676729420553e+02 8.635494143715152404e+01 6.998343576323696880e+01
2.288746752716495394e+04 1.365040050079420269e+02 1.281930245035602809e+02 8.734976416148441558e+01 7.008498262184008354e+01
2.288779842637147522e+04 1.365965579234825782e+02 1.272137762401736296e+02 8.834288996231367719e+01 7.020132208443347110e+01
2.288813789109062054e+04 1.366350051925570313e+02 1.262079584850256708e+02 8.933185329343328362e+01 7.034943019280434839e+01
2.288849792167262422e+04 1.366121558488219137e+02 1.251425786835883258e+02 9.032122287774026859e+01 7.048784152066319564e+01
2.288882043809120660e+04 1.365745075159765065e+02 1.241686659173615652e+02 9.132073675458154582e+01 7.051694480419769206e+01
2.288915680703536054e+04 1.365118835542747888e+02 1.231129288476873285e+02 9.232064633831672040e+01 7.052457672254249132e+01
2.288945814054471339e+04 1.364350996987031124e+02 1.221722750495639076e+02 9.332016304098522141e+01 7.055439171602164095e+01
2.288978238101617899e+04 1.363638980610021747e+02 1.211537847045116933e+02 9.432003353212074614e+01 7.055680551032570236e+01
2.289006924142644129e+04 1.362751779473863110e+02 1.202578330339954249e+02 9.531949231981677428e+01 7.052441728617149863e+01
2.289038596226197114e+04 1.361553541312616176e+02 1.192595003319105160e+02 9.631927590966566299e+01 7.050393765895766762e+01
2.289068764070080215e+04 1.360265937698650305e+02 1.183332396823280277e+02 9.731792275532029635e+01 7.046187358074577389e+01
2.289100925125800495e+04 1.359023802316841056e+02 1.173287365879094892e+02 9.831061553507014139e+01 7.034212205311708033e+01
2.289129945335831871e+04 1.358299253199909344e+02 1.164008306753449062e+02 9.930007240057796025e+01 7.020014093926826604e+01
2.289160434806490230e+04 1.357951779786421582e+02 1.154037082144712798e+02 1.002976363404029314e+02 7.013418948253871577e+01
2.289190163965245301e+04 1.357835801949023278e+02 1.144410142830790846e+02 1.012975548242237949e+02 7.012143724309537163e+01
2.289220825274702293e+04 1.357623494687978791e+02 1.134687934194953698e+02 1.022974945898656358e+02 7.011048649288886736e+01
2.289251314627427200e+04 1.357097883977297670e+02 1.125226304334582323e+02 1.032974159582754510e+02 7.010633756967692420e+01
2.289282052212479903e+04 1.356356943075486186e+02 1.115688007787332054e+02 1.042970307800671748e+02 7.013302307416658721e+01
2.289313995668917050e+04 1.355480451084565345e+02 1.105677607230858541e+02 1.052961593060821457e+02 7.016708716693082692e+01
2.289342591011599143e+04 1.354984223051785932e+02 1.096710903383049782e+02 1.062959532351375600e+02 7.014854810670260576e+01
2.289372340031562271e+04 1.354561207396930058e+02 1.087213322886620830e+02 1.072958454743276064e+02 7.015492705555526243e+01
2.289400491542972668e+04 1.354185936706429629e+02 1.078184443788410789e+02 1.082951197934683449e+02 7.019295696062262380e+01
2.289430774950251725e+04 1.353849258088060594e+02 1.068407943920492045e+02 1.092943397122477904e+02 7.022926357070180359e+01
2.289458954061973782e+04 1.353721345409966546e+02 1.059380485155051304e+02 1.102943342274401459e+02 7.023074420835710896e+01
2.289489277712660260e+04 1.353579884005206111e+02 1.049469995197627270e+02 1.112941906731024631e+02 7.024377044683987492e+01
2.289518511361389028e+04 1.353317294074203403e+02 1.040012107268535715e+02 1.122931764821508693e+02 7.028714885757547393e+01
2.289549449520793496e+04 1.353635799342618213e+02 1.029829826745105237e+02 1.132908959013509360e+02 7.035371800161517797e+01
2.289577213710659998e+04 1.354837245345784993e+02 1.020768033342186953e+02 1.142892908727754531e+02 7.040486572320959624e+01
2.289606859919199633e+04 1.357006996167788770e+02 1.011062279313764520e+02 1.152821097045034264e+02 7.052222098060377675e+01
2.289634362549124126e+04 1.359723546118565878e+02 1.002430485336242043e+02 1.162618886326275742e+02 7.071511411131767488e+01
2.289664436469882639e+04 1.363075149819457010e+02 9.932608234013774506e+01 1.172114497152681025e+02 7.102868268344236924e+01
2.289691827878609911e+04 1.366495087225165150e+02 9.853044534083308292e+01 1.181548082068713938e+02 7.135939447688018333e+01
2.289722593583839625e+04 1.370816613036770661e+02 9.766140094517761838e+01 1.190721220061558938e+02 7.175683124076489605e+01
2.289751692757024648e+04 1.374742939763376341e+02 9.685231350847797671e+01 1.199642698791107307e+02 7.220846470808379536e+01
2.289783507603450562e+04 1.378410355821744417e+02 9.593104151361853837e+01 1.208497625280166119e+02 7.267268685653083082e+01
2.289812464408313463e+04 1.381343596101421838e+02 9.508326169554572971e+01 1.217591715146980818e+02 7.308815524109398609e+01
2.289844779781542456e+04 1.384774796018319023e+02 9.411825220288184823e+01 1.226823274364064247e+02 7.347199759530575136e+01
2.289874848795674552e+04 1.388213751436772441e+02 9.323428954653932976e+01 1.235836985141997388e+02 7.390489116578142159e+01
2.289906742094046058e+04 1.391716864551931394e+02 9.228529853413934347e+01 1.244777609916587409e+02 7.435220355782701063e+01
2.289936303011642303e+04 1.394563836750039627e+02 9.140126211828912517e+01 1.253967237987324239e+02 7.474643415486528397e+01
2.289967805047044021e+04 1.397467986739980859e+02 9.044866363832127831e+01 1.263209648143981809e+02 7.512782247802662994e+01
2.289998294443381383e+04 1.400138036426624240e+02 8.953744475076864262e+01 1.272299048624541769e+02 7.554471142105261094e+01
2.290029534032354422e+04 1.402862851761370280e+02 8.860641859366256767e+01 1.281482547924482844e+02 7.593968061787165880e+01
2.290061193313727199e+04 1.405292488558042976e+02 8.766679836832412320e+01 1.290886727865050148e+02 7.627968146808767358e+01
2.290093625109535424e+04 1.407270071698368099e+02 8.668116014277393333e+01 1.300332952626014560e+02 7.660769135348876091e+01
2.290128076735651121e+04 1.409013083288638200e+02 8.563403032799627113e+01 1.309901780915878362e+02 7.689434336489811983e+01
2.290160488539600556e+04 1.410051470960286508e+02 8.467969615527242411e+01 1.319749208403413832e+02 7.706684082967760219e+01
2.290196557908171235e+04 1.410293787267916628e+02 8.362331147251296670e+01 1.329673053042670574e+02 7.718990742311926567e+01
2.290230861925387580e+04 1.409691318625863801e+02 8.263506475439254473e+01 1.339594435218618003e+02 7.731089696273680545e+01
2.290266500912935589e+04 1.408990180130053034e+02 8.162076437576108390e+01 1.349581727417094044e+02 7.734177323826119732e+01
2.290301470535650878e+04 1.407890004978314948e+02 8.068859912583818073e+01 1.359562944071664390e+02 7.728059466196198457e+01
2.290336896293279642e+04 1.405812656794533382e+02 7.977111048587195796e+01 1.369530303462219081e+02 7.720275355843736520e+01
2.290375508376251310e+04 1.402101143395964868e+02 7.875972918808622580e+01 1.379401415042698034e+02 7.705261213195089454e+01
2.290408424631047455e+04 1.398348533933423141e+02 7.789821664289902969e+01 1.389008620571615893e+02 7.677525737517021298e+01
2.290443345623141067e+04 1.393969618441017531e+02 7.698824961338276296e+01 1.398545922196729521e+02 7.647465945000629972e+01
2.290476161158971445e+04 1.389564792836439153e+02 7.613427161939081600e+01 1.408025797568175221e+02 7.615649666473457557e+01
2.290509770043693425e+04 1.385268932098829850e+02 7.522263336843165860e+01 1.417414876217183632e+02 7.581256397149243753e+01
2.290542494492945116e+04 1.381054002604900859e+02 7.434589598585101555e+01 1.426696604650450695e+02 7.544042773806145874e+01
2.290575216061922401e+04 1.376437209876681322e+02 7.349816074321044823e+01 1.435929832612153803e+02 7.505660978807179617e+01
2.290608422809445619e+04 1.371381918935828423e+02 7.266393722871933392e+01 1.444987378377186076e+02 7.463400937050325012e+01
2.290639200406127929e+04 1.366717600879732686e+02 7.191330832512619509e+01 1.453665900164340314e+02 7.413778229398326403e+01
2.290672756561680580e+04 1.361393687233631340e+02 7.113572206937404019e+01 1.462080249186389551e+02 7.359748074245734983e+01
2.290704946440387721e+04 1.356048235492329468e+02 7.046642647940566917e+01 1.470526422524825421e+02 7.306271788227820707e+01
2.290740602192413644e+04 1.349622728754933974e+02 6.980266334033609610e+01 1.478515017408207939e+02 7.246321963461723215e+01
2.290773923721500250e+04 1.342845668061346203e+02 6.930862204758679468e+01 1.485666121566159745e+02 7.176542049831033410e+01
2.290810554594468704e+04 1.334376548532550260e+02 6.889708216180888201e+01 1.492009481641721322e+02 7.099334542224885070e+01
2.290846665512468462e+04 1.324977788177718026e+02 6.862582441361639951e+01 1.497343313158793308e+02 7.015127710325040766e+01
2.290880315761579186e+04 1.315359118741156976e+02 6.844193771919208302e+01 1.500805947122245527e+02 6.921556057011044061e+01
2.290914928209799837e+04 1.305268373618747830e+02 6.832303166967064101e+01 1.502764878012443148e+02 6.823506138855657355e+01
2.290947505766148970e+04 1.295593844147790890e+02 6.823207252652716193e+01 1.504335798879394872e+02 6.724752977371582574e+01
2.290982049381336037e+04 1.285083483116998480e+02 6.809795880902267129e+01 1.505614696293134500e+02 6.625586149714808926e+01
2.291011919566056895e+04 1.276293631338948416e+02 6.799125429155878919e+01 1.506623947516148121e+02 6.526109027691218500e+01
2.291043965559939170e+04 1.266965002860231237e+02 6.792770926586379687e+01 1.508063496876647775e+02 6.427169558344178313e+01
2.291074606332677649e+04 1.258033838707762015e+02 6.794493761054842196e+01 1.509673649994957429e+02 6.328635097599076431e+01
2.291107292937471721e+04 1.247926690897931365e+02 6.800115486248037655e+01 1.509898703172534624e+02 6.228712690773689076e+01
2.291136925044350937e+04 1.238922637605541439e+02 6.802841487271250287e+01 1.509455817690495110e+02 6.128815807017277706e+01
2.291169366618003187e+04 1.228880580604844681e+02 6.807320917241953850e+01 1.509321197696515071e+02 6.028843755176617947e+01
2.291199934170919005e+04 1.219481494071763024e+02 6.817020000080232478e+01 1.509570575039592768e+02 5.928879651912644277e+01
2.291231810597864023e+04 1.209466102684641271e+02 6.826128939510832083e+01 1.509502399982858947e+02 5.828907129583772928e+01
2.291263749625445053e+04 1.199575650067162513e+02 6.833522832981491035e+01 1.508967389367299745e+02 5.729052153699880989e+01
2.291296715311406297e+04 1.189218799764367560e+02 6.842579978175817246e+01 1.508649422571169794e+02 5.629120261379331680e+01
2.291330415810882187e+04 1.178607855898049479e+02 6.852122485769683635e+01 1.508674747815574051e+02 5.529132161333820505e+01
2.291360530902524988e+04 1.169124806060621893e+02 6.857782648502991663e+01 1.508394296543763460e+02 5.429173573945298159e+01
2.291392341152531662e+04 1.159051228215646319e+02 6.860856413537995024e+01 1.508311614461503893e+02 5.329184564715927763e+01
2.291422544976899007e+04 1.149538839447338603e+02 6.864785863134214594e+01 1.508517718385307660e+02 5.229206583294607213e+01
2.291455274805813315e+04 1.139061172021282999e+02 6.868741941762331749e+01 1.508697919971503438e+02 5.129253553734985616e+01
2.291484509296832039e+04 1.129811039779373658e+02 6.872236523748341597e+01 1.508328353764719907e+02 5.029321909371346777e+01
2.291517352282517459e+04 1.119346857301588187e+02 6.876930418719295801e+01 1.508044059784956801e+02 4.929389315812905181e+01
2.291547609837620257e+04 1.109699066016849542e+02 6.882204144754665265e+01 1.508210024188958016e+02 4.829411976755766744e+01
2.291580430632456046e+04 1.098978492690109903e+02 6.885227078239219622e+01 1.508005769488634655e+02 4.729447225509322550e+01
2.291610274150601617e+04 1.089610679697150886e+02 6.884769234400454252e+01 1.507503068221823241e+02 4.629586977530435377e+01
2.291643086040634444e+04 1.079408724090504990e+02 6.884135746726575178e+01 1.507481873668492369e+02 4.529623916400090877e+01
2.291674628274027782e+04 1.069659224075604556e+02 6.884607706178266540e+01 1.508003272956971728e+02 4.429766636325645379e+01
2.291706836947912234e+04 1.059470299464132239e+02 6.883884943776355669e+01 1.508148001307738753e+02 4.329813525197432256e+01
2.291738283105423034e+04 1.049541255571288758e+02 6.886762644997050131e+01 1.507806697993486296e+02 4.229899085132039716e+01
2.291769272365952202e+04 1.039818701413255013e+02 6.890230458993116258e+01 1.508040704170894344e+02 4.129935959220070885e+01
2.291801294651140051e+04 1.029974889386015491e+02 6.892745971123176218e+01 1.508400116633749803e+02 4.030075621804920161e+01
2.291831559440113779e+04 1.020810542434021926e+02 6.891800089742061175e+01 1.507860724799982677e+02 3.930227113697208807e+01
2.291863214606145266e+04 1.011225851908942133e+02 6.889645965290357310e+01 1.507200436816640092e+02 3.830478159470681732e+01
2.291893931514855649e+04 1.001930338639076865e+02 6.893143470281495411e+01 1.507171658380418648e+02 3.730490829351388982e+01
2.291928134151753329e+04 9.916296247331871427e+01 6.900404935732858291e+01 1.507383985096488175e+02 3.630538146290393797e+01
2.291960608315560967e+04 9.820920750416117073e+01 6.908472745221425271e+01 1.507062907358749158e+02 3.530594826307271461e+01
2.291998395966628959e+04 9.710392600411678643e+01 6.917293189588332325e+01 1.506570297697199692e+02 3.430722163707179106e+01
2.292031581423998068e+04 9.613760253393340349e+01 6.925514429734525379e+01 1.506281459075844964e+02 3.330766696999792487e+01
2.292067201065744302e+04 9.507230556402807053e+01 6.935780515358459297e+01 1.505697037216460501e+02 3.230979485309121202e+01
2.292100572472157364e+04 9.409904638488636408e+01 6.947199128222304410e+01 1.504485657195319561e+02 3.131715945613309415e+01
2.292133256619776148e+04 9.315116194368553693e+01 6.956413510878959983e+01 1.503395696524053449e+02 3.032338603390082454e+01
2.292168123640009435e+04 9.215184094596364162e+01 6.957296696975387817e+01 1.502748869404075833e+02 2.932556778028545352e+01
2.292200940447851099e+04 9.123846071953947501e+01 6.946665700562461154e+01 1.501928925031202766e+02 2.832925397916097054e+01
2.292238200033210887e+04 9.028022508380570343e+01 6.923643135484485356e+01 1.501882663292682878e+02 2.733046007151475720e+01
2.292273294710572372e+04 8.952354826154676459e+01 6.890931126955814534e+01 1.503239382042658292e+02 2.634253097697584778e+01
2.292312917825864133e+04 8.886407419947202868e+01 6.831814970142684729e+01 1.506445351701117090e+02 2.539713705269591060e+01
2.292352406145316127e+04 8.849684694358708725e+01 6.744181410278733324e+01 1.511590068712134780e+02 2.456934605236441982e+01
2.292391869529323958e+04 8.831994521180256186e+01 6.640405291673057775e+01 1.520481867228497492e+02 2.412944936001826690e+01
2.292432126596810849e+04 8.833565865852668253e+01 6.537176537113765562e+01 1.530309803005197296e+02 2.394483824806800598e+01
2.292467570539200460e+04 8.843501343404247450e+01 6.447922372492276111e+01 1.540187242386745936e+02 2.380075771358860592e+01
2.292506736161174922e+04 8.851247649616600199e+01 6.343224189354323528e+01 1.550175808189082147e+02 2.380630525436659894e+01
2.292543172400302501e+04 8.851881669987551504e+01 6.240658375114369250e+01 1.560127211306928530e+02 2.390196672368856667e+01
2.292578571238625227e+04 8.847186421735057138e+01 6.135693997540894884e+01 1.570116118281265472e+02 2.393047948461338592e+01
2.292615138587881665e+04 8.841658529314361203e+01 6.027084819147270167e+01 1.580102649990433576e+02 2.387861189485214197e+01
2.292649753350445098e+04 8.836878537462783356e+01 5.926949152672272447e+01 1.590089549015118564e+02 2.382821220046197652e+01
2.292687470602975009e+04 8.836760502820035867e+01 5.818790749785346605e+01 1.600078093826508336e+02 2.378603699955359829e+01
2.292720723921753597e+04 8.838768208929968750e+01 5.722532328454379069e+01 1.610043560810630652e+02 2.370572937272293146e+01
2.292756167777876908e+04 8.838161225996692849e+01 5.616073665467202858e+01 1.620034867703258783e+02 2.368797050152768691e+01
2.292789927111694124e+04 8.835907865450022314e+01 5.517076044195500373e+01 1.630018525095689768e+02 2.374259989353750910e+01
2.292822369179804446e+04 8.836998576376775816e+01 5.421994671106409669e+01 1.640016063226487404e+02 2.375214341990438527e+01
2.292856282889782960e+04 8.838082374638764804e+01 5.322639373289327125e+01 1.650010476780026352e+02 2.373136550336144879e+01
2.292887134106759913e+04 8.834640627278230340e+01 5.229513580251827420e+01 1.659999592582384480e+02 2.377455500917968934e+01
2.292919698880615033e+04 8.831364868912885413e+01 5.131219872290883188e+01 1.669972937875481591e+02 2.384053077264798759e+01
2.292948415802586169e+04 8.832727228834816913e+01 5.046149719083571483e+01 1.679971845054326423e+02 2.383401993800194418e+01
2.292980815336748128e+04 8.834790689093833294e+01 4.952062961281389875e+01 1.689965258765589624e+02 2.381326500586531481e+01
2.293012099763735387e+04 8.836742948514944374e+01 4.862031703536793970e+01 1.699956196700429700e+02 2.385582779441238443e+01
2.293046985273519749e+04 8.836214392534837714e+01 4.760810602790213863e+01 1.709943623714492844e+02 2.387696660876591892e+01
2.293078127745145321e+04 8.837007260097547601e+01 4.670456182260054590e+01 1.719913899979108010e+02 2.379998203257309086e+01
2.293113956785043047e+04 8.836190785623455213e+01 4.565293237231800560e+01 1.729884981294928536e+02 2.372806803810923881e+01
2.293146425309251572e+04 8.830599728381224622e+01 4.472131616388965369e+01 1.739879170509437074e+02 2.369957596046565840e+01
2.293180863771454460e+04 8.819562730971593112e+01 4.372930777922285728e+01 1.749839127287192184e+02 2.361622029928718902e+01
2.293213181663750947e+04 8.803342485932188310e+01 4.281547058588177634e+01 1.759719567009186676e+02 2.346213419611282802e+01
2.293248626047428843e+04 8.784156487273453706e+01 4.180984105796914463e+01 1.769583870633395577e+02 2.329796183093923290e+01
2.293286210633307564e+04 8.762938424764875833e+01 4.076252364179266152e+01 1.779434283003917869e+02 2.312704213791984742e+01
2.293321679957986998e+04 8.740337617585824148e+01 3.976424864891758659e+01 1.789207398379269875e+02 2.291553611404100366e+01
2.293360121725334466e+04 8.715087988268859931e+01 3.866889330942775871e+01 1.799039997270363074e+02 2.273383470478777468e+01
2.293394556329833358e+04 8.689615223673531830e+01 3.771906496535923736e+01 1.808887421681140211e+02 2.256372341963536599e+01
2.293431392993314876e+04 8.676336494169254365e+01 3.671521052344813540e+01 1.818605929207699603e+02 2.232970502680723257e+01
2.293468536559104905e+04 8.696687797406745801e+01 3.579298781658906137e+01 1.828469164812594556e+02 2.220031980798480120e+01
2.293506832127633243e+04 8.749379539248957371e+01 3.496304196634872596e+01 1.838170608119522456e+02 2.236702785720795106e+01
2.293546111427259530e+04 8.823887684330320269e+01 3.435687126093404231e+01 1.846629660833225728e+02 2.289932937357134790e+01
2.293582608079826241e+04 8.905850013494406880e+01 3.404160496819120851e+01 1.854191087693166651e+02 2.353732245963020020e+01
2.293623803470700295e+04 9.008999242985910882e+01 3.390501079555025399e+01 1.858931384297095804e+02 2.440754664535287333e+01
2.293661903869584057e+04 9.111971860381643751e+01 3.393913101053325931e+01 1.860830868359937540e+02 2.538764689144091236e+01
2.293696782650127352e+04 9.211826514831804502e+01 3.399933576124895751e+01 1.861480117937393288e+02 2.638542151035186478e+01
2.293731625932934185e+04 9.309199694984246776e+01 3.413466535478433883e+01 1.861646853654708593e+02 2.738467012118491795e+01
2.293766022668333244e+04 9.404436885987880146e+01 3.435479603179776831e+01 1.860895439037329595e+02 2.838100888861603366e+01
2.293803155334586336e+04 9.505548326633784484e+01 3.458040176153927803e+01 1.859288959542435862e+02 2.936801168436958775e+01
2.293836985845744857e+04 9.597135165361926568e+01 3.473389829184594646e+01 1.857591285871940272e+02 3.035349513348682748e+01
2.293877057262016751e+04 9.707378487839645231e+01 3.490887398873873337e+01 1.855870529484677434e+02 3.133857884967667218e+01
2.293914120266469763e+04 9.813827927893642311e+01 3.506167061432267218e+01 1.854234651815750112e+02 3.232496517000923575e+01
2.293948041972997453e+04 9.912047167507502365e+01 3.515648843945876934e+01 1.853070195065074302e+02 3.331779767058565511e+01
2.293982954033148417e+04 1.001110927774860500e+02 3.524405799791995264e+01 1.852351605462232271e+02 3.431497552256630001e+01
2.294014222727824745e+04 1.010052592779556448e+02 3.533595503107350311e+01 1.851372222520377591e+02 3.530944186173898913e+01
2.294048088342117626e+04 1.019995599871378431e+02 3.543224215505048846e+01 1.851242196621572873e+02 3.630925328270219410e+01
2.294078745868558690e+04 1.028649663963973921e+02 3.552509894369934074e+01 1.851293346159407633e+02 3.730896072171005784e+01
2.294113330311242680e+04 1.038005597151172594e+02 3.563479600399014657e+01 1.850800488216833912e+02 3.830767265724185933e+01
2.294148851850696883e+04 1.046654879334676735e+02 3.574757646910406095e+01 1.850215450736678520e+02 3.930545310962340722e+01
2.294188837145254001e+04 1.055495870125560600e+02 3.584885439135613439e+01 1.850402717823652665e+02 4.030497365557139489e+01
2.294233052119594504e+04 1.064405747897463925e+02 3.593924918351374487e+01 1.850740442218589408e+02 4.130177833025989997e+01
2.294278266552780406e+04 1.074221007001446537e+02 3.597759125229074328e+01 1.849746929560818671e+02 4.229638590256023889e+01
2.294323970069654388e+04 1.085553885051965892e+02 3.595016242975555798e+01 1.849340786790701543e+02 4.329555443866604492e+01
2.294365175339261259e+04 1.096031833165192637e+02 3.591882442838301159e+01 1.848817052629131865e+02 4.429413981074603868e+01
2.294402876520013160e+04 1.105838202300923570e+02 3.597832812767359911e+01 1.848094595920651670e+02 4.529152372121794912e+01
2.294441648906600312e+04 1.116042204063335248e+02 3.610445958975655145e+01 1.847386397881185758e+02 4.628892817790350733e+01
2.294477130545764157e+04 1.125100498888006371e+02 3.619383917749370028e+01 1.846874411672963561e+02 4.728751948717694376e+01
2.294513260806479593e+04 1.134500097349407497e+02 3.625087015938335355e+01 1.846055007364554399e+02 4.828414461548728553e+01
2.294552219321090888e+04 1.144551093659238035e+02 3.631809439516800353e+01 1.845420649071303103e+02 4.928045306965030647e+01
2.294588141980658474e+04 1.153483752678796890e+02 3.635711916809173516e+01 1.845777330557277480e+02 5.027912487221290405e+01
2.294626506385479661e+04 1.163200538178131183e+02 3.632213024666880585e+01 1.845392129760436433e+02 5.127837963876053351e+01
2.294665350233597201e+04 1.173300106082073171e+02 3.622754809333790860e+01 1.845479488348593406e+02 5.227469915708989134e+01
2.294702258690971576e+04 1.183218461682564282e+02 3.615785106275758665e+01 1.847253969680611192e+02 5.325881630185362781e+01
2.294741168326478873e+04 1.193602719955281373e+02 3.611241602572563636e+01 1.848674059104607181e+02 5.424735222382434330e+01
2.294776222390967087e+04 1.202798845962497154e+02 3.611035619314798595e+01 1.849060360259254878e+02 5.524660389104788294e+01
2.294813975552744887e+04 1.212270985476109786e+02 3.616889380122393050e+01 1.849472542968790663e+02 5.624566841224233826e+01
2.294850188873942898e+04 1.220900293879948180e+02 3.622070286985551490e+01 1.850086389410421930e+02 5.724370836862370737e+01
2.294888704625686660e+04 1.230499051632753265e+02 3.626741194342568519e+01 1.850362042949463159e+02 5.824314961838562255e+01
2.294927884117666690e+04 1.240669455848385070e+02 3.636543391026015115e+01 1.850364937202854776e+02 5.924292199697395489e+01
2.294964029931053665e+04 1.250124517108087048e+02 3.645930479761926790e+01 1.850670402275071922e+02 6.024214120378353243e+01
2.295004496385372477e+04 1.260333659382447422e+02 3.653582683483352866e+01 1.850299545576730793e+02 6.124084244630942919e+01
2.295042924883090382e+04 1.269536579664839735e+02 3.655731843854270124e+01 1.849342803811348972e+02 6.223600289899187032e+01
2.295081526957193273e+04 1.278729596448783639e+02 3.654986700886836104e+01 1.849060729713185935e+02 6.323456998267381124e+01
2.295123330026748954e+04 1.288571876390790578e+02 3.649222112092790837e+01 1.849731609034557209e+02 6.423227561865866164e+01
2.295164541702188944e+04 1.298184817031642524e+02 3.647608975345971061e+01 1.850680024912358874e+02 6.522757924913027239e+01
2.295210627578111962e+04 1.307937362006444744e+02 3.664820850620428416e+01 1.852026424231389399e+02 6.621847004640844148e+01
2.295258393691312085e+04 1.316536740438272659e+02 3.705718553597350251e+01 1.852764328684361601e+02 6.720721672141080205e+01
2.295309008787497442e+04 1.324203976645599141e+02 3.774930471395756371e+01 1.850272250944484824e+02 6.816564108088176965e+01
2.295362939028747132e+04 1.330285086280382814e+02 3.871128474206725656e+01 1.844554832142322880e+02 6.896598519974774888e+01
2.295417932644813118e+04 1.335008879503256196e+02 3.984612761485058030e+01 1.836047392331929586e+02 6.947679083471395245e+01
2.295465287331951549e+04 1.338242769003678347e+02 4.086382964432949194e+01 1.826637639244544857e+02 6.981124074079534125e+01
2.295509957976100850e+04 1.338970389926370217e+02 4.191841269801937386e+01 1.817395265768460320e+02 7.017822892834585957e+01
2.295557942899468981e+04 1.337993628550137828e+02 4.311830893969450074e+01 1.807533157731344318e+02 7.030395573799965803e+01
2.295598816368863118e+04 1.336763100686398786e+02 4.410653039362912153e+01 1.797559141554537803e+02 7.023273889367941081e+01
2.295635892756288376e+04 1.335203245435824897e+02 4.496242880870527614e+01 1.787613288972514169e+02 7.013084228831280598e+01
2.295675247882887561e+04 1.333445983617097284e+02 4.589299244735798311e+01 1.777727459912242125e+02 6.998155197465302990e+01
2.295711992378170908e+04 1.332652671021480160e+02 4.683570452783537519e+01 1.767858034351685035e+02 6.984070972466084015e+01
2.295749898532901716e+04 1.332208484338004837e+02 4.786177750717395440e+01 1.757869809614915653e+02 6.986179165070394959e+01
2.295788298786479209e+04 1.331261421234543150e+02 4.887506035988082687e+01 1.747909332154572724e+02 6.994841076724742379e+01
2.295827145428735457e+04 1.329805838580543309e+02 4.987572937209827018e+01 1.737924208683789118e+02 6.997274961552797379e+01
2.295866226602079041e+04 1.327683279213129879e+02 5.082480653374268798e+01 1.727945676432278503e+02 6.990763776040934374e+01
2.295903837152715278e+04 1.325386351974968875e+02 5.169329565690525641e+01 1.717994018888137475e+02 6.981379751907934406e+01
2.295944586402708228e+04 1.322578920685949981e+02 5.262085480468662269e+01 1.708133467155194580e+02 6.965076912368925832e+01
2.295983945400085577e+04 1.319686537205872128e+02 5.347500646501819688e+01 1.698374095436169000e+02 6.943276063759903138e+01
2.296022960639895246e+04 1.317064431018208666e+02 5.430038805618919895e+01 1.688590182568599687e+02 6.922611831530593918e+01
2.296065322609587383e+04 1.314631472722333285e+02 5.520605249337499032e+01 1.678805760720877913e+02 6.902053122793400064e+01
2.296107419320826011e+04 1.312546328569259799e+02 5.616746066393486103e+01 1.669053869013012275e+02 6.880224896021644554e+01
2.296150388063015635e+04 1.310604211623315223e+02 5.718086314486560440e+01 1.659148646335015371e+02 6.867209095065888391e+01
2.296191300040632632e+04 1.308579576099072881e+02 5.811150756785281146e+01 1.649178442033141607e+02 6.860079908346075683e+01
2.296231677821620906e+04 1.306306390731685951e+02 5.901076630795187583e+01 1.639248141970459756e+02 6.848321146843341012e+01
2.296275376661331757e+04 1.304054325986028289e+02 5.994802166471130533e+01 1.629293209417399169e+02 6.839025232740586091e+01
2.296320054040038303e+04 1.303141005365436627e+02 6.091706527096899748e+01 1.619307392311186788e+02 6.834026133661818392e+01
2.296369490708532976e+04 1.304026937646842157e+02 6.200760062267162454e+01 1.609321762825738915e+02 6.835215237217761342e+01
2.296422441039525074e+04 1.305606023358229208e+02 6.311536994266154466e+01 1.599498395033052418e+02 6.851111599324752888e+01
2.296472813117628903e+04 1.305785557032577344e+02 6.416272577387348974e+01 1.589952558012948884e+02 6.880443140504803523e+01
2.296519330250164421e+04 1.305544890251993024e+02 6.517393488891609366e+01 1.580116690004840052e+02 6.897032351367140279e+01
2.296565873301769898e+04 1.305251929397978472e+02 6.612535456417042212e+01 1.570131024677176015e+02 6.902307665176751073e+01
2.296608647875194220e+04 1.304507432593771057e+02 6.700382987683472891e+01 1.560150103249061999e+02 6.908349059048276786e+01
2.296651229614741169e+04 1.304160730064908478e+02 6.793485047725133086e+01 1.550155811121668137e+02 6.911442457639589065e+01
2.296694118670549142e+04 1.304741364123035225e+02 6.883441385051082761e+01 1.540180846748854435e+02 6.915639443165929379e+01
2.296735226588145451e+04 1.306456571672636642e+02 6.961089945548177127e+01 1.530354633621990388e+02 6.933078211338727215e+01
2.296779739092396994e+04 1.309598542182011727e+02 7.039875354126044726e+01 1.520884858831933570e+02 6.964549897634810804e+01
2.296825815304647767e+04 1.314008514098322848e+02 7.114612857220507181e+01 1.511985942985845384e+02 7.009667867362178129e+01
2.296871453029323311e+04 1.318903885372110949e+02 7.180909085141918524e+01 1.503813881179564760e+02 7.067067196568811482e+01
2.296921639170255366e+04 1.324494194284210380e+02 7.247194872843287783e+01 1.496189231179374701e+02 7.131763687085579306e+01
2.296970456578215089e+04 1.330145410175306608e+02 7.301626963496320855e+01 1.488889764239073656e+02 7.199906889385947295e+01
2.297020536166480451e+04 1.335781646065595396e+02 7.342816840619389041e+01 1.482549664157133407e+02 7.276912912566690750e+01
2.297083734756477133e+04 1.343244739258564380e+02 7.372165989561537458e+01 1.477508803987028330e+02 7.362993205442673172e+01
2.297156695798337387e+04 1.351699497769213849e+02 7.377737364807259723e+01 1.474806038106991934e+02 7.456943036045440465e+01
2.297276853646142627e+04 1.356404905050049763e+02 7.350498852302440866e+01 1.477174884832715520e+02 7.549289374065374147e+01
2.297458313119047307e+04 1.349514598017994729e+02 7.300504913656855877e+01 1.481242847283343735e+02 7.531791472360121986e+01
2.297543457425181987e+04 1.339545110729301314e+02 7.258069748509701924e+01 1.482080646128929118e+02 7.432378815181365894e+01
2.297597442011937164e+04 1.331236892288692104e+02 7.213210302499756210e+01 1.485284381666373577e+02 7.339552060490603935e+01
2.297647372322765295e+04 1.323772712060677179e+02 7.170341057603813795e+01 1.489055014793169960e+02 7.247029954055463463e+01
2.297703946028440623e+04 1.316720789734510220e+02 7.100187758195696119e+01 1.492630530947721468e+02 7.153641100187277857e+01
2.297757298532169443e+04 1.312604837481420361e+02 7.009858518845179276e+01 1.498977909746487853e+02 7.079097464004031792e+01
2.297803044523814970e+04 1.311681165468915822e+02 6.918849634786091940e+01 1.507337892605266916e+02 7.025058488171636384e+01
2.297849529190364774e+04 1.312199050132038849e+02 6.820738578418230702e+01 1.516437274804492290e+02 6.983936894740386947e+01
2.297892200392587620e+04 1.312960513215867024e+02 6.728068117453406671e+01 1.526229307383953540e+02 6.968835756934429071e+01
2.297934758408682319e+04 1.313053904561224954e+02 6.633096421035669721e+01 1.536222473384753471e+02 6.966893418103293811e+01
2.297974619701010670e+04 1.313116769719779313e+02 6.544092610022606493e+01 1.546169909062116687e+02 6.957882172152804401e+01
2.298014890123200166e+04 1.313713957465380133e+02 6.451885723437294473e+01 1.556115133313740557e+02 6.947453013916151576e+01
2.298057113885305444e+04 1.314283837637429428e+02 6.355011063872388632e+01 1.566095813412158293e+02 6.941709621265012231e+01
2.298096363045377075e+04 1.314642451797326146e+02 6.265850562616695640e+01 1.576021916462217121e+02 6.930213215118001813e+01
2.298140328721753031e+04 1.315881503851054504e+02 6.167152489315330399e+01 1.585941727157014611e+02 6.917586384796044285e+01
2.298184566702910888e+04 1.318179859320549951e+02 6.068269261123829494e+01 1.595921012261412386e+02 6.916954204271272033e+01
2.298225975495977764e+04 1.321161102526467346e+02 5.977339035593665528e+01 1.605897449790280120e+02 6.923513617181191648e+01
2.298270321386726937e+04 1.325173464441601539e+02 5.886392297370252891e+01 1.615838926902425783e+02 6.934189586120845661e+01
2.298313668929136111e+04 1.329206675147062811e+02 5.800423932037580954e+01 1.625456528497821864e+02 6.960351290148761905e+01
2.298358183546667351e+04 1.332517431122193443e+02 5.707147751374334632e+01 1.634976573946689768e+02 6.990959573074559330e+01
2.298403162886107020e+04 1.335147875081717643e+02 5.611007085454276222e+01 1.644760184033635539e+02 7.010759552973964048e+01
2.298444878240783146e+04 1.337114589627113332e+02 5.517959997438472186e+01 1.654634037523545658e+02 7.026586625971506805e+01
2.298487800398179024e+04 1.339002426399324861e+02 5.417787360355726634e+01 1.664561093385034383e+02 7.038476766803174201e+01
2.298531328214806490e+04 1.341210967795443878e+02 5.321977332182868281e+01 1.674543523590255347e+02 7.038239585515627539e+01
2.298574402003132127e+04 1.343283949382448839e+02 5.231962888297059777e+01 1.684527380384791684e+02 7.042301926106063092e+01
2.298620235169813168e+04 1.344630243321479384e+02 5.134249112369672474e+01 1.694503124642284320e+02 7.049250544970199428e+01
2.298664744312304538e+04 1.345961159579503317e+02 5.041034225329488550e+01 1.704486690620323657e+02 7.046716681060202347e+01
2.298706994699005008e+04 1.347047604421761946e+02 4.954520030359844185e+01 1.714454617202524673e+02 7.052306831603513615e+01
2.298754738079718663e+04 1.347491638525528117e+02 4.864534732673300255e+01 1.724439780096503796e+02 7.050893637756503551e+01
2.298805539239124846e+04 1.349065992656358901e+02 4.783506447033077791e+01 1.734176957092230111e+02 7.029912685182769394e+01
2.298860500175730704e+04 1.351034882244105688e+02 4.693206370788645643e+01 1.744079263559747233e+02 7.031137538143143217e+01
2.298911013241001638e+04 1.352117286349149197e+02 4.594671023315114411e+01 1.753961266347315018e+02 7.019539951439556091e+01
2.298954726518676398e+04 1.352571000335429119e+02 4.499085349438994541e+01 1.763907352623150473e+02 7.009727055606950330e+01
2.298994139807097235e+04 1.352686254988535666e+02 4.406668484566331756e+01 1.773898466728591359e+02 7.010130695731643868e+01
2.299032679943497715e+04 1.352740920471477750e+02 4.310351368996497712e+01 1.783875681990305395e+02 7.004615612375988576e+01
2.299071250342307394e+04 1.353394114623702080e+02 4.214942047976494877e+01 1.793732968569202058e+02 6.988351168886799769e+01
2.299109090920876770e+04 1.355176369786847772e+02 4.119072676605607342e+01 1.803666776736173745e+02 6.977463370521118691e+01
2.299147876548525528e+04 1.358219113353801504e+02 4.020935534518347509e+01 1.813596754363338164e+02 6.985740729771148949e+01
2.299181455913759419e+04 1.361866917485370720e+02 3.943325686147017706e+01 1.823449019494982792e+02 7.002718693376644410e+01
2.299218536728446270e+04 1.367900814627087698e+02 3.874387573240248628e+01 1.833078467470853923e+02 7.029353010515625044e+01
2.299255967610484731e+04 1.375522316014811679e+02 3.823227126884285809e+01 1.842007895529501980e+02 7.073630585591432407e+01
2.299295300873503220e+04 1.384667297721676675e+02 3.790832064981440652e+01 1.848869103497427488e+02 7.144941782758418469e+01
2.299333302891598942e+04 1.393819637673248621e+02 3.783922815340168455e+01 1.854289015631380835e+02 7.228782751948222085e+01
2.299372053931705523e+04 1.403554465189705240e+02 3.789319034170861755e+01 1.857129651722710832e+02 7.323931309743777263e+01
2.299412904257481568e+04 1.414342585896715150e+02 3.797269682548402159e+01 1.857694063718050472e+02 7.423440671032810201e+01
2.299449832918955508e+04 1.424277074851302416e+02 3.802412594668723500e+01 1.858566805812165512e+02 7.523012070829352638e+01
2.299490449722925769e+04 1.435175351663925198e+02 3.809907298437502021e+01 1.859400514298847327e+02 7.622660687070246865e+01
2.299528789224931461e+04 1.445395218182343058e+02 3.822806233104358142e+01 1.859357254827611428e+02 7.722587584286337403e+01
2.299566168040016782e+04 1.455930305724397726e+02 3.833254487062930593e+01 1.859227655627097135e+02 7.822578449635668107e+01
2.299603379421479985e+04 1.466820640801483080e+02 3.838360552501958978e+01 1.859815728289368337e+02 7.922355403597191525e+01
2.299636598063351630e+04 1.476713271850165086e+02 3.847899662142459221e+01 1.860424466543918811e+02 8.022168441350173396e+01
2.299671625998779928e+04 1.487018639893847194e+02 3.866628136556241202e+01 1.860465038704282961e+02 8.122137657178461723e+01
2.299702154274190252e+04 1.495889480058262109e+02 3.884054446486045720e+01 1.860776882349008190e+02 8.222074285494885260e+01
2.299736226064173752e+04 1.505722196613205028e+02 3.902387428227184074e+01 1.860601372844308798e+02 8.322026643065612461e+01
2.299768152450052003e+04 1.514885948075406077e+02 3.914675722495505994e+01 1.859732026500494442e+02 8.421613854325293858e+01
2.299803179348273625e+04 1.525214916521989892e+02 3.927862632343209270e+01 1.858801232460266988e+02 8.521179407651807480e+01
2.299836417395580065e+04 1.534912490283925592e+02 3.945320184906677241e+01 1.858714326589060306e+02 8.621105588862015168e+01
2.299870672766904318e+04 1.544735865672974455e+02 3.966617097515460699e+01 1.858752118467412231e+02 8.721104687438064218e+01
2.299904486754300888e+04 1.554246088275583304e+02 3.984694081025899948e+01 1.857785625007406907e+02 8.820536092149006890e+01
2.299936373860816457e+04 1.563380804037971075e+02 3.998461740754718363e+01 1.856996473458308117e+02 8.920209803219940170e+01
2.299970532523197471e+04 1.573122392218331811e+02 4.009905703972389546e+01 1.857018686356687454e+02 9.020155388505810379e+01
2.300002875448116174e+04 1.582379424820281031e+02 4.018112600669252998e+01 1.856834839830308113e+02 9.120126048152742726e+01
2.300037438150450907e+04 1.592525392456294071e+02 4.028924586379125117e+01 1.856849711093531710e+02 9.220118717726856516e+01
2.300067229037685320e+04 1.601411912164703608e+02 4.043441933997001314e+01 1.857557160998495078e+02 9.319827301314568047e+01
2.300098458980802752e+04 1.610872139098644880e+02 4.061455404470958541e+01 1.857629909303827276e+02 9.419766807815966558e+01
2.300127291875700394e+04 1.619505762579193515e+02 4.075289630223218751e+01 1.856908253761181413e+02 9.519464885497693274e+01
2.300159698524804844e+04 1.629324604853646576e+02 4.088247379814644233e+01 1.856079438093853753e+02 9.619120784454381123e+01
2.300188141617373185e+04 1.637728865451057345e+02 4.101059908472007010e+01 1.856006754706105824e+02 9.719062024585528548e+01
2.300221065653836558e+04 1.647266034960625802e+02 4.113497123405470290e+01 1.856093771067428122e+02 9.819058227225191615e+01
2.300253562704674914e+04 1.656550628319050418e+02 4.122120318252597571e+01 1.855900893842913888e+02 9.919031763665617518e+01
2.300290827220732172e+04 1.667434725603849586e+02 4.129375038120514319e+01 1.856254936504580826e+02 1.001893316050644955e+02
2.300325844603286532e+04 1.677462953339379226e+02 4.137534025878615296e+01 1.857398943675454461e+02 1.011823158628962318e+02
2.300361207292149265e+04 1.687552840480445582e+02 4.150168390285680431e+01 1.858323883609456288e+02 1.021779055610758462e+02
2.300397737692078226e+04 1.697920097722903847e+02 4.165926832020995363e+01 1.858061890818961501e+02 1.031763311675075414e+02
2.300429589949994988e+04 1.707062633978019051e+02 4.181406685309915616e+01 1.857431460943412560e+02 1.041743202795839949e+02
2.300462861453257938e+04 1.716568458787754139e+02 4.197818672940201878e+01 1.856714573964450494e+02 1.051717440860765009e+02
2.300494747189229383e+04 1.725610295915517440e+02 4.211869689920685289e+01 1.855736651523241960e+02 1.061668890313211477e+02
2.300529957059412482e+04 1.735647319079913302e+02 4.224286958145128779e+01 1.854833145372341789e+02 1.071627839449937341e+02
2.300561393228654197e+04 1.744615682433178279e+02 4.235814947677574338e+01 1.855078083606205439e+02 1.081612442103379976e+02
2.300597666834079791e+04 1.754730030623049686e+02 4.254018338720354109e+01 1.855533268025866391e+02 1.091602076112168618e+02
2.300632659548548327e+04 1.764137991822695994e+02 4.273069081070692476e+01 1.855514370954601588e+02 1.101599883450662531e+02
2.300669042388848175e+04 1.774032355716824725e+02 4.288048788705036429e+01 1.855386407578754699e+02 1.111599061876564178e+02
2.300701602488150820e+04 1.783088377053832971e+02 4.301956391375446742e+01 1.855660186699286385e+02 1.121593713601548643e+02
2.300735798563429489e+04 1.792689866027052688e+02 4.321402661778216725e+01 1.855126526035774361e+02 1.131571794786213871e+02
2.300771229146906990e+04 1.802370032511354907e+02 4.340196123130753136e+01 1.853982119989825037e+02 1.141504201245542873e+02
2.300805116558072768e+04 1.811676989335066423e+02 4.357258172483003733e+01 1.853161112270750266e+02 1.151468799709992510e+02
2.300840617024512903e+04 1.821339948071796186e+02 4.373096132997988406e+01 1.852482887359093695e+02 1.161445734390642457e+02
2.300873802019556024e+04 1.830320677903613102e+02 4.383989415687490521e+01 1.851552138255169666e+02 1.171401637205563304e+02
2.300910327815343408e+04 1.840446727186997293e+02 4.393305565204471463e+01 1.851006497188684818e+02 1.181384878781592818e+02
2.300941963502526414e+04 1.849259113955365592e+02 4.401153478674778796e+01 1.851825106429010930e+02 1.191335361480461046e+02
2.300978618642678339e+04 1.859609260825282320e+02 4.408038768402287388e+01 1.852615148410915822e+02 1.201303357129991127e+02
2.301012316829766860e+04 1.869106433676047345e+02 4.410217708216458021e+01 1.853173342717452385e+02 1.211287457036741131e+02
2.301048798148802962e+04 1.879395561182671770e+02 4.416882112010366512e+01 1.854246902327973032e+02 1.221226708937487899e+02
2.301085153840749990e+04 1.889136233550270845e+02 4.433136356679096224e+01 1.855751362291478017e+02 1.231111842767890892e+02
2.301121634919996359e+04 1.898872735258677267e+02 4.452631607316757822e+01 1.856463619020817930e+02 1.241079304138363852e+02
2.301160738302812024e+04 1.909319297162309397e+02 4.473882869335503898e+01 1.855945573718402102e+02 1.251054937345455897e+02
2.301194862667849520e+04 1.917902868250601784e+02 4.492954774892390191e+01 1.855653908325020041e+02 1.261048894388516430e+02
2.301234663544037903e+04 1.927034861821904883e+02 4.517232568641776425e+01 1.854782582183168529e+02 1.271006624276240871e+02
2.301272541902280136e+04 1.935227783773157171e+02 4.543888421680070877e+01 1.852431801792128283e+02 1.280707745783325606e+02
2.301314506346061171e+04 1.943264357566500280e+02 4.582081661550241591e+01 1.850026595268545577e+02 1.290413748248769252e+02
2.301359353651549827e+04 1.948836190243780493e+02 4.660977861442286496e+01 1.847182483261071297e+02 1.299998330441547978e+02
2.301398939673936184e+04 1.952203696128281933e+02 4.746056460862790516e+01 1.841342149972711582e+02 1.307986630493585665e+02
2.301442739322497800e+04 1.954641039281681856e+02 4.843994516128238104e+01 1.833263884623371496e+02 1.313777929367706463e+02
2.301484259045893123e+04 1.954898645832350610e+02 4.936433135082086210e+01 1.824154736086425714e+02 1.317850292438771191e+02
2.301527384746947064e+04 1.953227705809228496e+02 5.034773448403133500e+01 1.814340229927025803e+02 1.319510005428568320e+02
2.301571218303026399e+04 1.950383240062887182e+02 5.131346585913372138e+01 1.804404553079365598e+02 1.318769755448274736e+02
2.301610340551828631e+04 1.946614007089290226e+02 5.215745943310118093e+01 1.794422703394284326e+02 1.318216237735619529e+02
2.301649914485101908e+04 1.942263787733718345e+02 5.300006418400248975e+01 1.784492382081018604e+02 1.317075374779789172e+02
2.301689563222387369e+04 1.939606926306682908e+02 5.390148732136584897e+01 1.774665225595870481e+02 1.315240567686919633e+02
2.301726022531368289e+04 1.937533795132121099e+02 5.479789602880545374e+01 1.764729492405117526e+02 1.314172847661065475e+02
2.301765628945488061e+04 1.935129233100466024e+02 5.575162359743579543e+01 1.754736953193581428e+02 1.313897609033246283e+02
2.301802294954926401e+04 1.932808535283366496e+02 5.662980487464519541e+01 1.744765449756335443e+02 1.313181650039974215e+02
2.301841905460933776e+04 1.929892073191045085e+02 5.758413158968362211e+01 1.734778130973916177e+02 1.312698971072926781e+02
2.301878306145558599e+04 1.928724927250141832e+02 5.853765278140505757e+01 1.724790426194089150e+02 1.313063741531174458e+02
2.301913743408070877e+04 1.927996817730673058e+02 5.947867845735908077e+01 1.714811859916676440e+02 1.313715243240599477e+02
2.301950302819578064e+04 1.927047831494608943e+02 6.039033293342515663e+01 1.704846804259051396e+02 1.314547868130034942e+02
2.301983302822275436e+04 1.926504526685374969e+02 6.120701016394491489e+01 1.694996163623743257e+02 1.316232775145820142e+02
2.302020767148873711e+04 1.926001390393909958e+02 6.217365153909684494e+01 1.685071453415601184e+02 1.317425876596065564e+02
2.302054103410632524e+04 1.924555595689724328e+02 6.302567708151855186e+01 1.675080513202969428e+02 1.317635825295689926e+02
2.302091247027095960e+04 1.921971943636180811e+02 6.395872426286010182e+01 1.665100154475435943e+02 1.317068015644600791e+02
2.302124363138910121e+04 1.920324381152264834e+02 6.481418026134555532e+01 1.655110767053454026e+02 1.316618098421820378e+02
2.302160874804948253e+04 1.918769263384944850e+02 6.577555999796224739e+01 1.645126123638432318e+02 1.316067477583859784e+02
2.302197218179205447e+04 1.917206984547473212e+02 6.672006216285748792e+01 1.635155064754510192e+02 1.315311119743648760e+02
2.302231046054492253e+04 1.916009523253030409e+02 6.762938308665546572e+01 1.625159967615147707e+02 1.315231534089190859e+02
2.302268339503469906e+04 1.915528744494940838e+02 6.859154608300498523e+01 1.615173701448600525e+02 1.315720706256846597e+02
2.302306098494046819e+04 1.914595922857530752e+02 6.951607486934081237e+01 1.605186357937779746e+02 1.316222852371517718e+02
2.302349970231855332e+04 1.913119939010724693e+02 7.055553621223832295e+01 1.595236866834243301e+02 1.317204384358427944e+02
2.302390447696777483e+04 1.912307577574977131e+02 7.153179716615422024e+01 1.585344576120588442e+02 1.318658818324826996e+02
2.302430575697575478e+04 1.911545425247892069e+02 7.250660734973749300e+01 1.575389255572789864e+02 1.319565011542966602e+02
2.302474287991435631e+04 1.910691890869780138e+02 7.350743888628861100e+01 1.565394133875076079e+02 1.319667602772298096e+02
2.302511195993718138e+04 1.909695062303757993e+02 7.432246842032047596e+01 1.555432062803272402e+02 1.320464262096588470e+02
2.302555443213142644e+04 1.908741685838066076e+02 7.529536720135915573e+01 1.545439327789042920e+02 1.320688723431476603e+02
2.302601168986212724e+04 1.906627652679927394e+02 7.601183124618100351e+01 1.535650719347863458e+02 1.318823816845907686e+02
2.302648325760115767e+04 1.902834377699179811e+02 7.657139203935001603e+01 1.526358190972123055e+02 1.315184405814549393e+02
2.302713620928135060e+04 1.894124096645520297e+02 7.711354321219060637e+01 1.518902342157243481e+02 1.308657431135372633e+02
2.302770854537561536e+04 1.884164214334113012e+02 7.731334870704317552e+01 1.515135972591208144e+02 1.299544729995407693e+02
2.302817983674216521e+04 1.874116583312595026e+02 7.723155411335451959e+01 1.512945300670233451e+02 1.289796949349350825e+02
2.302865293259867758e+04 1.863480399011953068e+02 7.714180408022387780e+01 1.510524122018599371e+02 1.280096017860833228e+02
2.302909235896650353e+04 1.853429915298361266e+02 7.698227090646680892e+01 1.509217492026341176e+02 1.270194487516956627e+02
2.302947441128211722e+04 1.844697517829407047e+02 7.669922605413604799e+01 1.509535731189978094e+02 1.260216992446445801e+02
2.302986599091286189e+04 1.836054754737881183e+02 7.646526023934562488e+01 1.511477027325423705e+02 1.250424197711500511e+02
2.303027565378416330e+04 1.827973059090847983e+02 7.629580938831392700e+01 1.514330552638647305e+02 1.240844341583538295e+02
2.303069628776083846e+04 1.818821097868615198e+02 7.620562448143219569e+01 1.514966044467690267e+02 1.230911752721535493e+02
2.303112710978517862e+04 1.808646197468741263e+02 7.602533922831877078e+01 1.513803362319249572e+02 1.220996215586557270e+02
2.303151214071214417e+04 1.798992400387295447e+02 7.588396724623126488e+01 1.513137454722446762e+02 1.211022902276692008e+02
2.303191107476092657e+04 1.789472262161442870e+02 7.585050630097872215e+01 1.512531854435454761e+02 1.201041287886546058e+02
2.303225414200696105e+04 1.780979129316469596e+02 7.576288272318780059e+01 1.511383835354468488e+02 1.191109789675606407e+02
2.303261615263381827e+04 1.771331721114150355e+02 7.557869459003528334e+01 1.510995811638604494e+02 1.181123308918337642e+02
2.303295915525188684e+04 1.762443805303138618e+02 7.541865124793407915e+01 1.510977941761747161e+02 1.171123761803524701e+02
2.303329576969679692e+04 1.753599844094303819e+02 7.529046833400914807e+01 1.511208790615202986e+02 1.161126793820929493e+02
2.303362339092443653e+04 1.745293447119671839e+02 7.516005841678655486e+01 1.511402300481173313e+02 1.151128709365662957e+02
2.303395776345923514e+04 1.736753939936034214e+02 7.500898582988391183e+01 1.511725340903768995e+02 1.141134094029762593e+02
2.303432260080504420e+04 1.727724896670088128e+02 7.481103846436221261e+01 1.512044291567268886e+02 1.131139188044060688e+02
2.303466111640317104e+04 1.719274784300511953e+02 7.463264768243321612e+01 1.512386117940336874e+02 1.121145038235703453e+02
2.303505371722762720e+04 1.709809748621399876e+02 7.444329901968642105e+01 1.512888085251447023e+02 1.111157845443965897e+02
2.303546175015898189e+04 1.700023255237898923e+02 7.424974084523529427e+01 1.513599773721588804e+02 1.101183484150056131e+02
2.303584298260455762e+04 1.690475128419046484e+02 7.410310525285557048e+01 1.513886358728519212e+02 1.091189308517238601e+02
2.303623514997853999e+04 1.680840703572077075e+02 7.401640113739969706e+01 1.514077044790738853e+02 1.081191130286039339e+02
2.303664057509813210e+04 1.671445110238069276e+02 7.400910590535964673e+01 1.514246988013984208e+02 1.071192576902808042e+02
2.303704516571882050e+04 1.661908707683544435e+02 7.403280736454514965e+01 1.513375038827713297e+02 1.061239586886501769e+02
2.303742713823465601e+04 1.652210887680481335e+02 7.397051120458057483e+01 1.511862478346161822e+02 1.051356505291398662e+02
2.303779676406360159e+04 1.642645236759762497e+02 7.384736572841752889e+01 1.511318922815439976e+02 1.041380323195088096e+02
2.303821539938894421e+04 1.632196373135787439e+02 7.368162358364136821e+01 1.511506915708160363e+02 1.031384652653827914e+02
2.303861711990693948e+04 1.622201427437858285e+02 7.351118865896049215e+01 1.511075388133019999e+02 1.021398076798374319e+02
2.303906192909603124e+04 1.611009496782245662e+02 7.327141684788314535e+01 1.510954440215226668e+02 1.011400282711454395e+02
2.303949185976075751e+04 1.600416279466801939e+02 7.299308726170816897e+01 1.511509624690117164e+02 1.001418696361284759e+02
2.303986246655130162e+04 1.591100777844953313e+02 7.281424562155935121e+01 1.511376910480082927e+02 9.914245658837111819e+01
2.304027439795503597e+04 1.580691380266538317e+02 7.263962280555895745e+01 1.511586458966916382e+02 9.814285352850096444e+01
2.304068161514213352e+04 1.570765318023326245e+02 7.246956357944151250e+01 1.512246649854561724e+02 9.714514893546501639e+01
2.304104450681977323e+04 1.561596965752649453e+02 7.239629361964563259e+01 1.512249442056162820e+02 9.614556316605502673e+01
2.304143742642500001e+04 1.551635938156460384e+02 7.239448456599622261e+01 1.511631000169980723e+02 9.514768338954955595e+01
2.304181624171194562e+04 1.542288929691198689e+02 7.242413312749204124e+01 1.510845716049220471e+02 9.415077745413429966e+01
2.304222821046539320e+04 1.531919911840877830e+02 7.246956386785079474e+01 1.509482235894248845e+02 9.316037733044049673e+01
2.304257951013958154e+04 1.522492565147775849e+02 7.254525898229195491e+01 1.507490363992828293e+02 9.218065960744729637e+01
2.304292855277978742e+04 1.512760433657803674e+02 7.263124283213103638e+01 1.505470116982457967e+02 9.120128201034206938e+01
2.304328799992437052e+04 1.502865255351483995e+02 7.269288054397907217e+01 1.503278569957225272e+02 9.022561983303238264e+01
2.304361348140265909e+04 1.494175963248485175e+02 7.281971927449164639e+01 1.500238508187109119e+02 8.927355588588301316e+01
2.304401126873247267e+04 1.484087578184573601e+02 7.303182709336137179e+01 1.496404163553445414e+02 8.835042109901468166e+01
2.304438209942534013e+04 1.475307225314418247e+02 7.325578347166675997e+01 1.493564065182308980e+02 8.739271279832232153e+01
2.304477457515698552e+04 1.466019520035414985e+02 7.354414972565525943e+01 1.489618525085703311e+02 8.647540839048879491e+01
2.304515578273512801e+04 1.456693192046503782e+02 7.380849600661923660e+01 1.484433868864830686e+02 8.562157197562639510e+01
2.304553169835613880e+04 1.447404188845955559e+02 7.400052382830250508e+01 1.479382013502131201e+02 8.475866619658137324e+01
2.304592753801380604e+04 1.437525747246406809e+02 7.405044907326967518e+01 1.475370031465541558e+02 8.384370506785820965e+01
2.304626853630623737e+04 1.428821603117125392e+02 7.396226096523314197e+01 1.471740994051147595e+02 8.291192920268137811e+01
2.304665874472061114e+04 1.419964835403172003e+02 7.365718880705142624e+01 1.469902691881510179e+02 8.193150337910093128e+01
2.304703963298234521e+04 1.413759679936550242e+02 7.321373782261559882e+01 1.470456603267749927e+02 8.093638146664510202e+01
2.304748520971876133e+04 1.409307296425490108e+02 7.261790569797760497e+01 1.473811606546688040e+02 7.999927038024512171e+01
2.304799241903451548e+04 1.408189391284173553e+02 7.189405894081504300e+01 1.480070645309143913e+02 7.922724937053177996e+01
2.304878939053361682e+04 1.410877620548207005e+02 7.123040512215145270e+01 1.489649255010340028e+02 7.902024693475740946e+01
2.309637133480478587e+04 1.413947619109528091e+02 7.151437088437516820e+01 1.492964683075292669e+02 7.969208547036518553e+01
2.315113639331387094e+04 1.398211955534313233e+02 7.224747775157784702e+01 1.486731939802560305e+02 7.926990560596354385e+01
2.315180913816549219e+04 1.385845110792133141e+02 7.257910416333851344e+01 1.481029820824639103e+02 7.844840900194471089e+01
2.315221112063067994e+04 1.375245554978550899e+02 7.259307713356560043e+01 1.477818048033770992e+02 7.751379050992476039e+01
2.315257480226351981e+04 1.364993559597974127e+02 7.238011191591657223e+01 1.476744626517539416e+02 7.652247229352815339e+01
2.315292779945779330e+04 1.355471417814688380e+02 7.196827148061903756e+01 1.477363362521706733e+02 7.552683004613761852e+01
2.315326889137279068e+04 1.347095773836512933e+02 7.137891174660948934e+01 1.480031816012057106e+02 7.456750460423387494e+01
2.315359402692191725e+04 1.340142568651531008e+02 7.066567958085482815e+01 1.484586807186670114e+02 7.368089841363915582e+01
2.315390429571250934e+04 1.334545482863547647e+02 6.986515891964461389e+01 1.490172546761082799e+02 7.285241055505568397e+01
2.315420902058223874e+04 1.329811478488977059e+02 6.900600035767025986e+01 1.496702678684262082e+02 7.209679336041949682e+01
2.315450595131322189e+04 1.326260649826598694e+02 6.814336519179452978e+01 1.504191343095120601e+02 7.143646483442572048e+01
2.315480573619048300e+04 1.324078611107994163e+02 6.725933354637766115e+01 1.512494813698778842e+02 7.088178873200412511e+01
2.315510354025322886e+04 1.323563011937515910e+02 6.636211986650080519e+01 1.521438657309604707e+02 7.043743406332579582e+01
2.315541549263068737e+04 1.324277013777289085e+02 6.540757390278963612e+01 1.530964892572021938e+02 7.014071300909904494e+01
2.315572339619120612e+04 1.325405221824468356e+02 6.446061243627190152e+01 1.540831885929204930e+02 6.998873769505756570e+01
2.315601312188901647e+04 1.326562775516772206e+02 6.356063780529336071e+01 1.550813090068466238e+02 6.994006937145577751e+01
2.315628869281936204e+04 1.327751792975848559e+02 6.269509687854490920e+01 1.560812158489749777e+02 6.993196036531114146e+01
2.315657429403363858e+04 1.328843802607069335e+02 6.179229305752514279e+01 1.570808872038121820e+02 6.995438975239181900e+01
2.315687177842647361e+04 1.329506115501192198e+02 6.086846022668230916e+01 1.580805928194906755e+02 6.997855464063523812e+01
2.315717644050780655e+04 1.329935069144907516e+02 5.993939292652884632e+01 1.590804364405203160e+02 6.997015933763034923e+01
2.315747367906188447e+04 1.330782161385561153e+02 5.904474158644924842e+01 1.600791736913667762e+02 6.992241545807901559e+01
2.315778196050171755e+04 1.332111161889476989e+02 5.813017835118864696e+01 1.610776099116548323e+02 6.986651317468772504e+01
2.315810581536866084e+04 1.333480644378110469e+02 5.718777619229781095e+01 1.620773022994401344e+02 6.985510605264848039e+01
2.315844132202441688e+04 1.334732327219869603e+02 5.622618519635739176e+01 1.630768340587960097e+02 6.988246334320700726e+01
2.315877625616776641e+04 1.336171825865120866e+02 5.530825816035427778e+01 1.640766326654181739e+02 6.990103095151684442e+01
2.315913722686616529e+04 1.337777753827880360e+02 5.440567705294710521e+01 1.650759507777615056e+02 6.993653460423701063e+01
2.315951472152297356e+04 1.338528363219357686e+02 5.358352403353708127e+01 1.660756122219767121e+02 6.996140248302226894e+01
2.315995772279368975e+04 1.337973828900306614e+02 5.280998421148203903e+01 1.670733031246662676e+02 6.990505589168903100e+01
2.316070334010888837e+04 1.336309898969246888e+02 5.214508979540463685e+01 1.680281380246243828e+02 6.962577681246270345e+01
2.317298826589986857e+04 1.335946655016038846e+02 5.162325246064462192e+01 1.685720502603412854e+02 6.883386246383378193e+01
