# ts_seconds,x,y,gt_x,gt_y
2.265589580483703321e+04 1.507950172973213512e+02 6.795385576644778780e+01 1.507950172973213512e+02 6.795385576644778780e+01
2.267825714238291039e+04 1.515824813522186787e+02 6.884053208094030651e+01 1.502235583711837705e+02 6.874527135200300165e+01
2.267905026099078896e+04 1.521342930173960326e+02 6.997169873172244081e+01 1.492964067426051997e+02 6.911630426160877505e+01
2.267953325314973699e+04 1.526242189246277405e+02 7.079973028456102213e+01 1.484299859530320020e+02 6.961528244069540960e+01
2.267998816327812528e+04 1.531250519874443796e+02 7.159049349974651477e+01 1.475933727751500726e+02 7.016252793298380652e+01
2.268044846189648524e+04 1.536698564384660983e+02 7.243319405981381465e+01 1.467934174751899832e+02 7.076257749148041398e+01
2.268090040885733470e+04 1.542303692998639235e+02 7.327504113765908755e+01 1.459948701645579092e+02 7.136426178110194485e+01
2.268132338150463329e+04 1.547038863838722307e+02 7.413491305890525496e+01 1.451706881003162266e+02 7.193058524051194524e+01
2.268173584017352186e+04 1.551944307511164993e+02 7.497875176039200085e+01 1.443481964807083955e+02 7.249936187523582021e+01
2.268214174093234760e+04 1.556931599107742556e+02 7.585624210778001952e+01 1.435237646414706489e+02 7.306531298452138401e+01
2.268251947140969423e+04 1.561115177909009617e+02 7.671690253132128134e+01 1.426944581095691831e+02 7.362410693198883394e+01
2.268289206931789886e+04 1.564681857879763811e+02 7.758194788774868300e+01 1.418608839693646644e+02 7.417613094331477441e+01
2.268327700746682603e+04 1.568290653213516919e+02 7.848159315019340454e+01 1.409949206942878561e+02 7.467570705278680521e+01
2.268366026603312639e+04 1.571400418215402226e+02 7.939013872827916884e+01 1.401002634725971632e+02 7.512244354204077013e+01
2.268405084199404882e+04 1.574098419337116752e+02 8.032121824339553484e+01 1.391979326482174599e+02 7.555299997803984979e+01
2.268445474572119565e+04 1.576989788472221505e+02 8.130399443942272342e+01 1.382733927839985881e+02 7.593404365609825390e+01
2.268483434357599981e+04 1.580430891763242016e+02 8.221616547396583030e+01 1.373467679638469576e+02 7.630945125421125397e+01
2.268519600250180883e+04 1.584313389188409644e+02 8.306112438991020497e+01 1.364413451211802908e+02 7.673395711469746061e+01
2.268557962645170483e+04 1.588565677098619915e+02 8.394704325405589884e+01 1.355440725536269042e+02 7.717428802561505563e+01
2.268597244186998796e+04 1.592905906355031505e+02 8.488086694456612236e+01 1.346951476348601773e+02 7.770078962049257143e+01
2.268633549074279654e+04 1.595979184631153771e+02 8.576985969865160087e+01 1.339008518150797613e+02 7.830690470955265425e+01
2.268668824068623871e+04 1.596889664413294270e+02 8.665327535359223532e+01 1.330351923632354101e+02 7.880221129466551133e+01
2.268705221393331158e+04 1.595091722710046724e+02 8.751568267213190211e+01 1.320860253362648677e+02 7.910664719003440837e+01
2.268742724584844473e+04 1.591809451536417725e+02 8.832896596232572506e+01 1.310939995368858320e+02 7.918231999266316734e+01
2.268784105704398098e+04 1.587814473930607448e+02 8.919285550662888795e+01 1.301117514275551343e+02 7.900340154257119707e+01
2.268828713609165425e+04 1.583418221355796049e+02 9.010094960292495614e+01 1.291603824280871038e+02 7.869569558404410259e+01
2.268873460989240630e+04 1.579787368030492587e+02 9.104025754555232197e+01 1.282188877283825832e+02 7.835869072660256052e+01
2.268918980913033374e+04 1.578257405022733906e+02 9.207631095767777651e+01 1.272658238337484988e+02 7.806830963497202447e+01
2.268963645315191752e+04 1.579205066276597336e+02 9.309249156780951751e+01 1.262714921430874853e+02 7.799708944712008929e+01
2.269006461191224298e+04 1.581895603597095885e+02 9.398982719515011297e+01 1.252834776876884888e+02 7.813047881618987844e+01
2.269048846661287098e+04 1.585947058090005157e+02 9.475959698844467027e+01 1.243470569297408304e+02 7.846763438864549300e+01
2.269094176748599057e+04 1.591774932791165895e+02 9.547389293503104568e+01 1.235160153402803473e+02 7.901836383901223826e+01
2.269139405437497408e+04 1.599273620859579239e+02 9.614667512075925515e+01 1.227969607413082969e+02 7.971157156015230782e+01
2.269180206214380451e+04 1.606677125589870059e+02 9.680405406455165007e+01 1.221605694207822097e+02 8.048237947437691275e+01
2.269217215542683334e+04 1.612887919027558610e+02 9.750566120920790070e+01 1.215631804692517335e+02 8.128414635337254879e+01
2.269253795447163066e+04 1.618477748053453809e+02 9.827508977005172142e+01 1.209307753498168694e+02 8.205851909975149283e+01
2.269290310236480218e+04 1.623492108590255043e+02 9.909528027914566906e+01 1.202568679167176953e+02 8.279675068099902546e+01
2.269327028346303996e+04 1.628028302194022103e+02 9.996449460790977071e+01 1.195236279387064258e+02 8.347474979562213093e+01
2.269365501937019508e+04 1.632132508512332834e+02 1.009108631488669658e+02 1.187160254447201311e+02 8.406382630150791613e+01
2.269404222562870200e+04 1.635368656896859534e+02 1.018804654540992516e+02 1.178684338959189262e+02 8.459338229554033717e+01
2.269442188587473720e+04 1.637369904953420132e+02 1.028445758526291911e+02 1.169729203814164862e+02 8.503311234441831346e+01
2.269480713581441523e+04 1.638049279846269712e+02 1.038635622407124828e+02 1.160168286188698232e+02 8.531993838029907806e+01
2.269517949501382463e+04 1.638130222569708963e+02 1.048755095850867036e+02 1.150307233740265218e+02 8.548493601029440470e+01
2.269553339090177906e+04 1.638271793535879794e+02 1.058410702049190206e+02 1.140380283109717681e+02 8.560431206748853583e+01
2.269589707942006135e+04 1.638181298425166119e+02 1.068349330440837690e+02 1.130411440511695247e+02 8.568120914047773340e+01
2.269625068725514575e+04 1.637565381235606026e+02 1.077955989131457386e+02 1.120420749665269540e+02 8.572434587934291983e+01
2.269659335256742634e+04 1.636528035664342440e+02 1.087291168738809688e+02 1.110428212475701031e+02 8.576186896460565379e+01
2.269695252907224130e+04 1.635154855554930577e+02 1.097019867517112601e+02 1.100429870593315229e+02 8.577560894083202925e+01
2.269731251837277159e+04 1.633213335272363338e+02 1.106525405374052440e+02 1.090430216536739891e+02 8.576750114427829885e+01
2.269767261477233114e+04 1.631060127526149302e+02 1.116050917020002373e+02 1.080433586056211226e+02 8.575202625669550116e+01
2.269805453925493566e+04 1.629131612643758160e+02 1.126488762551720129e+02 1.070453754679057710e+02 8.568991736524084502e+01
2.269843448951808023e+04 1.627386513564039774e+02 1.136996556634675670e+02 1.060488837344778119e+02 8.560651157087424679e+01
2.269879632052903253e+04 1.626067169659430931e+02 1.146812109974736984e+02 1.050510228700503177e+02 8.554211524139778078e+01
2.269916370166583147e+04 1.625444737480628703e+02 1.156876977653021186e+02 1.040519111505803806e+02 8.551691262336143495e+01
2.269952088403442394e+04 1.624815744108932165e+02 1.166745604399268501e+02 1.030530952331443473e+02 8.556337451117900628e+01
2.269985939044995757e+04 1.623511645852390188e+02 1.175944916585819726e+02 1.020553325148689083e+02 8.562792048457063743e+01
2.270020876956601205e+04 1.621937372692142674e+02 1.185546374127643787e+02 1.010557265029084419e+02 8.565134732284364816e+01
2.270055512350306890e+04 1.620717609350983821e+02 1.195117767228630328e+02 1.000557428464237688e+02 8.564805153785394509e+01
2.270089319876602167e+04 1.619707764795443268e+02 1.204300705875426871e+02 9.905577098717384388e+01 8.564970131605090842e+01
2.270124081964852667e+04 1.618477575674039883e+02 1.213619950667651608e+02 9.805588971238117324e+01 8.563503277391569668e+01
2.270158853872271720e+04 1.617299186086418956e+02 1.222986686008980541e+02 9.705612983702590668e+01 8.561344202596809794e+01
2.270194050889353093e+04 1.616373028632593503e+02 1.232707856506641946e+02 9.605626470024361652e+01 8.559730481961085502e+01
2.270230241689131435e+04 1.615590044562721630e+02 1.242836232628843760e+02 9.505646777393202740e+01 8.557756721979907866e+01
2.270265731313704964e+04 1.615192776640437557e+02 1.252794270001679848e+02 9.405658454214425035e+01 8.557328147394301254e+01
2.270300810101657407e+04 1.615186406996993469e+02 1.262629996230973290e+02 9.305711579616010454e+01 8.560333507560235944e+01
2.270336023557040971e+04 1.615371322032311241e+02 1.272562480202707604e+02 9.205961921093471290e+01 8.566984812409637584e+01
2.270369817435168079e+04 1.615795264069154769e+02 1.282222443616683165e+02 9.106723063701085152e+01 8.579150309713303102e+01
2.270403095520180068e+04 1.615970148165465332e+02 1.291956627169189460e+02 9.007990526180716984e+01 8.595018885578429035e+01
2.270436383619214030e+04 1.615433566405575050e+02 1.301827314948551475e+02 8.909310243913266447e+01 8.611207667712878333e+01
2.270468729472332416e+04 1.614146182455762073e+02 1.311363874745852058e+02 8.810390045672536985e+01 8.625740462031362199e+01
2.270501568179533569e+04 1.612273295362032570e+02 1.320910156142541325e+02 8.710871354272985911e+01 8.634929639362631804e+01
2.270534311975749370e+04 1.610294004967238095e+02 1.330285599803412993e+02 8.610923441896035513e+01 8.636157356509890803e+01
2.270566521689777073e+04 1.608364748138445179e+02 1.339556082755329669e+02 8.511071529517617762e+01 8.630953250930606657e+01
2.270599200557647782e+04 1.606436078837035666e+02 1.348983307816912713e+02 8.411407380781238885e+01 8.622764576654861912e+01
2.270631851903612187e+04 1.604573749125746644e+02 1.358305097463303639e+02 8.311735650570476253e+01 8.614677617912096252e+01
2.270666184101099861e+04 1.603024210685504443e+02 1.368097789174706804e+02 8.211956130196993797e+01 8.608314794322208741e+01
2.270701731274535632e+04 1.602173293832017009e+02 1.378308061054912059e+02 8.111987642423079592e+01 8.606173541635155289e+01
2.270735628581599667e+04 1.601925271741708627e+02 1.388156817510105725e+02 8.012004160954938925e+01 8.607257276476930485e+01
2.270770510699497390e+04 1.601663352955777384e+02 1.398309144925784722e+02 7.912134949336082457e+01 8.612036237237541059e+01
2.270806318115617614e+04 1.600832818817424936e+02 1.408415987956605591e+02 7.812424275078900848e+01 8.619541234199927260e+01
2.270840374699197127e+04 1.599472173783039466e+02 1.417801729995153153e+02 7.712532440512831045e+01 8.623788596353719527e+01
2.270874773335299687e+04 1.598162336960225787e+02 1.427365102645394188e+02 7.612535326705922500e+01 8.624546945755443517e+01
2.270909042811893232e+04 1.597013366567318542e+02 1.436985272894372940e+02 7.512558015230081310e+01 8.626147931318044471e+01
2.270941525626128714e+04 1.595792195446231858e+02 1.446245604963592655e+02 7.412665703600816869e+01 8.630733992769970087e+01
2.270974899946992446e+04 1.594391964039475909e+02 1.455957046608253336e+02 7.312849921251441287e+01 8.636792830511383556e+01
2.271007992919134995e+04 1.593048218931204474e+02 1.465629651241270608e+02 7.213075298060216767e+01 8.643501799402801566e+01
2.271039738194138772e+04 1.591911943244252257e+02 1.474929574588666128e+02 7.113272932604132848e+01 8.649585894500795291e+01
2.271072446847035462e+04 1.590952006730943822e+02 1.484614578323540854e+02 7.013312578303488465e+01 8.652220551162798756e+01
2.271104802610215847e+04 1.589892186286097910e+02 1.494160752749538688e+02 6.913316105596983618e+01 8.653057151433911542e+01
2.271137038307641342e+04 1.588538707338632321e+02 1.503531877932571774e+02 6.813325897185829660e+01 8.653285145522592359e+01
2.271169891984766218e+04 1.587051254579715760e+02 1.512966029452460646e+02 6.713355171680923661e+01 8.650871148879993200e+01
2.271202179525478641e+04 1.585459628606680837e+02 1.522107954542199195e+02 6.613386989243053904e+01 8.648384669999549601e+01
2.271235513123783676e+04 1.583610437192773475e+02 1.531495763515363251e+02 6.513398205489660597e+01 8.647080896794102500e+01
2.271269178649046808e+04 1.581913839878359909e+02 1.540893234687951292e+02 6.413405142423192729e+01 8.647686538833647774e+01
2.271301951795196146e+04 1.580844018573100414e+02 1.549906529285285899e+02 6.313436758458423981e+01 8.650199787299077059e+01
2.271335823854523915e+04 1.580112447800431426e+02 1.559249673092311070e+02 6.213468064147543402e+01 8.652681530043597036e+01
2.271369722895680025e+04 1.579340145519579437e+02 1.568769844816662271e+02 6.113482171408099219e+01 8.654248418692776568e+01
2.271403873721059426e+04 1.578284652390098586e+02 1.578483451451902511e+02 6.013483389602340168e+01 8.654736674434579413e+01
2.271438701181191209e+04 1.576745775735983841e+02 1.588350825619756961e+02 5.913487494024619195e+01 8.654873882485755132e+01
2.271472174317289682e+04 1.574576577907444346e+02 1.597570224094186528e+02 5.813550820441091815e+01 8.652129754334177392e+01
2.271506586929239347e+04 1.571592164831220657e+02 1.606615268248932864e+02 5.713929874493901906e+01 8.643821149816254490e+01
2.271541704979794667e+04 1.567873509644916510e+02 1.615361035962414178e+02 5.615248276006427375e+01 8.628313299602992004e+01
2.271576026335987990e+04 1.563307838974330934e+02 1.623204283791105524e+02 5.519237511443650845e+01 8.601097008593131932e+01
2.271612400989075832e+04 1.557138589571768534e+02 1.630522572968262409e+02 5.428550069911074161e+01 8.559480896396914318e+01
2.271648540054632394e+04 1.549436361747762589e+02 1.636405125481589380e+02 5.345423088673877743e+01 8.504271995236118187e+01
2.271682269925881337e+04 1.540846429225123586e+02 1.640508559965197719e+02 5.271578577409783151e+01 8.437133525485909047e+01
2.271716857425420676e+04 1.531458556935106969e+02 1.643466542869112175e+02 5.207882245647789432e+01 8.360219057202023407e+01
2.271751753940619892e+04 1.521992723043344711e+02 1.644605048714243765e+02 5.154561902024424569e+01 8.275860227422158744e+01
2.271786754969723188e+04 1.512766909419374315e+02 1.644071622910056760e+02 5.115655524856375536e+01 8.184153355536311381e+01
2.271823793982219649e+04 1.503086466496206413e+02 1.642760605153289930e+02 5.094137420755834000e+01 8.086647671259785852e+01
2.271860826070304029e+04 1.493485852906326272e+02 1.640764319845314674e+02 5.083083648350378070e+01 7.987285484501778399e+01
2.271897828010217927e+04 1.484001887457549174e+02 1.638113259544154801e+02 5.077594592625924008e+01 7.887481886188011515e+01
2.271936717233930904e+04 1.474154432443467897e+02 1.634871098578475710e+02 5.079171193649237637e+01 7.787547214684013852e+01
2.271974836032110397e+04 1.464782053694065098e+02 1.631097528007126982e+02 5.089005320567208912e+01 7.688140583694230656e+01
2.272011583676086593e+04 1.455913069382827132e+02 1.626777072042772261e+02 5.108859305465611556e+01 7.590202681451000899e+01
2.272048913830993479e+04 1.447059727645169573e+02 1.621656479250487735e+02 5.136444290567902016e+01 7.494121557129531652e+01
2.272084491200609409e+04 1.439249575570607362e+02 1.615690264790376602e+02 5.171039125926341029e+01 7.400413199110286655e+01
2.272117910379495879e+04 1.432638346801884950e+02 1.608960029656327890e+02 5.216311663055048342e+01 7.311477235291788190e+01
2.272152809134559720e+04 1.426254936164252456e+02 1.601231340753134873e+02 5.273293666801331625e+01 7.229439623481673038e+01
2.272187733178816052e+04 1.420690138096109649e+02 1.592935796340480010e+02 5.339978195451242016e+01 7.155309532742549550e+01
2.272220505571691319e+04 1.416558006025727536e+02 1.584324268199294465e+02 5.419085507647278632e+01 7.094898727772481095e+01
2.272252155774936909e+04 1.413826887519136619e+02 1.575404905130824602e+02 5.508285174728246858e+01 7.049922123156649434e+01
2.272282382799213883e+04 1.412459543825601145e+02 1.566805896671910148e+02 5.601071326368901993e+01 7.012681580720027341e+01
2.272313168721051989e+04 1.411862015618312682e+02 1.558070578080206872e+02 5.695495728445007444e+01 6.979849531054283318e+01
2.272344663662464518e+04 1.411482263911809412e+02 1.549135746265982334e+02 5.791634446234535716e+01 6.952473175923834958e+01
2.272376005437454296e+04 1.411367528242867593e+02 1.540332823314129769e+02 5.889189037492329248e+01 6.930569505437877353e+01
2.272409114154181589e+04 1.411722814971932678e+02 1.531099123424527590e+02 5.987607471071193288e+01 6.913021220026882929e+01
2.272443181771818490e+04 1.412631843316691516e+02 1.521484586266272174e+02 6.086744933975437988e+01 6.899956538590664934e+01
2.272477584824611768e+04 1.413895987742515388e+02 1.511675486382474674e+02 6.186222793798832242e+01 6.890038752944316514e+01
2.272511225318315701e+04 1.415269982377966187e+02 1.502034600148676873e+02 6.286085943230822437e+01 6.886167624894372352e+01
2.272543702194882644e+04 1.416639565941673879e+02 1.492594167446051188e+02 6.386041563454720205e+01 6.888793399221351876e+01
2.272577311427015229e+04 1.418337356909694904e+02 1.482795342113126082e+02 6.485885342322156077e+01 6.894290321295321178e+01
2.272612148227549187e+04 1.420569274202056533e+02 1.472738462882615522e+02 6.585550054928421559e+01 6.902330443537096016e+01
2.272646908395638457e+04 1.422813935708489907e+02 1.462584568333414836e+02 6.684980490115300711e+01 6.912983352394195435e+01
2.272681971303091996e+04 1.424807385102053559e+02 1.452171667278415157e+02 6.784331659331004971e+01 6.924351647176156632e+01
2.272717145078169051e+04 1.426886931044455480e+02 1.441720605582939072e+02 6.883708152557615279e+01 6.935424617717943363e+01
2.272751982451940421e+04 1.429018866981537883e+02 1.431423882080523811e+02 6.983401871556559115e+01 6.942802705991047674e+01
2.272786641535967647e+04 1.430613598871379963e+02 1.421253667403302927e+02 7.083361861969233075e+01 6.944802910824947162e+01
2.272821632260824117e+04 1.431416557253235737e+02 1.410937631124644156e+02 7.183352778251797588e+01 6.943475299345219298e+01
2.272855306922944874e+04 1.431829346097340476e+02 1.400910863939490980e+02 7.283336403454117658e+01 6.941673336729654409e+01
2.272888398142309234e+04 1.432566228884130339e+02 1.391157082516036780e+02 7.383314187173469634e+01 6.939566542101012203e+01
2.272922641636225308e+04 1.433912781887946437e+02 1.381131258621024074e+02 7.483285396919085031e+01 6.937183105236228187e+01
2.272956224320026013e+04 1.435331058314966981e+02 1.371201766285056181e+02 7.583184929910152050e+01 6.933142344245730726e+01
2.272988813191514419e+04 1.436452289383780396e+02 1.361533923547453071e+02 7.682870157620730822e+01 6.925299184610814507e+01
2.273021665902110180e+04 1.437390115346666448e+02 1.351908293891982566e+02 7.782487440488779384e+01 6.916741414255680809e+01
2.273054764042290844e+04 1.438117881499257180e+02 1.342260753511071414e+02 7.882361729657202432e+01 6.911973966107831302e+01
2.273088662195729921e+04 1.438922449105931491e+02 1.332243021485626286e+02 7.982342378003187378e+01 6.910215671929469750e+01
2.273121571061818759e+04 1.440095782486762630e+02 1.322398677696056097e+02 8.082340576853586356e+01 6.910234279065329588e+01
2.273152513049094705e+04 1.441123159470645874e+02 1.313198126307806035e+02 8.182337096987710368e+01 6.910844967849592990e+01
2.273183953170098903e+04 1.441410419599678505e+02 1.303861203716676300e+02 8.282332308754892836e+01 6.910131967236637252e+01
2.273215202482794848e+04 1.441272739215088734e+02 1.294555293805323117e+02 8.382309754172456451e+01 6.908060742474488336e+01
2.273246477824787507e+04 1.441490153947494832e+02 1.285267660934723040e+02 8.482272730832487184e+01 6.905344328489776728e+01
2.273279808496900660e+04 1.442033830559765306e+02 1.275510253747310401e+02 8.582238303373181054e+01 6.902730575259242585e+01
2.273314098073296918e+04 1.442752740626126240e+02 1.265754289945632678e+02 8.682198765338371516e+01 6.899933258451500251e+01
2.273349519400019926e+04 1.443866113740204753e+02 1.255894239333922542e+02 8.782178464678169405e+01 6.898068353691083132e+01
2.273386451447181025e+04 1.445215531378837284e+02 1.245589976903187051e+02 8.882164552648727351e+01 6.896759085495632746e+01
2.273422930954362891e+04 1.446604009942353457e+02 1.235398167003185677e+02 8.982132939975161889e+01 6.894469364595360616e+01
2.273458428671811635e+04 1.447860764279959085e+02 1.225254971744097929e+02 9.082116636827655043e+01 6.894928196872962189e+01
2.273493477664437887e+04 1.448680672609060025e+02 1.214953920749876062e+02 9.182067655714770638e+01 6.898054285442549372e+01
2.273526730973441590e+04 1.449172703485970999e+02 1.205079983167386217e+02 9.282031677634449807e+01 6.900709606785207484e+01
2.273559055473793342e+04 1.449880472508501725e+02 1.195407437113750433e+02 9.382016038176678308e+01 6.902353197892789183e+01
2.273591621125266465e+04 1.451261089972761340e+02 1.185743617326280344e+02 9.482014600298754203e+01 6.902866058495946788e+01
2.273624260062238682e+04 1.453369309632622048e+02 1.176352211021377627e+02 9.581956279337889271e+01 6.904877207665651895e+01
2.273657641514520947e+04 1.456128226407687976e+02 1.167028059081048070e+02 9.681623484045852024e+01 6.912698329021299060e+01
2.273691205176720177e+04 1.459182625427519895e+02 1.157659159269117879e+02 9.780980144363053341e+01 6.924022081976150389e+01
2.273724365677558308e+04 1.462207470059496757e+02 1.148262330488998657e+02 9.880231691936519667e+01 6.936123221722479570e+01
2.273758146406291053e+04 1.465014527086259761e+02 1.138604682498007605e+02 9.979180017116199508e+01 6.950584356504084838e+01
2.273792003613638735e+04 1.467263069839124512e+02 1.128800440398019731e+02 1.007835467595868693e+02 6.963238810471274576e+01
2.273825475841003936e+04 1.468587235231476598e+02 1.118974382993072823e+02 1.017793255881704937e+02 6.972407574817860620e+01
2.273859743872657418e+04 1.469481092777748756e+02 1.109109556867082773e+02 1.027764345160326940e+02 6.979801370063869115e+01
2.273894185942842887e+04 1.470216697336156528e+02 1.099386394438970029e+02 1.037751683144872601e+02 6.981410518821611788e+01
2.273928024137434113e+04 1.470616423828343784e+02 1.089797928838956125e+02 1.047721987386232456e+02 6.974066065787822311e+01
2.273961401058173578e+04 1.470890292579475727e+02 1.080323232215601479e+02 1.057656951792446733e+02 6.962698959311858005e+01
2.273994002790746526e+04 1.471004645556870400e+02 1.071068580900731462e+02 1.067588265134794625e+02 6.951058107120434215e+01
2.274027412499740240e+04 1.470741287811953271e+02 1.061458663370686395e+02 1.077542498029072107e+02 6.941510604582647659e+01
2.274060715584237914e+04 1.470269392322407498e+02 1.051845803045086143e+02 1.087503111443673589e+02 6.932644155565088795e+01
2.274093699716128685e+04 1.469829071361607475e+02 1.042206944089689244e+02 1.097448803133879807e+02 6.922472498514756012e+01
2.274128477463299714e+04 1.469436635145817718e+02 1.031810879881711003e+02 1.107355763808764237e+02 6.908863244344489374e+01
2.274162497742956475e+04 1.469461707189310857e+02 1.021735873081958061e+02 1.117277121242699849e+02 6.896517528957909349e+01
2.274195208517548235e+04 1.470535434940374273e+02 1.012181451645045058e+02 1.127234676394561035e+02 6.887313982810854895e+01
2.274229229931138980e+04 1.472882238568035405e+02 1.002442060029029562e+02 1.137203641924963193e+02 6.880275743529948329e+01
2.274262620437350051e+04 1.476219674543438600e+02 9.934428423925585605e+01 1.147179422711325998e+02 6.882876545905791943e+01
2.274295235135044641e+04 1.480106495754879461e+02 9.851203700945028174e+01 1.156981389196893701e+02 6.900791363554189672e+01
2.274328813435714983e+04 1.484118406443894287e+02 9.765537871536614034e+01 1.166453951775466322e+02 6.932760475800385791e+01
2.274361581312985436e+04 1.488186573939007360e+02 9.682433173595609333e+01 1.175792387003382942e+02 6.968516596206772817e+01
2.274394076009348646e+04 1.492657495420671978e+02 9.601528349860778633e+01 1.185072209634864322e+02 7.005777728509981728e+01
2.274426137454070704e+04 1.497306833809439013e+02 9.524172062813475748e+01 1.194323054691623298e+02 7.043751203841513586e+01
2.274457561977839941e+04 1.501604467540789187e+02 9.450408227758259727e+01 1.203510516948744140e+02 7.083210632747989166e+01
2.274490136033433009e+04 1.506055822536582411e+02 9.374511152978483608e+01 1.212592618286572019e+02 7.125056254715275372e+01
2.274522892846327159e+04 1.511177642762501137e+02 9.301816829040690493e+01 1.221538147878872849e+02 7.169648530593811131e+01
2.274556671826717502e+04 1.517070521017347176e+02 9.231588539915600222e+01 1.230108258127081342e+02 7.220965933450889906e+01
2.274591816865990404e+04 1.523499903031835743e+02 9.158994697998377887e+01 1.238209526783311958e+02 7.279542970853449901e+01
2.274626188338920110e+04 1.529635816639376742e+02 9.083835396680923679e+01 1.246091545200151103e+02 7.341084481759175162e+01
2.274659487171129513e+04 1.535142510272434606e+02 9.007886720460781760e+01 1.254066315929494095e+02 7.401359172494373695e+01
2.274692265128779763e+04 1.540031288011392405e+02 8.931040917397211842e+01 1.262357264102691374e+02 7.457232624669491372e+01
2.274725008096328384e+04 1.544350987407328546e+02 8.850587421211021422e+01 1.270959638925435939e+02 7.508037862483425329e+01
2.274759824054577257e+04 1.548236320713508007e+02 8.759579997759495029e+01 1.280034322193588707e+02 7.549656034726433518e+01
2.274793774381189360e+04 1.551643858966406526e+02 8.669417738771799975e+01 1.289508430459018768e+02 7.581525839432234193e+01
2.274826944840345095e+04 1.554532833893750023e+02 8.583236492664791228e+01 1.299165026052423002e+02 7.607335610112595248e+01
2.274861959166212546e+04 1.556820003365000673e+02 8.493057776163573180e+01 1.308967195833064352e+02 7.626911302481239829e+01
2.274896730916067463e+04 1.558384469667742280e+02 8.403547062122147793e+01 1.318855321884988427e+02 7.641815762095183118e+01
2.274931953154817165e+04 1.559838705320241559e+02 8.314042056912920486e+01 1.328774815313065858e+02 7.654252646120565373e+01
2.274970223797377184e+04 1.561646335151955043e+02 8.218150439399406082e+01 1.338743644084312621e+02 7.661922309072335224e+01
2.275009031905436859e+04 1.563839645627367929e+02 8.123814433265438595e+01 1.348725043537534987e+02 7.667839029881677959e+01
2.275048160829263725e+04 1.566290273916688989e+02 8.031927946747558167e+01 1.358682163749280392e+02 7.676961718552487923e+01
2.275090210689368178e+04 1.569472708257592899e+02 7.934750090081399776e+01 1.368583365248602490e+02 7.690578910860256201e+01
2.275132453462708872e+04 1.574466863952672497e+02 7.840856467594542778e+01 1.378293338862551423e+02 7.713514280607095941e+01
2.275171464081033264e+04 1.580059142569630239e+02 7.754642259368706902e+01 1.387617109306716259e+02 7.749305880352605413e+01
2.275209086580796065e+04 1.585354529038698672e+02 7.667153628141420540e+01 1.396659617584273576e+02 7.792006045682998661e+01
2.275247870433901699e+04 1.590945016654370932e+02 7.575907513864595444e+01 1.405680293961086136e+02 7.835159807925447240e+01
2.275286342512582996e+04 1.597130626682054810e+02 7.488989314831009381e+01 1.414625920418370981e+02 7.879843124638169627e+01
2.275323905323800500e+04 1.604260205279161937e+02 7.409987025006965666e+01 1.423258128851991273e+02 7.929847436905754421e+01
2.275360929622547701e+04 1.612000109978722548e+02 7.335781651307053153e+01 1.431003173016391656e+02 7.992613455638367270e+01
2.275396541852859082e+04 1.619200341479498775e+02 7.261964375153559104e+01 1.438033629738611694e+02 8.063725384802027918e+01
2.275430035598596442e+04 1.625165259634002268e+02 7.186894350768484685e+01 1.445296338612314173e+02 8.132370322204651814e+01
2.275464686743713901e+04 1.630802316249760509e+02 7.104732679531078077e+01 1.453172148620500366e+02 8.193672831533406509e+01
2.275501533702084998e+04 1.636686201897834962e+02 7.015778869078403090e+01 1.461736083748690476e+02 8.245122679105296015e+01
2.275536829579390906e+04 1.642573457939755031e+02 6.931211962783343949e+01 1.470596657199318997e+02 8.291478244269544007e+01
2.275570928941983584e+04 1.648640427089528373e+02 6.851083054085896151e+01 1.479280157042024086e+02 8.340897588864079637e+01
2.275604899398874841e+04 1.654874270921320942e+02 6.774140297825236701e+01 1.487577846002611750e+02 8.396668519752485338e+01
2.275636811193940230e+04 1.660579587819209166e+02 6.703532416250843085e+01 1.495600354013581352e+02 8.456314885108822921e+01
2.275668093742416022e+04 1.665784546294686947e+02 6.634535824338385623e+01 1.503415161634514448e+02 8.518707615167920721e+01
2.275699486545274704e+04 1.670330932674368967e+02 6.563751112978387425e+01 1.511373868168797685e+02 8.579175260533683911e+01
2.275731316045251879e+04 1.673780567332285045e+02 6.485161452142939709e+01 1.519828902530501011e+02 8.632174540002408492e+01
2.275764798282807169e+04 1.675844829067941646e+02 6.392311776920938371e+01 1.528927709932308971e+02 8.673195507283359973e+01
2.275797526098653907e+04 1.676705775474975439e+02 6.293165984521738920e+01 1.538491861240452749e+02 8.701641347860108056e+01
2.275829628578221673e+04 1.676819798537924271e+02 6.193904047088617659e+01 1.548350931533354924e+02 8.717607930320220078e+01
2.275861863261398321e+04 1.676527475489865822e+02 6.095451399667850012e+01 1.558323597824965248e+02 8.723237505291308480e+01
2.275892832951006130e+04 1.675866644779570720e+02 6.001840523417413920e+01 1.568306779982632690e+02 8.719205791965859476e+01
2.275923527195425413e+04 1.675022475437700962e+02 5.910485080182061779e+01 1.578241851709014156e+02 8.707995916884397047e+01
2.275953571619522336e+04 1.674526551962107987e+02 5.822278179377416052e+01 1.588156150684026500e+02 8.694991123145442202e+01
2.275983718749360196e+04 1.674202631161675754e+02 5.733386635315197566e+01 1.598093260124926474e+02 8.683794343748741085e+01
2.276015106025745627e+04 1.673817920953117095e+02 5.640040047312415084e+01 1.608019533940810106e+02 8.671758649846651679e+01
2.276045571551967441e+04 1.673427427184152236e+02 5.550191274891741955e+01 1.617924997254308153e+02 8.658047157060217103e+01
2.276076582558255177e+04 1.673035504950872792e+02 5.459017519306063093e+01 1.627849168411052574e+02 8.645821806985908609e+01
2.276108395521117927e+04 1.672767647745226895e+02 5.366089636159922094e+01 1.637790458987269062e+02 8.635012228177714633e+01
2.276140447180994670e+04 1.672883342278156533e+02 5.273365015921365995e+01 1.647726810030366096e+02 8.623751247366325856e+01
2.276174247228771856e+04 1.673254353636395706e+02 5.176695370903087223e+01 1.657674029010929360e+02 8.613529590260662872e+01
2.276208936598152286e+04 1.673622847319458060e+02 5.078001953892183451e+01 1.667633795895805235e+02 8.604568383055885761e+01
2.276245271952745679e+04 1.673912317775347560e+02 4.974691156934976277e+01 1.677602851452085702e+02 8.596901839161297687e+01
2.276282492918131902e+04 1.674393336994908168e+02 4.867555169531347303e+01 1.687593224562611169e+02 8.592847850338695537e+01
2.276319026347401814e+04 1.674773946662190838e+02 4.760995665049561154e+01 1.697590300972702266e+02 8.590558005897315752e+01
2.276355175439121012e+04 1.675022958785434355e+02 4.655958725853744795e+01 1.707585738625492127e+02 8.587588166956797409e+01
2.276392409304416287e+04 1.675823348608940933e+02 4.549417259255616131e+01 1.717583892141557271e+02 8.585727685191869796e+01
2.276430185042565063e+04 1.677341718301679805e+02 4.442566232616813693e+01 1.727581537497383692e+02 8.583806409729997711e+01
2.276466065781073848e+04 1.678820162277712313e+02 4.341818845069627741e+01 1.737577408588557546e+02 8.582211082117441947e+01
2.276501564229868382e+04 1.679529763094569716e+02 4.242350848282238474e+01 1.747576042753792933e+02 8.583861198286878391e+01
2.276537639737259815e+04 1.679840906744121298e+02 4.141521827676795198e+01 1.757573460889003911e+02 8.583743503331135116e+01
2.276570971354611174e+04 1.680673245016498356e+02 4.050409510966225213e+01 1.767569964431160656e+02 8.581684071638221667e+01
2.276603377623609776e+04 1.681608399402842906e+02 3.963764702807891638e+01 1.777565538562153904e+02 8.583577842637805588e+01
2.276635959847695995e+04 1.681929253380090188e+02 3.877566765101992985e+01 1.787557104883861143e+02 8.586791930662940331e+01
2.276667775706940301e+04 1.681096058672588924e+02 3.794691039785845987e+01 1.797535892480015605e+02 8.582771179884272783e+01
2.276702214150664076e+04 1.678817649851833949e+02 3.707882627228966044e+01 1.807372761942646662e+02 8.566390920388995767e+01
2.276737495219898483e+04 1.674870793834305118e+02 3.626517597819998429e+01 1.816824711225871170e+02 8.534664308834923929e+01
2.276773226618993431e+04 1.669009976017379131e+02 3.557809187994077149e+01 1.825543036445401412e+02 8.486711539790218239e+01
2.276810650639869709e+04 1.661497730190583866e+02 3.504918101712787859e+01 1.833069109758567095e+02 8.421623361099676686e+01
2.276849127025406051e+04 1.653163997737430009e+02 3.471450003326748401e+01 1.838914005561656779e+02 8.341443920326926786e+01
2.276890756707578839e+04 1.643742684964136345e+02 3.450394694127601980e+01 1.842376857019741863e+02 8.248669827683404776e+01
2.276935093820936527e+04 1.633564474080847617e+02 3.429245516830833651e+01 1.843716252997424476e+02 8.149693794256742763e+01
2.276977854076713993e+04 1.623600859560493177e+02 3.408480728456248698e+01 1.844225071426010913e+02 8.049854988437175507e+01
2.277017993139215469e+04 1.613949632735109390e+02 3.388738653848837146e+01 1.844333986640180001e+02 7.949865438633717929e+01
2.277057736889815715e+04 1.604011970505775366e+02 3.365628698725470258e+01 1.844540026591826063e+02 7.849927913953062841e+01
2.277096361511216310e+04 1.594146072269828949e+02 3.344400242879940066e+01 1.844994195680626774e+02 7.750044356215846619e+01
2.277133960359064804e+04 1.584517377074664068e+02 3.329328579994723469e+01 1.845265960921323654e+02 7.650081994034043475e+01
2.277174147876171264e+04 1.574220060350276071e+02 3.313837581434380297e+01 1.845651785498253048e+02 7.550160067193516511e+01
2.277215091461676639e+04 1.563749562681822169e+02 3.299860901816644088e+01 1.846030216582412891e+02 7.450243400135120453e+01
2.277253552020288043e+04 1.553831666935395219e+02 3.293081645381797529e+01 1.846016784252188643e+02 7.350275016560239294e+01
2.277293282810114033e+04 1.543323788613983538e+02 3.287996166241110529e+01 1.845718040456244751e+02 7.250321045388356822e+01
2.277333889954122424e+04 1.532276840129973721e+02 3.281604646084660004e+01 1.845422440036572311e+02 7.150368347636948840e+01
2.277370436594235434e+04 1.522443985632147587e+02 3.276542290532893276e+01 1.844977234170407030e+02 7.050468820307813189e+01
2.277406742028799272e+04 1.512992200312854436e+02 3.268632140902414562e+01 1.844461814302350149e+02 6.950601748784536937e+01
2.277444478973188234e+04 1.503435324691897677e+02 3.253759151133303362e+01 1.843979167082491415e+02 6.850719571450117940e+01
2.277480277331944671e+04 1.494502295636551423e+02 3.240858617290887622e+01 1.843730546690406982e+02 6.750774394689074143e+01
2.277517463379004403e+04 1.485230549496697279e+02 3.226718196629660440e+01 1.843946543235691991e+02 6.650825306308435358e+01
2.277556071190479634e+04 1.475709405061351731e+02 3.206205179261473859e+01 1.844407057222622086e+02 6.550934431986935635e+01
2.277592324029410884e+04 1.466808239405532674e+02 3.183975035805050524e+01 1.844976659994617307e+02 6.451134055882585017e+01
2.277629409422774188e+04 1.457807450341186097e+02 3.163450860221233185e+01 1.845943885704592446e+02 6.351604617485632787e+01
2.277668065190480047e+04 1.448864477908400943e+02 3.151737183660488384e+01 1.846710109826858854e+02 6.251963063737991888e+01
2.277706077974561413e+04 1.441176976503503795e+02 3.163588546654155920e+01 1.846334595257138744e+02 6.152421580562192105e+01
2.277749421059760789e+04 1.434342377407188280e+02 3.211350241184958776e+01 1.843198441939137240e+02 6.060193991247892598e+01
2.277797807184512931e+04 1.430882070451300763e+02 3.294777034325349518e+01 1.836266657828348912e+02 5.991072174929434624e+01
2.277848143572909976e+04 1.432255026885291898e+02 3.380927337114468401e+01 1.827090607498288080e+02 5.957916126682460600e+01
2.277900772677053828e+04 1.437139872161868936e+02 3.443840835712230586e+01 1.818045733666020851e+02 5.979568254807617222e+01
2.277957056739669497e+04 1.445720351910309773e+02 3.489333571453524030e+01 1.812350205130890117e+02 6.056740799804256170e+01
2.278015419587307406e+04 1.455771977844199512e+02 3.534166133001776444e+01 1.809118535295944525e+02 6.151310314697740722e+01
2.278071954311069931e+04 1.465499490562541212e+02 3.579493855617130293e+01 1.805816236212505430e+02 6.245623816219198687e+01
2.278128451956816571e+04 1.475205705664475033e+02 3.610069112843518724e+01 1.802776480639147678e+02 6.340873808947313250e+01
2.278185204086054364e+04 1.484988403452780119e+02 3.619933409660016821e+01 1.800629930539123791e+02 6.437684341765093166e+01
2.278239089646815410e+04 1.494277089166830024e+02 3.613784324834570327e+01 1.800214440046403581e+02 6.537549925534339934e+01
2.278292503368222242e+04 1.502795978745102161e+02 3.593150951577466401e+01 1.800451257888767600e+02 6.637463859411863609e+01
2.278349746694579153e+04 1.510322335875150657e+02 3.539468335057232906e+01 1.803029226847127973e+02 6.731170803710072903e+01
2.278406157114591770e+04 1.515629527969062735e+02 3.457084724299074452e+01 1.809144897406376913e+02 6.809028935345834554e+01
2.278461010913315113e+04 1.517119910637040903e+02 3.365216796456920889e+01 1.817542260779657965e+02 6.857125738450784525e+01
2.278517322930290902e+04 1.513902065738390661e+02 3.278860040323738900e+01 1.827212055468822030e+02 6.857246077992731159e+01
2.278574616643214904e+04 1.505837764578803615e+02 3.211068395191088598e+01 1.835521477015159917e+02 6.808396147163850287e+01
2.278625550026529891e+04 1.495077316598890320e+02 3.163834324262587572e+01 1.841163568331321017e+02 6.727109103898926890e+01
2.278667900000388181e+04 1.485174666995663415e+02 3.130369689188239235e+01 1.845066609267519766e+02 6.635168146707759718e+01
2.278707714713532914e+04 1.474998721915789304e+02 3.104990860507241734e+01 1.847926151745322159e+02 6.539552675136779669e+01
2.278746924535033031e+04 1.464282984095641780e+02 3.089068928773126643e+01 1.849744837499044365e+02 6.441307232356504642e+01
2.278784516464405169e+04 1.454139773369188902e+02 3.082822743826046619e+01 1.850678353328420656e+02 6.341861220079810835e+01
2.278820861164530652e+04 1.444539557892752555e+02 3.078730808089760629e+01 1.850568230459341521e+02 6.242027038370431313e+01
2.278857444839358504e+04 1.434720992344913384e+02 3.074090164947013548e+01 1.849849244139909672e+02 6.142286052657615869e+01
2.278891936552063999e+04 1.425151689536897948e+02 3.071678415484831959e+01 1.849415054815775363e+02 6.042422824833174388e+01
2.278925530496001375e+04 1.415364431446860181e+02 3.075751257017966012e+01 1.849324119185956761e+02 5.942427211566382539e+01
2.278959354566297043e+04 1.405320892454194279e+02 3.081878696870963097e+01 1.849036267092427011e+02 5.842498997241798975e+01
2.278990334992470889e+04 1.396171150023883740e+02 3.085139978175091358e+01 1.848537076180342638e+02 5.742626034396015910e+01
2.279022266190167647e+04 1.386839536237185655e+02 3.090875903912126788e+01 1.847748053390901930e+02 5.643021054315111229e+01
2.279055587808279961e+04 1.377287531389122250e+02 3.102469785532082724e+01 1.846435885088964994e+02 5.543889043339234490e+01
2.279087711682483132e+04 1.367989697745796605e+02 3.113434247122063425e+01 1.844997136691644357e+02 5.444930317040150669e+01
2.279120961650832760e+04 1.358037246971560990e+02 3.123107023628597645e+01 1.842914934697244007e+02 5.347357517238599911e+01
2.279153624559039963e+04 1.348136946892697097e+02 3.132859926899728720e+01 1.840417013551610808e+02 5.250595512201408610e+01
2.279183861041723867e+04 1.338882124922591288e+02 3.136488079936208706e+01 1.838932038875980766e+02 5.151949823055004885e+01
2.279214998524973635e+04 1.329382461491233585e+02 3.133665856158818741e+01 1.838497601164029334e+02 5.052095200534257202e+01
2.279247019544611612e+04 1.319664778752527070e+02 3.128026053342728119e+01 1.838367612764689625e+02 4.952105040496644506e+01
2.279278115835504286e+04 1.310117741596265262e+02 3.117767117107250030e+01 1.838494344252210055e+02 4.852173585582698223e+01
2.279309392621229563e+04 1.300562106543050334e+02 3.104488220179889524e+01 1.838871167599572800e+02 4.752255559649965022e+01
2.279339554168091490e+04 1.291396088577979526e+02 3.096140164539544770e+01 1.838906764543312704e+02 4.652275500300014244e+01
2.279369784513764534e+04 1.282181774939289767e+02 3.092169632364014831e+01 1.838807498368576319e+02 4.552284529011290459e+01
2.279400853689574069e+04 1.272794848387401458e+02 3.086601654862977284e+01 1.838873611616834012e+02 4.452289321148855095e+01
2.279431341221058028e+04 1.263635403722901032e+02 3.078780224826774514e+01 1.839119399871588882e+02 4.352325626554389970e+01
2.279462475033313240e+04 1.254227677826772691e+02 3.073337239426838252e+01 1.839359236048627793e+02 4.252364340428054135e+01
2.279492916635893926e+04 1.244968586994277473e+02 3.066748547201689234e+01 1.839517942474231234e+02 4.152380315587333826e+01
2.279524745970711228e+04 1.235574091395986329e+02 3.053909913448227087e+01 1.839719661220663909e+02 4.052402050214129048e+01
2.279557868532481370e+04 1.226143086327162308e+02 3.043330427914712999e+01 1.839923111711863442e+02 3.952424930993695540e+01
2.279589389518048483e+04 1.217210699194572641e+02 3.037931315475072580e+01 1.840249713381736854e+02 3.852479820405226718e+01
2.279622341227704965e+04 1.207767113696729950e+02 3.034158906885516771e+01 1.840726917281842248e+02 3.752598629593926916e+01
2.279656082714660442e+04 1.198134594854096235e+02 3.028795415901132770e+01 1.841239717112266305e+02 3.652733478391390776e+01
2.279689079497533749e+04 1.188722597075501284e+02 3.018831969326435427e+01 1.841775554344865498e+02 3.552884846038065092e+01
2.279722826191902277e+04 1.179177670402913805e+02 3.006604717208096389e+01 1.842229832368075790e+02 3.453017141585000616e+01
2.279755794538892587e+04 1.170160126888485053e+02 2.989972280460367671e+01 1.842437021255942966e+02 3.353038814380555976e+01
2.279788196588135906e+04 1.161483730742085783e+02 2.967569761102343762e+01 1.843172246849728424e+02 3.253466089633258918e+01
2.279821458126477592e+04 1.152485525895353362e+02 2.941098846884262485e+01 1.844696218214392047e+02 3.154653451612333015e+01
2.279854335495550913e+04 1.143528337730585207e+02 2.913892317367353968e+01 1.846400106441841729e+02 3.056116434035343943e+01
2.279888267551069657e+04 1.134457080625536776e+02 2.891876199889935251e+01 1.848522736968411664e+02 2.958531693828927445e+01
2.279924464223736140e+04 1.125170493338385995e+02 2.871084218839685676e+01 1.851079577826100149e+02 2.861865304002295218e+01
2.279961546722181447e+04 1.116222700444845373e+02 2.844848059432818843e+01 1.853286567291419544e+02 2.764358343478409097e+01
2.280000376151050659e+04 1.107181718004354991e+02 2.816527691075638273e+01 1.855467223965070787e+02 2.666796673899275305e+01
2.280042599803793200e+04 1.097447578018296923e+02 2.792789795249094809e+01 1.857529695901313005e+02 2.569041909110998034e+01
2.280086490621945995e+04 1.088421634372921289e+02 2.779151392095401008e+01 1.858928172489335395e+02 2.470049399336545548e+01
2.280132973485366165e+04 1.081672909488982413e+02 2.791250275381736046e+01 1.859893634434595810e+02 2.370539084052230194e+01
2.280192138732999592e+04 1.079546864173850764e+02 2.844569783833783205e+01 1.857038094902133309e+02 2.283144832906160104e+01
2.280263721299937970e+04 1.086207342162382616e+02 2.911040085588818371e+01 1.849038266493874687e+02 2.278098657963081664e+01
2.280324945410723012e+04 1.097784145982544999e+02 2.944518735801630172e+01 1.843877889551784222e+02 2.355368337422037683e+01
2.280373782617514735e+04 1.109504541954308650e+02 2.951734773380962196e+01 1.842225359460755669e+02 2.453415808247451224e+01
2.280415537813555420e+04 1.119884520834152966e+02 2.946864433854295839e+01 1.842103297445688384e+02 2.553251794641605343e+01
2.280452141950533769e+04 1.129348176188887436e+02 2.943294386413692720e+01 1.842873951811134816e+02 2.652891446317846302e+01
2.280487313487344363e+04 1.139035213157354320e+02 2.941144738969214956e+01 1.843881211708562091e+02 2.752382729868691413e+01
2.280521484380744005e+04 1.148735709426091773e+02 2.936036247445792213e+01 1.844775902466292052e+02 2.851978942972097286e+01
2.280553730015002657e+04 1.158015894552273437e+02 2.926223566998212888e+01 1.845733506861447211e+02 2.951515669167264022e+01
2.280586389166878143e+04 1.167514333173461409e+02 2.918970652227309870e+01 1.846712467762299354e+02 3.051034867487547331e+01
2.280618932896443948e+04 1.176825494039254636e+02 2.917705551608332826e+01 1.847857074576227774e+02 3.150368006260788079e+01
2.280651401253022414e+04 1.185823982637800498e+02 2.922562637281671982e+01 1.848963707092916025e+02 3.249748546623596468e+01
2.280684397572710077e+04 1.194757971529659386e+02 2.933625604663395237e+01 1.849798891679766939e+02 3.349388638929377748e+01
2.280716925555469425e+04 1.203602304910965159e+02 2.945652695420934108e+01 1.849981041321074429e+02 3.449291847624532892e+01
2.280752182228879974e+04 1.213312655006864986e+02 2.957191782923391443e+01 1.849556928272685639e+02 3.549175575958098250e+01
2.280788444948712640e+04 1.223363403662187210e+02 2.964837504281721436e+01 1.849301388647683098e+02 3.649112829172671013e+01
2.280823642188934537e+04 1.233444016220667550e+02 2.967745550750513672e+01 1.849515165296295152e+02 3.749067519295547157e+01
2.280859711508976034e+04 1.244140727032318381e+02 2.962868679919911230e+01 1.850089048405910148e+02 3.848891426603985622e+01
2.280896332297179106e+04 1.255040721780061972e+02 2.959004196290430144e+01 1.850717212043457209e+02 3.948693125869178999e+01
2.280932443348579909e+04 1.265602210518656534e+02 2.960449719464192953e+01 1.850945674538222931e+02 4.048630520425307822e+01
2.280968325185736467e+04 1.275886941897134790e+02 2.964333871586165259e+01 1.850566237814261967e+02 4.148513616642451041e+01
2.281004753216564131e+04 1.286299078178717252e+02 2.970236821245517689e+01 1.849774342811121244e+02 4.248189470000921375e+01
2.281040716304791204e+04 1.296407497442584145e+02 2.977289692519209652e+01 1.849026320864787465e+02 4.347903541030076013e+01
2.281076274036473478e+04 1.306191549624661832e+02 2.984597360473845384e+01 1.848380552240237762e+02 4.447694655598790092e+01
2.281112982409599863e+04 1.316255028862711072e+02 2.995457640634769092e+01 1.847620945964101509e+02 4.547401446817405457e+01
2.281149486552699454e+04 1.326176700131103701e+02 3.008667747256388125e+01 1.847013342207131075e+02 4.647203893463338176e+01
2.281184468348146402e+04 1.335687363383882484e+02 3.017062982496629431e+01 1.846913791086569745e+02 4.747158330323565423e+01
2.281219433538909288e+04 1.345298571880173597e+02 3.019457638008390177e+01 1.847036264386400717e+02 4.847150770847867562e+01
2.281254239195604532e+04 1.354857398237220423e+02 3.019142078217026537e+01 1.847188157264864969e+02 4.947139112319457155e+01
2.281288875530554651e+04 1.364309483332003765e+02 3.019534727964159515e+01 1.847473451933087176e+02 5.047094470441466996e+01
2.281325250437408613e+04 1.374137342224721294e+02 3.022279440501598557e+01 1.847925492439879918e+02 5.146989478370441873e+01
2.281361536093986797e+04 1.383754313255333273e+02 3.026017697386246041e+01 1.848158251292874183e+02 5.246942670924244112e+01
2.281397811364400695e+04 1.393272147293683361e+02 3.028507792985984182e+01 1.848057852006806741e+02 5.346928210699584127e+01
2.281437218518465670e+04 1.403422911916474618e+02 3.030079965975455991e+01 1.847879950270634311e+02 5.446912255658557456e+01
2.281478214103546270e+04 1.413610257816282001e+02 3.031614689658956863e+01 1.848117403484421857e+02 5.546841133189937523e+01
2.281518579017202137e+04 1.423541115622569464e+02 3.033007198256082404e+01 1.848924154459957947e+02 5.646481498273548283e+01
2.281559766980017957e+04 1.433883423792708243e+02 3.043276751908670619e+01 1.849500836109345698e+02 5.746269153854753853e+01
2.281601413687274908e+04 1.444173738617249683e+02 3.065597433573358543e+01 1.849129171475606199e+02 5.846061101709208430e+01
2.281640625546958108e+04 1.453454223479227210e+02 3.091996616807282550e+01 1.847819391094179196e+02 5.945116968389506695e+01
2.281680139232650981e+04 1.462727488958906861e+02 3.117729043043795301e+01 1.845982036779917621e+02 6.043399121058415346e+01
2.281722169418635531e+04 1.472867401653531374e+02 3.139779026094727143e+01 1.844225454134652864e+02 6.141832907179638568e+01
2.281763741851380473e+04 1.482806325075247287e+02 3.158635316778740432e+01 1.842671202450576970e+02 6.240615168501093990e+01
2.281804031906191449e+04 1.492165957544298465e+02 3.179728725411465717e+01 1.840988299408768682e+02 6.339180328367349659e+01
2.281847899318119744e+04 1.501908483209563485e+02 3.209701413324523145e+01 1.839664999612535325e+02 6.438246839954265965e+01
2.281894916634655601e+04 1.511537012028522895e+02 3.246650699819461749e+01 1.838309481439528383e+02 6.537305413176581226e+01
2.281945552138559651e+04 1.520768057873657426e+02 3.294345472850558565e+01 1.835896782267279548e+02 6.634116336230502498e+01
2.281997771139436009e+04 1.528389874126238794e+02 3.365562869716692518e+01 1.831672342455989053e+02 6.724165618956880053e+01
2.282049158147534399e+04 1.533191644736533590e+02 3.460681096598620599e+01 1.825065870521419527e+02 6.797669364582442597e+01
2.282096455844866432e+04 1.535524042636449735e+02 3.564965143600107211e+01 1.816260845385971834e+02 6.841684078449806350e+01
2.282138799871075389e+04 1.536281654290023084e+02 3.663581951653137736e+01 1.806554045068937171e+02 6.864475877070475462e+01
2.282178175640758127e+04 1.536296696119406704e+02 3.756083558080207041e+01 1.796607907560070885e+02 6.872573179646281005e+01
2.282219205552212225e+04 1.535785911841539644e+02 3.854370759982471384e+01 1.786617121770211440e+02 6.870602060535745181e+01
2.282259521452507033e+04 1.534651140232230091e+02 3.950212478847083020e+01 1.776622922405850034e+02 6.867274889889804967e+01
2.282298231500988913e+04 1.533314702312204361e+02 4.042787671784635961e+01 1.766632649630996070e+02 6.862967175098147266e+01
2.282339257748889577e+04 1.532121277478338470e+02 4.145485876256467606e+01 1.756652919840486788e+02 6.856666918699076518e+01
2.282379985836810738e+04 1.530956294584222519e+02 4.248709909316537647e+01 1.746695676773757668e+02 6.847545231070503746e+01
2.282419627159488300e+04 1.529610231469636688e+02 4.346643081705524025e+01 1.736776783201800640e+02 6.834943348769898819e+01
2.282460823833910035e+04 1.528125906882231106e+02 4.449256766539726016e+01 1.726908622622612768e+02 6.818837774142591002e+01
2.282501428684996063e+04 1.527081603570119057e+02 4.553096117065650361e+01 1.717008597899096003e+02 6.804887100461162674e+01
2.282540181892066903e+04 1.526778646777001427e+02 4.652629429046069731e+01 1.707046574287633973e+02 6.796660687565024261e+01
2.282579270653310596e+04 1.526379359225201711e+02 4.750200587491399062e+01 1.697052857931243182e+02 6.794172449199641051e+01
2.282619815416822530e+04 1.525599933495496998e+02 4.849744973443577578e+01 1.687067867333732636e+02 6.798508158171866000e+01
2.282659145049867220e+04 1.524805407356218154e+02 4.948412984540615156e+01 1.677080870621855411e+02 6.803515649118482145e+01
2.282697724944826405e+04 1.524305709630942260e+02 5.046542177078042357e+01 1.667085681944532496e+02 6.803127856201095369e+01
2.282738133476091753e+04 1.523957339996407256e+02 5.148197975951310212e+01 1.657127716646253646e+02 6.794806493213711462e+01
2.282779378098382949e+04 1.523561631063387267e+02 5.248585594657983222e+01 1.647175388771614735e+02 6.785076847183606219e+01
2.282820050456143508e+04 1.523214656492462495e+02 5.344548331092246229e+01 1.637188101379582292e+02 6.781949248621681647e+01
2.282861221947888407e+04 1.522349070962863209e+02 5.441538603711742184e+01 1.627190810803492695e+02 6.783716864574041949e+01
2.282903111363568678e+04 1.520848687425755372e+02 5.539142555594698791e+01 1.617191978449994565e+02 6.784853192625050156e+01
2.282944416439329143e+04 1.518865470447141206e+02 5.633957346122357279e+01 1.607196116948494762e+02 6.782578917030024002e+01
2.282986388720650211e+04 1.516650401824580570e+02 5.731564278558931846e+01 1.597243854189748333e+02 6.773517551234569112e+01
2.283029246392025016e+04 1.514833638605284705e+02 5.828791263303352110e+01 1.587421833373403501e+02 6.755263298905637726e+01
2.283068959758211349e+04 1.513237458815890193e+02 5.913733951029358593e+01 1.577623253050803669e+02 6.735305664162419248e+01
2.283108317023232667e+04 1.512073039600510924e+02 5.997597901991661473e+01 1.567768984373614956e+02 6.718378492827999082e+01
2.283149865025632971e+04 1.511511978617925536e+02 6.090373623989341922e+01 1.557838623766145645e+02 6.706944943356565147e+01
2.283190497366202544e+04 1.511134544095046977e+02 6.183639215820959123e+01 1.547853050199519487e+02 6.702936403985303571e+01
2.283232486096638968e+04 1.511908737018212605e+02 6.275692536831543578e+01 1.537898098794132125e+02 6.710412848105146111e+01
2.283277781374516417e+04 1.514930136601546451e+02 6.364945277664646994e+01 1.528248239907034645e+02 6.735168880121095469e+01
2.283323470062112392e+04 1.519437563016662693e+02 6.446934024114183615e+01 1.519075627237457127e+02 6.774515515013965228e+01
2.283368382070079315e+04 1.524139775248346211e+02 6.525911277498126140e+01 1.510286277384785762e+02 6.822098402983515086e+01
2.283415495335625747e+04 1.530082921896810717e+02 6.600176685292908019e+01 1.502039361593532476e+02 6.878425526892534947e+01
2.283465550443253233e+04 1.537643379346143035e+02 6.668585532500303259e+01 1.494850337980491304e+02 6.947455847142757079e+01
2.283515754671610557e+04 1.544727718263279996e+02 6.739078052140058617e+01 1.488431121652401430e+02 7.024051290219790644e+01
2.283564737659282764e+04 1.551310377674421375e+02 6.809256016054428073e+01 1.482027239813867823e+02 7.100847933183207772e+01
2.283613492572912946e+04 1.558096364915348886e+02 6.877503451200101381e+01 1.475495034850340801e+02 7.176562352775174247e+01
2.283664232042239746e+04 1.565705170193310494e+02 6.940307302173229687e+01 1.469296679354756918e+02 7.254985015583012853e+01
2.283714789906734950e+04 1.574131705235076311e+02 6.991046394086852445e+01 1.464051462881854491e+02 7.339918858920155742e+01
2.283762911919005273e+04 1.582257555025832971e+02 7.042705440389040916e+01 1.459841525256175032e+02 7.430491084805072433e+01
2.283809668319917546e+04 1.590055850450291075e+02 7.102654770896076286e+01 1.455858100790716492e+02 7.522214442445523730e+01
2.283857069489232890e+04 1.597642204584058732e+02 7.169814199624215689e+01 1.451237394969926982e+02 7.610802457338033378e+01
2.283904015679853546e+04 1.604062066269052309e+02 7.238596347369849582e+01 1.446080107358271221e+02 7.696450035541215584e+01
2.283950376874714129e+04 1.609298851945999900e+02 7.304267793706709710e+01 1.439906427045406474e+02 7.774836507419787779e+01
2.283998602517986728e+04 1.613588884424100058e+02 7.372991928104853798e+01 1.432265841752686413e+02 7.838621844923872573e+01
2.284053907648453969e+04 1.616937940209060685e+02 7.448948915518204217e+01 1.423868604816792072e+02 7.892787395956116825e+01
2.284120509047006999e+04 1.620102494502014281e+02 7.529859267309740289e+01 1.415034669417418058e+02 7.939505583376607945e+01
2.284194885659052670e+04 1.622902387424457515e+02 7.620317591331149742e+01 1.405774265969058661e+02 7.976966911377122926e+01
2.284264744772306221e+04 1.624595247948207373e+02 7.722827420310107982e+01 1.396123191903854490e+02 8.002541771373481083e+01
2.284323272319605530e+04 1.625893399442491614e+02 7.825702304813907517e+01 1.386250024952686886e+02 8.017881514966352086e+01
2.284378142052895419e+04 1.627678710345464026e+02 7.925628245518056758e+01 1.376346026924823320e+02 8.031698510153519521e+01
2.284432195153961948e+04 1.629582872567876279e+02 8.025546223910488663e+01 1.366563218004489784e+02 8.052107326833824175e+01
2.284480751664072159e+04 1.630391490887996042e+02 8.127003305710036329e+01 1.356814943368443380e+02 8.074403294264577369e+01
2.284523967864949736e+04 1.629860952708629327e+02 8.229315786347828521e+01 1.346998042288771842e+02 8.093359735476083472e+01
2.284564315970155076e+04 1.628040067369989856e+02 8.325091969954863202e+01 1.337068985129542398e+02 8.104653684883983544e+01
2.284605536793700594e+04 1.625037691383400613e+02 8.416725177321086449e+01 1.327088476297676891e+02 8.102950765583932480e+01
2.284647883682242173e+04 1.621050432294049699e+02 8.502529814466579694e+01 1.317211711321478163e+02 8.088238610551223928e+01
2.284691017725100028e+04 1.616619113328237631e+02 8.585528188061735477e+01 1.307671064474340596e+02 8.058995498643217559e+01
2.284735828941252112e+04 1.612258958774482096e+02 8.673889254988256425e+01 1.298411837247510050e+02 8.021333857891356445e+01
2.284780351092441197e+04 1.608718353648712593e+02 8.763798322309595790e+01 1.289124877179829696e+02 7.984268455822763144e+01
2.284824463594415647e+04 1.607169326358426815e+02 8.853996121621213433e+01 1.279569278353187798e+02 7.955078479318190432e+01
2.284871475164443473e+04 1.608580250664069524e+02 8.948797269989377412e+01 1.269652230124003864e+02 7.949867264624077734e+01
2.284920099774993287e+04 1.612899434364755393e+02 9.047532484457761370e+01 1.260047780363076271e+02 7.974884565071076281e+01
2.284964926708400162e+04 1.617526076279834513e+02 9.142892058504556019e+01 1.250836895076669180e+02 8.013610869044778440e+01
2.285006054638493879e+04 1.621633722093748418e+02 9.233289485765550353e+01 1.241937695691227503e+02 8.059142028955105275e+01
2.285047328973136609e+04 1.626361955788740943e+02 9.324412290939571335e+01 1.233365817710371743e+02 8.110574283989313926e+01
2.285088221026743122e+04 1.631366995767695869e+02 9.414456399892128502e+01 1.225096929126780623e+02 8.166770569111770328e+01
2.285127410031542240e+04 1.635740097398542048e+02 9.500583994970865831e+01 1.217244240197231875e+02 8.228617387182057996e+01
2.285167897569900379e+04 1.639471625596509625e+02 9.591240279435594118e+01 1.209273143632671150e+02 8.288979232853525048e+01
2.285209520336848436e+04 1.643033136141464752e+02 9.688007680326688842e+01 1.200760397191843936e+02 8.341273130595121188e+01
2.285248935960429299e+04 1.646357722995849429e+02 9.781472937959286185e+01 1.191884932836754984e+02 8.387277423819305966e+01
2.285288037117907515e+04 1.649507327860472117e+02 9.876207522192285637e+01 1.182751752266391350e+02 8.427938333546202898e+01
2.285328041368349295e+04 1.652311369172093976e+02 9.974088689197900237e+01 1.173378822055094588e+02 8.462700443038337994e+01
2.285367191712056592e+04 1.654627451755446828e+02 1.007013439625871314e+02 1.163872558140039644e+02 8.493705729298038420e+01
2.285407189289340386e+04 1.656589579916931996e+02 1.017063180709145627e+02 1.154319680097751757e+02 8.523270494735787395e+01
2.285449300338358080e+04 1.657948707584375825e+02 1.027664275288930611e+02 1.144568575314625889e+02 8.545128081535874287e+01
2.285489995542141332e+04 1.658183120237561639e+02 1.037884292493762501e+02 1.134659011721661699e+02 8.558097418952461055e+01
2.285527748415773749e+04 1.657602965378151509e+02 1.047371285100595344e+02 1.124677547748702295e+02 8.563478128774190168e+01
2.285566129292327969e+04 1.656282656550915533e+02 1.056930693002617829e+02 1.114685299538591607e+02 8.567414545899941913e+01
2.285603247788807130e+04 1.654259134889583152e+02 1.066056746307787222e+02 1.104694960942974831e+02 8.571803531842230939e+01
2.285638218543890616e+04 1.652051449425466103e+02 1.074649737723688787e+02 1.094700187459118439e+02 8.570268025061517392e+01
2.285675758629033953e+04 1.649965632500928905e+02 1.083674148295954325e+02 1.084728472475578940e+02 8.563036664100357598e+01
2.285716013650783862e+04 1.647785842491084907e+02 1.092884269162916411e+02 1.074761378314693303e+02 8.554931004027164931e+01
2.285755844121294649e+04 1.645651483128738164e+02 1.102007138204918135e+02 1.064821082677060673e+02 8.544097206231489849e+01
2.285797723703152587e+04 1.644386772857679375e+02 1.112238611135614548e+02 1.054866178248883557e+02 8.534658001028492436e+01
2.285840924391111548e+04 1.644154701621022809e+02 1.123329656548066140e+02 1.044877193941788249e+02 8.530567435263436948e+01
2.285880329824794535e+04 1.643780770272833252e+02 1.133269506660438708e+02 1.034882409554493563e+02 8.527339612002388947e+01
2.285918651660057367e+04 1.642958875430935848e+02 1.142745004745175521e+02 1.024886182417768055e+02 8.528902651083255648e+01
2.285957500358063407e+04 1.641893037487491824e+02 1.152712642891046357e+02 1.014911790165362504e+02 8.535775408518006202e+01
2.285994530469196252e+04 1.640737112078918756e+02 1.162521303479053927e+02 1.004921671075283598e+02 8.539874849123950185e+01
2.286032139952122088e+04 1.639867343807896134e+02 1.172705356749557666e+02 9.949250169547310918e+01 8.542438665035356848e+01
2.286069662512771902e+04 1.639505101037425163e+02 1.182816788627738305e+02 9.849403378821044441e+01 8.547799850435757207e+01
2.286104969027695188e+04 1.639470852038748490e+02 1.192077255633090402e+02 9.749673716377505173e+01 8.555122103007396106e+01
2.286141727520609493e+04 1.639433525870853998e+02 1.201521649897145068e+02 9.650024518334871004e+01 8.563483591395609551e+01
2.286178942377784915e+04 1.639127595270700510e+02 1.210925655962134613e+02 9.550551281757763888e+01 8.573703817120981796e+01
2.286215474640875254e+04 1.638598004142895093e+02 1.220021866960051824e+02 9.450887774957922716e+01 8.581819981972655853e+01
2.286256133708855850e+04 1.638238667822503203e+02 1.230163972142596975e+02 9.351127295802874073e+01 8.588729987256841980e+01
2.286298248308579059e+04 1.637800717256877476e+02 1.240823127852282823e+02 9.251430299254982970e+01 8.596494954207356898e+01
2.286337121684509839e+04 1.636896273669439950e+02 1.250801264335969734e+02 9.151503846605713477e+01 8.599597127758752890e+01
2.286376245956543426e+04 1.635578417024272255e+02 1.261023701663647643e+02 9.051604674428836006e+01 8.595954705675514163e+01
2.286415027731239024e+04 1.634274851770268810e+02 1.271134711519143252e+02 8.951837961532552868e+01 8.589185491903727154e+01
2.286451071854167822e+04 1.633960476260752728e+02 1.280397766658545322e+02 8.852038696972158505e+01 8.582864710318062862e+01
2.286488783453233191e+04 1.634096915414211537e+02 1.290223131936141101e+02 8.752072506832840304e+01 8.582185871752176354e+01
2.286525756499465206e+04 1.634196883613654165e+02 1.300041461496606416e+02 8.652142468332311864e+01 8.585663661581240547e+01
2.286560209831213069e+04 1.634300604277227933e+02 1.309199989338419812e+02 8.552316728500973397e+01 8.591510527126038710e+01
2.286596179060297436e+04 1.634306948246556317e+02 1.318851290775502321e+02 8.452853023422154877e+01 8.601691247434004595e+01
2.286632392157259164e+04 1.634330882858666030e+02 1.328462539999633236e+02 8.353695883785719900e+01 8.614617379813199705e+01
2.286668568058316305e+04 1.634270368783210188e+02 1.337927503306819972e+02 8.254600865581510050e+01 8.628040321572827054e+01
2.286707564922667734e+04 1.634192762676753432e+02 1.348109517039141849e+02 8.154829647096082113e+01 8.633812400240178420e+01
2.286746479157609429e+04 1.634321347547212326e+02 1.358274820889550938e+02 8.054846201734420674e+01 8.635058349679709977e+01
2.286783529934933176e+04 1.634704602129918385e+02 1.367860537740736504e+02 7.954859469037593556e+01 8.636631906710422868e+01
2.286822292159442077e+04 1.635799791722615453e+02 1.377904955376951648e+02 7.855247074138543439e+01 8.644915086720544650e+01
2.286862195759411770e+04 1.636543680668364971e+02 1.388297219180849993e+02 7.756101091378941703e+01 8.657868380490478444e+01
2.286900198707138043e+04 1.636336521338616592e+02 1.397968834611590125e+02 7.656592950670562914e+01 8.667616514288540941e+01
2.286939386533691140e+04 1.636161893871953623e+02 1.407905329863791053e+02 7.556775528211800008e+01 8.673494475386573299e+01
2.286981249481795021e+04 1.636802889719232326e+02 1.418406132333895471e+02 7.457356283186780388e+01 8.683992467790380942e+01
2.287021746259072097e+04 1.636980995470990194e+02 1.428354047265355007e+02 7.358427179944406760e+01 8.698526048119984466e+01
2.287061875306619550e+04 1.636511565715320558e+02 1.438152781259180131e+02 7.258831632464320194e+01 8.706993948236456049e+01
2.287102542357642233e+04 1.636265238666581752e+02 1.448254839233244695e+02 7.158928849866559574e+01 8.711205610197269777e+01
2.287140810609604159e+04 1.636426745121243869e+02 1.457932993025748658e+02 7.059068000514076857e+01 8.716431121619731925e+01
2.287179800841012548e+04 1.637387054762886294e+02 1.467931581982128080e+02 6.959288975173225822e+01 8.723057714414350983e+01
2.287220368570842038e+04 1.638335014596367500e+02 1.478004010485315973e+02 6.859798373453145359e+01 8.733040134003054789e+01
2.287258578372453121e+04 1.637935180490992764e+02 1.487315157219589139e+02 6.760112655696420347e+01 8.740864067676007210e+01
2.287296700181586129e+04 1.636893655210319309e+02 1.496708594208145939e+02 6.660208500050677571e+01 8.745015200378952613e+01
2.287335632332618479e+04 1.636256513949290081e+02 1.506284020957534722e+02 6.560279529486486183e+01 8.748782197159083296e+01
2.287372234076377572e+04 1.635607903360755984e+02 1.515439288611893289e+02 6.460291533163461963e+01 8.749485311383527630e+01
2.287409872366518539e+04 1.634835402874068961e+02 1.525182558601782432e+02 6.360295800050571557e+01 8.750343986611721903e+01
2.287447628187670125e+04 1.633691562592571813e+02 1.534984679010370598e+02 6.260296681672019048e+01 8.750596530327699440e+01
2.287483855776940254e+04 1.632134132801740520e+02 1.544192994798913787e+02 6.160332040002386123e+01 8.748182702786724008e+01
2.287521786336134755e+04 1.630364854666636347e+02 1.553831924845014214e+02 6.060470171569674847e+01 8.743024008686053605e+01
2.287558282554213656e+04 1.628610817312173822e+02 1.563112984395225737e+02 5.960748678063831107e+01 8.735609452968600408e+01
2.287594729525990260e+04 1.626856293060058647e+02 1.572310896606621213e+02 5.861495897368467212e+01 8.723557278506672219e+01
2.287634165116474833e+04 1.624555500899025731e+02 1.581847379232428921e+02 5.763219089426310404e+01 8.705233753220508675e+01
2.287673848108501988e+04 1.621948717149551840e+02 1.590967576069000984e+02 5.665253591260508159e+01 8.685167191456791613e+01
2.287714280105961734e+04 1.618506128701431521e+02 1.600039302782219295e+02 5.567570994064359979e+01 8.663770498913113727e+01
2.287758113741529814e+04 1.613831327326009273e+02 1.609512916155638607e+02 5.471980595605656106e+01 8.634605115313419788e+01
2.287800582614545783e+04 1.608745487324717658e+02 1.618214721457002554e+02 5.379580620129210899e+01 8.596525384604423436e+01
2.287840966998381555e+04 1.603237810837756854e+02 1.626140597928403224e+02 5.292047601149239711e+01 8.548358507164225273e+01
2.287882982618209644e+04 1.596738298107781873e+02 1.633677916116567985e+02 5.211612482720354933e+01 8.489146329110268141e+01
2.287923338375639287e+04 1.589990111909917232e+02 1.640318051957109731e+02 5.133244869836583035e+01 8.427032434612105760e+01
2.287963682499605784e+04 1.582113295319664417e+02 1.645837142462902705e+02 5.056825210985474683e+01 8.362545456309790382e+01
2.288007037617040260e+04 1.572438455289212982e+02 1.649051948750300483e+02 4.995320301811133845e+01 8.284163472638087455e+01
2.288050386163232179e+04 1.562193914208377805e+02 1.649908953577729847e+02 4.951925348201248767e+01 8.194375336587835079e+01
2.288090710537602718e+04 1.552518682239690122e+02 1.649338347088209957e+02 4.927527633446133848e+01 8.097656130730536006e+01
2.288132107912945139e+04 1.542540263657085688e+02 1.647797101248526133e+02 4.925617873674111280e+01 7.997997494003482188e+01
2.288174545699260125e+04 1.532700295273858728e+02 1.645867816771266234e+02 4.939502115858675779e+01 7.899092063213132064e+01
2.288214474538113791e+04 1.523593003391144975e+02 1.643739523813396772e+02 4.963071802193530857e+01 7.801959029736546825e+01
2.288256250456269845e+04 1.514268212040387880e+02 1.640498793404141793e+02 4.988031641441908448e+01 7.705124116737424345e+01
2.288300341668992405e+04 1.504765686373457356e+02 1.635463015662501505e+02 5.020369993790304619e+01 7.610545534130116607e+01
2.288345016825941275e+04 1.495442841223444930e+02 1.629599729431297419e+02 5.059201686564703948e+01 7.518420382916978895e+01
2.288387178434041562e+04 1.487093076192850560e+02 1.623275593888914443e+02 5.103028873511814112e+01 7.428554104669210290e+01
2.288427170387773731e+04 1.480548080286746142e+02 1.615637171702030912e+02 5.158405009589662171e+01 7.345433266797746796e+01
2.288466486915367568e+04 1.475618429977301957e+02 1.606709589317420637e+02 5.226201916631770672e+01 7.272119933312028195e+01
2.288503052565050530e+04 1.470900251098413207e+02 1.598273321099725308e+02 5.300054530800323249e+01 7.204742007958681427e+01
2.288537677148833973e+04 1.466225199536276875e+02 1.589988270913565600e+02 5.381455701983036022e+01 7.146813128137839044e+01
2.288572919369000010e+04 1.462536817416528550e+02 1.580740170014580599e+02 5.468879882315670926e+01 7.098400967380071336e+01
2.288604829936203532e+04 1.460551184349687901e+02 1.571892038589460299e+02 5.560858059545790866e+01 7.059304162184805875e+01
2.288637296305777272e+04 1.460013598884820283e+02 1.562877010216848817e+02 5.655459585676987189e+01 7.026969491047900362e+01
2.288671299869792711e+04 1.459964447524210414e+02 1.553635096916391944e+02 5.751193116123983629e+01 6.998090495249947196e+01
2.288704749005427584e+04 1.460548715069358536e+02 1.544779788201466033e+02 5.847883648946284296e+01 6.972603860711163293e+01
2.288740776273309893e+04 1.461671683885931827e+02 1.535299673312434265e+02 5.946797995308563145e+01 6.958514131017798832e+01
2.288777136110788706e+04 1.462469936962325505e+02 1.525719839302689991e+02 6.046669418339988056e+01 6.954585498947795941e+01
2.288814086965788010e+04 1.462545158554651152e+02 1.515888267793681337e+02 6.146664138729025240e+01 6.953891192517131969e+01
2.288852660519495112e+04 1.462477886521487278e+02 1.505442236284190471e+02 6.246640767843823028e+01 6.951817867122967698e+01
2.288891479883745342e+04 1.463089078453257912e+02 1.495032639740325351e+02 6.346633132238687125e+01 6.950655573477244786e+01
2.288928423163155094e+04 1.464319014347801442e+02 1.485411408508648492e+02 6.446600336170716616e+01 6.948154695196045338e+01
2.288965634975795547e+04 1.465690172044470785e+02 1.475454305886805741e+02 6.546561922474022310e+01 6.950278371776738595e+01
2.289003983955452713e+04 1.467191012826516499e+02 1.465082276102455694e+02 6.646507794055440854e+01 6.953562928783094321e+01
2.289041587434893154e+04 1.468638283221003746e+02 1.454901169707295310e+02 6.746455924190642861e+01 6.956783005413771548e+01
2.289078456021518650e+04 1.469810297452542613e+02 1.444968102469637472e+02 6.846418114687298839e+01 6.959527469705876968e+01
2.289117266176202975e+04 1.470343549748338035e+02 1.434522502517636440e+02 6.946406475185337115e+01 6.960985033781766163e+01
2.289154275274392785e+04 1.470663009473770160e+02 1.424810839495273171e+02 7.046398460505599814e+01 6.962251044232110075e+01
2.289190855200653095e+04 1.471064485318350421e+02 1.415388578556092796e+02 7.146321071298859806e+01 6.966070231695019288e+01
2.289229459167624373e+04 1.471707555664983715e+02 1.405397713280354139e+02 7.246288877273424589e+01 6.968528518992049214e+01
2.289265626249419802e+04 1.471495751744642178e+02 1.396109169886516099e+02 7.346284714012179506e+01 6.968332178781032837e+01
2.289301665489453080e+04 1.470571233227996117e+02 1.387098916605341117e+02 7.446220036987483581e+01 6.964898930904946894e+01
2.289341256216019974e+04 1.469103231362627753e+02 1.377468715674162354e+02 7.546137084302502274e+01 6.960827624001660752e+01
2.289378246926509382e+04 1.467663256363659059e+02 1.368546020038614017e+02 7.645890965526191962e+01 6.953893724441422819e+01
2.289415219850643189e+04 1.467104866461841652e+02 1.359084478994760445e+02 7.745159162863822644e+01 6.941939824796754976e+01
2.289455126948343604e+04 1.467358114724246434e+02 1.348289512285890339e+02 7.844863280347864531e+01 6.934488803669205481e+01
2.289493316393588611e+04 1.467820807634498976e+02 1.338137869538595055e+02 7.944738782040869296e+01 6.929545064123757925e+01
2.289528336500255682e+04 1.468325419701619978e+02 1.329011815413310558e+02 8.044627800314844990e+01 6.924835073034063271e+01
2.289565087669835339e+04 1.468488271863565728e+02 1.319202637756419563e+02 8.144218773703839531e+01 6.915931504895006299e+01
2.289599941018579921e+04 1.468465750532261609e+02 1.310085720971783019e+02 8.243817888085256129e+01 6.906988363994089752e+01
2.289633996622275663e+04 1.468492310737548223e+02 1.301050009592407548e+02 8.343483064814823535e+01 6.898816067913624295e+01
2.289670547020760569e+04 1.468615323849398067e+02 1.291359447999323038e+02 8.443404415279020725e+01 6.895203240914881349e+01
2.289706453461847195e+04 1.468725355238018722e+02 1.282119543785406108e+02 8.543384279186128083e+01 6.893233259017665659e+01
2.289743828967067384e+04 1.469164599419885064e+02 1.272344772163146445e+02 8.643258921019429408e+01 6.897683008255397397e+01
2.289781985116421129e+04 1.470002231354996240e+02 1.262741905738417643e+02 8.743045421429718544e+01 6.904198623780317234e+01
2.289819175812387766e+04 1.470648671872571640e+02 1.253477161648594915e+02 8.842957294017048753e+01 6.908288445499094621e+01
2.289859174767932200e+04 1.471227375170612390e+02 1.243106011497596199e+02 8.942948920824017023e+01 6.908894503373626605e+01
2.289899940600013360e+04 1.472537873756089652e+02 1.232474251769021976e+02 9.042890374319213720e+01 6.905702179309437838e+01
2.289936845747087136e+04 1.474174703685141026e+02 1.223022343253110336e+02 9.142864887978022637e+01 6.903506637933362811e+01
2.289972459243625781e+04 1.475460391842357524e+02 1.213965165923034135e+02 9.242820348644430339e+01 6.900542833984856372e+01
2.290009570642479957e+04 1.476847669272159749e+02 1.204201142346689863e+02 9.342802459540227744e+01 6.898707308041889519e+01
2.290044247636766522e+04 1.478432576753389469e+02 1.194988499069498289e+02 9.442768249105193945e+01 6.900911363987707148e+01
2.290080242015685144e+04 1.479774117012053694e+02 1.185607878718771246e+02 9.542763171419814228e+01 6.900857540842785909e+01
2.290118665285892348e+04 1.481219416961619970e+02 1.175670413477379412e+02 9.642716459555020947e+01 6.903678191912484863e+01
2.290155233955381118e+04 1.482728535582488121e+02 1.166229537660098714e+02 9.742703461390506448e+01 6.905157190671855005e+01
2.290191737339764586e+04 1.484234741092025729e+02 1.156736426638585016e+02 9.842694760607271576e+01 6.906476048405117751e+01
2.290229978377731459e+04 1.485874415691247350e+02 1.146609781205797560e+02 9.942637017585178683e+01 6.909796151748000170e+01
2.290265561142527076e+04 1.487264303624836828e+02 1.137223454200236432e+02 1.004253869007907554e+02 6.914219125477340810e+01
2.290301432449652202e+04 1.488080314998676954e+02 1.127594606328272420e+02 1.014249342593112004e+02 6.917172417597032563e+01
2.290339258985206470e+04 1.489216893611781813e+02 1.117372964364576120e+02 1.024248886556839579e+02 6.917669917782761502e+01
2.290375431381896851e+04 1.490644654317808033e+02 1.107994484237270569e+02 1.034246426682396134e+02 6.915609277350070272e+01
2.290411735765919002e+04 1.491229955415622328e+02 1.098840140456412655e+02 1.044242000115519460e+02 6.912642388422362671e+01
2.290449449141535297e+04 1.491042877202403076e+02 1.089043926913597033e+02 1.054226348638996029e+02 6.907122142035110812e+01
2.290484336412678385e+04 1.490591095645933422e+02 1.079967881241233982e+02 1.064204275235816084e+02 6.900487689686823956e+01
2.290520401511969249e+04 1.490704429428916740e+02 1.070348113870566351e+02 1.074185471785006030e+02 6.894362163829440249e+01
2.290557615869833535e+04 1.491211661787961589e+02 1.060461552907000851e+02 1.084174942777811594e+02 6.889806412203184038e+01
2.290593284671294896e+04 1.492048013224332408e+02 1.051498887488203593e+02 1.094173839062020619e+02 6.889293882093679144e+01
2.290630483230350001e+04 1.493203190061788916e+02 1.042311743058445046e+02 1.104173524735370790e+02 6.888547544579037663e+01
2.290669970150680820e+04 1.494505798369900162e+02 1.032242294942034846e+02 1.114156131907145380e+02 6.893985988903079942e+01
2.290706958865991328e+04 1.495588201281811109e+02 1.022908864140110268e+02 1.124140361565611528e+02 6.899594892888363518e+01
2.290744114956323028e+04 1.496648912514822598e+02 1.013858513393895038e+02 1.134103479522540283e+02 6.908106901982421277e+01
2.290782077669487626e+04 1.497760940304726773e+02 1.004307343495333384e+02 1.144067621410745659e+02 6.916566321291250574e+01
2.290817895321638207e+04 1.497921457019603508e+02 9.950328325333241253e+01 1.153991646799059652e+02 6.928790925613832030e+01
2.290856451525086595e+04 1.498651114258626933e+02 9.852269632184435011e+01 1.163955565051014673e+02 6.937127215396409952e+01
2.290894363713210259e+04 1.499811122982441702e+02 9.752097487874881665e+01 1.173844515509253768e+02 6.951776468823182142e+01
2.290929222626627234e+04 1.500822633309645937e+02 9.657427237297727629e+01 1.183727870363309052e+02 6.967005264838864775e+01
2.290966573217893165e+04 1.502642349767313021e+02 9.562138732934698737e+01 1.193667544760883601e+02 6.977859161346242445e+01
2.291000753431453631e+04 1.505446359747640486e+02 9.475455389526213423e+01 1.203580923637218234e+02 6.990953333977905970e+01
2.291035752197249531e+04 1.509478469555557467e+02 9.387261591566655738e+01 1.213426360073648453e+02 7.008406559858950402e+01
2.291073782064277111e+04 1.514627711641706753e+02 9.293673137756724145e+01 1.222969989100499788e+02 7.037960046046339357e+01
2.291110654062918184e+04 1.519891569273891605e+02 9.207823692063631427e+01 1.232036483486620000e+02 7.079936557587899415e+01
2.291148105996647791e+04 1.526245634566206490e+02 9.137309097615906239e+01 1.240604196792654506e+02 7.131400751691285222e+01
2.291190215873814304e+04 1.533055268777341951e+02 9.060465482756811184e+01 1.248296999100330424e+02 7.195099487240909752e+01
2.291231777613175291e+04 1.539681031108332547e+02 8.986384861329547391e+01 1.255366642044540839e+02 7.265772804979748400e+01
2.291269807653719181e+04 1.546020216026270475e+02 8.919159638931857614e+01 1.262676504256782550e+02 7.333994162819718099e+01
2.291309422971999084e+04 1.552371025018041735e+02 8.844903107502869943e+01 1.269834261141599683e+02 7.403820278206359262e+01
2.291347344422946117e+04 1.557416430973446495e+02 8.763840515518984375e+01 1.277649538814646064e+02 7.466098771617815544e+01
2.291383636360137461e+04 1.561786313841627987e+02 8.681774970549737702e+01 1.286491017320553567e+02 7.512396700624086066e+01
2.291422388006835899e+04 1.565624521342200808e+02 8.589470001888362560e+01 1.295762325103795547e+02 7.549772187468308005e+01
2.291461834864720731e+04 1.568832790177038987e+02 8.494087805922480072e+01 1.305188406366815741e+02 7.583141583295387989e+01
2.291498894117726741e+04 1.571572979757450810e+02 8.404276466535749535e+01 1.314828966424561258e+02 7.609602848434882105e+01
2.291538119422634190e+04 1.573489867103722588e+02 8.304473950639378188e+01 1.324587158794732886e+02 7.631416557743025919e+01
2.291579688712812640e+04 1.575725338100602073e+02 8.202561202788433548e+01 1.334352642712673855e+02 7.652946250325736344e+01
2.291618501818606455e+04 1.578251551337833973e+02 8.110653521345525974e+01 1.344225706545845185e+02 7.668692616281343533e+01
2.291656073366745841e+04 1.580337017900537830e+02 8.021252031536816673e+01 1.354079119196609895e+02 7.685736989540056641e+01
2.291699907794430692e+04 1.583122997128749603e+02 7.918491511163851726e+01 1.363987852274810280e+02 7.699145730438519308e+01
2.291743346612209280e+04 1.585386755196502691e+02 7.816610705336343301e+01 1.373862830066064191e+02 7.714877583845732545e+01
2.291783395175900660e+04 1.586136662123636256e+02 7.724099668561436260e+01 1.383662094243470904e+02 7.734766982755806453e+01
2.291826377110722024e+04 1.587140017087137664e+02 7.626695097883533947e+01 1.393544760577831880e+02 7.749927885913615455e+01
2.291871682834718376e+04 1.588266959594247112e+02 7.525614599852627862e+01 1.403504996151056901e+02 7.758593542472890192e+01
2.291916814280831386e+04 1.587060871102825672e+02 7.425339086411884182e+01 1.413500725766769790e+02 7.760662050616527097e+01
2.291957960196508793e+04 1.584291898398869876e+02 7.340223724810090289e+01 1.423320104235077679e+02 7.742970410967851080e+01
2.292001360449857020e+04 1.579774214803918824e+02 7.251999694430888610e+01 1.432628996776435031e+02 7.706912494823957616e+01
2.292045900809465456e+04 1.573786064037948904e+02 7.168271063726803050e+01 1.441647464127496505e+02 7.663751640087211570e+01
2.292084924219390450e+04 1.567771183338619494e+02 7.099903746266113558e+01 1.449927798410231219e+02 7.607896598457024595e+01
2.292125230261228717e+04 1.561285618425958148e+02 7.030879547861555068e+01 1.457367511788879426e+02 7.541206734578013027e+01
2.292170166393234467e+04 1.553123564459989439e+02 6.958757341693930698e+01 1.464445899445297528e+02 7.470582277807787364e+01
2.292212541299882287e+04 1.545055957908969617e+02 6.890946217775581317e+01 1.470738169402185065e+02 7.392939031742479017e+01
2.292248893773139935e+04 1.538480496313960657e+02 6.831252281937427995e+01 1.476961877511614318e+02 7.314666841664951846e+01
2.292289014666209187e+04 1.531702440330317643e+02 6.763657617547650602e+01 1.483413772787093023e+02 7.238271323769836840e+01
2.292328427137043764e+04 1.525999335950753277e+02 6.690641470033104099e+01 1.489588651758128037e+02 7.159625094014448621e+01
2.292364814941325676e+04 1.521458584166688297e+02 6.616396304277722606e+01 1.496607690841040892e+02 7.088515850776113325e+01
2.292407945629446112e+04 1.516330118710380930e+02 6.527004286466009830e+01 1.504304852167425963e+02 7.024746787580505725e+01
2.292448338079730456e+04 1.510587180025452483e+02 6.455056926739042922e+01 1.512141554067254106e+02 6.962630311102847713e+01
2.292486786246603879e+04 1.503946929208265431e+02 6.400498641215966700e+01 1.520160203859369119e+02 6.902888011946890856e+01
2.292531374745627909e+04 1.495305285198883496e+02 6.354198863042692835e+01 1.526265334400978873e+02 6.824253965758518348e+01
2.292574652578133828e+04 1.485862060939130060e+02 6.330113745469555653e+01 1.530495100482025634e+02 6.733878722189805899e+01
2.292614040449256208e+04 1.476743120515793635e+02 6.321379015791050193e+01 1.533771351674526784e+02 6.639439824211903840e+01
2.292656353602205490e+04 1.466662367444683923e+02 6.338588722797685193e+01 1.535351691016165319e+02 6.540861896042986245e+01
2.292700527548218452e+04 1.456246394662750561e+02 6.380412276067394828e+01 1.533970906787901640e+02 6.442279622952520413e+01
2.292739723152171064e+04 1.446940932308582148e+02 6.413748615560950839e+01 1.531108575299015797e+02 6.346550443309874368e+01
2.292776065239886157e+04 1.437872895885374760e+02 6.431834219677165265e+01 1.527382007992429465e+02 6.253791573133576520e+01
2.292813141680302942e+04 1.428039555206592581e+02 6.450278153492979527e+01 1.523672150504657736e+02 6.160928491454828304e+01
2.292846509524949215e+04 1.419140271976037297e+02 6.468964270499574809e+01 1.519930844984029932e+02 6.068191026359014018e+01
2.292881147908377898e+04 1.409593912630960801e+02 6.488674862711094704e+01 1.517010105219597449e+02 5.972598352528560639e+01
2.292915856858472034e+04 1.399400804937042153e+02 6.492087960388180079e+01 1.514490816931665620e+02 5.875829823445051403e+01
2.292948223894706098e+04 1.389934767324706399e+02 6.487446287907468445e+01 1.512610168759067335e+02 5.777636884071289103e+01
2.292984958696256217e+04 1.379421663582251938e+02 6.488411421687318636e+01 1.511835108019903089e+02 5.678001268376276300e+01
2.293020445970050423e+04 1.369746211067535455e+02 6.489245221754056558e+01 1.511528446914675214e+02 5.578055360946864738e+01
2.293056090518628844e+04 1.360489656418116908e+02 6.487643133394418271e+01 1.511263062641575345e+02 5.478090581591224861e+01
2.293096806697404463e+04 1.349843030817058604e+02 6.485702192810526867e+01 1.511485787178788485e+02 5.378129238705794535e+01
2.293135314371007553e+04 1.340273969264964933e+02 6.480958476886482345e+01 1.512122383023548764e+02 5.278339513512647585e+01
2.293171121655616298e+04 1.331429805714925578e+02 6.476097466411094672e+01 1.512812212017677211e+02 5.178577737327138664e+01
2.293210744972815155e+04 1.321080653645414600e+02 6.473314870638188268e+01 1.512367784880155170e+02 5.078750983792765794e+01
2.293249322439681418e+04 1.310943351191822899e+02 6.475186954481647206e+01 1.511465608743687312e+02 4.979164990092785104e+01
2.293287245871708728e+04 1.301144383661284678e+02 6.473532577737235272e+01 1.510564552167930117e+02 4.879571856593196344e+01
2.293327301896674544e+04 1.290510603397836178e+02 6.467879991426437414e+01 1.510041884940991963e+02 4.779716637078404062e+01
2.293366598041813268e+04 1.280137611237552449e+02 6.461126754428889285e+01 1.509794975633953698e+02 4.679750244378490009e+01
2.293404210025483189e+04 1.270322888824228045e+02 6.451752984080788167e+01 1.509663275476690956e+02 4.579759367298065342e+01
2.293442521472677981e+04 1.260129149517424167e+02 6.438309109179616030e+01 1.510317894845868807e+02 4.480008492595721492e+01
2.293481924651422742e+04 1.249922411949550707e+02 6.418136754585263759e+01 1.511379354766474137e+02 4.380579304480374958e+01
2.293519369061560792e+04 1.240561232232211069e+02 6.398311665328331088e+01 1.512133449522948752e+02 4.280870870927477512e+01
2.293559338896597183e+04 1.230341772242719429e+02 6.385686919844785336e+01 1.513213292874345370e+02 4.181463329653946914e+01
2.293600255918983021e+04 1.219971316879543792e+02 6.375041467514422067e+01 1.513843586713952334e+02 4.081676048399314283e+01
2.293638068659827331e+04 1.210515778028806579e+02 6.360824119814442668e+01 1.513655974366297983e+02 3.981726623205027948e+01
2.293674477706173275e+04 1.201248456411117758e+02 6.349438671097006903e+01 1.513035497226973973e+02 3.881926131736475583e+01
2.293712993951744647e+04 1.191407371700819340e+02 6.335610323457089521e+01 1.513056130201198073e+02 3.781952515934222703e+01
2.293752582501151119e+04 1.181275721023347245e+02 6.325179148409786478e+01 1.513773122487251896e+02 3.682231582713924212e+01
2.293789859029669242e+04 1.171712987458193851e+02 6.312397184368323622e+01 1.514560874455581825e+02 3.582542342214126307e+01
2.293827333651685331e+04 1.162162349247550992e+02 6.296240130127900869e+01 1.515433689997811655e+02 3.482924384153957931e+01
2.293865295860289552e+04 1.152640030204675128e+02 6.284617403150257076e+01 1.515202359020583458e+02 3.383020252135294470e+01
2.293903339622868953e+04 1.142972755706861392e+02 6.281419347538918174e+01 1.514348918271701052e+02 3.283398961035416619e+01
2.293943852665265513e+04 1.132540871499740547e+02 6.287343316569462104e+01 1.513966032409616389e+02 3.183487621486541030e+01
2.293982999240751451e+04 1.122843308444127075e+02 6.297347427221474447e+01 1.513072761894609641e+02 3.083905325670984254e+01
2.294022480896050547e+04 1.112913170898276718e+02 6.304245112415851793e+01 1.511630802964265285e+02 2.984963720874284121e+01
2.294065317781386693e+04 1.102307805178496096e+02 6.310014990937548163e+01 1.510198818813972252e+02 2.885994548380286417e+01
2.294109709841012227e+04 1.091593458593345076e+02 6.313719362692043546e+01 1.508950124089156191e+02 2.786778981717418802e+01
2.294149981058822232e+04 1.081832490098392014e+02 6.312385203578000414e+01 1.507999550489935530e+02 2.687236134804011556e+01
2.294190649138152367e+04 1.072265002788333561e+02 6.295826520126720993e+01 1.507673223582086450e+02 2.587308776304857361e+01
2.294232392977318159e+04 1.063493264242462431e+02 6.254034617372330729e+01 1.509031949044151020e+02 2.488379052299495342e+01
2.294273028897902987e+04 1.057110282121283831e+02 6.184531961100024944e+01 1.513002379524893968e+02 2.396959637716391001e+01
2.294313844400150629e+04 1.053275173540254031e+02 6.090865062852954992e+01 1.519768401639792330e+02 2.323921746174780623e+01
2.294355865360420285e+04 1.051568478190997098e+02 5.981585643056330071e+01 1.528396635939520820e+02 2.273972531478290193e+01
2.294393958456465043e+04 1.051319533889638507e+02 5.881341009703989187e+01 1.537989730874511736e+02 2.246420278592260544e+01
2.294431815978136729e+04 1.052378745069841841e+02 5.779003407754210286e+01 1.547925603819164166e+02 2.235966451074813577e+01
2.294472701603734095e+04 1.054506076835417616e+02 5.669543978655174499e+01 1.557888714077736552e+02 2.243314151685370561e+01
2.294512274312734371e+04 1.056531045057377156e+02 5.569616004589830993e+01 1.567771209697832830e+02 2.258495700726180289e+01
2.294550080770485147e+04 1.057683342900686796e+02 5.473242845186304351e+01 1.577663103663809352e+02 2.273157681076991921e+01
2.294589246152807755e+04 1.058332169841797281e+02 5.368155774188282692e+01 1.587571372912056233e+02 2.286668281608790565e+01
2.294628904709891503e+04 1.059665017972446037e+02 5.262327510463048696e+01 1.597539696594970735e+02 2.294480391086766602e+01
2.294665232355664557e+04 1.061007759411922677e+02 5.169399555613833996e+01 1.607525472839117811e+02 2.299782648939335417e+01
2.294702341004435584e+04 1.061738046007454273e+02 5.072613709621055733e+01 1.617521775500488559e+02 2.302419440047118115e+01
2.294741952679453243e+04 1.062163165044090789e+02 4.964682192836788488e+01 1.627519215636865795e+02 2.304681362075772100e+01
2.294777518669745405e+04 1.062406817161221966e+02 4.865515394497759871e+01 1.637518970812294299e+02 2.305216492183081911e+01
2.294813534144006189e+04 1.062750818209749184e+02 4.766643716298241884e+01 1.647511794313525115e+02 2.308905249744127275e+01
2.294849645086499368e+04 1.063430156127797233e+02 4.668318676381881716e+01 1.657484834494090080e+02 2.316189567789750825e+01
2.294883726280707560e+04 1.064276855721869453e+02 4.576000459010897004e+01 1.667442188668415497e+02 2.325404207042717886e+01
2.294918751417335807e+04 1.065110848105292547e+02 4.480109719208758889e+01 1.677387219962195672e+02 2.335870613114703431e+01
2.294952998407849373e+04 1.065974829319011832e+02 4.388464098753156151e+01 1.687347123413968006e+02 2.344806633540274632e+01
2.294986396384092222e+04 1.066494941615998613e+02 4.301580361554221099e+01 1.697325517752410065e+02 2.351349089699986905e+01
2.295025124807071188e+04 1.066441974030777828e+02 4.197450739158994537e+01 1.707324198951081087e+02 2.351576340492987782e+01
2.295061771289914032e+04 1.066276953423362244e+02 4.098785605198799686e+01 1.717323732974378174e+02 2.350631185973199422e+01
2.295097231709183689e+04 1.066062960520492879e+02 4.004580209928951007e+01 1.727315292425709572e+02 2.346600489834623815e+01
2.295135077432770413e+04 1.065935507912683846e+02 3.903940295248360570e+01 1.737260370578026993e+02 2.336255120486538672e+01
2.295172192946571886e+04 1.065819392057781272e+02 3.806906046199700455e+01 1.747241367239413705e+02 2.330215738461597752e+01
2.295208872866011370e+04 1.065729761530537019e+02 3.713397911357616721e+01 1.757240340143762580e+02 2.329976861023701673e+01
2.295249347954077894e+04 1.066175301827116897e+02 3.612704124782594306e+01 1.767238428463476794e+02 2.331877899475005123e+01
2.295289395536548182e+04 1.067077974336599056e+02 3.518624058402076571e+01 1.777236179740279169e+02 2.333998336917182925e+01
2.295330398055935802e+04 1.067412740289639146e+02 3.425488293965199205e+01 1.787229946221054888e+02 2.330750414275083315e+01
2.295375550501139151e+04 1.067590150576146470e+02 3.321189680492545904e+01 1.797106025111107499e+02 2.315336795747552756e+01
2.295421746554153651e+04 1.069770830605542073e+02 3.213639246003360483e+01 1.807092471308652932e+02 2.311045683241772153e+01
2.295465871183630588e+04 1.073909003730583152e+02 3.122124958985579113e+01 1.816959230301965817e+02 2.326676575728260232e+01
2.295508412383351242e+04 1.079231347877029918e+02 3.047377397239714725e+01 1.826522103134405484e+02 2.355768893742992987e+01
2.295553009788330019e+04 1.086484349017226805e+02 2.989664342628282512e+01 1.835081171056480116e+02 2.407215679206358061e+01
2.295602875102596954e+04 1.095883551914128446e+02 2.963348043375122032e+01 1.841527849530261562e+02 2.483416730615100576e+01
2.295652444683914291e+04 1.105789353524508698e+02 2.968225151358582181e+01 1.844738457381817511e+02 2.577957634203451320e+01
2.295701869768536926e+04 1.115968422214689610e+02 2.979635126853912297e+01 1.845254877300902763e+02 2.677792533980619893e+01
2.295750098979910399e+04 1.125358994189708000e+02 3.000607197709187091e+01 1.844895350803818985e+02 2.777724682404066670e+01
2.295797776762062858e+04 1.134449706717711024e+02 3.016469633924520721e+01 1.843183333083375430e+02 2.876244344322094904e+01
2.295843829914469461e+04 1.143297375127702793e+02 3.023351433264414112e+01 1.842046909983640717e+02 2.975595786574984558e+01
2.295891368542227792e+04 1.151645415142951236e+02 3.022333268422420360e+01 1.842271934155180304e+02 3.075568800521301682e+01
2.295948403489214616e+04 1.160769452903381165e+02 3.032291311711491488e+01 1.842757419437783426e+02 3.175449473521369725e+01
2.296016392142711629e+04 1.172204585561266583e+02 3.058472789999015262e+01 1.841961104754417988e+02 3.275131544597098809e+01
2.296077491101192572e+04 1.183695340086245409e+02 3.068862437091292605e+01 1.841684016656092808e+02 3.375065943889079989e+01
2.296127085841829467e+04 1.194024078919117784e+02 3.063220759605647103e+01 1.843243545912204695e+02 3.473839766470072732e+01
2.296175529679434840e+04 1.204692881035147138e+02 3.056502967762930467e+01 1.844241234419106377e+02 3.573340048726278440e+01
2.296221899830594339e+04 1.215067579104289734e+02 3.063506995126596877e+01 1.844924519878115632e+02 3.673103612488203851e+01
2.296265998234042854e+04 1.225153069325880040e+02 3.079754004466155592e+01 1.845019099876905386e+02 3.773090062977505710e+01
2.296309542939438688e+04 1.235512530740194137e+02 3.095595982375421684e+01 1.844115147404471315e+02 3.872679651346572172e+01
2.296353972738885204e+04 1.246136465938105857e+02 3.101870004500328548e+01 1.842898950823549740e+02 3.971934032421755489e+01
2.296399362782926619e+04 1.256630155877803929e+02 3.101707139545394298e+01 1.842285714210663912e+02 4.071736148154415957e+01
2.296442641510004250e+04 1.266466876171273697e+02 3.109217409669095744e+01 1.842640459746674537e+02 4.171673205144880825e+01
2.296484086224966086e+04 1.275528725589379491e+02 3.123633993234276218e+01 1.842985550289996581e+02 4.271605486962673837e+01
2.296526605147070222e+04 1.284763171126465124e+02 3.132077458200190634e+01 1.842487839102599878e+02 4.371481551161807744e+01
2.296571640204831783e+04 1.294720026644362463e+02 3.137691210586500645e+01 1.841981056517713000e+02 4.471353039385943617e+01
2.296616630876658746e+04 1.304592675361401177e+02 3.140710774344143985e+01 1.841444738855845742e+02 4.571208404626849386e+01
2.296660082080234861e+04 1.314671606686425207e+02 3.139247967886130297e+01 1.841175951587928523e+02 4.671158977446181382e+01
2.296701549933266506e+04 1.324639672344429187e+02 3.142294665021744038e+01 1.841828952594588316e+02 4.770940257314157407e+01
2.296742309893538913e+04 1.334412206395575424e+02 3.149483013565577494e+01 1.841896547661102090e+02 4.870937898547437328e+01
2.296782243973691948e+04 1.343894280862407413e+02 3.158529263120751551e+01 1.842035194667237477e+02 4.970928229478204941e+01
2.296821968409235706e+04 1.352982835163894038e+02 3.164453096343622462e+01 1.842218714226314660e+02 5.070908454292780476e+01
2.296864143926508768e+04 1.362360308631826626e+02 3.157834619128701803e+01 1.842018959470224218e+02 5.170879185222287333e+01
2.296909187053226924e+04 1.372463652236549194e+02 3.150599228255293838e+01 1.842537227947248084e+02 5.270744793523109450e+01
2.296954229558621591e+04 1.382105661730078623e+02 3.150937291981556854e+01 1.843056684007170247e+02 5.370609681049025141e+01
2.297002612741470875e+04 1.391918016352535119e+02 3.158880797777008098e+01 1.843486589717702770e+02 5.470514346746825396e+01
2.297053332981363201e+04 1.402426393325647211e+02 3.168916247064252900e+01 1.843480703694164617e+02 5.570490328744862296e+01
2.297104266643870142e+04 1.413052586960988037e+02 3.174743233509491347e+01 1.842418914412770334e+02 5.669924798003797406e+01
2.297155215539080382e+04 1.423902468778377965e+02 3.190042935309465832e+01 1.841455327405114133e+02 5.769459042296617923e+01
2.297202188532806758e+04 1.434167578184880369e+02 3.207350530629648233e+01 1.840331282062042249e+02 5.868820212213590537e+01
2.297246963509653142e+04 1.444087246702661105e+02 3.225351825564325736e+01 1.838723202934968981e+02 5.967518392177249353e+01
2.297291621564192246e+04 1.453855730823517831e+02 3.249217415772477580e+01 1.836984283058926906e+02 6.065994857316311339e+01
2.297336407608932859e+04 1.463567906524347677e+02 3.274182016321010025e+01 1.835263625143808497e+02 6.164503399960021568e+01
2.297380351880971648e+04 1.473332257308532292e+02 3.304678893337801782e+01 1.833500343687788359e+02 6.262925178464334408e+01
2.297424374987604097e+04 1.482622367391149680e+02 3.351838649654841618e+01 1.830964864948590503e+02 6.359595885553751060e+01
2.297469762278625058e+04 1.490785316267813982e+02 3.415415208790302870e+01 1.826844432492496253e+02 6.450630828239761172e+01
2.297517660013783461e+04 1.497867745781909434e+02 3.492567365200066121e+01 1.821165389092117266e+02 6.532854616004019022e+01
2.297565193952456320e+04 1.504259321521131767e+02 3.572891294864324152e+01 1.814195522155909828e+02 6.604496122002882430e+01
2.297612038442815538e+04 1.509912376648921679e+02 3.657101907330540769e+01 1.806320910859664650e+02 6.666052479653254181e+01
2.297660216215893888e+04 1.514398564344672025e+02 3.749506070629162480e+01 1.797684378650909309e+02 6.716354400200792441e+01
2.297709177790147805e+04 1.518044164505594438e+02 3.846788441368159539e+01 1.788453303658840809e+02 6.754787540962152548e+01
2.297759523774238551e+04 1.520631483727347870e+02 3.944577908958793699e+01 1.779028914961220096e+02 6.788181312571583703e+01
2.297810162688999117e+04 1.522132654381719306e+02 4.039995251962171352e+01 1.769382465837593088e+02 6.814306053083704739e+01
2.297859200289311048e+04 1.522799828122757617e+02 4.137932838071462527e+01 1.759464911688297946e+02 6.826857335783118685e+01
2.297907712082900980e+04 1.522303188323502070e+02 4.238927940667760197e+01 1.749470620664476996e+02 6.829103987077691329e+01
2.297956234741728986e+04 1.521073653677070752e+02 4.341040583149019483e+01 1.739496465384800103e+02 6.821925974625793287e+01
2.298004347616992891e+04 1.520005200829112368e+02 4.433949976985130803e+01 1.729529153327148947e+02 6.813945835170399334e+01
2.298053770386845645e+04 1.519320974411957934e+02 4.523108918704497938e+01 1.719536508273624804e+02 6.810253613922857596e+01
2.298106916566611108e+04 1.517694635715905065e+02 4.620402231414836081e+01 1.709578491821686441e+02 6.801823473721366042e+01
2.298161912336885507e+04 1.513852629531069738e+02 4.694781155437873821e+01 1.699908916882687606e+02 6.778155279487893381e+01
2.299143237729785687e+04 1.513828851496012078e+02 4.696184712022576235e+01 1.693499144993513710e+02 6.728133773204467616e+01
