# ts_seconds,x,y,gt_x,gt_y
2.743352069622693307e+04 1.712455484763044637e+02 6.906893191938800669e+01 1.712455484763044637e+02 6.906893191938800669e+01
2.743771795676730471e+04 1.712272425420709112e+02 7.078033086696308374e+01 1.702713864689278296e+02 6.884350610026274353e+01
2.743819411315473917e+04 1.712835818874517884e+02 7.176815093646750654e+01 1.692726155012201161e+02 6.879410903216736983e+01
2.743865455062645560e+04 1.714106641315028412e+02 7.278941226426265132e+01 1.682772880055295275e+02 6.869939634488096658e+01
2.743912580496270311e+04 1.716072409915474850e+02 7.380461911889710791e+01 1.672809722994269066e+02 6.878492917986892508e+01
2.743963464775325338e+04 1.718451263140289029e+02 7.489412044504452126e+01 1.662910063704707966e+02 6.892610765898633929e+01
2.744008480619403053e+04 1.720206704636215989e+02 7.591755772030926153e+01 1.652953790333458244e+02 6.901822935064001285e+01
2.744050689474520186e+04 1.721078057507394021e+02 7.690483718082272446e+01 1.643176068078494438e+02 6.922772843578785285e+01
2.744097332267439197e+04 1.721056050123922603e+02 7.801034444365575382e+01 1.633281280720069049e+02 6.937214939653304668e+01
2.744142318626337510e+04 1.720510830342886379e+02 7.905798401098786599e+01 1.623314070194040823e+02 6.945303657910453410e+01
2.744182099041459514e+04 1.719515103513425345e+02 7.995462383826529162e+01 1.613359714707519856e+02 6.954753976639452162e+01
2.744222304239173172e+04 1.718457210889685882e+02 8.089481448103173022e+01 1.603360097554028698e+02 6.954467263063187943e+01
2.744261517711881243e+04 1.717794299501150022e+02 8.182593521615626742e+01 1.593378080903196974e+02 6.948574461577121042e+01
2.744299161683624698e+04 1.717309901852022733e+02 8.270987332106882661e+01 1.583379296584129747e+02 6.950103732417292690e+01
2.744338792908600590e+04 1.717128151389802042e+02 8.366412899236460987e+01 1.573379477917924021e+02 6.949536845428559673e+01
2.744376187347140149e+04 1.717535607136293550e+02 8.457015684161014235e+01 1.563382539524805281e+02 6.947882635927153672e+01
2.744414662205578134e+04 1.718806848094569375e+02 8.549838561993207975e+01 1.553441024961536243e+02 6.958546386532830752e+01
2.744456483430765729e+04 1.721690720044580871e+02 8.644489431060517859e+01 1.543668685923752264e+02 6.979750292464515837e+01
2.744495704761882371e+04 1.725676729721760978e+02 8.730750994729012859e+01 1.534022416422797335e+02 7.005898330623321613e+01
2.744535788128159038e+04 1.730337675270399416e+02 8.819762700648952602e+01 1.525040344430261428e+02 7.049845169764273578e+01
2.744575666131213075e+04 1.735497921303792452e+02 8.902449259411194760e+01 1.516294080884198934e+02 7.098321301187874610e+01
2.744614495111011274e+04 1.741090225805429554e+02 8.980494183531871499e+01 1.507427222472590813e+02 7.144472828056024127e+01
2.744654476459171929e+04 1.746814578919721441e+02 9.064254915076318753e+01 1.499322719256752805e+02 7.203049364866870974e+01
2.744692383455298113e+04 1.751877070991870653e+02 9.143724999040271939e+01 1.491403371984476962e+02 7.264072886590788869e+01
2.744729901393748150e+04 1.756873264374028167e+02 9.221649042926328832e+01 1.482909579910797220e+02 7.316844325004517202e+01
2.744768841900190455e+04 1.761866250360921242e+02 9.303443080301832424e+01 1.474646021138578647e+02 7.373155713135479061e+01
2.744805542345986760e+04 1.766161354589536359e+02 9.381408844869952190e+01 1.466535301996111400e+02 7.431631252374045005e+01
2.744844562621584919e+04 1.770709102773735424e+02 9.463186619935093802e+01 1.458029135843393362e+02 7.484209763089369005e+01
2.744883196786558983e+04 1.775155423482345327e+02 9.541219204784933083e+01 1.449512315762325159e+02 7.536593537737635984e+01
2.744922379910913878e+04 1.779245943530397938e+02 9.622742159686816876e+01 1.441354689284152357e+02 7.594393936757893471e+01
2.744965155164519820e+04 1.783298224296516992e+02 9.712648679958552123e+01 1.432661206996258727e+02 7.643781431615651911e+01
2.745005590730321637e+04 1.787132705840269011e+02 9.795165675593089816e+01 1.423616090294832759e+02 7.686411775499379928e+01
2.745049912892944485e+04 1.790755198747181964e+02 9.888852589786199587e+01 1.414773200969436004e+02 7.733083782232735359e+01
2.745099777394164630e+04 1.794530936090605451e+02 9.995152106898932232e+01 1.405647195791804052e+02 7.773959052795898117e+01
2.745145953278013985e+04 1.798388268247257429e+02 1.009271981328650440e+02 1.396391994710567701e+02 7.811773554225743510e+01
2.745190179089801677e+04 1.801960306729390027e+02 1.018741985158122390e+02 1.387463321627944595e+02 7.856762411154477377e+01
2.745236185738201675e+04 1.805801274462649815e+02 1.028660665849273386e+02 1.378202190761585371e+02 7.894486991182763802e+01
2.745277895986434669e+04 1.809431714398521365e+02 1.037636423618095449e+02 1.368964185628492771e+02 7.932739581091873049e+01
2.745317102637123753e+04 1.812432266767046940e+02 1.046477370797461504e+02 1.359960323499905996e+02 7.976159660528212214e+01
2.745359568718761875e+04 1.815447925242095835e+02 1.056323670574335836e+02 1.350528589446626881e+02 8.009370066666549803e+01
2.745399174350692556e+04 1.818102753405584622e+02 1.065661345018950783e+02 1.340969688748565147e+02 8.038721388865940298e+01
2.745438112542025192e+04 1.820485415526711677e+02 1.075103376586858843e+02 1.331527411300868948e+02 8.071597449499097365e+01
2.745479751136223422e+04 1.822877042556535514e+02 1.085263580588400032e+02 1.321867854642497946e+02 8.097444345996088089e+01
2.745517703445754523e+04 1.825154184558682857e+02 1.094559354908318625e+02 1.312122187566621676e+02 8.119777096971783692e+01
2.745556315072839789e+04 1.827390872619789945e+02 1.103832561650819457e+02 1.302543609013843309e+02 8.148489451033401565e+01
2.745596529052688857e+04 1.829770028284429770e+02 1.112870625165012797e+02 1.292877605338209435e+02 8.174110429165341429e+01
2.745636678171355015e+04 1.832331520694102949e+02 1.121588850172980756e+02 1.283183056798372377e+02 8.198404190695656268e+01
2.745680746586906753e+04 1.835443320205861539e+02 1.131257132245237642e+02 1.273851513933740307e+02 8.234347331570172912e+01
2.745725709042702874e+04 1.838711617267894383e+02 1.140972321235487499e+02 1.264578535869053866e+02 8.271750997821057183e+01
2.745768158826664148e+04 1.841814398855698016e+02 1.150217795018376421e+02 1.255140045660381674e+02 8.304761589845847425e+01
2.745811629779927898e+04 1.844797895319703684e+02 1.160037114297571463e+02 1.245842921439905240e+02 8.341534023755653493e+01
2.745855089126820531e+04 1.847543219614173324e+02 1.169823670470166093e+02 1.236294220832288886e+02 8.371178069107943998e+01
2.745897076545004165e+04 1.849847305358064773e+02 1.179311697590714658e+02 1.226593604317240533e+02 8.395387745206264185e+01
2.745941371612737203e+04 1.851896681413125521e+02 1.189557935761146155e+02 1.217047641031956857e+02 8.425101867836875158e+01
2.745984881386541019e+04 1.853999056997633375e+02 1.199517990187183898e+02 1.207304735226922645e+02 8.447583720835501708e+01
2.746025321279365016e+04 1.856270484018511979e+02 1.208712463855808323e+02 1.197488894122824945e+02 8.466420391085613062e+01
2.746068463562595934e+04 1.858625328331163473e+02 1.218642765211928491e+02 1.187900835325464897e+02 8.494814418231179332e+01
2.746112389183860068e+04 1.860924438946300086e+02 1.228656751786791261e+02 1.178231416980150073e+02 8.520283119497906910e+01
2.746152995406426271e+04 1.862674034617552650e+02 1.237911425726588561e+02 1.168488411727179965e+02 8.542688954351295649e+01
2.746194911763562050e+04 1.863878199706747978e+02 1.247662907374261323e+02 1.158910419202968853e+02 8.571366887645834254e+01
2.746237501418884131e+04 1.865078787993579397e+02 1.257457887502406777e+02 1.149160973707607241e+02 8.593477081424686048e+01
2.746278400849648096e+04 1.866308135664035035e+02 1.266763794564910341e+02 1.139282106364981928e+02 8.608912337253420333e+01
2.746321961180243306e+04 1.867237458030445794e+02 1.276778911288823224e+02 1.129474527142734530e+02 8.628300349327442120e+01
2.746365651262256870e+04 1.867722815710270936e+02 1.287032912163260221e+02 1.119546361084017718e+02 8.639835298718011813e+01
2.746406338850237807e+04 1.867928654805292581e+02 1.296854836855937378e+02 1.109552375306182626e+02 8.642841557499657767e+01
2.746448796949127427e+04 1.868108033209056202e+02 1.306823736156415521e+02 1.099581223776498575e+02 8.650279690378977193e+01
2.746491863355769237e+04 1.868747215334072678e+02 1.316440376193046973e+02 1.089586347492728038e+02 8.653470920159118407e+01
2.746535729191951759e+04 1.869897729213259083e+02 1.326210374378856045e+02 1.079618851730205762e+02 8.659347902137538711e+01
2.746582207027944969e+04 1.871087834569593724e+02 1.336642726672278911e+02 1.069833192019160037e+02 8.679920565207440575e+01
2.746627751113433260e+04 1.871979754523076735e+02 1.346877483690319082e+02 1.059983871685810897e+02 8.696988861942269011e+01
2.746669992474892206e+04 1.872331044417074395e+02 1.356336260568384091e+02 1.050036538849509498e+02 8.707168869127107769e+01
2.746712876223812418e+04 1.871904804727707017e+02 1.365833359821829447e+02 1.040115088501914755e+02 8.719173272695906007e+01
2.746755611368391692e+04 1.870978475433687720e+02 1.375533557823687261e+02 1.030123190663641850e+02 8.720378781054154160e+01
2.746796765661783866e+04 1.870041020657557738e+02 1.385427790186476784e+02 1.020157635246961405e+02 8.712163449072872368e+01
2.746838322326486741e+04 1.869089504211607107e+02 1.395587426338789214e+02 1.010178124022537673e+02 8.706077690673731695e+01
2.746877525782936937e+04 1.868134557794043928e+02 1.405339478611909954e+02 1.000253195983975871e+02 8.694058123992346054e+01
2.746916406265143814e+04 1.866967154079439695e+02 1.415253558086691612e+02 9.904041209830883474e+01 8.676780239387210258e+01
2.746955709868228223e+04 1.865508198093546923e+02 1.425036371570408278e+02 9.805185615468582228e+01 8.661719079382748987e+01
2.746993422946192732e+04 1.864443849321841071e+02 1.434182057062324986e+02 9.706693647700498673e+01 8.644419859987385735e+01
2.747033994643273400e+04 1.863849594711443558e+02 1.443989850515258979e+02 9.608141249126305183e+01 8.627813532761047099e+01
2.747076440542393175e+04 1.863640199136015951e+02 1.454030763399607622e+02 9.508433771584758176e+01 8.620316797634612271e+01
2.747118116976165766e+04 1.863958057000674557e+02 1.463735454048456859e+02 9.408497305162946134e+01 8.616845912707186983e+01
2.747162019397278709e+04 1.864629079809236316e+02 1.474117390016691616e+02 9.308587904643898980e+01 8.617105220458633141e+01
2.747205391066806988e+04 1.865324540101867683e+02 1.484435973682687688e+02 9.209136518892728418e+01 8.627540622452838193e+01
2.747245733745992766e+04 1.866043804882738755e+02 1.494067970103870380e+02 9.109465727861348228e+01 8.635417903994364508e+01
2.747287008331152538e+04 1.866804805852395646e+02 1.504033989712159212e+02 9.009627963938925177e+01 8.640054282957903808e+01
2.747328361360884810e+04 1.867452822005074040e+02 1.513804320695930983e+02 8.910438043185799017e+01 8.652752136762238422e+01
2.747368500149682222e+04 1.868097140726711700e+02 1.523116888046655220e+02 8.811252834817665303e+01 8.665250470288505369e+01
2.747410198339544877e+04 1.868604601963153584e+02 1.532903825955971797e+02 8.711545200556039958e+01 8.672675302307425227e+01
2.747450194925450342e+04 1.868592001123601278e+02 1.542319732608516176e+02 8.612227134848464516e+01 8.684333577123624082e+01
2.747490220452097856e+04 1.868224579144005872e+02 1.551910990444885101e+02 8.512789394759941786e+01 8.693634462449669797e+01
2.747532106997773371e+04 1.867991945216160445e+02 1.562103280814234267e+02 8.412816608489950454e+01 8.691348357787607881e+01
2.747571866504115678e+04 1.867914810104564083e+02 1.571722054440108423e+02 8.312831060898564317e+01 8.690845721465845486e+01
2.747613542078334649e+04 1.867796449980250770e+02 1.581642587131889854e+02 8.212888536308797427e+01 8.692852930634404629e+01
2.747657269591563090e+04 1.867771646822673972e+02 1.592066677270059074e+02 8.112963220492517280e+01 8.689348541912657709e+01
2.747698781876763314e+04 1.867790459259672105e+02 1.602100941396635108e+02 8.012971896077542056e+01 8.690040827553997360e+01
2.747740929361215603e+04 1.867899410635003790e+02 1.612243584820131161e+02 7.913035239288403488e+01 8.691886918334517986e+01
2.747783603187407425e+04 1.868427652765726350e+02 1.622356647392919058e+02 7.813140119867924227e+01 8.688050177302997668e+01
2.747824174721951931e+04 1.869100996007736342e+02 1.631897640370031013e+02 7.713217459586481084e+01 8.690979740967244993e+01
2.747866436793240064e+04 1.869550911014281667e+02 1.641703355955563950e+02 7.613535562281836633e+01 8.698606821276962364e+01
2.747909601774797557e+04 1.870003350853250765e+02 1.651748071235574571e+02 7.513623543142158212e+01 8.702174803771632128e+01
2.747949388589629234e+04 1.870525420174774069e+02 1.661271558099911658e+02 7.414097572763405708e+01 8.711621153441357990e+01
2.747989751779228754e+04 1.870957621048769681e+02 1.671088262332328327e+02 7.314985280151800850e+01 8.724495461254694817e+01
2.748029766960032794e+04 1.871406396429577228e+02 1.680809274969177807e+02 7.215144917117363832e+01 8.730138508368693806e+01
2.748068043181826579e+04 1.871576980430601225e+02 1.690150414392081188e+02 7.115362408641537684e+01 8.736327028859413701e+01
2.748107865023199702e+04 1.871050744045656700e+02 1.699865697007323320e+02 7.015863242352067175e+01 8.745108248179849397e+01
2.748147315467038061e+04 1.870029878759471273e+02 1.709420790552870528e+02 6.916015761369837378e+01 8.741649703782283609e+01
2.748187373361304344e+04 1.868583496512313502e+02 1.718934471792481133e+02 6.816733324981650810e+01 8.729731986508400610e+01
2.748228285141713059e+04 1.866897596626560016e+02 1.728277926824954989e+02 6.717356638375372313e+01 8.718801021696440046e+01
2.748268370316098662e+04 1.865663916690140525e+02 1.737459256080828993e+02 6.618667056561942275e+01 8.702720681547035042e+01
2.748310861228608701e+04 1.864849532477335572e+02 1.747441974117087113e+02 6.520206679280541096e+01 8.685589597497467196e+01
2.748353375956968739e+04 1.864089437957731548e+02 1.757384168911785878e+02 6.420724155572435166e+01 8.675432355658304573e+01
2.748393888661094752e+04 1.863841917475485559e+02 1.766769296201501902e+02 6.321313252949533279e+01 8.664600479886820494e+01
2.748435435332609995e+04 1.864195739751794179e+02 1.776376867000625452e+02 6.221866430356553934e+01 8.655850548552969315e+01
2.748476403196205865e+04 1.864555848444755100e+02 1.785878367485337321e+02 6.121981881041216411e+01 8.660073643582565239e+01
2.748516521346543959e+04 1.864920605192429264e+02 1.795334595460920184e+02 6.022309886033186643e+01 8.667950509694229311e+01
2.748557377198209724e+04 1.865533908785782558e+02 1.805025035829202693e+02 5.922538476644988492e+01 8.673802160420046903e+01
2.748596666465835369e+04 1.866047691738148728e+02 1.814283793659602111e+02 5.823419243920768196e+01 8.686990799256915352e+01
2.748637298423309403e+04 1.866148820346289483e+02 1.823903554179224784e+02 5.724404534763934294e+01 8.700230466388966022e+01
2.748679728168185466e+04 1.865554452719995595e+02 1.833964901509655476e+02 5.624479147643118182e+01 8.703913183302253742e+01
2.748720421287306090e+04 1.863589088521839301e+02 1.843451616487762124e+02 5.524573156013818220e+01 8.703139174933254196e+01
2.748762951448155945e+04 1.860057827637157573e+02 1.853125613399642191e+02 5.426219564152528818e+01 8.688593850206281388e+01
2.748805479469820784e+04 1.855376764105847371e+02 1.862131846407284286e+02 5.333208481898030584e+01 8.652053286757056583e+01
2.748846503935249712e+04 1.849136677140326697e+02 1.869233429213719262e+02 5.244513683229973111e+01 8.606275866445561462e+01
2.748890752578580214e+04 1.841059071135146894e+02 1.875316239703205952e+02 5.165960953797721800e+01 8.545595508880640523e+01
2.748934685538228587e+04 1.832520482609694454e+02 1.880230388487485413e+02 5.104081582390204375e+01 8.467144544661624650e+01
2.748977125710328255e+04 1.823752023122111154e+02 1.883900412097399055e+02 5.049982262770914332e+01 8.383148798757562759e+01
2.749023982370476369e+04 1.813645422288209659e+02 1.887243154747220615e+02 5.006151220704605009e+01 8.293569273132281694e+01
2.749071396946677487e+04 1.803589891891614627e+02 1.890159991742219461e+02 4.974074115988337041e+01 8.198853702022572065e+01
2.749117195310256284e+04 1.793851770886977306e+02 1.891948980883683475e+02 4.943119851909425222e+01 8.103796834197339649e+01
2.749165050466401226e+04 1.783428153493217962e+02 1.893173181775829335e+02 4.919172976388662022e+01 8.006845064061262462e+01
2.749212695837039428e+04 1.772876644280846676e+02 1.894442883553743115e+02 4.902437039129981855e+01 7.908290123464728083e+01
2.749256147441845314e+04 1.763086008343301501e+02 1.895556490064660125e+02 4.882014321737636209e+01 7.810405667956821674e+01
2.749298796963379937e+04 1.753448492664564640e+02 1.897116084375771266e+02 4.865529198198812111e+01 7.711825470062602506e+01
2.749342047412316970e+04 1.743934040597880823e+02 1.899576425717933432e+02 4.851396376390811582e+01 7.612963071214285549e+01
2.749383666600499782e+04 1.735148026819856852e+02 1.902398201924003729e+02 4.827078232578693218e+01 7.516004430852714790e+01
2.749427011274046163e+04 1.726641743026704603e+02 1.906511439301485495e+02 4.796333841625148153e+01 7.420910652187815515e+01
2.749473848342913698e+04 1.718410237038265507e+02 1.912512307273914871e+02 4.754436703102899031e+01 7.330748738703793776e+01
2.749518492063408121e+04 1.711326513009599921e+02 1.919319665510273012e+02 4.695307635026673410e+01 7.250157382678327167e+01
2.749561456134340915e+04 1.705626597545380889e+02 1.926883400481834201e+02 4.630737620330862114e+01 7.173876546773998086e+01
2.749608103010273408e+04 1.700853443303499262e+02 1.935899099155063539e+02 4.556872653541802265e+01 7.107798482442561294e+01
2.749654101107814495e+04 1.697295839113795068e+02 1.945143388920589302e+02 4.468575395779119219e+01 7.061033109603479829e+01
2.749698792327257252e+04 1.694777900080988786e+02 1.954682150772947011e+02 4.376265554994651552e+01 7.022896222511948849e+01
2.749746878044204641e+04 1.692638414862827005e+02 1.965492145176918939e+02 4.280232394805257456e+01 6.995638526011342151e+01
2.749792725075524868e+04 1.691251208140468236e+02 1.975602989720502762e+02 4.182220322920576905e+01 6.975905121536197839e+01
2.749836195788858458e+04 1.691010010307471703e+02 1.984997801445117318e+02 4.084308597096259064e+01 6.956157048326076620e+01
2.749881729036812249e+04 1.691361732815481105e+02 1.994996292106316389e+02 3.984896400266458727e+01 6.949108810613878973e+01
2.749927802906521538e+04 1.691652388120788544e+02 2.005298727226436029e+02 3.885006498672276365e+01 6.953520459962147982e+01
2.749971130260416248e+04 1.691736743328131070e+02 2.015350872695592841e+02 3.785027881216531398e+01 6.955585968587057266e+01
2.750014495664808783e+04 1.691371454370785443e+02 2.025640039706410391e+02 3.685053199428045900e+01 6.957835450084655804e+01
2.750057350322531056e+04 1.690613136697857328e+02 2.035354783857738425e+02 3.585304237010297612e+01 6.955691165834157630e+01
2.750098991675465732e+04 1.689924599130493448e+02 2.044363724803295383e+02 3.485926936284803190e+01 6.944731677751404675e+01
2.750143440139800441e+04 1.689236867870854155e+02 2.053577841980753647e+02 3.386146636719032443e+01 6.939420053564842306e+01
2.750191850669978521e+04 1.689005625911986783e+02 2.062718610507894823e+02 3.286315787745952122e+01 6.936578294449546433e+01
2.750243641576138907e+04 1.689649514559572765e+02 2.069884294455666236e+02 3.186727965897237880e+01 6.931130660656475584e+01
2.750358725337551004e+04 1.684113608731609020e+02 2.066649782469994534e+02 3.118853515920311636e+01 6.902429983633162180e+01
2.750464738498543375e+04 1.679504376734856805e+02 2.053597778937633223e+02 3.187862694970555211e+01 6.848744002618559534e+01
2.750522534829481447e+04 1.680489232020051702e+02 2.042860323832312304e+02 3.286113834379900567e+01 6.847178908434524658e+01
2.750575758328099982e+04 1.681117890389661511e+02 2.032051227955013246e+02 3.385969349495495351e+01 6.852417329099679932e+01
2.750624381510574312e+04 1.681069192830170493e+02 2.021569699241910598e+02 3.485946359585179266e+01 6.852793768432110255e+01
2.750669237228850761e+04 1.680318997719837455e+02 2.011803155560749872e+02 3.585873586965594484e+01 6.856079816256367110e+01
2.750715077194033438e+04 1.679674455933242143e+02 2.001689627330148937e+02 3.685441858876966137e+01 6.848701878556052236e+01
2.750760446901824616e+04 1.679164009447602837e+02 1.991723526720090263e+02 3.784973873135415801e+01 6.839041072494350715e+01
2.750804223417628236e+04 1.678294800216254998e+02 1.982196407095142945e+02 3.884869656935985915e+01 6.835482037400073807e+01
2.750850159103990154e+04 1.677509936586682215e+02 1.971952911343141750e+02 3.984020683793780648e+01 6.823360181360745003e+01
2.750896820301095431e+04 1.677142849746748254e+02 1.961593070164248331e+02 4.083095456677040858e+01 6.809793483879877840e+01
2.750939903564028282e+04 1.676956133113840224e+02 1.952313253354705012e+02 4.182841872689024143e+01 6.803481994787036058e+01
2.750984273647568261e+04 1.676995311683480168e+02 1.942908924678517621e+02 4.282288182429937962e+01 6.793274822473544816e+01
2.751030408839228767e+04 1.676982856659905110e+02 1.933178624458943773e+02 4.382158053195217917e+01 6.789612564469761935e+01
2.751074767487896679e+04 1.676620278866887475e+02 1.923557844094683560e+02 4.481778546244383676e+01 6.797178391416014165e+01
2.751119220228359700e+04 1.676342718570794261e+02 1.913615527589839473e+02 4.581698415285934090e+01 6.797831279528413972e+01
2.751161948420828412e+04 1.676158975550497132e+02 1.903942282534272294e+02 4.681696585068400651e+01 6.797278664710577800e+01
2.751203589400254350e+04 1.675817937410715786e+02 1.894649328602198182e+02 4.781527798229625148e+01 6.802528869657594157e+01
2.751247987596341045e+04 1.675947889901522103e+02 1.885039418625190706e+02 4.881430375460440985e+01 6.800203375288755581e+01
2.751290112711151232e+04 1.676744316243938329e+02 1.875992571637359561e+02 4.981416260961866271e+01 6.799024539816660706e+01
2.751331872173658485e+04 1.677518879729225887e+02 1.866698274844716252e+02 5.081032089327595003e+01 6.806980185030256791e+01
2.751377140868180868e+04 1.678044255675767147e+02 1.856619361567721853e+02 5.180910420737638589e+01 6.811415618576170061e+01
2.751420826347424008e+04 1.678598850954487034e+02 1.847202588962865377e+02 5.280867736408315238e+01 6.814325600845849351e+01
2.751466346088517457e+04 1.679327933303494262e+02 1.837414218601417986e+02 5.380603198298128120e+01 6.821372817936897093e+01
2.751514026811306030e+04 1.680599795364748275e+02 1.827339887115974761e+02 5.480542148311481299e+01 6.824170271703984270e+01
2.751557312574025127e+04 1.682669309984082417e+02 1.818446757773409672e+02 5.580263869619236772e+01 6.831300518151907397e+01
2.751601354776503649e+04 1.684999863319083602e+02 1.808999690112775056e+02 5.677680393096355971e+01 6.853156828668844014e+01
2.751646862544333999e+04 1.687235008026349021e+02 1.798997222240428471e+02 5.774488107873790455e+01 6.878219069340545389e+01
2.751688769378359939e+04 1.689020780063238192e+02 1.789936987928350902e+02 5.871484611571605683e+01 6.902540651874836897e+01
2.751732251576475392e+04 1.690150642030319261e+02 1.780367746634261437e+02 5.968903941757676535e+01 6.925102231392700958e+01
2.751778464240190806e+04 1.691230864641179892e+02 1.770144688669930133e+02 6.068095979866165379e+01 6.937071449980246030e+01
2.751823520019673742e+04 1.692274250913219475e+02 1.760204138380063625e+02 6.167504852454229081e+01 6.947926285815155723e+01
2.751868865811271462e+04 1.692768132348118968e+02 1.750085528868503957e+02 6.266558955469031389e+01 6.961605659582633621e+01
2.751915206727782061e+04 1.693059329425004762e+02 1.739777915419923318e+02 6.366428261468686856e+01 6.962878784880135186e+01
2.751958570918055921e+04 1.693125322133038821e+02 1.730111671718972843e+02 6.466426004043476894e+01 6.962207061137310404e+01
2.752000741388406459e+04 1.692512737642358047e+02 1.720652700623955695e+02 6.566421776144140665e+01 6.962954700693671839e+01
2.752044739620677501e+04 1.691451604697863615e+02 1.710837676612768519e+02 6.665470190830521346e+01 6.950170911104324034e+01
2.752084936850683516e+04 1.690106470010527460e+02 1.701834168144280568e+02 6.764428768824146232e+01 6.935776825603706186e+01
2.752126083974812718e+04 1.688309005450037432e+02 1.692557357476492257e+02 6.864108660730371980e+01 6.928156870393665656e+01
2.752170163773775130e+04 1.686606443432850995e+02 1.682644549151515605e+02 6.962788309058940683e+01 6.912293612800529274e+01
2.752211268109071534e+04 1.685196009283075966e+02 1.673307493514050748e+02 7.061105493681762368e+01 6.894030671269736388e+01
2.752252903101051925e+04 1.683795838532375058e+02 1.663703696643027570e+02 7.160245825885186832e+01 6.881087522143899093e+01
2.752294288483720084e+04 1.682998465022578785e+02 1.654333675222727607e+02 7.258978881051567100e+01 6.865267809886734085e+01
2.752333828587776952e+04 1.682965051503249185e+02 1.645459712541859005e+02 7.358291724980286119e+01 6.853677582604554175e+01
2.752378226674126927e+04 1.683239450080128279e+02 1.635296244156442356e+02 7.458199221250326616e+01 6.854836007758648009e+01
2.752427217605003898e+04 1.683484886270962875e+02 1.624265018925213440e+02 7.558174548865592612e+01 6.857054217513457672e+01
2.752472979664853483e+04 1.683541467589090814e+02 1.614169180254187950e+02 7.658127136125541767e+01 6.860119056576084517e+01
2.752518824117865006e+04 1.683357114498319902e+02 1.603860521593859119e+02 7.758031539819069167e+01 6.864473053721599172e+01
2.752566477623146420e+04 1.683479221825045613e+02 1.592947581844421165e+02 7.857862512620478412e+01 6.859530633572040870e+01
2.752609797432437699e+04 1.683944450509954152e+02 1.582906189881580872e+02 7.957845603146391511e+01 6.858745091351755718e+01
2.752651296692881442e+04 1.684211480183151366e+02 1.573135186518670992e+02 8.057664435016282312e+01 6.864463381808509723e+01
2.752694299604264233e+04 1.684426808933355346e+02 1.563102955208050275e+02 8.157646689371964044e+01 6.865126381501760022e+01
2.752734556734249418e+04 1.684550373049206371e+02 1.553847762808026687e+02 8.257429548039381473e+01 6.871424151326863239e+01
2.752776734694453626e+04 1.684297976630654432e+02 1.544212621957116482e+02 8.357099215015293225e+01 6.879537189577865774e+01
2.752821721568017165e+04 1.684306179958481380e+02 1.534050069069490121e+02 8.456824723044408643e+01 6.873468252333566397e+01
2.752863374791767637e+04 1.685016927516998066e+02 1.524485071878689553e+02 8.556753859666366679e+01 6.869863841715081776e+01
2.752905738602268684e+04 1.685938192326802323e+02 1.514492777872522993e+02 8.656550749045541693e+01 6.875705660066115854e+01
2.752949161102330982e+04 1.686546935885764356e+02 1.504580281375511390e+02 8.756530418173707631e+01 6.877131647910864842e+01
2.752990616972060161e+04 1.686807139276881458e+02 1.495314394362721657e+02 8.856476854789436004e+01 6.880348074412484038e+01
2.753035956054372218e+04 1.686805280144564847e+02 1.484936615510724494e+02 8.956298898867900959e+01 6.886271046940335339e+01
2.753084368907737735e+04 1.686644537677831863e+02 1.473899016742074934e+02 9.056198344088606689e+01 6.882645769505421640e+01
2.753130108021207707e+04 1.686391239061186411e+02 1.463530078515044863e+02 9.156185821911148537e+01 6.881273634454724686e+01
2.753176071222264000e+04 1.685955763895276505e+02 1.452917537539762520e+02 9.256183544070019309e+01 6.881792304227698764e+01
2.753222581214823003e+04 1.686058904145325243e+02 1.442180353951288794e+02 9.355965548497076156e+01 6.875434487810554174e+01
2.753265034974438458e+04 1.686654340709389146e+02 1.432401317938355874e+02 9.455921391134229737e+01 6.877410578958681242e+01
2.753308598431686551e+04 1.687163939287962933e+02 1.422171659227658154e+02 9.555653003920320998e+01 6.884643736028493777e+01
2.753355394048783273e+04 1.687736055681738492e+02 1.411242662116405029e+02 9.655634778468154877e+01 6.885791878566931246e+01
2.753398570312537413e+04 1.688322666139751504e+02 1.401304111115556452e+02 9.755346057982761465e+01 6.893217806711433582e+01
2.753441013452846164e+04 1.688635221839078042e+02 1.391541144637195089e+02 9.855153996904272162e+01 6.899401356786364659e+01
2.753487477442311501e+04 1.689045161209568562e+02 1.380886664250132299e+02 9.955120658066491046e+01 6.897516302434684121e+01
2.753532281941258407e+04 1.689801345030097650e+02 1.370710176771668500e+02 1.005495412835272191e+02 6.903022929682197173e+01
2.753572521602652705e+04 1.690898718382335915e+02 1.361491230559234111e+02 1.015462858110676621e+02 6.911072141283293035e+01
2.753616360197199538e+04 1.692390743064186438e+02 1.351646985816461495e+02 1.025437223828685234e+02 6.918224655473603946e+01
2.753659870106325252e+04 1.693692011613480588e+02 1.342039262926071217e+02 1.035285358277108827e+02 6.935452915776318150e+01
2.753701603791496018e+04 1.694683381649946341e+02 1.332623999351617670e+02 1.045190333075343148e+02 6.949182061490870410e+01
2.753744602637142452e+04 1.695815247511768860e+02 1.322918462795427672e+02 1.055183074525040183e+02 6.952435954003675533e+01
2.753785410720022264e+04 1.696607582913110832e+02 1.313828364710516610e+02 1.065127462406600500e+02 6.962868183091583774e+01
2.753828698237053322e+04 1.696692054755526158e+02 1.304090640848526164e+02 1.075066324257590225e+02 6.973908963601394362e+01
2.753874100833352350e+04 1.696721818689401857e+02 1.294008309624186950e+02 1.085064345565770481e+02 6.974771965041425403e+01
2.753916406706487396e+04 1.696522724232633550e+02 1.284582420763113362e+02 1.095051623187749925e+02 6.979756496786832543e+01
2.753961692423711429e+04 1.695873273693175918e+02 1.274181459890087211e+02 1.105051211810739176e+02 6.979526063916453893e+01
2.754008535839261458e+04 1.695056769547053079e+02 1.263404317823655276e+02 1.114964128479553267e+02 6.966494259399297562e+01
2.754050309632927747e+04 1.694335958593060525e+02 1.253808394632493730e+02 1.124942519435800534e+02 6.960000311849503873e+01
2.754091327935247318e+04 1.693937811451016842e+02 1.244213020648654293e+02 1.134916517663283173e+02 6.952794548567788979e+01
2.754137226644542898e+04 1.694299284131025445e+02 1.233407225422229629e+02 1.144805929785663636e+02 6.937994003903466478e+01
2.754181144234210660e+04 1.695244287293329251e+02 1.223096956643527022e+02 1.154782016929512167e+02 6.931155473116044163e+01
2.754221422872580661e+04 1.696437100754009180e+02 1.213753809536813861e+02 1.164769926041308423e+02 6.926243424069110688e+01
2.754263155296132027e+04 1.698420228872826954e+02 1.204385555440065048e+02 1.174724332349345843e+02 6.916717858510226336e+01
2.754302726287646510e+04 1.700966127477656471e+02 1.195575902904505341e+02 1.184706763647636905e+02 6.922418995461062252e+01
2.754342724437488505e+04 1.704117621681740218e+02 1.186658157997214857e+02 1.194597767584285748e+02 6.937136585384449461e+01
2.754382060156159423e+04 1.707862851022460688e+02 1.178294023909711683e+02 1.204459441240292392e+02 6.953711593262735846e+01
2.754422332011154867e+04 1.712571152229583902e+02 1.170029742270625377e+02 1.213968924653738810e+02 6.984626509018970353e+01
2.754466045557641337e+04 1.718039899533960977e+02 1.161285884100361017e+02 1.222859228596410048e+02 7.030411094915650949e+01
2.754506951341181775e+04 1.723498312594273330e+02 1.153692385381133789e+02 1.231650694360971272e+02 7.078063872863364736e+01
2.754549077211084295e+04 1.729711464402839169e+02 1.146273234116855377e+02 1.240099660844511646e+02 7.131539620707860649e+01
2.754593696060913499e+04 1.736712210264507235e+02 1.138876905833734128e+02 1.247570805235421858e+02 7.198008862098295424e+01
2.754635132816355690e+04 1.743502981402561431e+02 1.132502045599826204e+02 1.254910331867461082e+02 7.265928218106424197e+01
2.754679163887914910e+04 1.750672634857293986e+02 1.125529358147260552e+02 1.262042369453661479e+02 7.336018535979246735e+01
2.754726457346719690e+04 1.758081790577303991e+02 1.117856484884149069e+02 1.268609395559719815e+02 7.411426269101349362e+01
2.754770012027299890e+04 1.764568137263083543e+02 1.110767469488281876e+02 1.275852258808106541e+02 7.480368803833069080e+01
2.754813718316032464e+04 1.769585739665938604e+02 1.102768242729005124e+02 1.283620603543829475e+02 7.543331128343849912e+01
2.754862332214941853e+04 1.773194735970129727e+02 1.092839633794201575e+02 1.291876494715489798e+02 7.599689776713701406e+01
2.754910611854586386e+04 1.776842620676533215e+02 1.082848103906298007e+02 1.301120613997101430e+02 7.637829306968018273e+01
2.754956070041871862e+04 1.780304784976164285e+02 1.073405867171634185e+02 1.310381096926817008e+02 7.675557964338821648e+01
2.755004866142410174e+04 1.783541051210738146e+02 1.062927100574684687e+02 1.319852543133319500e+02 7.707560264400026995e+01
2.755054546923923408e+04 1.786899458983143063e+02 1.052330071478804854e+02 1.329651900741455108e+02 7.727369134931529970e+01
2.755101881067526119e+04 1.789827978444149892e+02 1.042134943816941615e+02 1.339136178290687837e+02 7.759062227219553165e+01
2.755147551023054621e+04 1.792595254877381024e+02 1.031992843276165388e+02 1.348721999111963044e+02 7.787531597013736473e+01
2.755195516868025879e+04 1.796136313099934796e+02 1.021436713268855385e+02 1.358397542424754079e+02 7.812615560659143910e+01
2.755241403129592436e+04 1.799312072868033852e+02 1.011426129363978248e+02 1.367608454545451195e+02 7.851518430655994507e+01
2.755283023774110916e+04 1.802760925529808844e+02 1.002530710159465741e+02 1.377080494082466089e+02 7.883581186176199651e+01
2.755328506142201877e+04 1.807693404518828970e+02 9.933282911333769505e+01 1.386534575227889547e+02 7.915873846101128208e+01
2.755373702846823289e+04 1.812632663506445567e+02 9.847808896141253854e+01 1.395202468151035760e+02 7.965741292424078779e+01
2.755416522123001778e+04 1.817310711364736733e+02 9.765068939442105034e+01 1.403896429420706227e+02 8.015123373922918404e+01
2.755462869707271238e+04 1.822294284477810891e+02 9.671016769696952053e+01 1.412897830328796545e+02 8.058661137810418040e+01
2.755508016910244987e+04 1.826917707369794357e+02 9.579166233618998660e+01 1.421656678174115029e+02 8.106890439298679496e+01
2.755549330110732626e+04 1.831354985192378990e+02 9.495641861237858450e+01 1.430689828477999868e+02 8.149787710617071923e+01
2.755593968301316272e+04 1.836688583978634881e+02 9.407754426693912819e+01 1.439720089713867139e+02 8.192631946458605796e+01
2.755637602029288246e+04 1.841618592376273682e+02 9.324809809612492018e+01 1.448178222869315164e+02 8.245952740565734018e+01
2.755677862600562366e+04 1.846068420195257147e+02 9.245964905255520705e+01 1.456989625337882615e+02 8.293206340689340550e+01
2.755722299073749673e+04 1.851095759685758821e+02 9.158433168373956335e+01 1.466060150170023064e+02 8.335218723144922137e+01
2.755766483035280908e+04 1.855422501536094444e+02 9.070581617173081668e+01 1.474671502236373613e+02 8.386030422999721168e+01
2.755809503918434348e+04 1.858957691800374334e+02 8.982527191485138474e+01 1.483600785077193223e+02 8.430986659719370380e+01
2.755856927221144360e+04 1.863153834476462407e+02 8.888081134424510310e+01 1.492865803367480169e+02 8.468550343526710833e+01
2.755902843045966438e+04 1.867106975549402534e+02 8.795691196632566289e+01 1.501813327778613143e+02 8.513194417391231639e+01
2.755946120580594652e+04 1.870811119578903003e+02 8.705871595203772983e+01 1.510933971131213980e+02 8.554184352447788342e+01
2.755993866599108151e+04 1.874698947634921069e+02 8.607336761089293020e+01 1.520199181249265621e+02 8.591798788644136664e+01
2.756040387573938278e+04 1.877492366166572424e+02 8.508667526888807231e+01 1.529387628577741225e+02 8.630979831364990673e+01
2.756084460039458281e+04 1.879616337422635297e+02 8.412821682548326407e+01 1.539124502327761093e+02 8.653624400717589538e+01
2.756131077366222598e+04 1.881181936343626546e+02 8.308929255871966291e+01 1.549019966386624958e+02 8.668007667717475329e+01
2.756178898980602753e+04 1.881692726433188625e+02 8.200429396965134288e+01 1.558871171924212717e+02 8.684377879508798515e+01
2.756222648764049154e+04 1.882042864407836475e+02 8.102380523270457502e+01 1.568870263061036781e+02 8.683030712552529451e+01
2.756265949243084106e+04 1.882323092807075682e+02 8.006415244416157861e+01 1.578865483005325814e+02 8.682444755415210125e+01
2.756309032907740766e+04 1.881994141128458864e+02 7.911315051040450896e+01 1.588824838156094756e+02 8.690422229971625256e+01
2.756347262520566073e+04 1.882124850191120231e+02 7.827275160537595866e+01 1.598808922699011532e+02 8.684794203625020259e+01
2.756387774883903694e+04 1.882709315695377086e+02 7.737244073465798522e+01 1.608783552738845231e+02 8.679561987996309824e+01
2.756425428574714169e+04 1.882731483222150075e+02 7.654705968598186416e+01 1.618737323068114335e+02 8.689059863013596896e+01
2.756465971345124126e+04 1.882237877599484079e+02 7.562798997782364552e+01 1.628721695487017769e+02 8.692816143038089649e+01
2.756509630804812696e+04 1.882236548975117501e+02 7.464079344302415109e+01 1.638684919699098828e+02 8.685078566087385354e+01
2.756552217526603636e+04 1.882202223981709608e+02 7.368112629738860164e+01 1.648679526967832203e+02 8.688094454005525336e+01
2.756597585616020297e+04 1.882181581782296860e+02 7.263581599372628261e+01 1.658677774161563718e+02 8.686777192498034594e+01
2.756645810927175989e+04 1.882695741218748537e+02 7.152729439845043657e+01 1.668661392273168360e+02 8.682912563417450258e+01
2.756693264000750787e+04 1.882774863904525660e+02 7.043481046379091026e+01 1.678627382850922913e+02 8.690710510227917496e+01
2.756736304516472956e+04 1.882948996677379228e+02 6.944330112981758418e+01 1.688627220926170196e+02 8.690503353145842880e+01
2.756784065399430983e+04 1.883390356047764840e+02 6.834951768543247397e+01 1.698617412887752209e+02 8.690266949661210560e+01
2.756830940853988795e+04 1.883301316116602493e+02 6.729383789458896103e+01 1.708545470011595171e+02 8.701209718359223189e+01
2.756874460469176483e+04 1.883288752694953700e+02 6.632985853019860656e+01 1.718540406712179447e+02 8.698046564575741968e+01
2.756920876724533809e+04 1.883126091849203476e+02 6.527847411599387328e+01 1.728531288972615698e+02 8.694953118351666888e+01
2.756966765034226046e+04 1.882885867690690418e+02 6.421478400279092114e+01 1.738517617415480458e+02 8.698989703206706281e+01
2.757007736578210097e+04 1.883083118859101148e+02 6.327677160390242506e+01 1.748504896606036993e+02 8.694058074467142205e+01
2.757051442525958919e+04 1.883397474796957738e+02 6.228885179004798545e+01 1.758498044008975683e+02 8.693362524194657226e+01
2.757096464672858929e+04 1.883300566916879575e+02 6.129540915436904669e+01 1.768457618275051573e+02 8.701249563717644264e+01
2.757138846993809420e+04 1.883526405235798507e+02 6.038530695283536431e+01 1.778450117399733301e+02 8.697945385625948234e+01
2.757182521578242449e+04 1.883617177085783965e+02 5.943268651411172243e+01 1.788446651840743016e+02 8.700465689918769385e+01
2.757225325093919673e+04 1.882684591723974847e+02 5.846183681040979963e+01 1.798428210740355553e+02 8.703062832681037264e+01
2.757263654506182866e+04 1.881594893115277216e+02 5.757168152181040455e+01 1.808348938826270285e+02 8.690503109126728987e+01
2.757304330083613604e+04 1.880396624879273872e+02 5.660348199230850241e+01 1.818266118860594531e+02 8.678203512214081172e+01
2.757341972228514715e+04 1.879778913635555568e+02 5.573747381053593841e+01 1.828257036631970038e+02 8.674886159758403892e+01
2.757380604721606869e+04 1.880558568693258223e+02 5.494901520566251918e+01 1.838202947616134963e+02 8.664504692679899733e+01
2.757427629658500155e+04 1.884340614156838285e+02 5.425190675109060123e+01 1.848078974737821625e+02 8.660625178405511804e+01
2.757478293425169250e+04 1.892964947277905026e+02 5.380997577871966087e+01 1.856872267954090603e+02 8.703566098278717789e+01
2.757526391124755901e+04 1.903168497014161176e+02 5.367008509033501440e+01 1.862057096540099224e+02 8.788503007329370575e+01
2.757574478997597544e+04 1.914093882988255473e+02 5.365236434910421792e+01 1.864798028425152836e+02 8.884317704859873288e+01
2.757615332879007838e+04 1.923953923900409109e+02 5.366234622621053063e+01 1.865608488131306899e+02 8.983985188657979393e+01
2.757654450378207912e+04 1.933533337570958111e+02 5.371968002596227620e+01 1.866183923058284222e+02 9.083815108494025026e+01
2.757694327937470007e+04 1.942997349191385581e+02 5.378527010044729195e+01 1.866322057862359998e+02 9.183674380222142020e+01
2.757732415816471621e+04 1.951831113952964643e+02 5.381931386695629271e+01 1.865393683668429219e+02 9.283203029636013071e+01
2.757775289013588554e+04 1.961862295319083387e+02 5.384360418707586149e+01 1.865337166321513962e+02 9.383066223686734020e+01
2.757818335365161329e+04 1.971895358267388474e+02 5.387899062682947005e+01 1.866219541119595817e+02 9.482494557338216623e+01
2.757859535135477563e+04 1.981774010239725499e+02 5.393050802836703639e+01 1.865754458113783016e+02 9.582382772163953177e+01
2.757904993656530860e+04 1.992667546049846976e+02 5.404082600020939964e+01 1.865509830256143289e+02 9.682350959218307196e+01
2.757947733502291885e+04 2.002651216623409880e+02 5.417043954320930510e+01 1.865219708668133762e+02 9.782217131484145511e+01
2.757987631536027766e+04 2.011979131235084424e+02 5.426114751581582141e+01 1.864052730527447750e+02 9.881505961215155764e+01
2.758031790820528840e+04 2.022328889549445989e+02 5.431725260707884217e+01 1.863552348211828473e+02 9.981336314865981763e+01
2.758073757255037708e+04 2.032004074605177379e+02 5.438286615234647314e+01 1.863485948267999674e+02 1.008117437182678628e+02
2.758112190314975305e+04 2.040796638150030731e+02 5.443683025156383337e+01 1.862239083460919176e+02 1.018036273250641841e+02
2.758157715299879419e+04 2.051261302385632064e+02 5.449290866412311374e+01 1.861770789948494382e+02 1.028013410457497656e+02
2.758196515910113521e+04 2.060276118226096287e+02 5.454208166444702499e+01 1.862228901917925157e+02 1.037994192589981139e+02
2.758235941503909999e+04 2.069629379463716248e+02 5.455272394441366401e+01 1.861675226802517784e+02 1.047977827594454112e+02
2.758278661311551332e+04 2.079739537526230890e+02 5.454241373354877709e+01 1.861050385867254420e+02 1.057941726107007554e+02
2.758314504263807612e+04 2.088218356109728404e+02 5.455891811946823111e+01 1.861650629979447160e+02 1.067922044251790084e+02
2.758353657530157579e+04 2.097743052070823353e+02 5.457337250378788696e+01 1.861623401046080630e+02 1.077909953083572532e+02
2.758390909259281761e+04 2.106623201744843072e+02 5.454420902786084469e+01 1.860634232960036627e+02 1.087855144370081177e+02
2.758428417050061398e+04 2.115602030052936584e+02 5.452447743140086800e+01 1.860463302482200163e+02 1.097852957633616882e+02
2.758471301634457996e+04 2.125743231813744671e+02 5.453839655556488708e+01 1.860369945190306566e+02 1.107842760686122290e+02
2.758509763984602978e+04 2.134781342491567955e+02 5.452158159611644805e+01 1.859379288232593126e+02 1.117790939838459394e+02
2.758553034852944256e+04 2.145164364724479071e+02 5.453958822568811371e+01 1.859004239505139537e+02 1.127781345968960238e+02
2.758596738939773059e+04 2.155290925822987163e+02 5.457976199213315738e+01 1.858897910565853238e+02 1.137765720987819833e+02
2.758634418779327825e+04 2.164041082360969313e+02 5.459759373256508042e+01 1.857749536192480662e+02 1.147689693854304807e+02
2.758679930871428951e+04 2.174893565260871355e+02 5.462601265267452533e+01 1.857728834672669507e+02 1.157685312581925245e+02
2.758721841232471343e+04 2.184756477185154324e+02 5.462898674434506319e+01 1.858062668122060188e+02 1.167654945054186584e+02
2.758760393204067805e+04 2.193795640382354577e+02 5.456192361132407598e+01 1.856981709327184831e+02 1.177588737427571175e+02
2.758805508398159509e+04 2.204360138610545903e+02 5.451018907929334745e+01 1.857004878940341825e+02 1.187575286678190309e+02
2.758847496647825392e+04 2.214050852857873792e+02 5.447004132678558364e+01 1.857897691862866338e+02 1.197512884470453400e+02
2.758883536567725969e+04 2.222515567328006796e+02 5.440214002489725686e+01 1.857368458615311795e+02 1.207497065235220077e+02
2.758925870396542814e+04 2.232443519390768927e+02 5.433636974226281779e+01 1.857487677331130556e+02 1.217483919650033073e+02
2.758966344633052358e+04 2.241642281197410114e+02 5.430835601295280668e+01 1.858599651954805267e+02 1.227417644642696359e+02
2.759009836889958751e+04 2.251845411803632260e+02 5.429831073822002452e+01 1.858890856546044859e+02 1.237406258545559155e+02
2.759056567879970316e+04 2.262811158587694251e+02 5.430068671393113533e+01 1.858431910512972820e+02 1.247393129390251687e+02
2.759098996254952363e+04 2.272357162256834897e+02 5.439618822034652368e+01 1.858302923817863928e+02 1.257383842588642011e+02
2.759144608428033825e+04 2.282584251214177016e+02 5.451070215075338865e+01 1.857211239022413736e+02 1.267323696186971205e+02
2.759193438194156261e+04 2.293228921228801482e+02 5.456210936439843806e+01 1.856111583250368824e+02 1.277254180243811845e+02
2.759237226734194701e+04 2.302129898613547425e+02 5.455432432432354517e+01 1.855821019862164292e+02 1.287245470506102833e+02
2.759283076603623340e+04 2.309943313924068775e+02 5.447828855725949637e+01 1.855037303288341946e+02 1.297206546589378888e+02
2.759342812888824119e+04 2.315069994870396215e+02 5.434177267202232287e+01 1.855637101659860377e+02 1.307130077496768195e+02
2.759442978733346899e+04 2.310419961208962434e+02 5.450853785972686438e+01 1.856379958707144340e+02 1.312121185689887000e+02
2.759552405065494895e+04 2.294418770703431107e+02 5.458008244495911043e+01 1.853030970575516960e+02 1.303278723640239036e+02
2.759609333750106816e+04 2.283433600179757264e+02 5.456148312752395668e+01 1.853815726280103036e+02 1.293309596186559247e+02
2.759655974605960000e+04 2.273822051530058843e+02 5.461107807058876062e+01 1.854251288445188663e+02 1.283327488982993145e+02
2.759698062633429799e+04 2.264539181146819828e+02 5.464883949271638386e+01 1.854576117071377439e+02 1.273347575778529830e+02
2.759740243812238259e+04 2.254988156092496752e+02 5.468102698181714061e+01 1.855506599920307735e+02 1.263391742277105720e+02
2.759780932670265975e+04 2.245781048386854195e+02 5.468062163336509940e+01 1.855950461426208165e+02 1.253410291222417499e+02
2.759820651777717649e+04 2.236701158110738561e+02 5.463958691103663767e+01 1.856319774958722064e+02 1.243434126914516611e+02
2.759860794462823105e+04 2.227459665035865441e+02 5.458627566057667480e+01 1.857571821950864148e+02 1.233514442468396055e+02
2.759899258345541966e+04 2.218559777329602980e+02 5.450948496250417463e+01 1.858723618220444394e+02 1.223589462174441849e+02
2.759938482866554841e+04 2.209445398651825485e+02 5.441955267260811269e+01 1.859645808014346358e+02 1.213638404720613266e+02
2.759978262962118970e+04 2.200338520886444655e+02 5.437358339992946554e+01 1.861118388288209928e+02 1.203748355735588689e+02
2.760016645089690064e+04 2.191562048657398805e+02 5.435234982916213653e+01 1.862283731289525974e+02 1.193834267890483147e+02
2.760054895939328708e+04 2.182717493695564315e+02 5.433484308868288082e+01 1.862682475705367722e+02 1.183842297042609744e+02
2.760094130216079429e+04 2.173681902510668920e+02 5.434898342416252603e+01 1.863254182604783296e+02 1.173862379388240669e+02
2.760135891365958014e+04 2.164040055416255086e+02 5.436963128640195464e+01 1.863735238019940539e+02 1.163887669828752678e+02
2.760178311589794976e+04 2.154307630845313497e+02 5.437523951162106783e+01 1.863544298286434753e+02 1.153889558645203834e+02
2.760219974021590679e+04 2.144816050404145642e+02 5.439199722714182172e+01 1.863641861661396604e+02 1.143898195895427676e+02
2.760263251852706526e+04 2.134887554416030184e+02 5.442154793032378279e+01 1.863947086079564031e+02 1.133908733754196163e+02
2.760306238485840731e+04 2.124955103249731110e+02 5.444420321333959123e+01 1.863877934571000594e+02 1.123909097887899264e+02
2.760348296931177902e+04 2.115140442453726450e+02 5.444991655473757675e+01 1.864305890255249381e+02 1.113932021063274647e+02
2.760389969261515944e+04 2.105505356044914720e+02 5.440361247177468584e+01 1.865276421605441612e+02 1.103979754902389914e+02
2.760430299856875718e+04 2.096288303261216868e+02 5.429413480247689705e+01 1.866250185282865175e+02 1.094028420606596939e+02
2.760471680426044986e+04 2.086700264578850863e+02 5.418632246537519848e+01 1.867688033627572679e+02 1.084138262275223497e+02
2.760515157464118965e+04 2.076492497427582009e+02 5.413124292954684336e+01 1.869087207543424256e+02 1.074250859166212990e+02
2.760557232791683782e+04 2.066534675689512142e+02 5.411936445403369333e+01 1.869475883427344911e+02 1.064268675623687983e+02
2.760598257648913568e+04 2.056947919341510840e+02 5.415272119167659071e+01 1.869529101538244333e+02 1.054271516707947285e+02
2.760641713010772946e+04 2.047119393080724024e+02 5.421524068107483174e+01 1.869558581880906729e+02 1.044277672189132886e+02
2.760685952114756583e+04 2.037231469214704305e+02 5.426712495998873464e+01 1.868928116393497589e+02 1.034301780840072240e+02
2.760728978761247345e+04 2.027509960511034706e+02 5.432228713214388449e+01 1.868293272195245720e+02 1.024329414276518833e+02
2.760771104054220632e+04 2.017877051476078805e+02 5.440779939354157335e+01 1.867851544758044042e+02 1.014343512809708727e+02
2.760812422608446286e+04 2.008349423488320724e+02 5.450847272654241493e+01 1.866781821678466713e+02 1.004406453080960517e+02
2.760855472471243775e+04 1.998315145153481751e+02 5.459435109286169308e+01 1.865548410332006597e+02 9.944859744907911647e+01
2.760900212191326500e+04 1.988057693833961252e+02 5.463437988480539076e+01 1.864435072963296420e+02 9.845499977692162474e+01
2.760944881633017212e+04 1.978273269254788715e+02 5.464165674977190434e+01 1.863051791953577947e+02 9.746463073610239292e+01
2.760991177877210066e+04 1.968104043234198173e+02 5.469500146210543079e+01 1.861986385484533173e+02 9.647129796752682296e+01
2.761037583292570707e+04 1.957625909845084209e+02 5.481030180179243416e+01 1.861165936938903087e+02 9.547509335278455467e+01
2.761081295286971363e+04 1.947795469246435118e+02 5.493081646445875776e+01 1.859780536001480584e+02 9.448510060212321093e+01
2.761126151188437871e+04 1.937811391212856904e+02 5.504284823451182973e+01 1.858107637932635328e+02 9.349919393334486983e+01
2.761174196037951333e+04 1.927180861957845366e+02 5.515611148477181302e+01 1.856134874610541203e+02 9.251952360915127827e+01
2.761220200912751898e+04 1.917223564767179482e+02 5.528007620576671854e+01 1.853964326195744263e+02 9.154365048769504654e+01
2.761264980111507248e+04 1.908035925075053854e+02 5.547077372367930082e+01 1.852002499309282086e+02 9.056310051078635581e+01
2.761313521933454831e+04 1.899026154888755116e+02 5.582344642518643951e+01 1.849168302444412575e+02 8.960871165114492953e+01
2.761364096636406248e+04 1.891182290769137069e+02 5.639040404714902621e+01 1.844937910124920393e+02 8.870390443561501570e+01
2.761415548700470754e+04 1.885684793808655968e+02 5.717753801807049996e+01 1.839165888843370453e+02 8.790021355525792046e+01
2.761469371568942734e+04 1.883393727981065808e+02 5.818480154140348048e+01 1.830911653555902490e+02 8.738862749264377783e+01
2.761523607112667742e+04 1.883303952542359525e+02 5.929838727558321665e+01 1.821145364358896472e+02 8.721741554859100631e+01
2.761573929015074100e+04 1.883270918581182229e+02 6.034132100383401820e+01 1.811169345173916838e+02 8.723900293302081366e+01
2.761620059427183514e+04 1.882588326445262226e+02 6.130362982196626831e+01 1.801189706644912576e+02 8.729644022963415750e+01
2.761665920953786554e+04 1.881659919645964294e+02 6.230493196317880944e+01 1.791219081687256107e+02 8.725823283356913862e+01
2.761711250768082027e+04 1.880915995652435413e+02 6.330601505110844585e+01 1.781253720020118010e+02 8.717779663676546420e+01
2.761755265501318718e+04 1.880398261798898716e+02 6.426972293495931865e+01 1.771266975302950755e+02 8.712714229131859156e+01
2.761800830038314962e+04 1.880051151111924526e+02 6.529112737498768126e+01 1.761285456276523860e+02 8.706853099307635091e+01
2.761847013311506453e+04 1.879926974728814741e+02 6.633488960922434785e+01 1.751298614224220103e+02 8.703110870074577576e+01
2.761891357371238337e+04 1.880153866679263217e+02 6.733554997806461984e+01 1.741300273592634369e+02 8.701624699135061292e+01
2.761937149963293996e+04 1.880747074416950113e+02 6.839317844580314443e+01 1.731301798461919077e+02 8.700662080090246775e+01
2.761983253769463772e+04 1.881251512310613521e+02 6.947430331192752817e+01 1.721328246503059347e+02 8.706126755144738638e+01
2.762025166017459924e+04 1.881531782864551303e+02 7.045573849428848234e+01 1.711352225524605046e+02 8.711337259729540961e+01
2.762066540300943234e+04 1.881851410682502888e+02 7.142984036192102337e+01 1.701353288514397946e+02 8.710795366351699442e+01
2.762110327303711165e+04 1.882014297065723554e+02 7.246796271431762193e+01 1.691361241000826965e+02 8.712708588703580403e+01
2.762152247881666335e+04 1.881959793924783071e+02 7.346008181181289842e+01 1.681373199116701471e+02 8.712689526286288810e+01
2.762192172321198814e+04 1.881853332673106536e+02 7.440674313773925519e+01 1.671384878426705427e+02 8.707862396390889614e+01
2.762232199888079413e+04 1.881825208158495002e+02 7.535193848842133946e+01 1.661401220173927697e+02 8.708902256309029610e+01
2.762271687168049175e+04 1.882027231128975870e+02 7.627610318722588545e+01 1.651415881698302712e+02 8.714250814010068780e+01
2.762311953534739951e+04 1.882502795969463421e+02 7.721460134871438186e+01 1.641421728038572212e+02 8.717407643807926831e+01
2.762352127075924727e+04 1.882968123298277874e+02 7.813489589068257146e+01 1.631440805641662450e+02 8.722734487544079229e+01
2.762392528205782946e+04 1.883316371437719852e+02 7.904563772754235629e+01 1.621464086379870082e+02 8.729406397999098033e+01
2.762435430582897607e+04 1.883811593527367165e+02 8.001112934239884567e+01 1.611470708992124798e+02 8.731936094045425989e+01
2.762478030596830649e+04 1.884125603807233063e+02 8.096776920732219196e+01 1.601490495240539644e+02 8.736622475572870883e+01
2.762520445066026878e+04 1.883500304409130877e+02 8.193148801001909476e+01 1.591511667711236839e+02 8.742737206538667749e+01
2.762563959045007141e+04 1.881785713120576418e+02 8.292702665766317693e+01 1.581571632982913229e+02 8.736774926613682624e+01
2.762605539754741403e+04 1.879093879955876787e+02 8.384083417765560853e+01 1.571691859820726336e+02 8.721349402855773292e+01
2.762647590790259346e+04 1.875065926842744659e+02 8.471518164812997043e+01 1.561952481426289694e+02 8.699289512107873179e+01
2.762692556377796427e+04 1.869845954798343257e+02 8.562379485527358725e+01 1.552780430474347497e+02 8.661034433313079717e+01
2.762735967521378552e+04 1.864300060252716946e+02 8.645543850046647094e+01 1.544085121637779707e+02 8.611682880299578358e+01
2.762777877135677409e+04 1.858410797974078150e+02 8.719574832996082137e+01 1.535799714914968774e+02 8.555934684485204400e+01
2.762821812306797437e+04 1.852175262701424003e+02 8.794811946393593871e+01 1.528398949671744447e+02 8.489201115455973934e+01
2.762866671679160572e+04 1.846632157843483242e+02 8.871162258540009304e+01 1.521169802750730184e+02 8.420217508145501029e+01
2.762913914922766344e+04 1.842232126571151127e+02 8.952715608712772166e+01 1.513139144167365089e+02 8.361184273356518304e+01
2.762966611493104938e+04 1.838634285865878155e+02 9.038719703152852958e+01 1.504295510236499069e+02 8.315049614378840204e+01
2.763028311202715122e+04 1.834585136666532890e+02 9.119224249601622034e+01 1.495004295901373723e+02 8.278251982247802232e+01
2.763100565905526310e+04 1.830490015338389469e+02 9.195297280764701497e+01 1.486193151853682650e+02 8.232367632588979234e+01
2.763243517972976042e+04 1.825307163390764060e+02 9.220002759200620801e+01 1.480461841786579100e+02 8.155642619615406375e+01
2.765582571300976269e+04 1.824045139014195627e+02 9.174805380288744061e+01 1.485119633608558729e+02 8.089372244002264267e+01
2.768336432489926665e+04 1.819438859891393179e+02 9.227364864088582408e+01 1.477614748388008366e+02 8.056739563302808449e+01
2.768810165890542339e+04 1.821084802650497636e+02 9.257685432471627962e+01 1.471471895693716760e+02 7.997390650056863137e+01
2.770257708649164488e+04 1.823878384943806168e+02 9.263501834365581544e+01 1.470515733841829160e+02 8.026277273019849190e+01
2.771511313886949574e+04 1.820442740834342032e+02 9.323311503415831680e+01 1.464924042711943457e+02 7.971526798901901145e+01
2.771641147536053541e+04 1.809181060830723879e+02 9.341815044462643414e+01 1.463345398947391800e+02 7.872920148436500654e+01
2.771741156247914478e+04 1.799387709811914817e+02 9.347327206382750830e+01 1.461350057173037271e+02 7.776791592633826156e+01
2.771826722229321240e+04 1.788595163035184044e+02 9.302640702815223506e+01 1.463894217652622558e+02 7.680264024101816744e+01
2.771886267848033458e+04 1.779075467486570119e+02 9.264306992965749998e+01 1.467669171891110125e+02 7.587665433144901783e+01
2.771941360906643604e+04 1.769072003576167162e+02 9.225491365507622277e+01 1.471197046857220130e+02 7.494127698399663018e+01
2.771989191598106481e+04 1.759525600178216109e+02 9.165928544701671399e+01 1.474327916540971728e+02 7.399198880220167496e+01
2.772027549780904883e+04 1.752377331255183890e+02 9.095162063660245622e+01 1.478556250052397161e+02 7.309416166315193664e+01
2.772064032478689114e+04 1.746324444677544534e+02 9.016408627611070870e+01 1.485237404991749770e+02 7.235274618396385904e+01
2.772099300287422739e+04 1.741383128894889865e+02 8.934188605613459799e+01 1.492894620365362925e+02 7.170975324130236572e+01
2.772133337247839154e+04 1.737102337804207082e+02 8.848427391709012113e+01 1.500851629521559971e+02 7.110508964645306662e+01
2.772168293440716661e+04 1.733043166208357206e+02 8.755534809916902361e+01 1.509324956330687826e+02 7.057523491523160430e+01
2.772200591486121266e+04 1.730280539008759888e+02 8.667535503703271615e+01 1.518214664294616227e+02 7.011764557439730083e+01
2.772232929310980398e+04 1.728164434843916979e+02 8.580210104976836760e+01 1.527367583410182306e+02 6.971829485788305192e+01
2.772264943661864163e+04 1.726299705889421716e+02 8.494058830884709721e+01 1.536954354061074355e+02 6.943574002118249666e+01
2.772296130611138142e+04 1.724839985392890469e+02 8.409532933717062519e+01 1.546727614305721659e+02 6.922426293733839486e+01
2.772328846329700536e+04 1.723329799678813856e+02 8.323445748314085790e+01 1.556541106444324214e+02 6.903207395427409665e+01
2.772361159737567141e+04 1.721718648773243956e+02 8.240348811632148340e+01 1.566355929855008924e+02 6.884169855830728579e+01
2.772397654754274117e+04 1.720193174675494845e+02 8.145568128443260036e+01 1.576252459718137118e+02 6.869848845559326378e+01
2.772432995633855899e+04 1.719849155191214152e+02 8.055718857637560859e+01 1.586173952382756056e+02 6.857342983612552700e+01
2.772470516570282416e+04 1.720009794053308667e+02 7.963665315856073335e+01 1.596110117268734712e+02 6.846607889538312008e+01
2.772510422623378690e+04 1.720242031526243807e+02 7.867951197160869015e+01 1.606104139609771266e+02 6.844152592544671165e+01
2.772550622781756465e+04 1.720824978267282006e+02 7.772457471570668019e+01 1.616099022012771798e+02 6.845157779631568928e+01
2.772593444302397620e+04 1.721590796191443644e+02 7.674660068770968735e+01 1.626087969627637335e+02 6.841393525350899552e+01
2.772636601920504108e+04 1.722473019262188814e+02 7.578880017910023525e+01 1.636074480201077392e+02 6.845131239520290478e+01
2.772676430353112664e+04 1.723300232197299806e+02 7.490227880523686110e+01 1.646026445189453682e+02 6.854057531386146707e+01
2.772717893670669582e+04 1.723703673772092202e+02 7.403065497575471454e+01 1.656025255391644748e+02 6.855388078156683207e+01
2.772762336380091074e+04 1.723906593487355678e+02 7.316751877768943757e+01 1.666018951187531911e+02 6.858787415360109208e+01
2.772807016788045803e+04 1.724765072542874691e+02 7.231305892172520089e+01 1.676007184658931521e+02 6.863214742889896058e+01
2.772855207635809347e+04 1.726657485047513489e+02 7.141594931467469110e+01 1.685983883738627185e+02 6.866711774089402809e+01
2.772908315171740469e+04 1.728794812037249642e+02 7.055826261523847620e+01 1.695842621279640241e+02 6.883191767211104661e+01
2.773112590613177599e+04 1.730132075597905441e+02 6.996507475294687595e+01 1.705646215091386466e+02 6.901070448198593965e+01
2.774186298852706386e+04 1.731321690859935245e+02 6.916718982554904471e+01 1.715011510999394204e+02 6.923876003733390405e+01
2.774995211287716666e+04 1.731650002578429053e+02 6.779781022695935633e+01 1.724205987992903601e+02 6.946472782198139839e+01
2.775050124941622562e+04 1.731004144016100668e+02 6.666320482560274741e+01 1.734186822618591748e+02 6.941114030697868031e+01
2.775095551790587342e+04 1.731208263273935017e+02 6.561332794523447376e+01 1.744184222866117864e+02 6.938833949635950660e+01
2.775136700686622862e+04 1.731936276939807726e+02 6.466506114290677942e+01 1.754182551312190128e+02 6.938330183977538468e+01
2.775178014317277484e+04 1.732813905221985067e+02 6.374868878827999197e+01 1.764138371964310181e+02 6.945583463873909125e+01
2.775222607346551013e+04 1.733540845045644119e+02 6.276249890426690570e+01 1.774090850879491654e+02 6.954254428534113686e+01
2.775267374009794003e+04 1.733900059269172402e+02 6.179677625023651899e+01 1.784086263379378750e+02 6.956359490605075280e+01
2.775311405427755017e+04 1.734150315954912003e+02 6.088571929003381200e+01 1.794086072317068670e+02 6.956776761015096611e+01
2.775357339590556512e+04 1.734555117786804033e+02 5.994721554281269960e+01 1.804071047132422336e+02 6.953323590367706686e+01
2.775405593714886345e+04 1.735256714146675563e+02 5.900865563087577215e+01 1.814047419836390134e+02 6.952654273716976263e+01
2.775456784027929461e+04 1.736348580645585002e+02 5.809858242575334941e+01 1.824001153889348643e+02 6.961772880936483432e+01
2.775514531561849799e+04 1.738664677643562868e+02 5.722827141553470653e+01 1.833945420505581012e+02 6.972190397465425349e+01
2.775577912674755135e+04 1.743261099840165969e+02 5.649903661651059394e+01 1.843397383081730823e+02 6.999386672133994125e+01
2.775646479225156509e+04 1.750576065840061517e+02 5.605894159013781319e+01 1.851478208321581178e+02 7.056308261034827467e+01
2.775721083360321427e+04 1.760455329039150172e+02 5.607510021511665599e+01 1.854654940799369456e+02 7.143428955137787284e+01
2.775788967620082622e+04 1.770508663132974903e+02 5.628884436946950132e+01 1.853546340905197383e+02 7.242117219263342065e+01
2.775850547233571706e+04 1.780262875274467831e+02 5.644304916754386170e+01 1.851804506602269953e+02 7.340553759205482720e+01
2.775914399562693507e+04 1.790695106758099087e+02 5.648999927612412364e+01 1.850349101268971879e+02 7.439486950812592170e+01
2.775976992913199501e+04 1.800924579021631189e+02 5.648280024685672629e+01 1.850031733662645763e+02 7.539065397461052953e+01
2.776036112169082116e+04 1.810439429360578174e+02 5.640247812973699837e+01 1.849755979333417031e+02 7.638903453080217787e+01
2.776092695996331167e+04 1.819756541574329844e+02 5.624572280857280759e+01 1.850297903533581518e+02 7.738326975288687493e+01
2.776151605994048441e+04 1.829442505645162953e+02 5.606508075247852219e+01 1.851333521472528787e+02 7.837775389929670666e+01
2.776215811081488209e+04 1.839516645199015556e+02 5.591476361278326124e+01 1.852292260134134949e+02 7.937314000622252763e+01
2.776284287987586504e+04 1.849635466001245447e+02 5.582403708831975564e+01 1.852942696377876075e+02 8.037068557269029156e+01
2.776352653399328483e+04 1.859504115453357542e+02 5.568382993355273669e+01 1.853026363056760601e+02 8.137026826264556689e+01
2.776420360587099276e+04 1.869199769058081699e+02 5.555508157486423215e+01 1.854507686331842251e+02 8.235262296785005276e+01
2.776489014032622072e+04 1.878157503519157387e+02 5.564570095340479838e+01 1.855168677754601845e+02 8.334404672045323537e+01
2.776563030072944457e+04 1.885332352202677839e+02 5.594774682498843532e+01 1.853172644653165264e+02 8.431509150776969364e+01
2.776669669237482231e+04 1.889177460175534407e+02 5.642214700386990245e+01 1.846730351068218567e+02 8.503339698151907555e+01
2.776787601886697666e+04 1.889118986794650539e+02 5.727919934386475376e+01 1.837305611926002200e+02 8.524011823688613276e+01
2.776865037182252127e+04 1.888248257956449550e+02 5.815912061854531601e+01 1.827332249173554146e+02 8.519356584239443464e+01
2.776931542951234951e+04 1.887698421998660763e+02 5.904336061633176058e+01 1.817402707204582555e+02 8.507686781895182548e+01
2.776996810676958194e+04 1.887148771956852329e+02 5.997112184178291017e+01 1.807437278574453785e+02 8.499674659708220759e+01
2.777056061204721482e+04 1.886401916972859283e+02 6.083968085859713426e+01 1.797454454529306815e+02 8.493838376867147133e+01
2.777118663823822499e+04 1.885962721954091421e+02 6.176795677108304261e+01 1.787459009074768517e+02 8.491080011481501799e+01
2.777184579342171128e+04 1.885393083212847500e+02 6.275672946228499427e+01 1.777466636919029099e+02 8.494271352289263177e+01
2.777250844496302670e+04 1.884967167399771597e+02 6.376249794254473358e+01 1.767473399925618764e+02 8.491802535246304728e+01
2.777314955795378773e+04 1.884640208852842420e+02 6.475888734999107044e+01 1.757497037635614276e+02 8.497504911021809448e+01
2.777377102885122440e+04 1.884432687923062417e+02 6.574784875524755989e+01 1.747502103765159802e+02 8.500056137401003298e+01
2.777436039319206247e+04 1.884195720495943362e+02 6.670046110820372576e+01 1.737515777968619659e+02 8.505125044064078565e+01
2.777495048158936697e+04 1.884311375071101224e+02 6.763208915680591815e+01 1.727525528137509809e+02 8.509517284575402130e+01
2.777559039291725276e+04 1.884940230113972461e+02 6.863244263787215971e+01 1.717552511730679612e+02 8.516770356316985158e+01
2.777621402280727852e+04 1.885466784647413192e+02 6.962513107194770612e+01 1.707628623298110142e+02 8.528970110786323744e+01
2.777684710721078955e+04 1.885920626113911567e+02 7.067684530377799490e+01 1.697645254195482778e+02 8.533954707457513678e+01
2.777746496154779015e+04 1.885382614592798234e+02 7.168403279741190204e+01 1.687685450735008601e+02 8.542733802717982883e+01
2.777807254469754116e+04 1.885401101286208245e+02 7.265838483165312311e+01 1.677706705403982426e+02 8.538468784105214127e+01
2.777866449141624253e+04 1.885647387801794537e+02 7.363412504573157946e+01 1.667731944383791074e+02 8.544322382628017465e+01
2.777925583745275435e+04 1.885444680116994220e+02 7.463002958321139602e+01 1.657742633818041327e+02 8.548871335555263329e+01
2.777983055999223870e+04 1.885417651443845841e+02 7.562695064914511534e+01 1.647777564479717398e+02 8.541292422982394328e+01
2.778038968623693654e+04 1.885335214415376299e+02 7.659681228417011312e+01 1.637793181714051514e+02 8.545431772751082633e+01
2.778097015279611878e+04 1.886119086314406275e+02 7.759192307585777826e+01 1.627797065818672309e+02 8.543509698966686017e+01
2.778155891253705340e+04 1.886958189665034240e+02 7.862724798295639062e+01 1.617868263206706843e+02 8.554821094249544444e+01
2.778210590436344137e+04 1.888121218563852892e+02 7.953900775311763027e+01 1.607914164553477008e+02 8.564366737882539837e+01
2.778270826580274661e+04 1.890279999370279711e+02 8.050110730503683953e+01 1.597977647395881320e+02 8.575607892025087153e+01
2.778330390882119536e+04 1.892391562927768689e+02 8.140897569241761289e+01 1.588348057386535288e+02 8.602319678783108259e+01
2.778390529103267909e+04 1.894375519275494355e+02 8.235458554895370753e+01 1.578554949255527902e+02 8.622482085137953334e+01
2.778445949964485771e+04 1.895039860684898372e+02 8.324394998131297996e+01 1.568908299171901035e+02 8.648789461016242797e+01
2.778506305174316003e+04 1.893151873869165911e+02 8.418806631382129524e+01 1.559014820598661117e+02 8.663104952487933019e+01
2.778570543316767726e+04 1.889831379543871890e+02 8.518516561668070608e+01 1.549304517696652965e+02 8.640284930824253706e+01
2.778640659148489067e+04 1.885355693912430581e+02 8.614632446261369125e+01 1.539972432989963806e+02 8.604392793109967386e+01
2.778704394842213878e+04 1.881485320864128141e+02 8.697253054897861091e+01 1.532087109231851230e+02 8.543028649975146038e+01
2.778765507858180354e+04 1.876952245802673076e+02 8.773909163005893674e+01 1.523354400580602999e+02 8.494325623481427101e+01
2.778823806880541451e+04 1.873106238548691067e+02 8.851754636210434057e+01 1.515202342678523451e+02 8.436422795030230759e+01
2.778885523220329924e+04 1.869100106892921076e+02 8.944658064244302409e+01 1.506392621341507549e+02 8.389125879716598888e+01
2.778943224134004777e+04 1.864307998245878650e+02 9.044294092835879439e+01 1.497137585080608346e+02 8.351334586889855416e+01
2.778991700648296319e+04 1.860711018474384844e+02 9.135053816202496080e+01 1.488765467484422516e+02 8.296723445137369879e+01
2.779038754512170635e+04 1.857791880804534230e+02 9.223626687563732673e+01 1.479499126678493894e+02 8.259131380670049793e+01
2.779091183364816243e+04 1.854676800452659791e+02 9.316881517321468209e+01 1.470125904371008403e+02 8.224312155442925132e+01
2.779146027638278611e+04 1.852497059693162669e+02 9.412651642555834997e+01 1.461025348130737598e+02 8.183037997529083896e+01
2.779199245411103402e+04 1.850289359066433406e+02 9.505182743809903911e+01 1.451266236691029405e+02 8.161312728935702410e+01
2.779249794808783190e+04 1.848470918474721998e+02 9.597557137971794816e+01 1.441764000169821998e+02 8.130181331019196023e+01
2.779304306829741836e+04 1.846648307496710402e+02 9.701214572776422074e+01 1.432083110255916267e+02 8.105161570273138238e+01
2.779357589110957269e+04 1.844379463138886308e+02 9.794236966268977085e+01 1.422272391581870181e+02 8.086089995347494153e+01
2.779415828853242056e+04 1.842947634716200014e+02 9.886087310895540270e+01 1.412856519122567533e+02 8.052813716411507983e+01
2.779474263489380610e+04 1.841016718332657547e+02 9.974524949813017827e+01 1.402915488436068756e+02 8.042104990644524776e+01
2.779533752960946003e+04 1.839831072265769762e+02 1.006778510133255935e+02 1.393066431591389289e+02 8.025030942683383728e+01
2.779597580825432306e+04 1.838927213345894813e+02 1.017280480045357933e+02 1.383082975158003762e+02 8.020387066606801341e+01
2.779664005726213145e+04 1.838418606820125376e+02 1.027969510120605037e+02 1.373124317467263609e+02 8.028246769690321116e+01
2.779727453841118040e+04 1.838040790254424621e+02 1.038692550833713710e+02 1.363176728513352032e+02 8.019203139423879634e+01
2.779781348481792520e+04 1.836790079174840571e+02 1.047905388277536360e+02 1.353218852625700208e+02 8.027600932657090027e+01
2.779837574338442937e+04 1.835323940663715518e+02 1.057720078770626060e+02 1.343232886948798921e+02 8.022312370420880256e+01
2.779898073457127612e+04 1.834737202608102962e+02 1.068726754169970548e+02 1.333244738463184831e+02 8.019043923849255862e+01
2.779955415232382802e+04 1.834987771142051258e+02 1.079053144650411298e+02 1.323291057022399002e+02 8.028143801648549527e+01
2.780009958366483988e+04 1.836344290475817900e+02 1.088602252312078633e+02 1.313309033010446001e+02 8.027621244064087591e+01
2.780060391075898588e+04 1.837132583824704852e+02 1.096850175231033688e+02 1.303518919865606449e+02 8.047845688170664857e+01
2.780116055163973579e+04 1.839239441508767356e+02 1.105157859866842784e+02 1.293587220198723458e+02 8.059495007388215981e+01
2.780180434932417847e+04 1.842813375738148238e+02 1.113921770497505150e+02 1.283740064330362145e+02 8.075379796178452807e+01
2.780244565392974619e+04 1.845024022888504192e+02 1.123049281465895319e+02 1.274519628188574387e+02 8.113521204279101084e+01
2.780309130411968363e+04 1.848512363481190164e+02 1.131450801147622940e+02 1.264786541548150325e+02 8.133138209170023458e+01
2.780376742816199112e+04 1.852974895802354354e+02 1.140274603696517914e+02 1.256501240397673769e+02 8.188959890237470063e+01
2.780443825594139344e+04 1.857321320256932609e+02 1.149414637696404924e+02 1.247554325322765152e+02 8.233465503175047218e+01
2.780514211615105523e+04 1.861346603221266491e+02 1.158277075617478999e+02 1.239149029080134028e+02 8.287454665113727970e+01
2.780590048893095809e+04 1.865297563323479437e+02 1.168638001270230404e+02 1.230032729560452083e+02 8.328550461686845097e+01
2.780659624343144969e+04 1.870615304603737457e+02 1.178406300996729357e+02 1.220917851693525193e+02 8.369270327852399305e+01
2.780729122522359467e+04 1.874770837493191777e+02 1.187409889556846565e+02 1.212598845803121606e+02 8.424274374496110340e+01
2.780802332349640710e+04 1.880386961096501750e+02 1.195863667698769888e+02 1.203363721116865719e+02 8.461269235088448681e+01
2.780873511692654210e+04 1.884328287537898916e+02 1.205149050215533606e+02 1.195520309749272911e+02 8.521899069147745820e+01
2.780936900780417272e+04 1.887217818644082854e+02 1.214539962563641922e+02 1.185895992261031040e+02 8.548598851254864428e+01
2.781000557512204250e+04 1.888634581970752606e+02 1.223593870501511560e+02 1.176691754289032588e+02 8.586894592316436103e+01
2.781070466554909217e+04 1.889168418771202198e+02 1.233789515253191951e+02 1.166804836589474377e+02 8.601466551177772146e+01
2.781135739888653916e+04 1.890259835222133518e+02 1.242782414681690710e+02 1.156829044242279423e+02 8.606960833695106317e+01
2.781203239767576088e+04 1.889845035089301746e+02 1.251425975683327891e+02 1.146991745986506004e+02 8.621024152360719484e+01
2.781265420947657185e+04 1.890755076085042106e+02 1.261071327266992057e+02 1.137136272089586555e+02 8.606772810512917715e+01
2.781327113461343106e+04 1.891317768920536651e+02 1.271302364778541403e+02 1.127190412766555738e+02 8.616009575900625350e+01
2.781389107789576155e+04 1.892140743092077173e+02 1.281622497581822131e+02 1.117199604882030428e+02 8.613508957550122602e+01
2.781450573894193440e+04 1.892127431533540403e+02 1.291735203668722818e+02 1.107221133620980282e+02 8.619582386728396273e+01
2.781514242515892329e+04 1.891428411402589518e+02 1.301979701455979637e+02 1.097239923248830422e+02 8.616872712086514241e+01
2.781576373455505018e+04 1.891093012550780088e+02 1.311551735497279765e+02 1.087372554453215798e+02 8.602266640593883551e+01
2.781640263290332223e+04 1.889488078340475283e+02 1.320662430823641671e+02 1.077397620492335619e+02 8.603236644410145573e+01
2.781705483090809503e+04 1.889163875815834785e+02 1.330283923507274153e+02 1.067525520333320799e+02 8.590469381445245745e+01
2.781766494527527175e+04 1.889659574725692437e+02 1.339980659414542004e+02 1.057572642602724073e+02 8.599400933129659563e+01
2.781827044038373060e+04 1.889740546931756739e+02 1.350141683614037333e+02 1.047573770625187422e+02 8.598643071349194145e+01
2.781882746282253720e+04 1.889121005391312735e+02 1.359281059721476481e+02 1.037583589476537469e+02 8.596333800763994759e+01
2.781940563874116197e+04 1.887195875458199055e+02 1.368374606733357837e+02 1.027638954223644703e+02 8.598514843095171045e+01
2.782000523843870542e+04 1.886042929082751414e+02 1.378147888445015212e+02 1.017827718489349564e+02 8.580309941514597938e+01
2.782060746006170302e+04 1.884866146052200406e+02 1.388281432306353906e+02 1.007834948760452107e+02 8.576512030515073093e+01
2.782119650787321734e+04 1.884220930532602267e+02 1.398598879681028961e+02 9.978423214990213808e+01 8.572897587339862469e+01
2.782174345019246903e+04 1.884505953701445833e+02 1.408541072903512372e+02 9.878579941566282230e+01 8.574609288487930314e+01
2.782226031547138700e+04 1.884812974047524108e+02 1.417835257858232296e+02 9.779316109928406320e+01 8.585290543087542403e+01
2.782279092897794908e+04 1.885962046259043916e+02 1.427255494232851731e+02 9.679592087698362946e+01 8.587180114408894838e+01
2.782336920578896024e+04 1.886404318792342281e+02 1.437555911956590649e+02 9.580856800572976795e+01 8.602770359315866244e+01
2.782395292368679293e+04 1.885841673754248120e+02 1.448194031855589969e+02 9.481377294246561860e+01 8.608012376170138680e+01
2.782448853930872792e+04 1.885292817470933642e+02 1.457357916186008708e+02 9.381983275270859224e+01 8.598374726615357133e+01
2.782504705243328135e+04 1.884502863092960183e+02 1.465809552156944164e+02 9.282174415683488178e+01 8.596187771148235868e+01
2.782566198537464152e+04 1.884811484803553583e+02 1.475300358989688903e+02 9.182915727068009915e+01 8.584560358212318931e+01
2.782625494844210334e+04 1.886069623912780173e+02 1.485543662629734172e+02 9.083133124204580611e+01 8.583192217571888705e+01
2.782678480927295459e+04 1.887025444439080388e+02 1.494944342333522798e+02 8.983618023167660738e+01 8.592658104286753940e+01
2.782728588582305747e+04 1.887660565715553105e+02 1.504356165979901618e+02 8.883953373424873234e+01 8.599502768513283968e+01
2.782779706328117754e+04 1.887993251534140029e+02 1.514375101472667495e+02 8.784853691916860896e+01 8.610681687530484396e+01
2.782830857274464506e+04 1.888269081269852734e+02 1.524202725495802042e+02 8.685143856414501329e+01 8.605282376293759228e+01
2.782878556625833880e+04 1.888325975837595649e+02 1.533392240065375631e+02 8.586009518769594706e+01 8.593804284184567166e+01
2.782927818000138723e+04 1.888361202179133329e+02 1.543027975138396641e+02 8.486019404567444724e+01 8.592977345825019597e+01
2.782981527219940835e+04 1.888831347979428585e+02 1.553497764314631979e+02 8.386088996741612789e+01 8.592184922771264155e+01
2.783036953838331829e+04 1.889004751606291848e+02 1.563973345362992688e+02 8.286295386680271235e+01 8.598506174028852911e+01
2.783091426494415282e+04 1.889235255599737116e+02 1.573918650535978259e+02 8.186631535262407056e+01 8.602573809832738050e+01
2.783145896052004900e+04 1.889428829770667164e+02 1.583861318380322984e+02 8.086933784979467532e+01 8.598779304283706892e+01
2.783202890697215480e+04 1.888737859339739202e+02 1.594362751003155267e+02 7.987135994495577052e+01 8.603944634002102987e+01
2.783259968493376437e+04 1.887316102831636897e+02 1.604995373612014760e+02 7.887200222429832763e+01 8.601436010089365425e+01
2.783313495242869249e+04 1.885675711248997004e+02 1.614900606766007627e+02 7.787440179534283402e+01 8.594521446126813657e+01
2.783366390185225828e+04 1.884907125353209665e+02 1.624388300234327289e+02 7.687908283262652276e+01 8.585280960426074159e+01
2.783421245167472443e+04 1.884904173602467097e+02 1.634041454434361071e+02 7.588626001033824764e+01 8.577015121631075090e+01
2.783477191418704751e+04 1.884339111395498207e+02 1.643890470987886090e+02 7.488735486406294228e+01 8.580097283043113521e+01
2.783531720588658573e+04 1.883567410430906648e+02 1.653563901854593610e+02 7.389174061165815033e+01 8.573385385665260117e+01
2.783581677514304101e+04 1.883405843412705849e+02 1.662609263092101628e+02 7.290215466581496173e+01 8.559651489299891125e+01
2.783631975581062579e+04 1.883607793355770355e+02 1.671739297804381010e+02 7.190564852979851196e+01 8.551422652020310977e+01
2.783685718556679785e+04 1.884514480846335402e+02 1.681187300156364870e+02 7.090941583366563350e+01 8.544594975878851528e+01
2.783738315630906800e+04 1.885689886125927046e+02 1.690542079943692499e+02 6.991339230121597836e+01 8.550413785850187764e+01
2.783790335363908525e+04 1.886704822792231084e+02 1.700281275140479522e+02 6.892407998410284620e+01 8.564895355332069471e+01
2.783844345676372905e+04 1.887595624019998013e+02 1.710367620700359055e+02 6.793655695383374393e+01 8.579987511424336333e+01
2.783897573097684653e+04 1.887735396737810731e+02 1.719871496163719371e+02 6.695452638992240679e+01 8.598248169517739825e+01
2.783949329997891982e+04 1.887395262178560245e+02 1.729156947294779343e+02 6.595911381061733891e+01 8.604616101565277120e+01
2.784000253317765237e+04 1.886902957537605801e+02 1.738586389705277213e+02 6.495978566402254728e+01 8.603493336215309739e+01
2.784051760562522759e+04 1.886203512702811622e+02 1.748296879017638048e+02 6.396068061085402690e+01 8.604254178868633574e+01
2.784100765606841014e+04 1.885844230975264111e+02 1.757666405295375966e+02 6.296211702159530432e+01 8.598912158632164449e+01
2.784146880538970800e+04 1.885587359310007969e+02 1.766456442912551381e+02 6.196422932930602201e+01 8.597734055573968703e+01
2.784195546502109573e+04 1.885187417101277276e+02 1.775512646478601653e+02 6.096608835432851947e+01 8.601854239837611260e+01
2.784247684070252217e+04 1.884968200569416865e+02 1.784450155381207423e+02 5.996622890257399519e+01 8.600231855315327323e+01
2.784302145198592916e+04 1.884691932514285497e+02 1.792605472197188021e+02 5.896639939607860015e+01 8.600549302492598258e+01
2.784364551524506896e+04 1.884495716936552299e+02 1.801615917089266645e+02 5.796668397965849095e+01 8.602876333332285697e+01
2.784433997293092034e+04 1.884676723913009653e+02 1.812262757589382431e+02 5.696868315489426493e+01 8.607673976960253981e+01
2.784502592370720595e+04 1.884765923874179805e+02 1.822965756191243258e+02 5.597194673515866725e+01 8.614508020638427865e+01
2.784571231666854510e+04 1.884807030047008425e+02 1.832712164961691030e+02 5.497254971022114489e+01 8.617331395059916588e+01
2.784642686402413165e+04 1.884557511003392563e+02 1.841886156849204781e+02 5.397385637406608794e+01 8.618975132223444291e+01
2.784717139412208417e+04 1.884175334988022428e+02 1.851481021096427355e+02 5.297521263242079215e+01 8.613824281837149499e+01
2.784793256537214984e+04 1.883378069017104792e+02 1.861411408739242290e+02 5.198321744309584602e+01 8.602733154693257234e+01
2.784870815508571104e+04 1.882050286310703200e+02 1.871385548153397735e+02 5.099785419502158135e+01 8.585748051055436747e+01
2.784952758083791196e+04 1.881424965883370817e+02 1.880866629689775209e+02 5.000891248831033664e+01 8.570929945568335029e+01
2.785096036847593496e+04 1.882255529921524726e+02 1.887787542394707714e+02 4.901420204420836058e+01 8.562787769943362548e+01
2.785524184651777250e+04 1.881949100752182176e+02 1.881957714468306619e+02 4.901416229996918617e+01 8.549277015847572159e+01
2.785650688436197379e+04 1.874536297196661394e+02 1.881199457184133905e+02 4.976101969994965657e+01 8.488555875540565410e+01
2.785758190845828722e+04 1.864245694906655046e+02 1.880306435430592842e+02 4.992752833711561067e+01 8.390055490665881166e+01
2.785855035579871765e+04 1.853670345930510166e+02 1.880360977988907507e+02 4.999546507544953045e+01 8.290338433185040401e+01
2.785934624765418630e+04 1.843817912075121512e+02 1.879424985304939071e+02 5.012969808556519524e+01 8.191295185602216122e+01
2.786018384766755116e+04 1.833625885271862330e+02 1.878620340054164615e+02 5.019080670407417699e+01 8.091490767878839563e+01
2.786101508619201195e+04 1.824321614555713040e+02 1.878202108410121696e+02 5.026861252309078765e+01 7.991867270882964647e+01
2.786191763066139174e+04 1.814886593922778673e+02 1.879031770285895107e+02 5.024992532291577163e+01 7.891887334814815347e+01
2.786285193132068162e+04 1.804830615725798282e+02 1.879059458379886109e+02 5.022805899983909939e+01 7.791972288956584691e+01
2.786375683164953807e+04 1.793920694219127370e+02 1.879959418822488999e+02 5.028889285124865438e+01 7.692158530255439075e+01
2.786468639989631265e+04 1.783334236922606237e+02 1.880054766298736126e+02 5.035901129227745088e+01 7.592526938923802504e+01
2.786562847215275178e+04 1.773314020889552580e+02 1.878491770452960736e+02 5.057031749462312575e+01 7.494927045766213780e+01
2.786656911234633299e+04 1.764244798416374636e+02 1.875401214880649547e+02 5.090821196315587116e+01 7.400849883869929613e+01
2.786754580247821286e+04 1.754541143819949127e+02 1.871345859589859515e+02 5.133439064545064667e+01 7.310672251531507015e+01
2.786845587847281058e+04 1.745274247185055856e+02 1.865700820056899545e+02 5.189916668183422388e+01 7.228175278152977512e+01
2.786929794896727617e+04 1.737567765470164716e+02 1.858716613285818369e+02 5.252821267890497836e+01 7.150828550332801115e+01
2.787010713093443701e+04 1.732222110164344429e+02 1.849552544986070757e+02 5.330585476373859422e+01 7.089177298594114518e+01
2.787083830779530035e+04 1.729212574236760531e+02 1.839443350549218508e+02 5.422510590800545316e+01 7.050002811692225180e+01
2.787149084716171274e+04 1.727242791061117373e+02 1.829968843313521631e+02 5.517730535052348984e+01 7.019757708876416302e+01
2.787210351262121185e+04 1.726382471508460128e+02 1.820434264539193521e+02 5.615664459010336884e+01 7.000486896787056423e+01
2.787271004235524742e+04 1.726417660381765700e+02 1.810897039948896179e+02 5.715307737689313683e+01 6.992136781967822401e+01
2.787335636266406800e+04 1.727350923550612833e+02 1.800868585003284181e+02 5.814790190863995178e+01 6.991931971277078617e+01
2.787400215484325599e+04 1.728204623352265514e+02 1.791016128501610183e+02 5.913585634453727380e+01 7.007249775237828260e+01
2.787462733417091658e+04 1.728879796718488819e+02 1.781621301625054912e+02 6.013036869929045736e+01 7.017373489943726383e+01
2.787526655778383429e+04 1.729189584284845012e+02 1.771987337294411873e+02 6.112841290526823457e+01 7.019638884887616825e+01
2.787591199901486834e+04 1.728778674922617711e+02 1.761362688948830169e+02 6.212617920008074890e+01 7.012966429549975089e+01
2.787655005825313492e+04 1.727318737007952620e+02 1.750443996131195661e+02 6.312444961544456135e+01 7.007108089677257112e+01
2.787720311254430635e+04 1.724959770330329718e+02 1.739847869056133050e+02 6.412128072612669882e+01 6.999836003004148210e+01
2.787783859408873832e+04 1.723488938946368592e+02 1.729604310790634827e+02 6.511609959378320411e+01 6.990591785170526862e+01
2.787841387637081425e+04 1.722363749806088151e+02 1.720113228689200753e+02 6.611002963519688080e+01 6.982588467173474100e+01
2.787895335539794542e+04 1.721620831189434000e+02 1.711213811973058228e+02 6.709271438464671178e+01 6.964082229600352036e+01
2.787951911171973916e+04 1.721155813129920773e+02 1.701719506220258040e+02 6.808173225164729558e+01 6.950000918648493098e+01
2.788011105544072416e+04 1.720409871102242221e+02 1.691061868631774132e+02 6.907636628054891048e+01 6.940109696179861487e+01
2.788068500178048635e+04 1.719547145645307751e+02 1.680235641582274013e+02 7.006959493324045241e+01 6.930083014358824300e+01
2.788124048097869309e+04 1.718791607064695484e+02 1.670103051017116229e+02 7.106860742431906885e+01 6.926470013211392995e+01
2.788181266540470460e+04 1.718947343155090550e+02 1.660401983095216565e+02 7.206687757529768135e+01 6.922154601719662992e+01
2.788244298334289851e+04 1.719569149960152288e+02 1.650096427126880485e+02 7.306466410022575531e+01 6.926816927194290940e+01
2.788308425716137936e+04 1.719639569838118689e+02 1.639470759192876415e+02 7.405924692950327426e+01 6.930900447193940295e+01
2.788368316346249776e+04 1.719301164857425306e+02 1.629160729981545899e+02 7.505668502261967490e+01 6.925430663225736794e+01
2.788424456756439758e+04 1.718402085251599942e+02 1.619430147594931384e+02 7.605497451758338912e+01 6.922324681388907663e+01
2.788481480153816665e+04 1.717471012899588061e+02 1.609490533467717057e+02 7.705101721682484595e+01 6.913491928480107163e+01
2.788541984594231690e+04 1.716830178410307894e+02 1.598849888103322598e+02 7.804922083248911235e+01 6.909064915762813541e+01
2.788602405247817296e+04 1.716512801580174710e+02 1.588197973412680142e+02 7.904638636419099385e+01 6.904938492893626290e+01
2.788659782329807058e+04 1.716786894604950930e+02 1.577830637911431495e+02 8.004129855226486256e+01 6.899278961728803949e+01
2.788713666356515387e+04 1.717263698351633252e+02 1.567998264310116099e+02 8.103990247877806041e+01 6.904546389796013273e+01
2.788767449326741189e+04 1.717585620944432492e+02 1.558086190300356009e+02 8.203885986647003392e+01 6.907542688645648354e+01
2.788823376853812806e+04 1.717714602012731291e+02 1.547901197267626401e+02 8.303631930313707699e+01 6.911167988867262579e+01
2.788877056877292489e+04 1.717741680179442199e+02 1.538394258494800511e+02 8.403245278923415640e+01 6.918449332636350846e+01
2.788929870545523227e+04 1.717848110927641585e+02 1.529023623849732303e+02 8.503185719500186224e+01 6.921278032961026838e+01
2.788988369296637757e+04 1.717625803037630305e+02 1.518758959864399003e+02 8.602971760112228594e+01 6.927665952771289426e+01
2.789050514527225823e+04 1.717455045033129011e+02 1.507983669237331981e+02 8.702675297369715679e+01 6.929678114196224215e+01
2.789111759469392200e+04 1.717893301759194742e+02 1.497455607181371420e+02 8.802419160842231349e+01 6.928412158492507444e+01
2.789169979594479446e+04 1.717768026625353173e+02 1.487593221348548980e+02 8.902189614795335615e+01 6.930260431419833367e+01
2.789227790877257212e+04 1.717292175247289663e+02 1.477736100199961697e+02 9.002082182345706940e+01 6.926256034359802527e+01
2.789288157692502500e+04 1.717135668528988788e+02 1.467681176263216400e+02 9.101939461994419389e+01 6.928925792950276730e+01
2.789349333815001592e+04 1.716787851872616386e+02 1.457472345688310327e+02 9.201386035775189498e+01 6.928195715178379999e+01
2.789406690945706214e+04 1.716348891400303103e+02 1.447309049401626453e+02 9.300883366369856731e+01 6.919935579771734524e+01
2.789457448391029175e+04 1.716380300250438893e+02 1.438411374467764290e+02 9.400830102568025382e+01 6.920938225591777382e+01
2.789508420102710807e+04 1.716583197118547162e+02 1.429636649652139226e+02 9.500641276855667172e+01 6.920241816905424059e+01
2.789564221835773060e+04 1.716163302792686522e+02 1.420174105623073615e+02 9.600444504640078947e+01 6.917326501343629275e+01
2.789622534547338728e+04 1.715056856022015666e+02 1.410646116089531006e+02 9.700179155752032045e+01 6.914820405501636458e+01
2.789681285553153430e+04 1.714174755887428603e+02 1.400514329647146212e+02 9.799872879890183697e+01 6.908310270635764994e+01
2.789743394051481664e+04 1.713713860106889513e+02 1.389610700093799380e+02 9.899700834515624592e+01 6.903613738672281386e+01
2.789808916624118865e+04 1.714612643427021226e+02 1.378654639137855327e+02 9.999458210081056109e+01 6.897082773821128399e+01
2.789876293464024639e+04 1.716674274159418303e+02 1.367938025321629993e+02 1.009780205278029541e+02 6.906762377922436258e+01
2.789943998100993122e+04 1.718631248031136636e+02 1.357826082583192999e+02 1.019555613380399279e+02 6.926001560769101673e+01
2.790012568573994577e+04 1.720330901595131081e+02 1.347757246033616241e+02 1.029323102645361558e+02 6.944872217559404248e+01
2.790079939052323971e+04 1.721587853513032087e+02 1.338081783358119594e+02 1.039060439654994923e+02 6.964696673792232673e+01
2.790147882259955077e+04 1.723414246317961158e+02 1.328936728225320962e+02 1.048986731642529264e+02 6.976141530797424650e+01
2.790221236239964128e+04 1.724788741768901730e+02 1.319106566908741343e+02 1.058827115701657249e+02 6.993809713638152914e+01
2.790293027417443227e+04 1.724505683374424621e+02 1.308195580181456421e+02 1.068655509741373066e+02 6.996936698030434343e+01
2.790355503604421028e+04 1.723655748712482421e+02 1.298089556091100292e+02 1.078580354609883614e+02 6.986858888254774058e+01
2.790412463548594314e+04 1.722804790381746045e+02 1.288923913011389288e+02 1.088559817777514667e+02 6.981262147610651425e+01
2.790471191914687006e+04 1.722164103608183154e+02 1.279448282913434696e+02 1.098494472263965065e+02 6.970105095836558462e+01
2.790532684545771190e+04 1.721582189886642880e+02 1.269608488817731740e+02 1.108432406577813367e+02 6.959487017629676586e+01
2.790595819389088501e+04 1.721355395155530346e+02 1.259418489599411686e+02 1.118340687337719430e+02 6.947188144557850364e+01
2.790661877049441682e+04 1.721376609920083069e+02 1.248679928298469548e+02 1.128222678507350309e+02 6.942679249826612420e+01
2.790726800013644242e+04 1.721159793908045685e+02 1.238743106791756645e+02 1.138167825328942939e+02 6.944007191088543607e+01
2.790792177364555391e+04 1.721742305520951675e+02 1.229390212301394882e+02 1.148110013167947443e+02 6.944433759577665910e+01
2.790859202400315189e+04 1.722296936595870136e+02 1.219244053328533681e+02 1.158037118983578182e+02 6.956483091473835145e+01
2.790924231378387049e+04 1.723242809368048540e+02 1.208793563508845494e+02 1.167996698248286833e+02 6.963333576865967700e+01
2.790984546248876359e+04 1.724947278898199272e+02 1.199369415260191261e+02 1.177693587304294454e+02 6.980346005654681107e+01
2.791040752652260562e+04 1.726839884879820488e+02 1.191025704077192984e+02 1.187312177814819307e+02 7.005271117771697220e+01
2.791101353056989319e+04 1.730895035460729048e+02 1.183088287819765583e+02 1.196907410702717556e+02 7.030348303675994259e+01
2.791163994353949602e+04 1.736338680233052401e+02 1.174759434697716500e+02 1.205884407343573770e+02 7.073942821869172803e+01
2.791221896131098765e+04 1.741840605284594687e+02 1.166289043237117511e+02 1.214674977751264890e+02 7.121550638313023285e+01
2.791277432574374325e+04 1.747482166656882896e+02 1.158467547458257201e+02 1.222828319902933885e+02 7.177733417911244373e+01
2.791335166438340821e+04 1.752977870786001233e+02 1.150577144095003774e+02 1.230400023803187253e+02 7.242914076740288465e+01
2.791397064382140888e+04 1.758593419344817050e+02 1.142239048599904265e+02 1.238417673600071538e+02 7.302617884565403017e+01
2.791463580201075820e+04 1.763852239629306098e+02 1.133493208523732108e+02 1.246362573257189439e+02 7.363201654965976672e+01
2.791530239681573585e+04 1.769080272200907871e+02 1.124800587298819750e+02 1.254886682457461262e+02 7.412307535043298401e+01
2.791589885154590593e+04 1.774273469495699089e+02 1.116498280466168040e+02 1.263647304102897380e+02 7.458063903295787611e+01
2.791642990191024001e+04 1.778878029638260045e+02 1.108273885062853310e+02 1.271972155731259164e+02 7.513175924409702588e+01
2.791698008375498466e+04 1.784055500216391579e+02 1.099865024991891573e+02 1.280777615348669940e+02 7.560447728990367011e+01
2.791754411335963596e+04 1.789159979421893638e+02 1.091281364600464343e+02 1.289141277752135011e+02 7.614030661518164322e+01
2.791807156493103321e+04 1.793050524338732998e+02 1.082755639941642158e+02 1.297502405048700496e+02 7.667493993219039794e+01
2.791861609623509503e+04 1.795998385559669259e+02 1.073525775165800127e+02 1.306663074069525692e+02 7.707467933717033759e+01
2.791922733888787479e+04 1.798374948168784897e+02 1.063021146557154708e+02 1.316081801154571735e+02 7.740837943980648106e+01
2.791986268389482211e+04 1.800890756876634100e+02 1.052483161650206824e+02 1.325827588725620387e+02 7.760966832167963503e+01
2.792046253614528541e+04 1.802570335601305374e+02 1.042595428562782018e+02 1.335436429466906247e+02 7.784848045385186310e+01
2.792101948162645567e+04 1.802895976898734602e+02 1.032973957294686329e+02 1.345059536131687992e+02 7.807221150190660808e+01
2.792157081986750563e+04 1.802875654175191471e+02 1.023324032914404569e+02 1.355034968032416884e+02 7.814212505453654956e+01
2.792214069083471986e+04 1.802493875332837376e+02 1.013499151912411378e+02 1.365016266939029208e+02 7.820308533780406890e+01
2.792270427429950723e+04 1.801813753346746125e+02 1.003975635656410219e+02 1.374940428443183862e+02 7.814796194660398498e+01
2.792325509497553503e+04 1.800447518609640269e+02 9.947821738375914435e+01 1.384871847818878621e+02 7.805033147179335629e+01
2.792381954423076604e+04 1.798053679933613012e+02 9.852212649650968501e+01 1.394722432264322549e+02 7.791159452862787305e+01
2.792439513602974330e+04 1.795322214105107435e+02 9.754268811513422577e+01 1.404310216784469105e+02 7.763087713991947680e+01
2.792496080264030752e+04 1.792068595941908598e+02 9.660782194778774112e+01 1.413944642529895077e+02 7.737002552836653990e+01
2.792549683467729483e+04 1.788385880668440393e+02 9.573970008181370872e+01 1.423307447728431328e+02 7.704197813771772019e+01
2.792603979388947118e+04 1.784497413333613736e+02 9.488321104962469121e+01 1.432340197435620723e+02 7.661312609766416415e+01
2.792661940419714301e+04 1.779458782930576888e+02 9.403973672538124617e+01 1.441433740033957349e+02 7.619710551176748936e+01
2.792718683706363299e+04 1.773935707524809118e+02 9.325756835474983575e+01 1.449901610373088658e+02 7.567776531449337085e+01
2.792772483478093272e+04 1.768268420683869806e+02 9.252553387053029610e+01 1.458034215339025934e+02 7.509700536750756328e+01
2.792827909892443495e+04 1.762026880269854416e+02 9.178155976325136578e+01 1.465921777149112017e+02 7.448612556696696174e+01
2.792886561377135513e+04 1.755822551362765296e+02 9.101231288832016730e+01 1.473384826734548767e+02 7.382053826435797816e+01
2.792947383934438039e+04 1.749328759888348088e+02 9.025518245315144839e+01 1.481268114293697806e+02 7.320902687380825569e+01
2.793011669478221302e+04 1.742860460754932603e+02 8.945608187509935760e+01 1.489042115282356633e+02 7.258434400875073322e+01
2.793081110599170643e+04 1.736723429319334855e+02 8.864989342070462897e+01 1.497044862740492022e+02 7.199268063200261736e+01
2.793151264931910191e+04 1.729934607578782391e+02 8.792195879323350027e+01 1.504732709505728963e+02 7.136467873631526970e+01
2.793218843594791178e+04 1.723055795513531905e+02 8.716417431793236403e+01 1.512105768628641158e+02 7.069067238595685865e+01
2.793287452163638227e+04 1.716837717428682026e+02 8.631164805917306637e+01 1.519759562890839675e+02 7.004709353725364451e+01
2.793359556117454122e+04 1.711855437566829892e+02 8.538409115295081619e+01 1.527614233794255370e+02 6.942882371850662082e+01
2.793434888518818116e+04 1.708198125676242682e+02 8.442667641810284351e+01 1.536105637429783997e+02 6.890672423165872829e+01
2.793513668895436786e+04 1.706472223138320317e+02 8.338715587998939327e+01 1.545426426737930399e+02 6.856181784134113855e+01
2.793589686392909425e+04 1.707466063656017070e+02 8.234321403856533550e+01 1.555261085415342563e+02 6.851608780504463425e+01
2.793665768750835196e+04 1.710949026540227749e+02 8.134902032167072150e+01 1.565058646889938245e+02 6.870250388758488214e+01
2.793743474373998470e+04 1.715156975381727023e+02 8.036046180261504901e+01 1.574085545449788697e+02 6.910990694918253041e+01
2.793821562372171320e+04 1.718359847514017247e+02 7.931735016949252781e+01 1.583075795449975089e+02 6.954256995834566624e+01
2.793904322888315073e+04 1.718881827497045833e+02 7.813972807179732172e+01 1.592650153042008867e+02 6.981619927854829655e+01
2.793979531991248223e+04 1.718293998248435912e+02 7.701931582195987858e+01 1.602550085590679601e+02 6.982282223450057757e+01
2.794043833233055921e+04 1.717975922426381885e+02 7.602901132217806435e+01 1.612533402897726660e+02 6.981078356868889045e+01
2.794104709490435926e+04 1.717805392053415972e+02 7.512924295619502857e+01 1.622525292363381197e+02 6.978871167388747665e+01
2.794170761617277458e+04 1.717986108976859612e+02 7.422035860339475732e+01 1.632493374922927103e+02 6.983701888446340433e+01
2.794244092880162134e+04 1.718449619294937918e+02 7.326402897643129108e+01 1.642464413909833070e+02 6.991225896286519514e+01
2.794325007775576887e+04 1.718196408013197640e+02 7.228114690200925452e+01 1.652456781235110270e+02 6.992512333477168340e+01
2.794415867031542803e+04 1.716483014075135145e+02 7.128026031806132323e+01 1.662436123952222431e+02 6.986836177477026411e+01
2.794511916362052216e+04 1.714986226772005864e+02 7.024329703928871993e+01 1.672367668961771301e+02 6.975415383976310579e+01
2.794603541165034039e+04 1.714561658086671798e+02 6.924392232681950077e+01 1.682342300256298415e+02 6.970645661611116850e+01
2.794700142917654011e+04 1.713415435765685970e+02 6.833245652832744099e+01 1.692314212606855790e+02 6.963960373174130325e+01
2.794822434818172042e+04 1.711332062851934381e+02 6.744882379451745180e+01 1.702254102157602347e+02 6.953090075748272625e+01
2.794965867112041815e+04 1.712010604318772096e+02 6.675577578701154380e+01 1.711961032780945686e+02 6.930187845912197986e+01
2.795130839917108824e+04 1.716268910477651843e+02 6.658483953671124311e+01 1.714486926407700480e+02 6.994015612284727013e+01
2.796267135947524730e+04 1.719068195501328091e+02 6.582296034850551791e+01 1.723628887497046662e+02 7.011031198829994082e+01
2.796704334603499956e+04 1.719496747429709558e+02 6.544387630411686985e+01 1.732437934709138290e+02 7.034960121840225611e+01
2.799465926795204359e+04 1.717357897646688798e+02 6.591843985925214611e+01 1.725745801196073899e+02 6.986528342854494156e+01
2.800474302613365944e+04 1.717204805198635142e+02 6.615844476594094203e+01 1.716005668128470916e+02 7.000957420957300315e+01
