# ts_seconds,x,y,gt_x,gt_y
2.607754440098806299e+04 1.721966008921598359e+02 6.654199910784099359e+01 1.721966008921598359e+02 6.654199910784099359e+01
2.608400312601721453e+04 1.716263347990619366e+02 6.811983081986979016e+01 1.712089544767509892e+02 6.638588459676107334e+01
2.608466435229895797e+04 1.713618736681483199e+02 6.899553604059218515e+01 1.702131220034985972e+02 6.647663645866106208e+01
2.608530750707614061e+04 1.711911226804927821e+02 6.996381242739724371e+01 1.692142956824604596e+02 6.643020830219278139e+01
2.608599331364811951e+04 1.711039489378627820e+02 7.102779890837754806e+01 1.682223901870343070e+02 6.655693448996696304e+01
2.608667046653364014e+04 1.710565680526395624e+02 7.214824121441701266e+01 1.672241108043416489e+02 6.659646065409734206e+01
2.608728859273486160e+04 1.709496425925890719e+02 7.312302489132387961e+01 1.662923729423092993e+02 6.695647111272270990e+01
2.608804055456849164e+04 1.708740658575648297e+02 7.420902545394081073e+01 1.652966819918594297e+02 6.703371240531782860e+01
2.608865661021715641e+04 1.707973039369771016e+02 7.508242323019445053e+01 1.643581215251421668e+02 6.737511121598635100e+01
2.608928279816809300e+04 1.707101362045839323e+02 7.604404469756390483e+01 1.633625666402748777e+02 6.746916105554019794e+01
2.608986907560657710e+04 1.706922785056181908e+02 7.703296238449129874e+01 1.623702968042887846e+02 6.759195258003467188e+01
2.609047581519619416e+04 1.706840211433264756e+02 7.802372218402965132e+01 1.613914954141466751e+02 6.779033135047410497e+01
2.609109231707730942e+04 1.707373243000967591e+02 7.893342207636185037e+01 1.603934974396351265e+02 6.777891606923473944e+01
2.609170539377893510e+04 1.705876314913756744e+02 7.980214079156519347e+01 1.594203391780621644e+02 6.800059380107185802e+01
2.609236366883608571e+04 1.702764092446046220e+02 8.079772657713519379e+01 1.584204204938867804e+02 6.799052614377549730e+01
2.609295551156102374e+04 1.699861860386319279e+02 8.179612862417197050e+01 1.574206023456095807e+02 6.800905087929805859e+01
2.609352270265037077e+04 1.696915802960066912e+02 8.278405546984558327e+01 1.564229345542480019e+02 6.799147591702109139e+01
2.609412897766346214e+04 1.695221828541905609e+02 8.356514259376962173e+01 1.554508813837763910e+02 6.776123661891220706e+01
2.609496775165043437e+04 1.692444671460508232e+02 8.415225446223489314e+01 1.544557107194458467e+02 6.766983771769861278e+01
2.609737410283581630e+04 1.687589980579573989e+02 8.489370408206102070e+01 1.534805676399862762e+02 6.745206634983573224e+01
2.610017190958703213e+04 1.678691733314248040e+02 8.543174675920175787e+01 1.526319023043290883e+02 6.703373891900227477e+01
2.610082899225560686e+04 1.670153430094425744e+02 8.535527033249871920e+01 1.524576143593219797e+02 6.604950781533653981e+01
2.610131291117295041e+04 1.660922863796488400e+02 8.518805763988999047e+01 1.523599611232020266e+02 6.505471921330270391e+01
2.610179833392959335e+04 1.650259911867360074e+02 8.505138758815709821e+01 1.523404885638364874e+02 6.405553425200692175e+01
2.610223837055257536e+04 1.639787777972627225e+02 8.489257740941044972e+01 1.523799878372187209e+02 6.305680355718287444e+01
2.610262632508723254e+04 1.630526878722992024e+02 8.474032912810217510e+01 1.523722369874085985e+02 6.205753711186464727e+01
2.610302401883195489e+04 1.620973215107196665e+02 8.455727087030663824e+01 1.524546123314819681e+02 6.106125178579456048e+01
2.610341681866127328e+04 1.611428476093219615e+02 8.439949791651191902e+01 1.525657190358055857e+02 6.006860717140060757e+01
2.610377927242619626e+04 1.602751359945382319e+02 8.426906256586583766e+01 1.525799134880645340e+02 5.906872244615600209e+01
2.610416892672860922e+04 1.593395323183268317e+02 8.411513875571856147e+01 1.526226238011686576e+02 5.807028358031557502e+01
2.610455597410393966e+04 1.584066347322194304e+02 8.391187315205846176e+01 1.527173770803772186e+02 5.707583335304746441e+01
2.610492630016120529e+04 1.575262419913439658e+02 8.371795719025951144e+01 1.527218362937161089e+02 5.607587426059405544e+01
2.610533594307824387e+04 1.565454386016635908e+02 8.355725809795276859e+01 1.527577986138858250e+02 5.507701942615812385e+01
2.610572425483657935e+04 1.556141101366172848e+02 8.344027597067436375e+01 1.528247188262574241e+02 5.408165838497579614e+01
2.610610518489412789e+04 1.547238400114467822e+02 8.329837430523420494e+01 1.527403860600359167e+02 5.308541123855514599e+01
2.610651790215079745e+04 1.538253551101130370e+02 8.315650954113372961e+01 1.526462361172197291e+02 5.209168116575057184e+01
2.610692349873718922e+04 1.531554643757562815e+02 8.310040954998578400e+01 1.526640365770961125e+02 5.109206742461905293e+01
2.610782589748428654e+04 1.533713082069443203e+02 8.296617079000164097e+01 1.528402322521029078e+02 5.029692985807724170e+01
2.610908961111748795e+04 1.548752054616849989e+02 8.308533237462079057e+01 1.531366963157684893e+02 5.104414938757773257e+01
2.610962903033521798e+04 1.559002437896307640e+02 8.333310064199781664e+01 1.530204871615256366e+02 5.203415463363526072e+01
2.611009623183442091e+04 1.568938360906045659e+02 8.348800409644432818e+01 1.530313509053683561e+02 5.303093088567504765e+01
2.611051909568734482e+04 1.578675872783604746e+02 8.359143488052696114e+01 1.530829526225597306e+02 5.402959772930759641e+01
2.611091301199932786e+04 1.588116201758246859e+02 8.369906286836447862e+01 1.531076873527275666e+02 5.502920825310107489e+01
2.611130209846932485e+04 1.597169064582551243e+02 8.383222737140512493e+01 1.531738446186808744e+02 5.602676804828840318e+01
2.611168847999403079e+04 1.606119933098804040e+02 8.394958792100402434e+01 1.532358541616792138e+02 5.702482006666005532e+01
2.611208932982030819e+04 1.615858369569201898e+02 8.408545152869137951e+01 1.532594858221987693e+02 5.802440582616949882e+01
2.611250142380769466e+04 1.626014094225067197e+02 8.427828834486584242e+01 1.532986688510610804e+02 5.902357910225843796e+01
2.611291318644844068e+04 1.636207789639013868e+02 8.448262885408763623e+01 1.533087553632940114e+02 6.002340145369502977e+01
2.611333431721520537e+04 1.646642243886729489e+02 8.470047330785149597e+01 1.532964388268770222e+02 6.102330150364426942e+01
2.611376186194385809e+04 1.656868965166756311e+02 8.496310200555477365e+01 1.533159961283533619e+02 6.202297849500425286e+01
2.611418084693971832e+04 1.666914369863281422e+02 8.525468287554492974e+01 1.532767019283359389e+02 6.302173488334727836e+01
2.611459079299734731e+04 1.676780788304567977e+02 8.560074923066115105e+01 1.531315230892206216e+02 6.401024135000476178e+01
2.611498649747088712e+04 1.685773740339346318e+02 8.601821190297205533e+01 1.529271128415213070e+02 6.498894970143672367e+01
2.611535799403983037e+04 1.693875862196079822e+02 8.647286025062904002e+01 1.526169461088005335e+02 6.593851070687335891e+01
2.611572789570215173e+04 1.701359370349036055e+02 8.702311768218584120e+01 1.522252433396743641e+02 6.685812693740439272e+01
2.611609296533630186e+04 1.707659738624225554e+02 8.766335264682734874e+01 1.518410058183502827e+02 6.778131059127511548e+01
2.611647483654928510e+04 1.713528324112974701e+02 8.839604017502593081e+01 1.513669917859175769e+02 6.866058494898047115e+01
2.611687041392807441e+04 1.719133052212517612e+02 8.919222756920134998e+01 1.507442818397442466e+02 6.943997674926711738e+01
2.611724566555277488e+04 1.723749880652627269e+02 8.997305727889795435e+01 1.500755579744424324e+02 7.018338679751420273e+01
2.611764793730713791e+04 1.728449680379303857e+02 9.082130409130023452e+01 1.493806751430084319e+02 7.090238919394877826e+01
2.611806457651548772e+04 1.733243628443949831e+02 9.170560768397746187e+01 1.486274162021567804e+02 7.155922112598159401e+01
2.611844275682223451e+04 1.737259906750990126e+02 9.251955148140028484e+01 1.478723383228267778e+02 7.221483397185308206e+01
2.611883724118575628e+04 1.741449044601222056e+02 9.338103706293138373e+01 1.471415275470835127e+02 7.289726111253671093e+01
2.611924685587555723e+04 1.745831713454751934e+02 9.428852695055041977e+01 1.463741132397696560e+02 7.353787071026565059e+01
2.611962574961660357e+04 1.749276859944236264e+02 9.515325163279969445e+01 1.456048041848473247e+02 7.417673689571716977e+01
2.612001641429547090e+04 1.752176459805455124e+02 9.606331727684313648e+01 1.448379628660661638e+02 7.481857289529885691e+01
2.612041327214120975e+04 1.754959867729758400e+02 9.697074878938762765e+01 1.440138671909769528e+02 7.538357143597208676e+01
2.612080013419890383e+04 1.757504765924001902e+02 9.785051414757724331e+01 1.431585886172562994e+02 7.590147882955265857e+01
2.612120832110936681e+04 1.759872874877577544e+02 9.879197385232063766e+01 1.423058784270014030e+02 7.642383916498522467e+01
2.612160969150716119e+04 1.762171779523302462e+02 9.972613926064465772e+01 1.414163481203768526e+02 7.687955001817505263e+01
2.612199531004702294e+04 1.764234067535926442e+02 1.006320578163379764e+02 1.405101711380918346e+02 7.730233950621300210e+01
2.612238947133392503e+04 1.765893830063923247e+02 1.015481299418042482e+02 1.396304613127144307e+02 7.777715747292671722e+01
2.612278993207691019e+04 1.767501860767576716e+02 1.024714188038964409e+02 1.387278274113799057e+02 7.820683387994422731e+01
2.612320707228688843e+04 1.769228633184962973e+02 1.034542815840145238e+02 1.378096331045135514e+02 7.860281522444486768e+01
2.612362513592081814e+04 1.770291480255456804e+02 1.044465009026509534e+02 1.369055628756267708e+02 7.902991430372412651e+01
2.612404616384279507e+04 1.770865277042070147e+02 1.054196030696494688e+02 1.359784366409924701e+02 7.940376040577099559e+01
2.612447910409481847e+04 1.771626006079861213e+02 1.063972077411367820e+02 1.350286253526151654e+02 7.971579877595630137e+01
2.612490284767823323e+04 1.772323632693142770e+02 1.073723570851288258e+02 1.340856638339844551e+02 8.004847525724215984e+01
2.612530027777056239e+04 1.773177359597461589e+02 1.083060792572464948e+02 1.331245571263986278e+02 8.032341483651966030e+01
2.612569223876175965e+04 1.773930428624048830e+02 1.092122842104755449e+02 1.321563714781689782e+02 8.057357449342509881e+01
2.612607469883242084e+04 1.774062881540073988e+02 1.100544268066422262e+02 1.312161006871401412e+02 8.091194227343743250e+01
2.612646519635695950e+04 1.773759213246693207e+02 1.109168855397103357e+02 1.302880825973838341e+02 8.128438289596682864e+01
2.612688596553080424e+04 1.773881854195469430e+02 1.118615259968748887e+02 1.293354427281130370e+02 8.158698416706100431e+01
2.612727994925921303e+04 1.774450058942450710e+02 1.127506866439879900e+02 1.283921422499415712e+02 8.191852189406908735e+01
2.612768055992191512e+04 1.776269005705734401e+02 1.136539380987392605e+02 1.274637546270075461e+02 8.228987522386243825e+01
2.612808865261137544e+04 1.779275323139670490e+02 1.145427146127177878e+02 1.265369452167400510e+02 8.266540712066461083e+01
2.612848058211793978e+04 1.782610608080567829e+02 1.153709974962395677e+02 1.256523367588344087e+02 8.313019421036450751e+01
2.612890032691799206e+04 1.786114702266616519e+02 1.162723487158424831e+02 1.248177187675173059e+02 8.368010081770660236e+01
2.612932643505879969e+04 1.789292630626850951e+02 1.172021850191486578e+02 1.239698814411112693e+02 8.421018396248007321e+01
2.612973761870654926e+04 1.791278516253454143e+02 1.181105189453597433e+02 1.231212616925717924e+02 8.473918537220691860e+01
2.613018841557610722e+04 1.792221232348663875e+02 1.191339955430702986e+02 1.222441574690881509e+02 8.521900150301870269e+01
2.613063981625355518e+04 1.793030210915572127e+02 1.201431059057600237e+02 1.212985738007260608e+02 8.553841254060569099e+01
2.613104949932614181e+04 1.793589197533991069e+02 1.210367877956382898e+02 1.203589060680210991e+02 8.588009117381619717e+01
2.613149297148902042e+04 1.793275588484753484e+02 1.220360105956990395e+02 1.194133019211984390e+02 8.620530168285155526e+01
2.613194257528095841e+04 1.792566047950374468e+02 1.230390040350515051e+02 1.184316215365608542e+02 8.638898672739122730e+01
2.613235052221894512e+04 1.791440372563678238e+02 1.238997864878591457e+02 1.174508867294627947e+02 8.658406543042299575e+01
2.613279697497050074e+04 1.788818355810796277e+02 1.246929584221335290e+02 1.164703146141787897e+02 8.678022254872971075e+01
2.613329447535087093e+04 1.786753391292724586e+02 1.251922204677826898e+02 1.154734046337595146e+02 8.675769690080490193e+01
2.613510580775675044e+04 1.791146806726302714e+02 1.231922766310309498e+02 1.160821320162958443e+02 8.624384224257248377e+01
2.613571853194322830e+04 1.789099676170014561e+02 1.221794475392274961e+02 1.169715448908987696e+02 8.579404871311287195e+01
2.613627010574735323e+04 1.786480381104077821e+02 1.211541823657807839e+02 1.178559626648519725e+02 8.533029709555513875e+01
2.613679175762897285e+04 1.784388280851561888e+02 1.200989637895429212e+02 1.187521233587756626e+02 8.488704784384248114e+01
2.613727633367301314e+04 1.782367733812876054e+02 1.190738729768329165e+02 1.196549900179915653e+02 8.445821415194589576e+01
2.613771724683982393e+04 1.779685877514845629e+02 1.181273195379436487e+02 1.205751821290886880e+02 8.406694585176809653e+01
2.613813919637225627e+04 1.776132595198070021e+02 1.172426246896301905e+02 1.214678066802682679e+02 8.362062800434426890e+01
2.613855011630653826e+04 1.771595877148729414e+02 1.164353639014138224e+02 1.223259174250472512e+02 8.310745465160201206e+01
2.613896114459227101e+04 1.765713609799905726e+02 1.156984770342932336e+02 1.231406686382264724e+02 8.253019601998575183e+01
2.613937744067044696e+04 1.758577003823982636e+02 1.150467198608563137e+02 1.238403782838090734e+02 8.182401694604607201e+01
2.613977544867893084e+04 1.750923262905187414e+02 1.145488702990234486e+02 1.244196547836319269e+02 8.101097035331868312e+01
2.614017433817645724e+04 1.742549364109307533e+02 1.141665486403458800e+02 1.248801743847144934e+02 8.012657315601884989e+01
2.614059316631627735e+04 1.733345591744441379e+02 1.138711336842492017e+02 1.251406479078325020e+02 7.916920727198126428e+01
2.614100876625220553e+04 1.724066480466794076e+02 1.137445574759242959e+02 1.252358403435889898e+02 7.817520640148552502e+01
2.614142318523652648e+04 1.714730578302140600e+02 1.138143656741334695e+02 1.252046109718391733e+02 7.717799419598676991e+01
2.614183327263397587e+04 1.705609740259965008e+02 1.139935758598376481e+02 1.249784748951152125e+02 7.621068525135498817e+01
2.614222526447861674e+04 1.697120990475237932e+02 1.142068538613981730e+02 1.246046547077254161e+02 7.528446920959386546e+01
2.614262417110864772e+04 1.688461839518628835e+02 1.144763875696525020e+02 1.241705984467488548e+02 7.438383207882414183e+01
2.614302596233571967e+04 1.679891122743353264e+02 1.148202366836067512e+02 1.236798182608216621e+02 7.351336832656865283e+01
2.614341456121193187e+04 1.672206809080808227e+02 1.152384465643494309e+02 1.231330293175206663e+02 7.267656825785599040e+01
2.614382560286283115e+04 1.664860039688785776e+02 1.157854532362651412e+02 1.225226652231255713e+02 7.188570846840748629e+01
2.614425153324793064e+04 1.658186812271791837e+02 1.164500990427086293e+02 1.217977289146094222e+02 7.120379886235591016e+01
2.614466502247078461e+04 1.652878046050596197e+02 1.171915756521954961e+02 1.209564944875490227e+02 7.067025606728492448e+01
2.614508152705751127e+04 1.648491157122520008e+02 1.180258672062239356e+02 1.200490901385167177e+02 7.025313658473920952e+01
2.614548424068799068e+04 1.644795821062243704e+02 1.188711114490678256e+02 1.190948685801285762e+02 6.996346938373956448e+01
2.614587717192962373e+04 1.641811212308100494e+02 1.197123939198881146e+02 1.181131367304920872e+02 6.977697783465690407e+01
2.614628798371897210e+04 1.639411990632459037e+02 1.206151589731595948e+02 1.171262727279563478e+02 6.961544599844312131e+01
2.614669224995390687e+04 1.637287011452255854e+02 1.215090484807772668e+02 1.161319430873652294e+02 6.952544664865249047e+01
2.614710042558809801e+04 1.634988315625223265e+02 1.224147525107720611e+02 1.151323589478892160e+02 6.950394072154927017e+01
2.614753315476972784e+04 1.632581876663998344e+02 1.234015741136617947e+02 1.141343538002018505e+02 6.945119318528278995e+01
2.614794832704072178e+04 1.630241111699074850e+02 1.243622513684596527e+02 1.131356658842166780e+02 6.940749497448345551e+01
2.614834537488379647e+04 1.627839683218558946e+02 1.252765979919978321e+02 1.121357925318858975e+02 6.939316763637717145e+01
2.614874847238249276e+04 1.625699511848660563e+02 1.262053773833637820e+02 1.111390950310226344e+02 6.932511276035111791e+01
2.614913603448413414e+04 1.624034471224285028e+02 1.271024376129860087e+02 1.101409757405604779e+02 6.928203012260938465e+01
2.614951707400743908e+04 1.622418531793631189e+02 1.279904926033614032e+02 1.091432240768709931e+02 6.933199710623767942e+01
2.614990441476189881e+04 1.620827108120987532e+02 1.288976353930438563e+02 1.081445774273431937e+02 6.937463799032997258e+01
2.615029089768332778e+04 1.619314867421523161e+02 1.298010850995024157e+02 1.071449450131204770e+02 6.940138044197291833e+01
2.615069119935916024e+04 1.617412248612978658e+02 1.307193246489062517e+02 1.061480315620179766e+02 6.947351251634880498e+01
2.615109345729824054e+04 1.615355684156383802e+02 1.316331228131664375e+02 1.051499791742453596e+02 6.952861485602267066e+01
2.615149236664323325e+04 1.613408791474512611e+02 1.325532093311738322e+02 1.041502700787891627e+02 6.955137616341490059e+01
2.615189607699950284e+04 1.611477891771020268e+02 1.334888536448992511e+02 1.031530039235830571e+02 6.961638426208375563e+01
2.615229266994075806e+04 1.609956769796098683e+02 1.344086422307525197e+02 1.021550215947154641e+02 6.967559398545954252e+01
2.615269683421671289e+04 1.608684101416301075e+02 1.353650948386892310e+02 1.011563561462039900e+02 6.972685154018388687e+01
2.615311065331253121e+04 1.606027040659139686e+02 1.363149212403911577e+02 1.001630709657798093e+02 6.983590021327844966e+01
2.615351570023034583e+04 1.602219864321662612e+02 1.372151105787600898e+02 9.916699349593227453e+01 6.991309675154879244e+01
2.615392543559903424e+04 1.598790688706919809e+02 1.381454279121097954e+02 9.816802885660345623e+01 6.989880418339939183e+01
2.615432994838155355e+04 1.596282892426808360e+02 1.390780278976781972e+02 9.716849748421968513e+01 6.987075167295439826e+01
2.615472585750735379e+04 1.594321382577428778e+02 1.399782658368449120e+02 9.617017634339586607e+01 6.981800020305335863e+01
2.615514688101649153e+04 1.592167061333964284e+02 1.407968642706881610e+02 9.517291854666761708e+01 6.974405280421456155e+01
2.615558273285290488e+04 1.592561116127457979e+02 1.415557981789843609e+02 9.417472356702457148e+01 6.975178307235871955e+01
2.615600401896757103e+04 1.594687096020410024e+02 1.422855905736815885e+02 9.317525712457721454e+01 6.975596959175501866e+01
2.615643751515854819e+04 1.595520790735040180e+02 1.429228489355633656e+02 9.217747566138200455e+01 6.969598083590486226e+01
2.615686449078254009e+04 1.596994724836295347e+02 1.435388880925458182e+02 9.117871320714584726e+01 6.965398009810709823e+01
2.615725342258951423e+04 1.600073518030038713e+02 1.442470983469745534e+02 9.018061170695095541e+01 6.959700711458165756e+01
2.615764444405367249e+04 1.599681626521444286e+02 1.450026533543110645e+02 8.918603140481394576e+01 6.949498837049682720e+01
2.615802943944710569e+04 1.595123312071688986e+02 1.456484072888088406e+02 8.818838869548370951e+01 6.944231353592260803e+01
2.615842104562129680e+04 1.589810277523241382e+02 1.462082809447060754e+02 8.718847771605138064e+01 6.943158281964380762e+01
2.615885034679562523e+04 1.585048328132641586e+02 1.467008798466261794e+02 8.618852867344621416e+01 6.942194985030859300e+01
2.615927083056495758e+04 1.580912894016525456e+02 1.472439179679744541e+02 8.519185169149062631e+01 6.948497208559324179e+01
2.615968921529744694e+04 1.578875410334642879e+02 1.480284582290345270e+02 8.419561001500046871e+01 6.957116846080467099e+01
2.616012548732062351e+04 1.577408781061439811e+02 1.485479806713680091e+02 8.319664427059466050e+01 6.959416522750028378e+01
2.616053671827945072e+04 1.573942979471199806e+02 1.488898805138363457e+02 8.219693304396149358e+01 6.961273704355923542e+01
2.616092703708282716e+04 1.570136761135331653e+02 1.495150956944137022e+02 8.119840700196843386e+01 6.957913310098568616e+01
2.616132622803776758e+04 1.567702421851087138e+02 1.503655408615495617e+02 8.020465100687371773e+01 6.947176527684523251e+01
2.616171144418710901e+04 1.566068297508348621e+02 1.511999713031947010e+02 7.920754364144700332e+01 6.941059313126484653e+01
2.616210302525832958e+04 1.564541636915630818e+02 1.520512644279727965e+02 7.820829574631999037e+01 6.937215634402812725e+01
2.616251225636874733e+04 1.563339528900764890e+02 1.529810694837951814e+02 7.721031648418826876e+01 6.931007893708492418e+01
2.616290233846971023e+04 1.562257428078920611e+02 1.538891769303977242e+02 7.621230256575046269e+01 6.932873737427021865e+01
2.616329086676942825e+04 1.560363101746171708e+02 1.547953312126838057e+02 7.521508143835880844e+01 6.940257613706083362e+01
2.616367002785413933e+04 1.557965694685747735e+02 1.557092453295349799e+02 7.421609011587308657e+01 6.942177854846062246e+01
2.616402393726153241e+04 1.555803856943298626e+02 1.565942547713102044e+02 7.321618908340884957e+01 6.943062818989440643e+01
2.616437835362660189e+04 1.553964236138228614e+02 1.574839003944913429e+02 7.221924233584699948e+01 6.950023606277754595e+01
2.616473447029431190e+04 1.552205284788020379e+02 1.583484790902729458e+02 7.122195267676480057e+01 6.957253659427439629e+01
2.616510765179516966e+04 1.550393947443049854e+02 1.592538694159734973e+02 7.022611871225329594e+01 6.966206667094390070e+01
2.616547545021966653e+04 1.549010021069493064e+02 1.601401936155218095e+02 6.923908844465229606e+01 6.981833918835300778e+01
2.616585894488774284e+04 1.547851105971899983e+02 1.610527232545893526e+02 6.825213518493869458e+01 6.997881308876725370e+01
2.616625704679271075e+04 1.546166210425753889e+02 1.619997712429285741e+02 6.725932714542689439e+01 7.009634717281051053e+01
2.616663725806843286e+04 1.544004798636838984e+02 1.629044737556739051e+02 6.626950527004900948e+01 7.023650133873859147e+01
2.616703326686058062e+04 1.541559620133627391e+02 1.638427253742935363e+02 6.527601088852493660e+01 7.034619799580887900e+01
2.616745317463554238e+04 1.538588368509086592e+02 1.648429453776867319e+02 6.427778226066230616e+01 7.034459391867528666e+01
2.616785126557380499e+04 1.535275153266023551e+02 1.657870742486082918e+02 6.327854276778594311e+01 7.030560971702257689e+01
2.616824611561010897e+04 1.531955117882715456e+02 1.666946257559017681e+02 6.228031496637822784e+01 7.024748133221422108e+01
2.616866011467441422e+04 1.528802795271924992e+02 1.676379096309748604e+02 6.128981319983946463e+01 7.011654894277590699e+01
2.616905171671442440e+04 1.526282427323013735e+02 1.685521594464672717e+02 6.029580199852366462e+01 7.001315188775927822e+01
2.616944267893080178e+04 1.523997936528855064e+02 1.694876264326982209e+02 5.929706021942176619e+01 6.996876739372008558e+01
2.616983250993850379e+04 1.521269983268437613e+02 1.704186873012748151e+02 5.830014953436943159e+01 6.989544212692251790e+01
2.617020122367300064e+04 1.518145651934007674e+02 1.713039955495794402e+02 5.730257708531087246e+01 6.982742766748216923e+01
2.617059050008260601e+04 1.515060555811575682e+02 1.722366713712712851e+02 5.630354060462178012e+01 6.978471285394020640e+01
2.617096897803158208e+04 1.512422055387757496e+02 1.731300929363660828e+02 5.530897026523741289e+01 6.968807864424022114e+01
2.617134382565981650e+04 1.510043004674902534e+02 1.740220069329375860e+02 5.431256522984542556e+01 6.960741273588378419e+01
2.617175256734132199e+04 1.508086406244147497e+02 1.749833696356103587e+02 5.331426550850673607e+01 6.962877803936848409e+01
2.617216838621971692e+04 1.506258445727387141e+02 1.759294570245942566e+02 5.231485224192732630e+01 6.965901785966531179e+01
2.617258715613784079e+04 1.504203704573010327e+02 1.768549478287120564e+02 5.131675609390636339e+01 6.971611554819739354e+01
2.617303484487747119e+04 1.502295465921539517e+02 1.778235417491591477e+02 5.032414582700967998e+01 6.983392922722725871e+01
2.617348498272493089e+04 1.500187404373069171e+02 1.787900399340462343e+02 4.932845932594391769e+01 6.992155885673341231e+01
2.617391842536509284e+04 1.497173611606255292e+02 1.797090904045645914e+02 4.833142676456007081e+01 6.999836747616393495e+01
2.617437063304069306e+04 1.493243982355920707e+02 1.806125530475756307e+02 4.733297089984570505e+01 7.005125624729896572e+01
2.617482253244637468e+04 1.489478245709896385e+02 1.814127789857540449e+02 4.634157693001097300e+01 6.995377461907722250e+01
2.617529104452196407e+04 1.486292889035225073e+02 1.819886124665364946e+02 4.535156639695462388e+01 6.981295100968043243e+01
2.617719592827148153e+04 1.493629297274305827e+02 1.810888522707534207e+02 4.491305133834355701e+01 6.963271151064768105e+01
2.617788377965774998e+04 1.503086643796341377e+02 1.804891238800432518e+02 4.571642627355952726e+01 7.020463410760054046e+01
2.617838719037242845e+04 1.511741210878064123e+02 1.800505171162142801e+02 4.637802805209179269e+01 7.095249093727309742e+01
2.617885957400780535e+04 1.520904071233115076e+02 1.796533836198983067e+02 4.708462508272599933e+01 7.165908732373748080e+01
2.617932971405033095e+04 1.530831286745666944e+02 1.793508936912243144e+02 4.770738895296936022e+01 7.243751487556752977e+01
2.617976338201530962e+04 1.540174851965105347e+02 1.791878320543538052e+02 4.823039215012480696e+01 7.328983198160962331e+01
2.618021025889795419e+04 1.549563974640534809e+02 1.790510868159556708e+02 4.870863869967251958e+01 7.416557273960839325e+01
2.618067663914483637e+04 1.559322726427386669e+02 1.790219226237534542e+02 4.905676485718296220e+01 7.510083454000152869e+01
2.618109938366825008e+04 1.567996874189919083e+02 1.791986082672084706e+02 4.931304785453791339e+01 7.606743613157037487e+01
2.618152658314218570e+04 1.576797154085405452e+02 1.795038369758370322e+02 4.952022107644076954e+01 7.704297976247993063e+01
2.618196418431610800e+04 1.586020482218363838e+02 1.798646279813322053e+02 4.958907278936269591e+01 7.803960650161928925e+01
2.618236572940658880e+04 1.594243888820195991e+02 1.802151406643617406e+02 4.960692846936769485e+01 7.903918310454066898e+01
2.618278856126443134e+04 1.602451658722810066e+02 1.805072835020108073e+02 4.965640391563158573e+01 8.003795119635248057e+01
2.618326459175365744e+04 1.611695205496047834e+02 1.807363995253168980e+02 4.969234284889348885e+01 8.103723665462918291e+01
2.618373087440227027e+04 1.620990623607260375e+02 1.808422885720796387e+02 4.975261206786267110e+01 8.203350295450036356e+01
2.618418617722875933e+04 1.629937837825030442e+02 1.806868139882997468e+02 4.994816918512032800e+01 8.301191545377264447e+01
2.618465925586102094e+04 1.638366364158564181e+02 1.802113135106644108e+02 5.031758763113053590e+01 8.393268847773622099e+01
2.618511735572453108e+04 1.645312413725388296e+02 1.796001563823731146e+02 5.094265859720579925e+01 8.469496523507571339e+01
2.618554980903752585e+04 1.650922450321390897e+02 1.788880732574009187e+02 5.176218168671850606e+01 8.526510396865452890e+01
2.618600912090935890e+04 1.656011216090893470e+02 1.780238953053006412e+02 5.265145102610402716e+01 8.571500511288998325e+01
2.618646241579093476e+04 1.659836557863658015e+02 1.770952003080300585e+02 5.360855307017847338e+01 8.598343364657171151e+01
2.618689948950578764e+04 1.662775363737938790e+02 1.761537012819050574e+02 5.460180674971647363e+01 8.609835238787849221e+01
2.618735581756547981e+04 1.666333705788814825e+02 1.751577943348156055e+02 5.559849994199725387e+01 8.617677712160876524e+01
2.618779992300486992e+04 1.670083827124260267e+02 1.741934587939496168e+02 5.659765681815454030e+01 8.621428296645657952e+01
2.618822384480528490e+04 1.673269408686091708e+02 1.732820595137074804e+02 5.759595897566002520e+01 8.625823995642764430e+01
2.618865996962225472e+04 1.676596515779862955e+02 1.723349399344219819e+02 5.859273118273985403e+01 8.633483035026486618e+01
2.618909465575668946e+04 1.680103631356379310e+02 1.713839198348097739e+02 5.959198103468222740e+01 8.637238158707245361e+01
2.618951372820572215e+04 1.683395078393596123e+02 1.704713930079649344e+02 6.058875687400104226e+01 8.643519681353356532e+01
2.618994932921139116e+04 1.686761911818551027e+02 1.695210682622394813e+02 6.158213634447979956e+01 8.654827780104059798e+01
2.619038833697005975e+04 1.690056761006445356e+02 1.685636309912959518e+02 6.257947598999621164e+01 8.661755037409464819e+01
2.619081268689111312e+04 1.692816249692922952e+02 1.676290624414751278e+02 6.357743666027018037e+01 8.667629779623440811e+01
2.619125163349290597e+04 1.695240013364367542e+02 1.666344371190148763e+02 6.457477836159378626e+01 8.672829708528684023e+01
2.619168334313663217e+04 1.697214145987787219e+02 1.656372550726018744e+02 6.557395262729856711e+01 8.669546330504707043e+01
2.619209082570073588e+04 1.698852989301919081e+02 1.646935459515156026e+02 6.657266487774712971e+01 8.665220483789755690e+01
2.619251605596357695e+04 1.700639265747620925e+02 1.636939912078334203e+02 6.757189413421936308e+01 8.662290511756516764e+01
2.619294886626664811e+04 1.702353940173778142e+02 1.626724618715501833e+02 6.856986691533970202e+01 8.655926838482115215e+01
2.619336617005880180e+04 1.704016527885106882e+02 1.617062265314846456e+02 6.956856484427719067e+01 8.652021710801824383e+01
2.619379043378051938e+04 1.706177611996623682e+02 1.607298985078992928e+02 7.056714104396786524e+01 8.648917872816947749e+01
2.619420635814799971e+04 1.708432867450611639e+02 1.597726559225785934e+02 7.156332462049023491e+01 8.640190324786537701e+01
2.619460412982050912e+04 1.710449060280453182e+02 1.588570214715799978e+02 7.256089759657966454e+01 8.634859303916047679e+01
2.619501543353879970e+04 1.712764926456339083e+02 1.579062868044295271e+02 7.356024247536261385e+01 8.632821020420723812e+01
2.619543196378374341e+04 1.715281895206081231e+02 1.569522298626656891e+02 7.455807216492986811e+01 8.626296925001514637e+01
2.619584809690331895e+04 1.717673939212185132e+02 1.560098085411029274e+02 7.555606012915623637e+01 8.622948530277659529e+01
2.619627070186550918e+04 1.720207334419987717e+02 1.550486828094063299e+02 7.655566504308421827e+01 8.625600134613610237e+01
2.619667526451026788e+04 1.722754759914040790e+02 1.541274967633620747e+02 7.755512969708540538e+01 8.624586959741691317e+01
2.619707406670102137e+04 1.725040657204530419e+02 1.532170868151554259e+02 7.855439466425562500e+01 8.621891954579726303e+01
2.619747596122475079e+04 1.727200737766045791e+02 1.522888518589605553e+02 7.955428581149941181e+01 8.621454546273835717e+01
2.619786501224087988e+04 1.729184275941105113e+02 1.513820882854130616e+02 8.055277243408534105e+01 8.616843006278286055e+01
2.619827286028746312e+04 1.731090400207042421e+02 1.504355083181907276e+02 8.155067937551022794e+01 8.611588159339872561e+01
2.619869173057005537e+04 1.733171667223606676e+02 1.494734648509644614e+02 8.255057846258880261e+01 8.610376017015363459e+01
2.619909781644710165e+04 1.735390892396867741e+02 1.485522787956938942e+02 8.354908500239345415e+01 8.605807362396475924e+01
2.619952602280875726e+04 1.737784300281068397e+02 1.475957215064791512e+02 8.454703237899670398e+01 8.601274012157159632e+01
2.619995529564139360e+04 1.740566225759189933e+02 1.466397871003360933e+02 8.554656704410815848e+01 8.603741293715482641e+01
2.620036807948588103e+04 1.743661112566877875e+02 1.457044804381354197e+02 8.654591944347919252e+01 8.606348648430551407e+01
2.620080385874465355e+04 1.746571967206075158e+02 1.447082621556308197e+02 8.754545660213207725e+01 8.608031832811889217e+01
2.620123726358130807e+04 1.748896092641014945e+02 1.437229466778254618e+02 8.854447778368444233e+01 8.612434032109092641e+01
2.620164859383881776e+04 1.750878786829984790e+02 1.427873718703268366e+02 8.954333308283419512e+01 8.612336306218722370e+01
2.620207808549037873e+04 1.752976698100270596e+02 1.418027636009496177e+02 9.054210683514023117e+01 8.607555348153920249e+01
2.620250756515151079e+04 1.755180827168335327e+02 1.408076106416273205e+02 9.154140189742346934e+01 8.603844571306362354e+01
2.620291802498116886e+04 1.757281157313066728e+02 1.398523926301039353e+02 9.253868776036738097e+01 8.597061723425831303e+01
2.620334107184590539e+04 1.759421941633842437e+02 1.388819543840355379e+02 9.353540994181146573e+01 8.589743615395143195e+01
2.620375989960175866e+04 1.761902234364814035e+02 1.379268311530643132e+02 9.453508364993682278e+01 8.587408991229807498e+01
2.620416969899390460e+04 1.764662460012221175e+02 1.369895598102969814e+02 9.553439202480120684e+01 8.584431935693734772e+01
2.620459909339397200e+04 1.767591635824467176e+02 1.360212910273403679e+02 9.653332034688887120e+01 8.582248285453555070e+01
2.620501514163651154e+04 1.770706263697707641e+02 1.350826440046951689e+02 9.753250330437960258e+01 8.586056054163026374e+01
2.620540654817309041e+04 1.773719493512481620e+02 1.341740523040316759e+02 9.853165516128878210e+01 8.589218960762796939e+01
2.620579839079154408e+04 1.776108503508599199e+02 1.332610122171988962e+02 9.953088597646370772e+01 8.591795905876932693e+01
2.620618051696055045e+04 1.777994095413451703e+02 1.323760600465784023e+02 1.005294061579779310e+02 8.597177098230275760e+01
2.620656823022904427e+04 1.780042161861475165e+02 1.314708468892031021e+02 1.015278926673251902e+02 8.596924289833344801e+01
2.620697453601936286e+04 1.782271200059162481e+02 1.305260527483106898e+02 1.025265642037292082e+02 8.592422765120795702e+01
2.620738810870832822e+04 1.784448941771003376e+02 1.295513517238302938e+02 1.035264207974790338e+02 8.592299873689700007e+01
2.620781179321761738e+04 1.786593952026171053e+02 1.285298457184232177e+02 1.045248058797410806e+02 8.589728764793450466e+01
2.620822644454152032e+04 1.788626226788698546e+02 1.275425107241888725e+02 1.055223165795634230e+02 8.582918419498258800e+01
2.620862504808485028e+04 1.790793979869706902e+02 1.266126562757269198e+02 1.065216870406089100e+02 8.580166968621985291e+01
2.620902654225724837e+04 1.793400211066521592e+02 1.256947197284114139e+02 1.075208018727559391e+02 8.577281976068449865e+01
2.620942608329502400e+04 1.796246514765397819e+02 1.248119759348990101e+02 1.085195982537893968e+02 8.572977923056166105e+01
2.620982883745706204e+04 1.799423004349356745e+02 1.239264066843057890e+02 1.095184648216201850e+02 8.575106466514696990e+01
2.621023970340791857e+04 1.802951824393158518e+02 1.230045182017033767e+02 1.105160531154112817e+02 8.582047351418351866e+01
2.621063298221038349e+04 1.806072731899495523e+02 1.221177125097767089e+02 1.115131900949145916e+02 8.589578256816133717e+01
2.621102212368868277e+04 1.808498042541736766e+02 1.212312016688809564e+02 1.125094198556739258e+02 8.598243714034319396e+01
2.621142588493302901e+04 1.810475744912853031e+02 1.202911320945661942e+02 1.135070474018043711e+02 8.602876629957627586e+01
2.621182644680395606e+04 1.811919833920491953e+02 1.193538506484377706e+02 1.145054150954046719e+02 8.598497060958476368e+01
2.621223622245177103e+04 1.812946918563354757e+02 1.183934513293823727e+02 1.155015585259510260e+02 8.589728625568896803e+01
2.621265715458874911e+04 1.813859514711856775e+02 1.174018632036196550e+02 1.164917044788736149e+02 8.576516616171451801e+01
2.621306846256344579e+04 1.814458460870388592e+02 1.164466682734163214e+02 1.174695630953873859e+02 8.555766176261175815e+01
2.621348859802759034e+04 1.814328069865756277e+02 1.154723891886771128e+02 1.184444610742252308e+02 8.533567811667515457e+01
2.621391425404277470e+04 1.813271570032003979e+02 1.144735589140205150e+02 1.194144369835708517e+02 8.509609573644291913e+01
2.621431831132491789e+04 1.811427888866911360e+02 1.135400391060503438e+02 1.203557975914883542e+02 8.476342157328100768e+01
2.621472247134417557e+04 1.809278586971028346e+02 1.126099386560572100e+02 1.212707862184187491e+02 8.436020191215821740e+01
2.621513236185341520e+04 1.807285233809679710e+02 1.116511845958267770e+02 1.221633693443772160e+02 8.391099652576993151e+01
2.621552819402388195e+04 1.805580495075446947e+02 1.107326904696015646e+02 1.230376848355396220e+02 8.342564587824698208e+01
2.621592809705685067e+04 1.804381069958501485e+02 1.098137571292607220e+02 1.239401514145266674e+02 8.300055026144876535e+01
2.621633099698000660e+04 1.804052893493979184e+02 1.088809110345935949e+02 1.248736132287342429e+02 8.264188794120882164e+01
2.621673608386833803e+04 1.804264333842777717e+02 1.079337849967707541e+02 1.258049900133260763e+02 8.227783952666695200e+01
2.621716145000039614e+04 1.804618193097383312e+02 1.069147851705192096e+02 1.267512179227954761e+02 8.195891882218303692e+01
2.621756980897895846e+04 1.805278952780773523e+02 1.059066944619781623e+02 1.277145940024641249e+02 8.169081946517883352e+01
2.621794963196852041e+04 1.806268928964707356e+02 1.049690738311180951e+02 1.286760521471236132e+02 8.141587157972450939e+01
2.621833627095633710e+04 1.807661752822323535e+02 1.040336876518742031e+02 1.296493224924614651e+02 8.119422497776176328e+01
2.621871501241361329e+04 1.809599115777618010e+02 1.031165582492278219e+02 1.306383998737392176e+02 8.104738134632366098e+01
2.621908744117082824e+04 1.811602589000042087e+02 1.022122339635903643e+02 1.316282640498868943e+02 8.090564918699159591e+01
2.621947802310036059e+04 1.813339839719174620e+02 1.012805565839725830e+02 1.326205195290181393e+02 8.078620131281908812e+01
2.621986782598154241e+04 1.815172641791078831e+02 1.003460084151989946e+02 1.336159904984157265e+02 8.069185594563518293e+01
2.622025277187822212e+04 1.817130166527108486e+02 9.940256630942833738e+01 1.346055848800205013e+02 8.055232116231520934e+01
2.622063431913997192e+04 1.819103419050875345e+02 9.848170214407247158e+01 1.355951650783921707e+02 8.041427024374331722e+01
2.622101223274211588e+04 1.821657368296288837e+02 9.758987658135561105e+01 1.365926734434999332e+02 8.035411839603480644e+01
2.622140540378361402e+04 1.824698243862249853e+02 9.667125439393763031e+01 1.375921458624523837e+02 8.032319769942228049e+01
2.622180854198322049e+04 1.827426923355442057e+02 9.574517827740959319e+01 1.385916824555417008e+02 8.030517775941996206e+01
2.622222747163843815e+04 1.830203914721217870e+02 9.477573180886018633e+01 1.395916336996899076e+02 8.030362557792822997e+01
2.622266277617311061e+04 1.833696109390906486e+02 9.376421922548868793e+01 1.405903388305177657e+02 8.026280848089557196e+01
2.622307558971609615e+04 1.837576126940826384e+02 9.283232866265402095e+01 1.415879944008179336e+02 8.025546267911386167e+01
2.622347689624509439e+04 1.841959863821928423e+02 9.195711627585869508e+01 1.425816824820597049e+02 8.035956292549934687e+01
2.622389995646903117e+04 1.847134806116845880e+02 9.106903986667602169e+01 1.435729882437569245e+02 8.049003704904311007e+01
2.622432574186282000e+04 1.852700978200587940e+02 9.021800627578649312e+01 1.445610152075541350e+02 8.063959091869040208e+01
2.622474762618532986e+04 1.859018227434950745e+02 8.942905427876611668e+01 1.455324881026207038e+02 8.087209301429348329e+01
2.622517369554945617e+04 1.866453827906492222e+02 8.869496182683445795e+01 1.464854556670239276e+02 8.117415202017801334e+01
2.622558981624809167e+04 1.874342256494338415e+02 8.804135186567296500e+01 1.474046687300977396e+02 8.156193616279701075e+01
2.622599677226590211e+04 1.882517020317397964e+02 8.747523704322229321e+01 1.482707825581900636e+02 8.205901204480932165e+01
2.622641287366020697e+04 1.891327355849061576e+02 8.696287378027767545e+01 1.491041640888185782e+02 8.261159308533707701e+01
2.622683034259613123e+04 1.900449699533187413e+02 8.651677366731374264e+01 1.498898191720753914e+02 8.322652723368953787e+01
2.622724028237855600e+04 1.909761449444558536e+02 8.622092731083283468e+01 1.505893705405853495e+02 8.393846768317222029e+01
2.622765435716938009e+04 1.919571573694265112e+02 8.611139990030140723e+01 1.512230084178846425e+02 8.471157052277094124e+01
2.622807413273892962e+04 1.929694824809759268e+02 8.612842792804065084e+01 1.517488099339496728e+02 8.555616611813120187e+01
2.622848790387843474e+04 1.939711978413733391e+02 8.623037620560599237e+01 1.521233390224885227e+02 8.648077764288971991e+01
2.622888686957914615e+04 1.949319912384787017e+02 8.640146019767801988e+01 1.524339716413955159e+02 8.743130727364886923e+01
2.622927268411043769e+04 1.958521542906385093e+02 8.660107890098625205e+01 1.526922620722900490e+02 8.839596156259788984e+01
2.622965484900113370e+04 1.967604834285645836e+02 8.683348520997446940e+01 1.528546079601839551e+02 8.938162865305753257e+01
2.623002681888119332e+04 1.976324493125973163e+02 8.711638802025468920e+01 1.529883394804138845e+02 9.037253166076288835e+01
2.623040331233523830e+04 1.985032539135724221e+02 8.742318321375398682e+01 1.531070457699770486e+02 9.136504114688558786e+01
2.623080300154198630e+04 1.994249577277813330e+02 8.773947688513571563e+01 1.531541905951382887e+02 9.236303115123502039e+01
2.623119257753637066e+04 2.003149852955038739e+02 8.805224001519985677e+01 1.531863190044796568e+02 9.336220156778308876e+01
2.623157925631184480e+04 2.011920998711377422e+02 8.835042570918919580e+01 1.532341875488988592e+02 9.436102212158598945e+01
2.623197748418853735e+04 2.020975719900548597e+02 8.865344038945865179e+01 1.532125167694477739e+02 9.535902121264527409e+01
2.623237079032856855e+04 2.029980524409472764e+02 8.898872613909338725e+01 1.531480401938665921e+02 9.635684538250545472e+01
2.623277447788981954e+04 2.039274556762639747e+02 8.933615183836249685e+01 1.531312141951885906e+02 9.735616053825702920e+01
2.623317759742787530e+04 2.048577217592450381e+02 8.964843997412950216e+01 1.531054498044381091e+02 9.835508203563892948e+01
2.623356327943828001e+04 2.057682166744339156e+02 8.992476939161169014e+01 1.530585396733502535e+02 9.935386864718283562e+01
2.623394579893708215e+04 2.066900907584133336e+02 9.016283336135973059e+01 1.530776347121106937e+02 1.003524791172373938e+02
2.623432260243564451e+04 2.075926857379040200e+02 9.035836252550868153e+01 1.531266717541754758e+02 1.013511512089430084e+02
2.623470893341333431e+04 2.085133797898444925e+02 9.058000361166840264e+01 1.531649467298265961e+02 1.023504106421094377e+02
2.623509930127621192e+04 2.094450225952876110e+02 9.084819618487058790e+01 1.532411748995994856e+02 1.033469737498131025e+02
2.623547540383796513e+04 2.103452453293979829e+02 9.111313754128984499e+01 1.533208804420066826e+02 1.043434624910776165e+02
2.623585192161252780e+04 2.112437173270616597e+02 9.138153051314940001e+01 1.533234782135000387e+02 1.053422136091572554e+02
2.623621949000489258e+04 2.121013178460655979e+02 9.166528893064435124e+01 1.533034075694220348e+02 1.063417510870078218e+02
2.623659659943059887e+04 2.129631316193406292e+02 9.195649258413766347e+01 1.533056055475369988e+02 1.073417483869943112e+02
2.623699557120462487e+04 2.138622094748560301e+02 9.226849450577813627e+01 1.532619243983077695e+02 1.083398384527392437e+02
2.623737736524351931e+04 2.147093349695055622e+02 9.259423498010532683e+01 1.532147574189936279e+02 1.093381118826945340e+02
2.623777008455766554e+04 2.155762609959074041e+02 9.291012658638717880e+01 1.532241011497725935e+02 1.103378223023193385e+02
2.623817530365487983e+04 2.164651478988987492e+02 9.318464253382084905e+01 1.531981940461969884e+02 1.113361324519000135e+02
2.623857195498327201e+04 2.173271113778519634e+02 9.345558959078965700e+01 1.531522788780435462e+02 1.123347310043517666e+02
2.623897608922896325e+04 2.181852491457246970e+02 9.378346206786477524e+01 1.531708365623174473e+02 1.133338730676232018e+02
2.623936833478656627e+04 2.189432093043413659e+02 9.414389988436035139e+01 1.531635607182663534e+02 1.143323150281067768e+02
2.623979970899928958e+04 2.193897364551949352e+02 9.442518607176512546e+01 1.530618889931681110e+02 1.153263308427840030e+02
2.624107667313476486e+04 2.184259094387593052e+02 9.437154636624373438e+01 1.525677990976573426e+02 1.156187161250024644e+02
2.624165126707093077e+04 2.173795956409370547e+02 9.429991960557541120e+01 1.525202328274587842e+02 1.146207208393205548e+02
2.624217548889679892e+04 2.163983719174813416e+02 9.425354296922245112e+01 1.523807559243126661e+02 1.136315564087627052e+02
2.624286500975437957e+04 2.156605817490053028e+02 9.417075881511453872e+01 1.523367693534978287e+02 1.126337896698566823e+02
2.624444718470378939e+04 2.155318198693606746e+02 9.384139730703142845e+01 1.521758226539471934e+02 1.119243533398743580e+02
2.624562474147629109e+04 2.167811204052716505e+02 9.374518447305601399e+01 1.522145101715587998e+02 1.129080072216273294e+02
2.624618246729802559e+04 2.178791606445828108e+02 9.386142858919578202e+01 1.523997612164380939e+02 1.138889192100850209e+02
2.624666870094738624e+04 2.188714442310753725e+02 9.402777378582349854e+01 1.524227677260842597e+02 1.148827996792452382e+02
2.624711158788801913e+04 2.197902925928703155e+02 9.425475030299675439e+01 1.524342809446194451e+02 1.158755821450423156e+02
2.624754848108447914e+04 2.207597597147007207e+02 9.449920882847293058e+01 1.525516080269416932e+02 1.168682721572236147e+02
2.624798762841139251e+04 2.217513004937659673e+02 9.470319142459187844e+01 1.526122358190071964e+02 1.178660282653818854e+02
2.624838697644873173e+04 2.226563925309139051e+02 9.491752998227265437e+01 1.527060197354301181e+02 1.188591459753200610e+02
2.624879390317606885e+04 2.235860293874086722e+02 9.516174607941755426e+01 1.528507133774089368e+02 1.198482373377019314e+02
2.624922771560772890e+04 2.245788265344637580e+02 9.545896593845624523e+01 1.529084542671629379e+02 1.208446254204496739e+02
2.624962592360471899e+04 2.254651765079702272e+02 9.580609609696665530e+01 1.528942062868261758e+02 1.218445121286430748e+02
2.625002777066360431e+04 2.263291628570237606e+02 9.618463407179555702e+01 1.528565293399412610e+02 1.228436077392899506e+02
2.625044774006049192e+04 2.272268153146911516e+02 9.658120739025304147e+01 1.527420273987620476e+02 1.238351831811712600e+02
2.625082868444399719e+04 2.280302060510626916e+02 9.697344573281841917e+01 1.525963061914078196e+02 1.248238128054433815e+02
2.625121139376917199e+04 2.288372074034707566e+02 9.732029349965114307e+01 1.525083930062825743e+02 1.258197479081268000e+02
2.625161859968110730e+04 2.296713631744333100e+02 9.764464956935285045e+01 1.523989649033697731e+02 1.268126599822544307e+02
2.625202653689889121e+04 2.304415733058159219e+02 9.806302900389127331e+01 1.522765386949461117e+02 1.278043298547285787e+02
2.625246241340259803e+04 2.312721079868043148e+02 9.851166864894663888e+01 1.521477377055362865e+02 1.287945480768783568e+02
2.625292287769500763e+04 2.321615285077170654e+02 9.883273193934788026e+01 1.519533028583131227e+02 1.297754214081223836e+02
2.625340188989439775e+04 2.330018556037128405e+02 9.905556837344158794e+01 1.519144138886931898e+02 1.307586938856190102e+02
2.625389355705500202e+04 2.338120014813692649e+02 9.916644876033367950e+01 1.519850339340897563e+02 1.317523338763504341e+02
2.625445613703619892e+04 2.345433357867578650e+02 9.916208842293424652e+01 1.521054766366925719e+02 1.327331212859155016e+02
2.625563364227557031e+04 2.347092637425086536e+02 9.947822468295164811e+01 1.519632927961876590e+02 1.336116639578706895e+02
2.625666668885918625e+04 2.339117154290139524e+02 9.968991364652383425e+01 1.513077458739828955e+02 1.332626877663872449e+02
2.625740194436532693e+04 2.328143123610481666e+02 9.958997392696564077e+01 1.511080369765437013e+02 1.323132706303106829e+02
2.625800648390105562e+04 2.317636541488951423e+02 9.943713854250461281e+01 1.509255077512328285e+02 1.313309276773533441e+02
2.625855346917383577e+04 2.307914633207503528e+02 9.918119184925564014e+01 1.509168292049201625e+02 1.303348532570358032e+02
2.625906167556806395e+04 2.298764522455592783e+02 9.882671441479901375e+01 1.510516838274714644e+02 1.293450724910201757e+02
2.625954793792294731e+04 2.290064640878354965e+02 9.841057472005408613e+01 1.511495729551261888e+02 1.283502024714915422e+02
2.626003303627341666e+04 2.281309407110376526e+02 9.792698307457290241e+01 1.513533171278224643e+02 1.273725294452283094e+02
2.626050418170698322e+04 2.272472617056708373e+02 9.746687154457819702e+01 1.515552724458478053e+02 1.263931918623113972e+02
2.626095541893393238e+04 2.264248238343862738e+02 9.708454708879561679e+01 1.517406393724397446e+02 1.254105368577987605e+02
2.626141574208743987e+04 2.256145283737526768e+02 9.677338453814928698e+01 1.520047156138160460e+02 1.244466705966240028e+02
2.626189199875508712e+04 2.247464208982011371e+02 9.653943231407868097e+01 1.521015658171131406e+02 1.234542594668416342e+02
2.626233999007739476e+04 2.239436858720525265e+02 9.635215797898919732e+01 1.520971908617908070e+02 1.224546794721061360e+02
2.626277634062152356e+04 2.231567532415509447e+02 9.611848913684264062e+01 1.521158242528053677e+02 1.214549509659518520e+02
2.626323053944683124e+04 2.223206722453658983e+02 9.583166286847252024e+01 1.520668707937962267e+02 1.204565847280748869e+02
2.626368260051783727e+04 2.214914385679878421e+02 9.555813509106671688e+01 1.520210570326227071e+02 1.194576529233548143e+02
2.626413868141991770e+04 2.206176222451229876e+02 9.529899443399131087e+01 1.520308248097553303e+02 1.184579216298529047e+02
2.626461546276039735e+04 2.196989519409160607e+02 9.501600314576830897e+01 1.519653384781198895e+02 1.174605985465740332e+02
2.626510968923756809e+04 2.187667337283395455e+02 9.473891224294649760e+01 1.519569935508616823e+02 1.164610006161296525e+02
2.626558504086811445e+04 2.178573095785416456e+02 9.449664330037995796e+01 1.519403802502772010e+02 1.154611649645149924e+02
2.626605661761276497e+04 2.169822388747091964e+02 9.422695523121102212e+01 1.518813180623019150e+02 1.144630224253197639e+02
2.626657845267116863e+04 2.160050554630901729e+02 9.391520985709007618e+01 1.519775346444763784e+02 1.134693421923419834e+02
2.626712929838966011e+04 2.149442656765107813e+02 9.359041524496539921e+01 1.520312188888313472e+02 1.124710445257360902e+02
2.626763166402098796e+04 2.139921222187360570e+02 9.327880922955817766e+01 1.520506436591025476e+02 1.114712760300635921e+02
2.626810723248644354e+04 2.131023736845006624e+02 9.295811057058557481e+01 1.521264978665097658e+02 1.104743740107616787e+02
2.626860521295464059e+04 2.121616637934994856e+02 9.261358485578890054e+01 1.521628913536289360e+02 1.094751667270246429e+02
2.626911642514809864e+04 2.112525019180499157e+02 9.226531643861000020e+01 1.522455586035785018e+02 1.084787499833122979e+02
2.626964047487931020e+04 2.104086149297693851e+02 9.187341364759780049e+01 1.523549996324292124e+02 1.074847822048280932e+02
2.627019721951569591e+04 2.095690869186923067e+02 9.151281502150492031e+01 1.524691131302064377e+02 1.064913147860965381e+02
2.627081697713847097e+04 2.085979580420624302e+02 9.128943169366051791e+01 1.524817317986816079e+02 1.054920018498160488e+02
2.627139515946865504e+04 2.075882960333117637e+02 9.118055974985772139e+01 1.522418195086021626e+02 1.045240095448674964e+02
2.627195410998874650e+04 2.065891986152434185e+02 9.115276473982837047e+01 1.519692626407611442e+02 1.035618755076858122e+02
2.627254352165061937e+04 2.055460084180390368e+02 9.108671820132551034e+01 1.516829095628552011e+02 1.026037599262589595e+02
2.627310794855221320e+04 2.045124249140351935e+02 9.084283794414099589e+01 1.515092089702538374e+02 1.016195958990495001e+02
2.627358502487874648e+04 2.035781199336811653e+02 9.053793908820529168e+01 1.514949666338552561e+02 1.006204942266560920e+02
2.627407829534876510e+04 2.026349515003450961e+02 9.017773870564624872e+01 1.514860962137619822e+02 9.962053451824077399e+01
2.627461524157924941e+04 2.016986315733844890e+02 8.975811509540038458e+01 1.516037257282374924e+02 9.862801403234318798e+01
2.627514646030160657e+04 2.007955349506016205e+02 8.933267345459459818e+01 1.517206121892602653e+02 9.763487146923935711e+01
2.627565894037937687e+04 1.998761336518112159e+02 8.892372314962111091e+01 1.518001060844578944e+02 9.663807719036751109e+01
2.627618219809435686e+04 1.989212229264968244e+02 8.842549553807830875e+01 1.518695556076190485e+02 9.564049350842525143e+01
2.627673379737937285e+04 1.978970279852025556e+02 8.791815275272891483e+01 1.518802215066409076e+02 9.464064134967570396e+01
2.627729009478984153e+04 1.968492953841284248e+02 8.757244465000843547e+01 1.519460256894549275e+02 9.364289829797958475e+01
2.627784672575442164e+04 1.958387715923470580e+02 8.728629984247272944e+01 1.519468588993233027e+02 9.264301986487657814e+01
2.627840230628855716e+04 1.948563658909399976e+02 8.697477024602828521e+01 1.519362096781953824e+02 9.164307803241877082e+01
2.627893190479767509e+04 1.939112882760781531e+02 8.662662941758823365e+01 1.519928034332379241e+02 9.064477271012152926e+01
2.627945983613936914e+04 1.929625810762475169e+02 8.626394495666363582e+01 1.520234959873610308e+02 8.964525977108213795e+01
2.628001837547234391e+04 1.920100036105273773e+02 8.597630523942630987e+01 1.521100691069594291e+02 8.864907725265500460e+01
2.628059028691659114e+04 1.911388293151044024e+02 8.590396394485621556e+01 1.520364091309602941e+02 8.765229442973985385e+01
2.628119606392872811e+04 1.902649106198763320e+02 8.614775326155069024e+01 1.516928722577148676e+02 8.671368782015868248e+01
2.628181133456005773e+04 1.893559955618897561e+02 8.661277588264928795e+01 1.511151948615145102e+02 8.589817454502330918e+01
2.628237701948059839e+04 1.884591527632621251e+02 8.708568476640938627e+01 1.503851269470667376e+02 8.521480739519188319e+01
2.628294737006855576e+04 1.874425296469833881e+02 8.748125795411675654e+01 1.496776386990572973e+02 8.450809054993970904e+01
2.628349898455203220e+04 1.864069914231822338e+02 8.778182184074118766e+01 1.489952336381273881e+02 8.377717256348839214e+01
2.628403531957709856e+04 1.853942671574302778e+02 8.799366425447912832e+01 1.483823606964190844e+02 8.298710000402680009e+01
2.628454314957946190e+04 1.844309835277011587e+02 8.802256825578881205e+01 1.478655494333908678e+02 8.213124355659799392e+01
2.628507879981449514e+04 1.834780658231827601e+02 8.792853315171953454e+01 1.475045199615738056e+02 8.119874538385589346e+01
2.628564125967926884e+04 1.825372421951213369e+02 8.785147364568673822e+01 1.472065805141852195e+02 8.024418126524082595e+01
2.628621102973288725e+04 1.815243504172385087e+02 8.774104863933459342e+01 1.468730092178944346e+02 7.930162799176545718e+01
2.628676250590931522e+04 1.804646440779083321e+02 8.751582853735156675e+01 1.466511140669148290e+02 7.832656458513611142e+01
2.628725678310387593e+04 1.795323207321069674e+02 8.720468471901195073e+01 1.464549838582013592e+02 7.734633849568344033e+01
2.628775891276862967e+04 1.786660267103251556e+02 8.678471822969582661e+01 1.464142667527768538e+02 7.634813381783096986e+01
2.628828656215117007e+04 1.778453262398420804e+02 8.622785226947569015e+01 1.465737431751726092e+02 7.536126262711177048e+01
2.628887214040600156e+04 1.769933709014216845e+02 8.553206505924943315e+01 1.468520953981459911e+02 7.440164391104197250e+01
2.628948823358472146e+04 1.761369370694380621e+02 8.477842527445379517e+01 1.472911855878012943e+02 7.350322647702114409e+01
2.629007483285846683e+04 1.754264100469693233e+02 8.400943081265512546e+01 1.477135641259864087e+02 7.259755170809471281e+01
2.629065063849584840e+04 1.748477938633068618e+02 8.321561683954729460e+01 1.482672461792468255e+02 7.176515153933380020e+01
2.629120395848754561e+04 1.744538170250428379e+02 8.245242181880485077e+01 1.488919335500649765e+02 7.098488131949461888e+01
2.629182612746292580e+04 1.742043230644083849e+02 8.162947990850976510e+01 1.496068495122121362e+02 7.028893126491639975e+01
2.629246656550400803e+04 1.740126186566357660e+02 8.087541124684859994e+01 1.504552385857780337e+02 6.975957792892718601e+01
2.629318187753218081e+04 1.741187700516201744e+02 8.011014605510744957e+01 1.513196941051082263e+02 6.926075342170710769e+01
2.629402307133215072e+04 1.742839492613871641e+02 7.937758359128238794e+01 1.522592280637244357e+02 6.892052532186151836e+01
2.629503427964845105e+04 1.744757606512089012e+02 7.852814910947441263e+01 1.531634949540682271e+02 6.849558398230145428e+01
2.629598810237420184e+04 1.745904800148031768e+02 7.754782221147243604e+01 1.541112652857065655e+02 6.817750010545819350e+01
2.629689231960311008e+04 1.748558877511819958e+02 7.654402930706136488e+01 1.550796025670036613e+02 6.797344194564841757e+01
2.629771987095383520e+04 1.751041123766910346e+02 7.562937868841510181e+01 1.560720958338825142e+02 6.808771839194041320e+01
2.629852690915698622e+04 1.755910882260002950e+02 7.472543401187847678e+01 1.570603481535039236e+02 6.816809885466989272e+01
2.629922051922757601e+04 1.759922598946039329e+02 7.385200489928689649e+01 1.580089009788742942e+02 6.846013762695353932e+01
2.629990326802435447e+04 1.763679118476604799e+02 7.288083561435003332e+01 1.590039370109064407e+02 6.854023467234455325e+01
2.630057880041735189e+04 1.766040153055065787e+02 7.185216512417416368e+01 1.599841228991203934e+02 6.864677009417272302e+01
2.630118928213922845e+04 1.767640111371726448e+02 7.083414068877900149e+01 1.609598498950050782e+02 6.842802421686469927e+01
2.630176408707848168e+04 1.768836290600106054e+02 6.982690861476983457e+01 1.619366069853701333e+02 6.822116648405274475e+01
2.630233157156155357e+04 1.770234446771162879e+02 6.887548598104912401e+01 1.629265919813633161e+02 6.808878613567084415e+01
2.630296484310161759e+04 1.773220845519719830e+02 6.783068811193253111e+01 1.639059781836381831e+02 6.794790001878595831e+01
2.630357470951195137e+04 1.776155508419562636e+02 6.683579625173521777e+01 1.648986412116792906e+02 6.801225166967576286e+01
2.630414241319838038e+04 1.779381563936165094e+02 6.594364272166417607e+01 1.658923298078812820e+02 6.794424384479241041e+01
2.630473358913882475e+04 1.781761740027694998e+02 6.496208983143647231e+01 1.668890898874309983e+02 6.800237629694900932e+01
2.630532195052127281e+04 1.784382302993462588e+02 6.391957935549807956e+01 1.678870257469912701e+02 6.794569233942023345e+01
2.630589509417494628e+04 1.787320841661825455e+02 6.291635755080253034e+01 1.688819546704467598e+02 6.787938483978769000e+01
2.630641435259235368e+04 1.789491961064728969e+02 6.202111552204300438e+01 1.698778399577836069e+02 6.789451536713326618e+01
2.630690805299357453e+04 1.791978388956445372e+02 6.120332077924135206e+01 1.708700001116142175e+02 6.777570635882732120e+01
2.630743670472051599e+04 1.795989163097189021e+02 6.039257592842321287e+01 1.718656161457135454e+02 6.777774133093868159e+01
2.630795333863784253e+04 1.801059964053965814e+02 5.979025925786768170e+01 1.728533610530679141e+02 6.793294168538875510e+01
2.630859516076331784e+04 1.804836794712387587e+02 5.926724329096105492e+01 1.738439099709838160e+02 6.806911342478073834e+01
2.630945668584404120e+04 1.806625859049114240e+02 5.847171563936768734e+01 1.748300710029046456e+02 6.815031064844446007e+01
2.631027602516307161e+04 1.810949797270195347e+02 5.747929057640256190e+01 1.758145693987242169e+02 6.807110925889989517e+01
2.631099988503081113e+04 1.813119375263216000e+02 5.650931850021343905e+01 1.767956264921363925e+02 6.816165161695313657e+01
2.631167589728576058e+04 1.817330887031171756e+02 5.563675664839147572e+01 1.777743624493353707e+02 6.806882473506178144e+01
2.631234587326988185e+04 1.820698591752739048e+02 5.471653526822102975e+01 1.787524886735235157e+02 6.817496695943690099e+01
2.631300844329610482e+04 1.824089461033832436e+02 5.377298509279566474e+01 1.797390482614262623e+02 6.802707892583015337e+01
2.631366314634812443e+04 1.828188000011281531e+02 5.278994158650465351e+01 1.807380819203568478e+02 6.798514556100393236e+01
2.631425291105702127e+04 1.832229848655199760e+02 5.194291749701766037e+01 1.817307699646168260e+02 6.799494411341702005e+01
2.631486778042919832e+04 1.836237281750900365e+02 5.111284410010972579e+01 1.827113237785180786e+02 6.819042323648626791e+01
2.631547978927669101e+04 1.839897445296636249e+02 5.029268276874177701e+01 1.837007767750144751e+02 6.832448704709118203e+01
2.631608717245023945e+04 1.844321618514762520e+02 4.956967013333748184e+01 1.846842035956632344e+02 6.844988547017869962e+01
2.631670668902895704e+04 1.848813003404472965e+02 4.900776432764098445e+01 1.856320814537748163e+02 6.876766876816223828e+01
2.631763822409006389e+04 1.853459642538655032e+02 4.870160407382365975e+01 1.865506611477890999e+02 6.913484862247400997e+01
2.631930233373825467e+04 1.854413765831685055e+02 4.921210777785547918e+01 1.864893292071909343e+02 6.898046541493130235e+01
2.632036383542169278e+04 1.850493640864906979e+02 5.006206248064837183e+01 1.855825035548520816e+02 6.863350165791800350e+01
2.632108454966724821e+04 1.845522598160433745e+02 5.086081036052968329e+01 1.846230773148856770e+02 6.835378449507179255e+01
2.632180675654070001e+04 1.841621891316472386e+02 5.171962298963709515e+01 1.836383587657828969e+02 6.820035594987579941e+01
2.632259668307409811e+04 1.838520175739496949e+02 5.268455868670893949e+01 1.826411399715465507e+02 6.822105399628034661e+01
2.632340177249557746e+04 1.835852308930331560e+02 5.369596248879913247e+01 1.816484616421896021e+02 6.833796179826025252e+01
2.632418957787258842e+04 1.833794138600326562e+02 5.472388730705616666e+01 1.806637057116892606e+02 6.851061198699058252e+01
2.632491943167270801e+04 1.831615839806404153e+02 5.573092147720645073e+01 1.796887723938996260e+02 6.873221004984564786e+01
2.632559740695545406e+04 1.828363253426237520e+02 5.673437175251712716e+01 1.786970415111673276e+02 6.884458358713312975e+01
2.632625558944527802e+04 1.824165647700270938e+02 5.767020344004820487e+01 1.776980186788121614e+02 6.883912886221439464e+01
2.632693562641641620e+04 1.820310746842847891e+02 5.860319992947899692e+01 1.767009255597640731e+02 6.876643656307155084e+01
2.632762142283136563e+04 1.817649640039113592e+02 5.951035458166770553e+01 1.757106957029930072e+02 6.886892375987218884e+01
2.632837638515107756e+04 1.817054971773061709e+02 6.042893215979120924e+01 1.747254822671959005e+02 6.903996102598303253e+01
2.632920035922150055e+04 1.815195362631425553e+02 6.131367955387113255e+01 1.737791604502092184e+02 6.935583344916665283e+01
2.632999318773145205e+04 1.811439175903234684e+02 6.219668134000882986e+01 1.727902420190178532e+02 6.937996821022264271e+01
2.633074692433347445e+04 1.806558649829125898e+02 6.290780888745085520e+01 1.717982142152075369e+02 6.925704074397229704e+01
2.633154817665761948e+04 1.802299649648688842e+02 6.372220152175321317e+01 1.708520747405380291e+02 6.893925270865821631e+01
2.633244491902402297e+04 1.797493287839445202e+02 6.460005452678259985e+01 1.698582456230681714e+02 6.885662955537009111e+01
2.633326738164184280e+04 1.794573588554989101e+02 6.555514961266646878e+01 1.688717326138663566e+02 6.869415737416032641e+01
2.633409737886600487e+04 1.791293615280204392e+02 6.649323366419068293e+01 1.678735222228808368e+02 6.874487416133965212e+01
2.633491332646084993e+04 1.789277970134094460e+02 6.746893689459461996e+01 1.668744681766746112e+02 6.871047463233526287e+01
2.633570715460274732e+04 1.786729765715984684e+02 6.840597540254691467e+01 1.658999273038832598e+02 6.893019303674152809e+01
2.633647786476283363e+04 1.783324426361833446e+02 6.931941479818165419e+01 1.649006941053336277e+02 6.889880662335838224e+01
2.633715973552253854e+04 1.779465370752219258e+02 7.010598744283205974e+01 1.639032983944115642e+02 6.895904094797744222e+01
2.633782649157472770e+04 1.775472645907740628e+02 7.088616029703415222e+01 1.629080361612464571e+02 6.886283377749533940e+01
2.633853951492619672e+04 1.771622878601633033e+02 7.167275476238118870e+01 1.619090110023286684e+02 6.881874375886499706e+01
2.633931873153680499e+04 1.767099913516921958e+02 7.250941161754079189e+01 1.609111975437829472e+02 6.875896519776566151e+01
2.634007865889875757e+04 1.763515695485081380e+02 7.344865850022901554e+01 1.599236791190558620e+02 6.860805598148765228e+01
2.634085438715746932e+04 1.759361685704155320e+02 7.433870575915548784e+01 1.589238537055559277e+02 6.861707625635965258e+01
2.634166123991851418e+04 1.756803902095018373e+02 7.527230564309782324e+01 1.579252820546596752e+02 6.857834523803110471e+01
2.634240928328148220e+04 1.753724687171301184e+02 7.615479716221372541e+01 1.569297153186340950e+02 6.865325481661082563e+01
2.634312830218633462e+04 1.751336668800355767e+02 7.700842928856384617e+01 1.559380611504090268e+02 6.855402545637817013e+01
2.634393018621856390e+04 1.749216190311652497e+02 7.787978369890832653e+01 1.549533924384064960e+02 6.872572575481787283e+01
2.634484452776854596e+04 1.749099664594579622e+02 7.883248922965148608e+01 1.539589827071799562e+02 6.881449905989852311e+01
2.634585996245423303e+04 1.749809888533194453e+02 7.958967783218098191e+01 1.530317615054667613e+02 6.913532933792208723e+01
2.634696749883950906e+04 1.754665754259621906e+02 8.047056356981947545e+01 1.524420455695193368e+02 6.993158465278339975e+01
2.634771891113617676e+04 1.757558692878695012e+02 8.114920284714163756e+01 1.515712587651916579e+02 7.042287739292351034e+01
2.634865705845044795e+04 1.758813155657587970e+02 8.184617052577920049e+01 1.507153772645488345e+02 7.092416061770492774e+01
2.634958121241573826e+04 1.762312161085928324e+02 8.258046189975543427e+01 1.497556945787358131e+02 7.114002577221367574e+01
2.635051407899804326e+04 1.765933465724109226e+02 8.331568238854728747e+01 1.489981050338799662e+02 7.179269957772395117e+01
2.635138507978599955e+04 1.772256483356690353e+02 8.412987050635294395e+01 1.482815147894992833e+02 7.248486666049427640e+01
2.635210118525640428e+04 1.777040179036128507e+02 8.492249196113105825e+01 1.477142914775022859e+02 7.330706516146489093e+01
2.635281768050118262e+04 1.781768784871599394e+02 8.562363228959090122e+01 1.470719266891185271e+02 7.407166604857432901e+01
2.635355805295320170e+04 1.785011665054387322e+02 8.631014589599573128e+01 1.464982144032709925e+02 7.488590737577804646e+01
2.635438598486667615e+04 1.788932367782201140e+02 8.703179473024766821e+01 1.458040632756766399e+02 7.560067236786102285e+01
2.635528014608161175e+04 1.792607654661140657e+02 8.785038421110834861e+01 1.452002376753851252e+02 7.638876282184345712e+01
2.635618088916794659e+04 1.795390370402514009e+02 8.880435148702879644e+01 1.444372207037685882e+02 7.703418758074248274e+01
2.635699705859887035e+04 1.796366012967473296e+02 8.970660065156562268e+01 1.436692964334459361e+02 7.765525002057496806e+01
2.635774680456101123e+04 1.795077819367224947e+02 9.066642604339538991e+01 1.427385720891488745e+02 7.801709958364308761e+01
2.635851322464097029e+04 1.792675087607314879e+02 9.157491138537326947e+01 1.417699880928360585e+02 7.826016203967603246e+01
2.635932962270416465e+04 1.790975791752611030e+02 9.253155611333826869e+01 1.408020347203668337e+02 7.848525244061106321e+01
2.636005179726905408e+04 1.789060836262972032e+02 9.336465574195698025e+01 1.398601384838565309e+02 7.880019311572903007e+01
2.636072387739528858e+04 1.787149389225390905e+02 9.425963432895878213e+01 1.388834942049082031e+02 7.900125637757837183e+01
2.636142026008212997e+04 1.784702422291131825e+02 9.523380313462354252e+01 1.379251909847954778e+02 7.928468760914689994e+01
2.636213573528006600e+04 1.781584621798460262e+02 9.624736992440097083e+01 1.369457916626932956e+02 7.947852893739010938e+01
2.636282890041883365e+04 1.778315274047886021e+02 9.722021212961169567e+01 1.359510773452096259e+02 7.957941688573174588e+01
2.636350345750022461e+04 1.775630511659220474e+02 9.814036093911327896e+01 1.349554639524907600e+02 7.966989121607542756e+01
2.636417290655698889e+04 1.773707431495561195e+02 9.901099409992896483e+01 1.339734022798723174e+02 7.984497090853780321e+01
2.636483474727653447e+04 1.771823497802642464e+02 9.988706057275197736e+01 1.329978739172990458e+02 8.004685647251584157e+01
2.636549279068686883e+04 1.769539946613327004e+02 1.007707768533093144e+02 1.320021718517183729e+02 8.013940657166664039e+01
2.636619399248734771e+04 1.767073492829457564e+02 1.016481678527323140e+02 1.310063308626537832e+02 8.023014300470659066e+01
2.636695494486358803e+04 1.765195265690668123e+02 1.025450273083262118e+02 1.300133431657143035e+02 8.034118845133569664e+01
2.636776021171580942e+04 1.764281600422847873e+02 1.034031567629989894e+02 1.290349994080652323e+02 8.054207704057938599e+01
2.636863327198090337e+04 1.765166799444420178e+02 1.042943971520375044e+02 1.280908032082935790e+02 8.086230975945804289e+01
2.636949944959949426e+04 1.767172023962074547e+02 1.052845742850812769e+02 1.271895744828288031e+02 8.129483700653412370e+01
2.637028869901246435e+04 1.770036400349177939e+02 1.062450003296294767e+02 1.263514523934743465e+02 8.182909825622127187e+01
2.637103745071185767e+04 1.774054997434855352e+02 1.071418062733942378e+02 1.256164139719860486e+02 8.250574426550925011e+01
2.637176509193265156e+04 1.777759882175791120e+02 1.079947817650284350e+02 1.249353799006861720e+02 8.323741002968243663e+01
2.637250556091086037e+04 1.779753175518300452e+02 1.088759424195422270e+02 1.242081552384699847e+02 8.391036508036886232e+01
2.637327252930225222e+04 1.780469745291732977e+02 1.097827834024462987e+02 1.233623462898184897e+02 8.444344409736190471e+01
2.637406439724149095e+04 1.780756108193716614e+02 1.107421753836040068e+02 1.224651521831157339e+02 8.487241574114109710e+01
2.637488790605707982e+04 1.780592130201818009e+02 1.118060971531788965e+02 1.215271199300745764e+02 8.521776148346154400e+01
2.637570785352581515e+04 1.779456310136386037e+02 1.128591294821302000e+02 1.205734042138044231e+02 8.550080368508743334e+01
2.637654367661925062e+04 1.778167131754260026e+02 1.138437406795829787e+02 1.196014494002405684e+02 8.573014145156336951e+01
2.637743751538861761e+04 1.776961947207520325e+02 1.147714294520236109e+02 1.186229601548571964e+02 8.591076430890812787e+01
2.637835695243624650e+04 1.775418747801675465e+02 1.156750852366612747e+02 1.176398680196984543e+02 8.607690854116235357e+01
2.637923979976902046e+04 1.773334651339674792e+02 1.166169722627731886e+02 1.166529755975512899e+02 8.620498557803094286e+01
2.638007652475553914e+04 1.770806539786860014e+02 1.175129032506058024e+02 1.156646454986358776e+02 8.633636699184692986e+01
2.638095915924930159e+04 1.766786438947594604e+02 1.183932935500671277e+02 1.146748230668436861e+02 8.636128533808256691e+01
2.638180169855501299e+04 1.761992503137158224e+02 1.192942828942327651e+02 1.136808064190226304e+02 8.625302465870811375e+01
2.638259484752244316e+04 1.757224561055066090e+02 1.202513831537750235e+02 1.126906127106852722e+02 8.611412702734293134e+01
2.638335987216218200e+04 1.753452255901993624e+02 1.211319793911358715e+02 1.116947352452601336e+02 8.606709774198260732e+01
2.638421736595251059e+04 1.749622851923652149e+02 1.219873956783377906e+02 1.106978992251125646e+02 8.600743288411055687e+01
2.638513578318113287e+04 1.746451651114375352e+02 1.228415721025489091e+02 1.097010568578186991e+02 8.601626816039404844e+01
2.638609144001842651e+04 1.742465197463005779e+02 1.237606219232535807e+02 1.087144468913721198e+02 8.591137272968144600e+01
2.638696132805402522e+04 1.739640132735521547e+02 1.246358669533728545e+02 1.077223933905014945e+02 8.588973802653832479e+01
2.638786366660253043e+04 1.736269042389588435e+02 1.254641675395901075e+02 1.067249774269480014e+02 8.586185231725477252e+01
2.638874068130247542e+04 1.733050436960377283e+02 1.262901754048691032e+02 1.057259239469760388e+02 8.584440368845501723e+01
2.638961759067056482e+04 1.730308923498138256e+02 1.271023898147380748e+02 1.047400856034707886e+02 8.598493797993559440e+01
2.639042748484511685e+04 1.727924148419504604e+02 1.279670610986473633e+02 1.037516097675010798e+02 8.597301390696652845e+01
2.639127094035655682e+04 1.725066371306583903e+02 1.288413667953182653e+02 1.027776868061179840e+02 8.611246073534246648e+01
2.639205761790578254e+04 1.722768936244492295e+02 1.296942081708598948e+02 1.018003965559649089e+02 8.607567512834667411e+01
2.639276525846761069e+04 1.720628560918399046e+02 1.305095043995979722e+02 1.008204499988319327e+02 8.615676153855112318e+01
2.639347423438146143e+04 1.717667661420159959e+02 1.313553216690033878e+02 9.983225624254926345e+01 8.614379168972459411e+01
2.639418579256004887e+04 1.714954117656997425e+02 1.322267328052046480e+02 9.883551659657689470e+01 8.606910128855703590e+01
2.639494188492596368e+04 1.711236981202961260e+02 1.331156663668224382e+02 9.783871892291233507e+01 8.611251890201857861e+01
2.639567390583940505e+04 1.707954208105614384e+02 1.340365274975646059e+02 9.685974399880299757e+01 8.597872655769630512e+01
2.639637390364575549e+04 1.704443271380431781e+02 1.350134712817849447e+02 9.586915862272768152e+01 8.591935363783763080e+01
2.639709006427001805e+04 1.701190606896978466e+02 1.361108378936987151e+02 9.489668208645856851e+01 8.573478187869264389e+01
2.639780653647227882e+04 1.696757672928120542e+02 1.371198562945327524e+02 9.390945992992092783e+01 8.567348913893029305e+01
2.639850268034026885e+04 1.692506144739377021e+02 1.380208111672007192e+02 9.291728700737328950e+01 8.558204659891890742e+01
2.639919303525600117e+04 1.689310579680021362e+02 1.388476289528164784e+02 9.192787454509455358e+01 8.563762189252214796e+01
2.639996685360037372e+04 1.686062527913389886e+02 1.396386298684756184e+02 9.093695150559466356e+01 8.577189958090826849e+01
2.640075455996831442e+04 1.684269352059100697e+02 1.404611300900395179e+02 8.993953048292330266e+01 8.580422258926525103e+01
2.640149501084015719e+04 1.681035350971235118e+02 1.411150850509008023e+02 8.897738407016892381e+01 8.603111686212972131e+01
2.640218837683893435e+04 1.677561620321230009e+02 1.417466785231258086e+02 8.800452554105933700e+01 8.597293185032930296e+01
2.640325508859382535e+04 1.675529882038057394e+02 1.422477027231724378e+02 8.700942225915076733e+01 8.590358951778226526e+01
2.640570578820704031e+04 1.676248069139783183e+02 1.414337707239313602e+02 8.727610491285606997e+01 8.550645718633786885e+01
2.640665347736713738e+04 1.682214551800223887e+02 1.405805470000911157e+02 8.823250144293380970e+01 8.579837402900172094e+01
2.640732727387831983e+04 1.687990635200621625e+02 1.398119111772915346e+02 8.919640687627533282e+01 8.606393921193041763e+01
2.640800798606214448e+04 1.693548296949416283e+02 1.390169753856493458e+02 9.015480546858393041e+01 8.634398191115077736e+01
2.640866700809185932e+04 1.698032733842634912e+02 1.383470960469377928e+02 9.111249873287212608e+01 8.660149992144587827e+01
2.641009121445054188e+04 1.700580167022409341e+02 1.376711722232517445e+02 9.210225702710783935e+01 8.673309587561422518e+01
2.641211017864490350e+04 1.700272491177691734e+02 1.366046746700093024e+02 9.304173348086189321e+01 8.667584910134632992e+01
2.641281015938613564e+04 1.700876013639620510e+02 1.354187618988903239e+02 9.396647530079958699e+01 8.637303074245917855e+01
2.641326968663380103e+04 1.705267768133277002e+02 1.344417119300639740e+02 9.496528880761898961e+01 8.638027579737897099e+01
2.641372536298862178e+04 1.710266715000511795e+02 1.334904689916815244e+02 9.596403184492079674e+01 8.641207623068476096e+01
2.641415105662955830e+04 1.714018702705650128e+02 1.325554549587344013e+02 9.696093770288948122e+01 8.645390026999025679e+01
2.641456351021648879e+04 1.717996174554816662e+02 1.316353453091917913e+02 9.795589225282897416e+01 8.654978682816894775e+01
2.641496984791789146e+04 1.722264813155641718e+02 1.307486881883953913e+02 9.895477925705735345e+01 8.658987781575093834e+01
2.641534627937160622e+04 1.725821376827640279e+02 1.299376447036577247e+02 9.995329600292676275e+01 8.663081312431553727e+01
2.641572951541373550e+04 1.729427675065511494e+02 1.290874286821198496e+02 1.009492590972429582e+02 8.672028714790340587e+01
2.641610812192914818e+04 1.732996903617940632e+02 1.282399904943859781e+02 1.019463334311913769e+02 8.676760568117688877e+01
2.641648864543672607e+04 1.736359447033445633e+02 1.273685164209433225e+02 1.029461690734142820e+02 8.675348091038935650e+01
2.641690436311421217e+04 1.740301262286556891e+02 1.263826173371846124e+02 1.039456547784248102e+02 8.677377820215237136e+01
2.641728896989892019e+04 1.744372283104399912e+02 1.254745555435782052e+02 1.049448532469764643e+02 8.679451180008238964e+01
2.641765808550423753e+04 1.747979132268143871e+02 1.246162532202511386e+02 1.059447387256685005e+02 8.678355167952314275e+01
2.641805258279328700e+04 1.751214117000793351e+02 1.236852277527008113e+02 1.069441533224748468e+02 8.680643045544847780e+01
2.641842540920868851e+04 1.754106096872741603e+02 1.228128282173997974e+02 1.079425636531350108e+02 8.681197485076251041e+01
2.641881109530691901e+04 1.757191326395720523e+02 1.219307247190017733e+02 1.089399165173940389e+02 8.674039276500138840e+01
2.641922540778410257e+04 1.760944213542474870e+02 1.209785935259707799e+02 1.099373760704154108e+02 8.670689921372827769e+01
2.641960915865742209e+04 1.765024131695462302e+02 1.200813629146708337e+02 1.109363709053928773e+02 8.675150142880185911e+01
2.641998928701111799e+04 1.768953627566134230e+02 1.192101337179919227e+02 1.119355290402318417e+02 8.679042823349240621e+01
2.642037631387718648e+04 1.772129873111545919e+02 1.183237097899945525e+02 1.129340678080998686e+02 8.683709104510366217e+01
2.642076057636516271e+04 1.774811033493897128e+02 1.174106496834623385e+02 1.139307873404364813e+02 8.684807418299351411e+01
2.642116444344857155e+04 1.777091160341186935e+02 1.164403463954863867e+02 1.149234571532371518e+02 8.673307049089926579e+01
2.642156188866043885e+04 1.778695188631120914e+02 1.155025673338219434e+02 1.159152364190945690e+02 8.661406157669907202e+01
2.642196754003471870e+04 1.780300251870361308e+02 1.145343034766876968e+02 1.169082402382449288e+02 8.650748101311964433e+01
2.642239000109394328e+04 1.781811051672936230e+02 1.135170341527441025e+02 1.178830939598859828e+02 8.629258612764765246e+01
2.642279273986365661e+04 1.782562171402369700e+02 1.125469989321603919e+02 1.188505902904616534e+02 8.604293402444262995e+01
2.642319329953031047e+04 1.782771814554794219e+02 1.115503999019298789e+02 1.198184501207983317e+02 8.579687098390478184e+01
2.642359920359403623e+04 1.782569122403936035e+02 1.105362370385389852e+02 1.207516196559623580e+02 8.544277724614623537e+01
2.642397641254157861e+04 1.781760213779243998e+02 1.096062394130114512e+02 1.216693157155750384e+02 8.504690568561508712e+01
2.642435594772028344e+04 1.780645736529480132e+02 1.086509927611359672e+02 1.225795242499156927e+02 8.463780470065964323e+01
2.642473712754340886e+04 1.779628169823582482e+02 1.076856317138563526e+02 1.234424319580040503e+02 8.413369707020432031e+01
2.642509491299825822e+04 1.778399295255636900e+02 1.067855081946635067e+02 1.242941739683777342e+02 8.361024980618988423e+01
2.642548024710308164e+04 1.776943047622629877e+02 1.058135857174235213e+02 1.251689610295726709e+02 8.312622308480277411e+01
2.642585993668348237e+04 1.775916378352161189e+02 1.048702922971875324e+02 1.260331061421190810e+02 8.262578980188933997e+01
2.642623867959203562e+04 1.775272591904355295e+02 1.039142906834817808e+02 1.268890145676717793e+02 8.211159841248711189e+01
2.642665874074571548e+04 1.774539611248345921e+02 1.028336559974126487e+02 1.278013028637382291e+02 8.170812303163071988e+01
2.642705334552013665e+04 1.773840128238232978e+02 1.018662695342317193e+02 1.287307624947291060e+02 8.134244638625719404e+01
2.642745319276584632e+04 1.773378592371389573e+02 1.009561637706619450e+02 1.296427133141521892e+02 8.093231106091549520e+01
2.642790321501213475e+04 1.773603911899049876e+02 9.993361642491602481e+01 1.305744907166050552e+02 8.057241116774044087e+01
2.642834608095792646e+04 1.774898443006570403e+02 9.896997552604067039e+01 1.315136590706048594e+02 8.023154277614271734e+01
2.642881716835724728e+04 1.775731615204365141e+02 9.807903898289863776e+01 1.324522070004389036e+02 7.989150738469436419e+01
2.642939734984800452e+04 1.775767248518065458e+02 9.720466522717612179e+01 1.334122324249509859e+02 7.961168009432896042e+01
2.643021300493608578e+04 1.777903597347526841e+02 9.650865209467194461e+01 1.343801003614173055e+02 7.936525252139196596e+01
2.643130743954354330e+04 1.779230249608123984e+02 9.551378159200454832e+01 1.353584607453480544e+02 7.936063546222048615e+01
2.643211621642358296e+04 1.777607364527962375e+02 9.414595818423484275e+01 1.363251478514094401e+02 7.934169324765518638e+01
2.643251165548332210e+04 1.777038309370179547e+02 9.306547038405709316e+01 1.372510063126708246e+02 7.897498218566985884e+01
2.643287110361420491e+04 1.775899287867053999e+02 9.210272442499035606e+01 1.381481664307260928e+02 7.853346302768250098e+01
2.643323171263212134e+04 1.774546255265984200e+02 9.113840223659190087e+01 1.390342246551599033e+02 7.807136726436175422e+01
2.643358451657783735e+04 1.773095403007569928e+02 9.020385894080791900e+01 1.398781159861301830e+02 7.753689574359198389e+01
2.643393440600897520e+04 1.771047597469874404e+02 8.929045192410099219e+01 1.407040316581273203e+02 7.697325629889336085e+01
2.643428398825164186e+04 1.768861130705246865e+02 8.837449907808313299e+01 1.415378200799979140e+02 7.642117257692875398e+01
2.643462323888558240e+04 1.767281835852227800e+02 8.747931265249169996e+01 1.423576878163313495e+02 7.584917329270683695e+01
2.643496768825232357e+04 1.765918715930678786e+02 8.657491057066782503e+01 1.431826364052143674e+02 7.528505256360780606e+01
2.643531579639616757e+04 1.764466467335986692e+02 8.566350401615095222e+01 1.440455871488725279e+02 7.478104943411160832e+01
2.643566929998813430e+04 1.763271888966668257e+02 8.472882759713738210e+01 1.449149927376996914e+02 7.428753231025217474e+01
2.643602215497691941e+04 1.762264448058951700e+02 8.380263667268286554e+01 1.457654274528756844e+02 7.376162505259519264e+01
2.643637642875706661e+04 1.760912717365356173e+02 8.288609712028711840e+01 1.466159019356412330e+02 7.323578580824514006e+01
2.643673858065687818e+04 1.759510942819287038e+02 8.194684554460329196e+01 1.474549973077461402e+02 7.269287825900791233e+01
2.643709007890062276e+04 1.758627541777780152e+02 8.103796681673809132e+01 1.482730988474416733e+02 7.211781949872069220e+01
2.643744657218944849e+04 1.757945299316269825e+02 8.013186599586481407e+01 1.491205885511479607e+02 7.159039673787148672e+01
2.643780749962109985e+04 1.757473450868056659e+02 7.922831984836997776e+01 1.500084506653357153e+02 7.113068340445245497e+01
2.643815794989042115e+04 1.757656711473068754e+02 7.836128723877450852e+01 1.508939903537923612e+02 7.066671868056624817e+01
2.643851294956601487e+04 1.758408532154358284e+02 7.749156795139890619e+01 1.517919120953060883e+02 7.022970260325611491e+01
2.643887471977163295e+04 1.759669284108199747e+02 7.661244264754741096e+01 1.527346931237296133e+02 6.990288869831171326e+01
2.643925594483582609e+04 1.761613995111232782e+02 7.569721273618421264e+01 1.536996171592147959e+02 6.964037853731794314e+01
2.643964827939286988e+04 1.763839033774537199e+02 7.476668222049119095e+01 1.546699571133739823e+02 6.939935855999648595e+01
2.644004013132129330e+04 1.765903235554815183e+02 7.382802120190203254e+01 1.556529654526427180e+02 6.922137491567663403e+01
2.644043929480696534e+04 1.768193628061411857e+02 7.286553621130474312e+01 1.566427053579282358e+02 6.907870387562097392e+01
2.644082376701521935e+04 1.771205137322816938e+02 7.196734251829924744e+01 1.576352987883208812e+02 6.896166667615403867e+01
2.644120856130353422e+04 1.774898985751698035e+02 7.109072732256989013e+01 1.586310141587925386e+02 6.897161018105914820e+01
2.644160857620798924e+04 1.778927600885953666e+02 7.018323772724947673e+01 1.596249426908964892e+02 6.908112381837078431e+01
2.644199742535563928e+04 1.782836457613244647e+02 6.930768685948987695e+01 1.606205031526537823e+02 6.917065398650908037e+01
2.644239766093115395e+04 1.786435830865239609e+02 6.840273461039824099e+01 1.616184449575962958e+02 6.923474121998164321e+01
2.644281110500124487e+04 1.789623901485321369e+02 6.746281638061900310e+01 1.626172234849813094e+02 6.927975320860018371e+01
2.644321186217714421e+04 1.792488101143333097e+02 6.654332032793341511e+01 1.636164746208379484e+02 6.926702892810193646e+01
2.644362419213317116e+04 1.795059789699190276e+02 6.559266141237984016e+01 1.646157161365005379e+02 6.922926145579732804e+01
2.644404423902551935e+04 1.796597420384130146e+02 6.475353351031513682e+01 1.656142912745695810e+02 6.917975430642742651e+01
2.644490430680877762e+04 1.796260682639556876e+02 6.425917978498725347e+01 1.665981052662494619e+02 6.902223564487667318e+01
2.645576017520469759e+04 1.795809917357221934e+02 6.392918620482133463e+01 1.670533124082909069e+02 6.838121062836187036e+01
2.646555337192398656e+04 1.796000681252905906e+02 6.303131151403903942e+01 1.675313706712804276e+02 6.754158036934214238e+01
2.646627557094828808e+04 1.794112261988415469e+02 6.228845517864247938e+01 1.684948632596967002e+02 6.728730928947409495e+01
2.646681239815381923e+04 1.789570490785521883e+02 6.118922307343454037e+01 1.694837444990996573e+02 6.713913436643146326e+01
2.646760041536254721e+04 1.789587571870305567e+02 6.112618426278246631e+01 1.704228167234356590e+02 6.747757225482192212e+01
