# ts_seconds,x,y,gt_x,gt_y
2.756457693494900377e+04 1.715445322717575038e+02 6.884373135836490576e+01 1.715445322717575038e+02 6.884373135836490576e+01
2.757434343020668894e+04 1.703405015305872610e+02 7.060997819798595287e+01 1.708139891022349843e+02 6.821028095501513633e+01
2.757476771735693546e+04 1.702558069352997734e+02 7.149325054243647060e+01 1.698512645952044977e+02 6.794126031364848473e+01
2.757514087456184279e+04 1.702470910125382773e+02 7.231420447749499658e+01 1.688739529260054724e+02 6.773096423814989464e+01
2.757553438148596615e+04 1.701739300526577949e+02 7.314512004389297317e+01 1.678848587422143623e+02 6.762281732793722711e+01
2.757593414247795954e+04 1.701784905213015122e+02 7.394313706829464650e+01 1.668858905859496531e+02 6.765034188981287855e+01
2.757639438443642211e+04 1.703376013018886681e+02 7.477759283251228339e+01 1.658884722166286281e+02 6.759324965671515884e+01
2.757692250187006357e+04 1.706269022576932457e+02 7.563976970917886433e+01 1.648944824788296728e+02 6.751746456235629523e+01
2.757744265694472051e+04 1.707847576800887737e+02 7.649050869991138768e+01 1.638956465767192299e+02 6.753905386858104976e+01
2.757794321321813186e+04 1.710502687570373155e+02 7.742607070002810588e+01 1.628987262654608230e+02 6.754232760445627548e+01
2.757845867363919024e+04 1.711287628987008702e+02 7.845804307262308441e+01 1.619054293715315964e+02 6.765612998952857993e+01
2.757904277150961207e+04 1.711454956628112996e+02 7.941545367096642849e+01 1.609104065024408214e+02 6.775300912000656695e+01
2.757978627438023250e+04 1.711622078741268638e+02 8.013539816502319013e+01 1.599180870738194642e+02 6.787552177469194703e+01
2.758078384839279533e+04 1.709891825353080890e+02 8.082207953961889757e+01 1.589282678047081845e+02 6.788034801399626872e+01
2.758175423478115408e+04 1.709673470139579194e+02 8.157580806531950657e+01 1.579451821999502101e+02 6.773673816917637680e+01
2.758278515922883525e+04 1.708591518187278666e+02 8.220479673027048761e+01 1.569458339419259971e+02 6.774536339124473727e+01
2.758386836138278522e+04 1.708953530437017889e+02 8.284176699243715802e+01 1.559847444562895760e+02 6.787219494969578193e+01
2.758462856070396083e+04 1.708475436540182955e+02 8.336336704883316884e+01 1.550600209263622276e+02 6.804645102571485893e+01
2.758529859832409420e+04 1.709299609395083905e+02 8.390068997452551969e+01 1.540772362924964227e+02 6.797815031587724377e+01
2.758604587056887613e+04 1.710211016504310351e+02 8.464627069390778047e+01 1.530883793986299963e+02 6.812517320420417377e+01
2.758683630603769052e+04 1.714532376474049897e+02 8.542374822736300644e+01 1.521154782005426682e+02 6.834881526958062636e+01
2.758768880599832482e+04 1.724473108140316242e+02 8.618185930700089159e+01 1.512115868002425714e+02 6.875446150471715612e+01
2.758849542063263652e+04 1.733371144230362120e+02 8.693962894602402969e+01 1.503317164888423747e+02 6.922359244026162628e+01
2.758928018820927537e+04 1.738274410487964303e+02 8.752119874968644808e+01 1.494529373471454505e+02 6.969481289251109501e+01
2.759018366652022451e+04 1.743583147268113294e+02 8.802166939813828606e+01 1.486051997688206256e+02 7.022520249252134761e+01
2.759115697096930307e+04 1.752134241610609990e+02 8.893937056072053338e+01 1.478729007355024123e+02 7.088972615093409502e+01
2.759199400631966273e+04 1.761985114768669405e+02 8.987976899315663104e+01 1.471273125604474217e+02 7.154723653761617186e+01
2.759278276319939687e+04 1.770552754476136670e+02 9.020590313616958156e+01 1.463698457126015740e+02 7.219748958526885474e+01
2.759364892887854512e+04 1.776982971054679012e+02 9.033065558337693801e+01 1.456092032368887601e+02 7.284551189419444484e+01
2.759451224244265541e+04 1.783653508108772030e+02 9.091590003086859895e+01 1.448340920227996946e+02 7.347731242424352160e+01
2.759528184394830532e+04 1.787422846710663578e+02 9.151150278504654523e+01 1.440602468682849349e+02 7.411068613655605475e+01
2.759607518023038938e+04 1.789858703300078844e+02 9.197598143198267451e+01 1.432797407146310036e+02 7.473580804294076074e+01
2.759705683729755401e+04 1.794886515440610708e+02 9.280004435562628373e+01 1.425411787712803289e+02 7.540900783498409510e+01
2.759805949983936080e+04 1.800001508574713114e+02 9.393299321024770165e+01 1.417147221897701286e+02 7.596493900540012589e+01
2.759898572919868820e+04 1.802606171151235799e+02 9.514485918352565363e+01 1.408258582247634649e+02 7.642161781384866970e+01
2.759984745721083527e+04 1.804437240885423250e+02 9.622119708621360701e+01 1.399017515922543851e+02 7.680223936174635924e+01
2.760081955450319219e+04 1.804601924841309142e+02 9.730737789393759840e+01 1.389449550144017849e+02 7.708988360307580479e+01
2.760183821469001123e+04 1.805164256680412791e+02 9.839731600010080115e+01 1.379535300285080552e+02 7.718226145403794192e+01
2.760281066564028879e+04 1.804402501463214605e+02 9.944649603038190833e+01 1.369742356182144931e+02 7.737039121735094227e+01
2.760371617110669831e+04 1.804368048421586650e+02 1.005750807527143138e+02 1.359851017023958093e+02 7.732227608312048517e+01
2.760455187038485019e+04 1.803036410892962635e+02 1.016558616744350161e+02 1.350075913302077311e+02 7.748409669211665118e+01
2.760529929016418828e+04 1.801956249343768377e+02 1.025970450262560263e+02 1.340464642039462433e+02 7.728833195679082735e+01
2.760601155149024271e+04 1.799948951205274454e+02 1.034895924262464746e+02 1.330533968254614194e+02 7.721287893854818662e+01
2.760677829280065635e+04 1.797591336722074686e+02 1.046417979645242440e+02 1.320587658359073373e+02 7.711266368239213875e+01
2.760749774533967866e+04 1.796466253595700096e+02 1.058803969452479379e+02 1.310828896283593963e+02 7.689862685846408397e+01
2.760823503954406988e+04 1.789196519578532900e+02 1.062224190104841313e+02 1.300923376029770964e+02 7.696244967938017112e+01
2.760893229593142314e+04 1.782099474009122559e+02 1.064188410953059361e+02 1.291912875295501237e+02 7.658003167087177587e+01
2.761113290859861809e+04 1.785352375542408083e+02 1.062540532745276920e+02 1.285357364374241342e+02 7.590259606514233326e+01
2.761385377124941806e+04 1.787546161658694928e+02 1.059883993131803663e+02 1.291100235646842123e+02 7.510288260023959594e+01
2.761757534086908709e+04 1.793872734862002858e+02 1.044284465131433706e+02 1.300396066992575186e+02 7.530256253378212250e+01
2.761857631696771205e+04 1.794638397927935216e+02 1.036577307500540144e+02 1.309847805767182933e+02 7.562801340789567917e+01
2.761929436956111749e+04 1.794319269663226919e+02 1.032127784789106641e+02 1.319730649994933174e+02 7.577288837403534671e+01
2.762004872827764120e+04 1.794631177945470597e+02 1.025117424167691524e+02 1.329586478660088176e+02 7.594189222263455008e+01
2.762086196685093091e+04 1.790776773373523270e+02 1.016859896158928365e+02 1.339458130691664337e+02 7.610157928440935393e+01
2.762164189761414673e+04 1.790279938084080129e+02 1.008039089193480322e+02 1.349375523990433692e+02 7.598512815402764886e+01
2.762229955377635633e+04 1.790290470915289802e+02 1.000501862312522974e+02 1.359324509324925714e+02 7.607894980757720305e+01
2.762291319908151854e+04 1.790911484105341174e+02 9.929110384614101292e+01 1.369323698418295692e+02 7.607962796849416520e+01
2.762368443066715554e+04 1.793804868944606312e+02 9.835541909852693720e+01 1.379283251584186587e+02 7.616891661013632131e+01
2.762448564682442156e+04 1.794251001294098558e+02 9.731693484274875061e+01 1.388999075687562765e+02 7.640515224509712766e+01
2.762522382278791702e+04 1.794914776836008627e+02 9.642290744102005817e+01 1.398995841026620894e+02 7.639472799111548795e+01
2.762597234158137871e+04 1.800571220595420243e+02 9.580751694981191235e+01 1.407900435472667482e+02 7.684612223418905330e+01
2.762662435870389891e+04 1.806164949467392091e+02 9.536473918152969986e+01 1.414496736570754649e+02 7.759767217133041584e+01
2.762733229909063084e+04 1.810165623048496286e+02 9.494814051365459306e+01 1.420623931431716187e+02 7.838475613901141514e+01
2.762805960469950878e+04 1.815171304022014738e+02 9.435562627580297601e+01 1.422990047835269536e+02 7.935317970684597810e+01
2.762872125658327423e+04 1.821896869035205100e+02 9.391481153576636132e+01 1.428943396072544374e+02 8.015665682437898454e+01
2.762941281242001423e+04 1.829797960216087063e+02 9.364877858926101339e+01 1.434864095119008027e+02 8.096178225503693682e+01
2.763011643051243664e+04 1.838899058127970250e+02 9.320509704286996566e+01 1.439641959092221271e+02 8.183547606728922119e+01
2.763087096075709997e+04 1.846672791975510677e+02 9.259494884867237374e+01 1.447354344700724198e+02 8.246686903229391419e+01
2.763155248777017550e+04 1.852736854396669628e+02 9.197037190629636427e+01 1.452671158012895773e+02 8.331005096131960386e+01
2.763231670923655111e+04 1.859150677617741110e+02 9.117019544935656938e+01 1.460462109754537607e+02 8.393695201345875034e+01
2.763320875412759779e+04 1.864290350666871348e+02 9.045740114252863862e+01 1.468444651298590031e+02 8.452352663491141982e+01
2.763489414903155193e+04 1.867841165948873083e+02 8.962087830221392437e+01 1.477648198830576405e+02 8.468047669459926396e+01
2.763748590769572183e+04 1.873313621955885537e+02 9.021465721984563402e+01 1.474077100030758345e+02 8.509905677934438017e+01
2.764021738278009070e+04 1.872969747999536594e+02 9.052455969489258791e+01 1.465790896692154774e+02 8.453927948549798543e+01
2.764101699818185443e+04 1.871188102857219917e+02 9.016423152826313014e+01 1.474286917782374076e+02 8.480800487903148621e+01
2.764232125252418336e+04 1.867900347418513149e+02 8.921285757649430082e+01 1.484194490889663882e+02 8.493521315109279612e+01
2.764410413335817066e+04 1.867609259025778385e+02 8.855249306592689607e+01 1.493590875948531504e+02 8.460333341749873171e+01
2.764909030518870350e+04 1.868286986858680905e+02 8.950831983381030454e+01 1.487818941417723408e+02 8.460992434084840852e+01
2.765054136323327839e+04 1.867375803103345220e+02 9.036097740903480258e+01 1.477969665128043175e+02 8.474726181444691520e+01
2.765188145158667612e+04 1.867839880626342506e+02 9.119853938923650105e+01 1.468440241486621858e+02 8.450301310691868650e+01
2.765324057788461141e+04 1.866578464661853616e+02 9.193991765351441359e+01 1.459409538775721558e+02 8.407631772781246582e+01
2.765533346910468754e+04 1.862919110032897549e+02 9.230372481262821793e+01 1.454705620138423399e+02 8.324791586182503522e+01
2.765713611113334628e+04 1.862886415066206212e+02 9.217894776647170829e+01 1.461871046123897031e+02 8.368957056786994997e+01
2.765861328201713332e+04 1.863436584110518766e+02 9.174679436819813816e+01 1.471078135448935313e+02 8.405480383200772110e+01
2.766003921317196364e+04 1.862585345321837735e+02 9.149445977029716914e+01 1.479730881026663951e+02 8.443447376528153825e+01
2.766169144241212780e+04 1.862584321353546954e+02 9.144849429786783901e+01 1.483618519990197342e+02 8.436151675872898181e+01
2.766344335140044495e+04 1.861984937257232104e+02 9.265574746219289182e+01 1.473650373143788386e+02 8.437617158108022863e+01
2.766490749385390518e+04 1.859346331164142327e+02 9.353548299891338047e+01 1.464302432555774374e+02 8.410084032726834380e+01
2.766636031550033658e+04 1.855031038157093803e+02 9.436281316153389298e+01 1.456696181872862610e+02 8.347288814761637354e+01
2.766764225273423654e+04 1.849043118132991879e+02 9.502556865317902179e+01 1.450057968673699520e+02 8.272508143043503992e+01
2.766889731949206180e+04 1.841792317669020065e+02 9.541200148769573275e+01 1.446942447454541707e+02 8.185448734777727964e+01
2.767347131142131911e+04 1.839592529102220624e+02 9.573818395713455232e+01 1.448129868273771876e+02 8.190064071847261573e+01
2.767488265610914823e+04 1.843868980257308863e+02 9.528682898853875827e+01 1.455149202509024917e+02 8.257991165054265537e+01
2.767643013720919043e+04 1.847952151208828298e+02 9.467798156803998211e+01 1.462251889155976983e+02 8.320339378380973017e+01
2.767862157741115880e+04 1.850710710285314917e+02 9.385922991693666972e+01 1.469030835172566469e+02 8.375092893830625940e+01
2.768041628236349061e+04 1.853321276396537201e+02 9.371553777782440875e+01 1.462562639372262652e+02 8.396602383615000065e+01
2.768176290515330766e+04 1.855053362438456475e+02 9.318923650708713069e+01 1.455709847168936903e+02 8.328170975267137521e+01
2.768292218880045402e+04 1.861144465722869086e+02 9.258167032407318686e+01 1.451201566187518210e+02 8.238919155572085629e+01
2.768404646704746119e+04 1.860466289704689302e+02 9.270455586280854732e+01 1.447582166620944690e+02 8.145811379966339416e+01
2.768525943660277699e+04 1.853081120564467028e+02 9.321185442467954374e+01 1.441885720192709641e+02 8.063752015245380278e+01
2.768645531264667807e+04 1.845919689104817678e+02 9.356058806165056296e+01 1.437839268125399315e+02 7.972847497352232438e+01
2.768778736584498620e+04 1.841378870268108869e+02 9.351066076600169197e+01 1.437072246746899680e+02 7.876166919647207010e+01
2.768997342681678492e+04 1.839072335763679291e+02 9.325911337746001095e+01 1.441195962813729352e+02 7.786694872961697911e+01
2.769112609852441528e+04 1.836782074706321453e+02 9.284542165501369482e+01 1.444217619327123145e+02 7.697640707868696097e+01
2.769259213342560906e+04 1.833569423801459379e+02 9.269226904412253987e+01 1.451111380094963295e+02 7.627985202251295505e+01
2.769439858019307576e+04 1.836437398598830271e+02 9.310560305385834567e+01 1.445142097018192260e+02 7.608893076843511949e+01
2.769559208759394824e+04 1.844687046802064003e+02 9.340435757550314122e+01 1.441760016202680958e+02 7.703000190885374820e+01
2.769649567309385384e+04 1.852857956869340512e+02 9.333957580626486106e+01 1.438514601268840067e+02 7.797401853088264545e+01
2.769750527465817504e+04 1.862117260213351813e+02 9.313991397606496037e+01 1.438512521025091360e+02 7.897356191524637836e+01
2.769854806397383800e+04 1.868665333856029633e+02 9.285549482897010876e+01 1.437489230787480210e+02 7.996658067003927783e+01
2.769949279992252559e+04 1.873719741982952485e+02 9.273334751536562237e+01 1.438730600805210713e+02 8.095575803691301076e+01
2.770078847392354146e+04 1.876349663376983301e+02 9.266528907724647013e+01 1.442796920695809888e+02 8.184513070863687290e+01
2.770212368249387146e+04 1.882754388766183240e+02 9.269690536819214799e+01 1.451303971285681200e+02 8.236124773193911608e+01
2.770321664584101381e+04 1.882005340409537268e+02 9.246369399853678317e+01 1.458467705677886954e+02 8.304725291462936809e+01
2.770484618027828765e+04 1.884090418730767169e+02 9.247875144781767176e+01 1.467597085140949957e+02 8.345500838748708361e+01
2.770907556981700327e+04 1.884822959272584058e+02 9.226537801663091898e+01 1.476992346034362811e+02 8.378230852984266619e+01
2.771019430117071170e+04 1.882993820641092952e+02 9.277186953616244125e+01 1.467781605584551698e+02 8.395880868115095552e+01
2.771138971560400387e+04 1.880734539134087413e+02 9.358272312984833263e+01 1.458489246865611051e+02 8.360211817957184621e+01
2.771274251392071528e+04 1.876962462031654297e+02 9.429630550143394885e+01 1.448739003851049745e+02 8.338152640186157782e+01
2.771373332008122452e+04 1.870969613093169528e+02 9.505411694659957789e+01 1.441070618552292331e+02 8.274083626877433062e+01
2.771462841682608996e+04 1.863532465902193280e+02 9.581136704206934951e+01 1.433701657748010803e+02 8.206483933749063908e+01
2.771545116894335661e+04 1.854331856883941896e+02 9.628436204416931332e+01 1.428400102013794140e+02 8.121833677107588301e+01
2.771613952370380139e+04 1.844903617635053479e+02 9.638443211723766524e+01 1.425640582610245133e+02 8.025779696929477325e+01
2.771674432644270200e+04 1.836345767807350455e+02 9.633003299102995243e+01 1.421455332047470392e+02 7.935273335154582242e+01
2.771740431919295952e+04 1.826792925131787229e+02 9.642274410351899405e+01 1.420329916132800463e+02 7.835916956402968481e+01
2.771814304124103001e+04 1.816995398739949792e+02 9.647660261792802316e+01 1.419664353705864244e+02 7.736156006187839296e+01
2.771908963823757949e+04 1.808842015032810195e+02 9.638297999902204083e+01 1.418698422187302981e+02 7.637266683272930834e+01
2.772052784427553706e+04 1.803385886151467048e+02 9.612111267558242389e+01 1.421764760752786572e+02 7.544863573644970245e+01
2.772181997013640284e+04 1.801457966523574612e+02 9.535458557595156037e+01 1.430776827755818204e+02 7.510862122506232197e+01
2.772261057890875963e+04 1.803094934147172523e+02 9.503662009323723225e+01 1.440110054052295254e+02 7.533665783068803989e+01
2.772370090419284315e+04 1.809465596949736437e+02 9.466325819254458906e+01 1.444347904404205565e+02 7.612020846149752629e+01
2.772449717546477041e+04 1.816494501363162613e+02 9.414503889949091331e+01 1.445143555763120560e+02 7.710635025087422889e+01
2.772518069958564956e+04 1.823722753387544344e+02 9.393943962775534828e+01 1.447974109064268191e+02 7.806408806043238258e+01
2.772587792364778579e+04 1.828227359885992200e+02 9.383133173996553467e+01 1.448917600098331206e+02 7.902926946400806685e+01
2.772658571249951638e+04 1.828287417601984544e+02 9.387832571968637296e+01 1.446437941703167951e+02 7.999338541204743080e+01
2.772726518452247910e+04 1.829435638801313075e+02 9.417624805349585415e+01 1.440428125828281907e+02 8.072259084169661492e+01
2.772793095961493236e+04 1.834194466433901027e+02 9.470798186503671445e+01 1.431415150409434887e+02 8.114091024518535278e+01
2.772868440591279796e+04 1.838785389248996012e+02 9.548756993584861164e+01 1.422653605993895098e+02 8.160328249849166582e+01
2.772943571126439201e+04 1.840695765794924341e+02 9.640662566555477042e+01 1.413442396995547199e+02 8.185733594775314259e+01
2.773009058643415847e+04 1.839112120954832790e+02 9.724831880269321971e+01 1.403530301008590300e+02 8.175854923569802679e+01
2.773074568422849916e+04 1.835408966268500706e+02 9.798629413401216937e+01 1.393746131199933416e+02 8.155374059730604586e+01
2.773137880490425232e+04 1.831121785198027965e+02 9.869868897558326637e+01 1.385348317380798733e+02 8.106923956513409735e+01
2.773194646319321328e+04 1.826955790206026222e+02 9.936558594130704591e+01 1.377409349655233086e+02 8.046497436206067277e+01
2.773256113497188198e+04 1.823767765233156979e+02 1.001619881913298116e+02 1.368827460244434064e+02 7.995383060149821119e+01
2.773326763875062898e+04 1.824182114947063269e+02 1.011143408857422230e+02 1.361073256766005386e+02 7.933893963909390834e+01
2.773389513423822063e+04 1.824296466185193140e+02 1.017661282145081145e+02 1.352631652053547953e+02 7.884950052148806776e+01
2.773446258473652415e+04 1.822414036870208065e+02 1.018648768120992543e+02 1.343349999922602365e+02 7.847867685584940034e+01
2.773504199144785161e+04 1.819029572300627535e+02 1.018572507844070998e+02 1.335618351560478061e+02 7.787951129998354816e+01
2.773559161154213507e+04 1.815539431733971867e+02 1.022274013297828219e+02 1.328261862496034951e+02 7.720641679671673785e+01
2.773621418725158219e+04 1.812443742952783339e+02 1.029282018026416097e+02 1.319682344139128816e+02 7.670814617198875851e+01
2.773685223676537134e+04 1.809161682157208020e+02 1.036617249925208455e+02 1.312159986207392421e+02 7.608589682166089574e+01
2.773750061731597452e+04 1.805328578494234932e+02 1.040428760355487583e+02 1.305240734028563452e+02 7.536576723533539734e+01
2.773841380688171557e+04 1.798000530635936798e+02 1.038965921185744179e+02 1.300434867915861332e+02 7.452005934232916218e+01
2.773923083602881889e+04 1.790765636021984335e+02 1.034917019927958393e+02 1.302126133578074985e+02 7.359515991285618952e+01
2.773991510385922447e+04 1.786843709854015003e+02 1.029367302567352169e+02 1.308063635696088625e+02 7.280576012581929035e+01
2.774088133567099794e+04 1.783887278529896321e+02 1.024653829800981555e+02 1.317244462137115590e+02 7.260277115296295847e+01
2.774349929678025001e+04 1.781068222609328302e+02 1.022437319147715868e+02 1.327206472915900406e+02 7.253297616253900060e+01
2.778048699893123194e+04 1.794670230782841713e+02 1.035496915773699982e+02 1.329861949587464380e+02 7.326171467053899278e+01
2.778322943238156586e+04 1.796727476786993236e+02 1.047602815577308206e+02 1.322878695791959842e+02 7.369005357644900300e+01
2.778403075846903084e+04 1.804987089435603025e+02 1.056240575864596565e+02 1.314198682891113208e+02 7.407848707964153334e+01
2.778479964165652200e+04 1.814926853272164351e+02 1.063539233574499008e+02 1.307094174098112092e+02 7.477776518743101519e+01
2.778540662213226460e+04 1.822045347095985335e+02 1.069405683826494027e+02 1.299749875931053680e+02 7.545159608849765220e+01
2.778594797715407185e+04 1.827771382733712642e+02 1.075104265823682823e+02 1.293739294512722040e+02 7.622973579408468936e+01
2.778652576844597206e+04 1.834404361067343814e+02 1.081154817478645924e+02 1.288229542365911868e+02 7.706253770327268171e+01
2.778715041916013433e+04 1.841901394413825130e+02 1.086644345323096701e+02 1.281275585814735791e+02 7.777242554697171784e+01
2.778777913730908040e+04 1.849955900681083847e+02 1.091828100966020116e+02 1.275211585281628572e+02 7.855429150142258266e+01
2.778843661687386702e+04 1.858943781597558598e+02 1.097187097335251309e+02 1.269474899479039749e+02 7.937229935886328747e+01
2.778914235121224556e+04 1.867802755585960028e+02 1.102405154309534510e+02 1.263100683333603342e+02 8.014200590092960397e+01
2.778977050765500826e+04 1.876148211580900806e+02 1.106610237776972383e+02 1.258627394980301375e+02 8.102140721689669078e+01
2.779035927365478346e+04 1.884736257634066021e+02 1.110155140275279138e+02 1.254004060779083858e+02 8.190453832180753579e+01
2.779101674632074355e+04 1.893454698944618997e+02 1.113626470925872951e+02 1.248644440679706378e+02 8.274853837197470341e+01
2.779171611232406576e+04 1.901938878695140431e+02 1.118271732131596963e+02 1.243260961872038877e+02 8.359123388262509025e+01
2.779245758968700466e+04 1.909592440793250034e+02 1.121630926923412943e+02 1.236256981395436441e+02 8.429368815967740147e+01
2.779408202059511677e+04 1.915792672535250460e+02 1.122507357808160435e+02 1.229476035830601433e+02 8.502616169557980186e+01
2.780200499099489389e+04 1.922104348109346006e+02 1.120239818721460807e+02 1.228966314273627489e+02 8.593828557025547354e+01
2.780510534004955844e+04 1.922583206584893389e+02 1.114881553218682484e+02 1.235271084698090220e+02 8.579814645480981028e+01
2.780593909784436255e+04 1.916104889682358134e+02 1.107826673007857039e+02 1.243501084074778618e+02 8.523511417299469883e+01
2.780656148100726568e+04 1.909042335501601428e+02 1.100037856168510189e+02 1.250019168741272608e+02 8.448197532060761716e+01
2.780711506900660970e+04 1.902426637507907969e+02 1.092537934403021325e+02 1.257459333659056568e+02 8.381674296101756738e+01
2.780764958628581007e+04 1.895678776781663544e+02 1.086298840509413139e+02 1.263846524019835584e+02 8.305004353767903069e+01
2.780814221335667389e+04 1.888466278068402175e+02 1.082302796201865505e+02 1.268745800126703500e+02 8.217999105951544436e+01
2.780870160110836150e+04 1.880111050766857375e+02 1.080108226490190759e+02 1.273965483608782847e+02 8.132724272780552610e+01
2.780934281111834207e+04 1.870804934599638045e+02 1.079935412624433440e+02 1.276967176588934478e+02 8.037725928683201460e+01
2.780993346960085546e+04 1.861879680962458679e+02 1.081593715318946352e+02 1.276962315653723010e+02 7.937961556812312836e+01
2.781059746841196829e+04 1.852154188049269976e+02 1.084426160601188371e+02 1.276616496337860411e+02 7.838022277894438616e+01
2.781128373400732016e+04 1.842036486966594282e+02 1.087572213053582573e+02 1.273498622771732016e+02 7.743258543003645400e+01
2.781184620923649709e+04 1.833968398497035253e+02 1.090940848462088866e+02 1.270434593613855014e+02 7.648069188378106276e+01
2.781239930933525829e+04 1.826562438777371540e+02 1.094826860769244803e+02 1.268357418900687463e+02 7.550269201774824523e+01
2.781302200199863364e+04 1.818070335978282515e+02 1.099399495601195298e+02 1.263025696659002648e+02 7.465668796603895885e+01
2.781360906162717947e+04 1.810779713653658973e+02 1.104855660336004917e+02 1.257609071248230634e+02 7.381615673541058698e+01
2.781421170852901560e+04 1.804446920931309819e+02 1.110018354787693369e+02 1.252558403554792505e+02 7.295362013116167077e+01
2.781495819239995035e+04 1.795667158791416114e+02 1.113454346415701082e+02 1.246519444417421028e+02 7.216090103354302698e+01
2.781571929827766144e+04 1.786058722334486504e+02 1.115967064886855411e+02 1.243824679579879273e+02 7.119801644118165029e+01
2.781642371648912012e+04 1.778258870866043821e+02 1.117086734304702276e+02 1.241601725390231081e+02 7.022311657613231262e+01
2.781769470884353359e+04 1.770820930834520084e+02 1.117572686506153730e+02 1.239991477617460305e+02 6.923895136347140067e+01
2.782576781515188850e+04 1.766020371904515969e+02 1.121017340960293183e+02 1.240368704576579688e+02 6.823996552006303773e+01
2.783741789714579863e+04 1.762169906938718498e+02 1.118747740739888030e+02 1.242043975658557144e+02 6.810321866489142906e+01
2.787482782697056246e+04 1.760985934828391919e+02 1.114178774048223630e+02 1.241927628479673871e+02 6.786827117348596516e+01
2.787768969851759903e+04 1.774367568139442994e+02 1.113099213776121417e+02 1.239939337091985152e+02 6.880869916727144187e+01
2.787831493448790934e+04 1.783759236510950643e+02 1.107536528370073512e+02 1.243850301603190189e+02 6.969171835286338990e+01
2.787879119413077206e+04 1.791510545022313181e+02 1.101805765712595218e+02 1.249970812600692653e+02 7.048164630144447074e+01
2.787923429338301503e+04 1.798678035083644886e+02 1.096121709752453626e+02 1.255706095528702093e+02 7.130078056414002674e+01
2.787965316177222121e+04 1.805382797941218769e+02 1.090555952810630487e+02 1.262133291307439436e+02 7.205977808194268164e+01
2.788004824561051282e+04 1.811243025358125180e+02 1.084479876368602476e+02 1.269638887905207980e+02 7.271934056963297621e+01
2.788043675997529499e+04 1.816348847703397382e+02 1.077375997535702936e+02 1.277136496484095716e+02 7.337966569408061446e+01
2.788082342618850089e+04 1.821229000173382815e+02 1.069596159684779764e+02 1.284571516507795650e+02 7.404753695456103912e+01
2.788120285320467519e+04 1.825736293654289284e+02 1.061364776514493684e+02 1.292831071192589718e+02 7.460104824916307109e+01
2.788158665895838203e+04 1.829514236480303850e+02 1.052476029493980576e+02 1.301748579820303746e+02 7.505336448695132390e+01
2.788197923137117323e+04 1.832630641290314486e+02 1.043120001694343699e+02 1.310750197426513921e+02 7.548889080065708868e+01
2.788239007399206457e+04 1.835292083263876464e+02 1.033479416140639131e+02 1.320089433936606440e+02 7.583513501626819675e+01
2.788280955494477166e+04 1.837617496751085184e+02 1.023810902678286254e+02 1.329707092568266660e+02 7.610884755512455513e+01
2.788322331904481325e+04 1.840287972674519210e+02 1.014202752536550634e+02 1.339182114899004148e+02 7.642659719234494275e+01
2.788364566702154480e+04 1.843541966093645783e+02 1.004399661977187890e+02 1.348711044301136326e+02 7.672546680357072546e+01
2.788408312008209032e+04 1.846720820532394498e+02 9.943093955428295772e+01 1.358351065687859318e+02 7.699100308087915323e+01
2.788452505449507589e+04 1.849736771101241288e+02 9.843383746553031699e+01 1.367886008835209850e+02 7.729159464136471058e+01
2.788499004040943692e+04 1.852870756033117914e+02 9.746128915832410655e+01 1.377508162469364095e+02 7.755874953947673589e+01
2.788547872715404446e+04 1.856055997320240465e+02 9.649386177614520932e+01 1.387101935971895159e+02 7.783523855421692872e+01
2.788594157419310795e+04 1.859521904467734146e+02 9.557806268054443422e+01 1.396490907337842202e+02 7.817905570398059467e+01
2.788639137089591168e+04 1.863881798288813059e+02 9.469883884365547999e+01 1.405858977501082450e+02 7.852881322914450379e+01
2.788686356733430148e+04 1.869471741356807684e+02 9.382547080127976358e+01 1.414710091061336357e+02 7.898069631439894067e+01
2.788732558769303432e+04 1.875821682500140923e+02 9.303887756338332338e+01 1.423018253412105310e+02 7.953705773094269205e+01
2.788778027985260269e+04 1.882135975972341271e+02 9.226634100831834928e+01 1.431408544852295108e+02 8.008057426306602622e+01
2.788824711624351767e+04 1.888054610841447527e+02 9.140641491450101341e+01 1.439568838976671543e+02 8.065601227028879805e+01
2.788869154608979443e+04 1.893462320279349740e+02 9.056176501922846001e+01 1.447636122320911625e+02 8.124631065387039541e+01
2.788912247189014670e+04 1.898484130591522216e+02 8.974744984765860067e+01 1.456188248813399184e+02 8.176141147317348157e+01
2.788957311072501398e+04 1.903717820960196434e+02 8.890182395952516003e+01 1.464823850513150774e+02 8.226469977107582565e+01
2.789002694360199894e+04 1.909239273748474375e+02 8.807703041721138959e+01 1.473453765009112999e+02 8.276943077786954461e+01
2.789047885084123845e+04 1.914467636979255190e+02 8.728330042753918860e+01 1.482093785760195601e+02 8.327269288039877893e+01
2.789095901157334447e+04 1.919706755520187755e+02 8.646603970071875267e+01 1.490312394440095716e+02 8.383976755378952816e+01
2.789145120086014504e+04 1.925112822001851498e+02 8.566891206959820693e+01 1.498862896482206679e+02 8.434914018930159330e+01
2.789192290408343979e+04 1.929714296525792747e+02 8.490731774368778417e+01 1.507952259586650996e+02 8.476558490021156445e+01
2.789239342504376327e+04 1.933833641864724484e+02 8.412407028157501543e+01 1.516611797957708632e+02 8.525822957792894385e+01
2.789285564415772023e+04 1.938073738054383739e+02 8.334093741440224790e+01 1.525296739022137160e+02 8.575030792057029316e+01
2.789331844358308444e+04 1.941456361167168154e+02 8.251807558904360462e+01 1.534581318704257740e+02 8.611418861856395779e+01
2.789379959180261358e+04 1.943579590791381406e+02 8.163697944525367234e+01 1.543871255647002840e+02 8.648089665147936955e+01
2.789426857917616144e+04 1.945295602595633113e+02 8.076609651621315322e+01 1.553355441369814116e+02 8.678702687679447081e+01
2.789474087121204866e+04 1.946500427706914707e+02 7.990060643153051956e+01 1.563242380130015476e+02 8.688015641038342096e+01
2.789523862210302104e+04 1.946347499016462734e+02 7.901623954780723125e+01 1.573216350462626849e+02 8.693852901843909819e+01
2.789571964860423395e+04 1.945182014208133410e+02 7.814576675494440394e+01 1.583199528225168535e+02 8.695644233235141485e+01
2.789618271300246124e+04 1.943902018337722382e+02 7.728821132008764039e+01 1.592834190787374951e+02 8.673442752667574496e+01
2.789661232558094707e+04 1.942448320598351188e+02 7.649355506005041150e+01 1.602490402453435365e+02 8.648126923928799670e+01
2.789708079955329595e+04 1.940704458126791394e+02 7.564555864920995987e+01 1.612413081434205537e+02 8.639550252743215708e+01
2.789757288986244021e+04 1.939042123540775719e+02 7.472205268151951429e+01 1.622274314757439697e+02 8.625277715467184692e+01
2.789806139813661866e+04 1.935451792192049822e+02 7.375805116484785628e+01 1.632098876972760024e+02 8.606661114042218230e+01
2.789862184193043140e+04 1.932410076792251914e+02 7.276196925014839678e+01 1.641983906907155983e+02 8.610311333570349746e+01
2.789921537954447922e+04 1.933316953022649329e+02 7.160478664392729797e+01 1.651942347195996490e+02 8.610158704085060322e+01
2.789979224563069147e+04 1.933787271040145299e+02 7.082689914714188717e+01 1.661919270805533131e+02 8.613426513083625480e+01
2.790032489575522777e+04 1.933841988764928033e+02 7.016085451118526350e+01 1.671830299645829996e+02 8.626246558542402454e+01
2.790083727079239179e+04 1.934314488279281079e+02 6.919120257662835627e+01 1.681798887338403006e+02 8.629551484596136390e+01
2.790133861337793496e+04 1.933793693189253418e+02 6.813131647970317317e+01 1.691745948334784373e+02 8.638020434666947267e+01
2.790181949603329485e+04 1.933207369664850717e+02 6.712809741134657315e+01 1.701726844674179233e+02 8.640857195609170560e+01
2.790234115092681532e+04 1.933207120598519282e+02 6.611502998924642327e+01 1.711684681235877861e+02 8.632844408973512884e+01
2.790292414515122800e+04 1.932871972771897902e+02 6.502804556916318290e+01 1.721665205979097095e+02 8.632799053996876637e+01
2.790345133459138742e+04 1.933806345129825104e+02 6.407908346838281943e+01 1.731544726863110384e+02 8.620451273387908486e+01
2.790397634594105693e+04 1.935193596496662849e+02 6.321661087052058292e+01 1.741438808503701523e+02 8.606065709088527171e+01
2.790456980706156901e+04 1.935226669498408967e+02 6.220322486138863383e+01 1.751324011021096112e+02 8.614733171276621704e+01
2.790511067781583552e+04 1.935921978256241687e+02 6.127343225267821936e+01 1.761266971280700204e+02 8.611766048852875599e+01
2.790563726430637325e+04 1.937327808044560413e+02 6.047487167087118820e+01 1.771258754106073923e+02 8.610147188830211462e+01
2.790616616719488229e+04 1.937790779177622369e+02 5.964659134127671081e+01 1.780978517043149623e+02 8.630983614475364618e+01
2.790664947207260047e+04 1.938549235310282484e+02 5.883988074790408973e+01 1.790902190814981623e+02 8.637550392109633890e+01
2.790716452861531070e+04 1.940342359624557673e+02 5.809697779787959604e+01 1.800830173567721033e+02 8.627108313785420535e+01
2.790767898172735659e+04 1.940087191882430204e+02 5.741179668827955140e+01 1.810789774786513817e+02 8.630377136653130776e+01
2.790820438896873748e+04 1.940001989507395592e+02 5.659425414991210346e+01 1.820768410800494905e+02 8.626790447718040866e+01
2.790876899971778039e+04 1.939577027130589499e+02 5.566471910464890271e+01 1.830446119686982911e+02 8.603131024874609523e+01
2.790933801506357850e+04 1.936363676510488006e+02 5.479945210810412703e+01 1.840226546503657516e+02 8.582609774653965928e+01
2.790989534136034490e+04 1.933262293486432100e+02 5.443919374903103403e+01 1.848735850491747499e+02 8.532669728930271447e+01
2.791043096058021183e+04 1.933195920336841596e+02 5.412464772322318396e+01 1.854089711155355360e+02 8.450023585302567142e+01
2.791096034976064402e+04 1.927917160104523475e+02 5.388248445178199830e+01 1.859305191020183372e+02 8.364732528388084631e+01
2.791148026314725939e+04 1.919773943986696452e+02 5.401567628761889495e+01 1.861169114488961611e+02 8.267793821047385450e+01
2.791199971411876686e+04 1.916322445859301240e+02 5.417509806178021847e+01 1.858280882164889078e+02 8.173612121419562015e+01
2.791249711503050275e+04 1.919931488333578216e+02 5.426512632425882998e+01 1.855210200670983056e+02 8.078469905819470398e+01
2.791292841545222473e+04 1.915317972403337308e+02 5.427193490010739652e+01 1.850666056667328121e+02 7.989648891373580852e+01
2.791341734449999785e+04 1.905785335037204504e+02 5.418357232388376588e+01 1.846533581404733297e+02 7.898633924507728921e+01
2.791391724314239400e+04 1.895718150077294410e+02 5.393257779447980482e+01 1.845299638966227747e+02 7.800055741467453174e+01
2.791437274289082052e+04 1.887276948757925084e+02 5.356492284949689520e+01 1.843880274987789676e+02 7.701098187623721003e+01
2.791484034069710106e+04 1.890464801990038950e+02 5.345680828759100223e+01 1.845157237656486586e+02 7.602509727010884433e+01
2.791532081037367971e+04 1.887562154777811827e+02 5.345128561745323736e+01 1.848981128624010921e+02 7.510499308050052036e+01
2.791571854699830510e+04 1.882549649147160551e+02 5.333580708273857596e+01 1.851479126208935497e+02 7.413889742837208985e+01
2.791617315574588429e+04 1.877515859086248327e+02 5.314813481013847962e+01 1.853237016895643592e+02 7.315466094742338043e+01
2.791670752863890084e+04 1.871573946611108568e+02 5.308479936949224509e+01 1.856780453880720074e+02 7.222236596278418119e+01
2.791721539285181279e+04 1.867009946232139725e+02 5.314680343427018272e+01 1.858142962772733142e+02 7.123616505938119303e+01
2.791786723479200737e+04 1.860570141177850587e+02 5.309549254095054494e+01 1.856423196326773848e+02 7.025630882823590184e+01
2.791864304950246151e+04 1.856222985491132249e+02 5.349136856778965665e+01 1.856724752723166318e+02 6.926065402038919672e+01
2.791926529562763608e+04 1.850831668546777564e+02 5.400691928201650427e+01 1.851387928516473380e+02 6.844562911040512176e+01
2.791998927463257496e+04 1.843796956310783344e+02 5.430021102835844715e+01 1.844825152133956578e+02 6.769139937245344640e+01
2.792110380705176431e+04 1.847760863719874180e+02 5.506853257325060014e+01 1.836232795668252891e+02 6.719290128445949506e+01
2.792178588436904829e+04 1.848487141168390906e+02 5.591932609219773553e+01 1.826603174094164501e+02 6.741580991072356710e+01
2.792238589772526029e+04 1.850043482182469745e+02 5.662325008178004282e+01 1.816629278813535109e+02 6.747632774640069897e+01
2.792300180388920853e+04 1.852813507104465032e+02 5.721370399238742976e+01 1.807055468382125980e+02 6.776177255848172365e+01
2.792363653221522327e+04 1.851991542949408540e+02 5.792071222203583147e+01 1.797860848931519229e+02 6.815453449261950425e+01
2.792422173237218522e+04 1.850547846458869117e+02 5.861355269959202019e+01 1.787894587100985575e+02 6.822764945624354027e+01
2.792482446319963856e+04 1.851205835781372571e+02 5.936479044114522452e+01 1.778059672745843613e+02 6.840817556658383580e+01
2.792544610874682257e+04 1.850992557107429946e+02 6.009028604601411416e+01 1.768534278690052304e+02 6.871151823494315636e+01
2.792602726015059670e+04 1.849450671881585890e+02 6.077424663741143007e+01 1.758540164962830659e+02 6.874469448298620478e+01
2.792660499839820477e+04 1.848019529252695747e+02 6.156508005519727789e+01 1.748630679688008058e+02 6.887836255637523664e+01
2.792713158466285677e+04 1.846480307120607449e+02 6.235014918950446372e+01 1.738910088928390962e+02 6.911032695163413564e+01
2.792760651533798591e+04 1.847205899227567443e+02 6.300035200942240721e+01 1.728911547772497386e+02 6.911445192978172258e+01
2.792813594396233020e+04 1.849582592108136225e+02 6.361411896888476747e+01 1.718993708503978723e+02 6.923403754162640666e+01
2.792861949294814622e+04 1.849633077076728682e+02 6.422353778255863688e+01 1.709583473956334672e+02 6.956985221873345893e+01
2.792920025896370862e+04 1.849231907529129728e+02 6.492570564747056494e+01 1.699675199452368588e+02 6.970005001456225102e+01
2.792978791222647851e+04 1.849797528592785625e+02 6.563661745746399845e+01 1.689688502419181759e+02 6.969066495217953161e+01
2.793035263741152812e+04 1.849159058191010274e+02 6.640888762832490499e+01 1.679843965209147427e+02 6.986044065102687739e+01
2.793098961693820820e+04 1.847915404099421153e+02 6.731739162734038473e+01 1.669845060628337592e+02 6.985966149090373278e+01
2.793158714021848937e+04 1.847766762721902012e+02 6.814865298418993689e+01 1.659863136392782224e+02 6.982008785878872459e+01
2.793210621342885133e+04 1.846529505509907381e+02 6.890933838679180212e+01 1.649919479644879914e+02 6.991457401445194364e+01
2.793263553293206496e+04 1.846097173711714277e+02 6.964635721795846734e+01 1.639937021111310003e+02 6.985561101267309425e+01
2.793320005356155525e+04 1.846281980290108322e+02 7.037086812958941096e+01 1.629959102867186687e+02 6.983547450255532851e+01
2.793373196729892152e+04 1.844953595887792517e+02 7.109166662595983155e+01 1.620076679883361805e+02 6.997893028554823047e+01
2.793431202309687069e+04 1.844226618837069225e+02 7.189860305174143207e+01 1.610076999773054354e+02 6.997141310672228087e+01
2.793489615509103896e+04 1.844096100903261970e+02 7.274025286594412876e+01 1.600085411892895877e+02 6.997184267465053154e+01
2.793539975794567727e+04 1.842607658804664652e+02 7.356307135882842374e+01 1.590141643833839282e+02 7.005442588586690533e+01
2.793591160755649980e+04 1.841616359173301021e+02 7.437207473241907962e+01 1.580181060584118029e+02 6.996573487680517189e+01
2.793640958894390496e+04 1.840810976075397889e+02 7.507530345454330245e+01 1.570218840954929078e+02 6.989337127141018868e+01
2.793689720092379866e+04 1.839035850705813004e+02 7.570714790245028780e+01 1.560237632863546366e+02 6.991479872945875229e+01
2.793744269081498715e+04 1.837433131197373655e+02 7.638747123409466155e+01 1.550343785942388024e+02 6.977700699503419912e+01
2.793800919619265915e+04 1.835462858994260387e+02 7.697529170213688587e+01 1.540740122983696665e+02 6.950617820145504311e+01
2.793868756105027205e+04 1.829581261599190611e+02 7.739761971395276419e+01 1.532469942717002311e+02 6.899916719726955705e+01
2.793936965322251490e+04 1.821434677861777516e+02 7.760683043397948211e+01 1.527831595168399019e+02 6.811723581925635074e+01
2.793995926905855595e+04 1.814038931641152317e+02 7.765460560729792405e+01 1.524753407963834491e+02 6.716644785840358622e+01
2.794055871616400327e+04 1.806683933222985843e+02 7.749448901243721366e+01 1.523145134065685795e+02 6.619033792228744062e+01
2.794117544475262912e+04 1.799481908852410470e+02 7.739669501186362766e+01 1.523744677400748344e+02 6.519284540996004296e+01
2.794176860659275189e+04 1.792735634964054725e+02 7.738779441632962630e+01 1.523426467443682384e+02 6.419444604631732432e+01
2.794236820543403519e+04 1.785851710305475137e+02 7.727408646812644122e+01 1.522956030338996243e+02 6.319951169692952675e+01
2.794302496769472418e+04 1.778408165265801699e+02 7.719828167590789292e+01 1.523669312779094867e+02 6.220245422946297964e+01
2.794371222515328918e+04 1.770637653731459409e+02 7.711582324669589639e+01 1.524174735469171935e+02 6.120427716915396132e+01
2.794439810771719203e+04 1.763072235273994863e+02 7.700224967961685252e+01 1.525320589121021158e+02 6.021109438420918281e+01
2.794508109473718287e+04 1.755773652790974779e+02 7.700524564286396867e+01 1.525757222488825562e+02 5.922217980424768768e+01
2.794576409352641349e+04 1.748236295082118943e+02 7.694662509713991483e+01 1.524558998079016590e+02 5.823056543740880642e+01
2.794637457163016006e+04 1.740983888622106974e+02 7.685070113811909209e+01 1.524457566667913682e+02 5.723224030064194068e+01
2.794695079973940301e+04 1.733869947623985013e+02 7.675596535120746466e+01 1.524510219503146118e+02 5.623504445209714930e+01
2.794755357694681879e+04 1.726778301060988099e+02 7.648013935185566936e+01 1.524331022417883332e+02 5.523951088798744991e+01
2.794813327100793686e+04 1.720368971292119795e+02 7.620082988539508051e+01 1.526036986070598687e+02 5.425799603319296693e+01
2.794872171103698201e+04 1.713689193375131481e+02 7.602797907294156232e+01 1.527977351357373834e+02 5.328194826306769016e+01
2.794933152199155666e+04 1.706079297779215551e+02 7.583058466506227546e+01 1.529231611489119587e+02 5.229155643268749287e+01
2.794993382092285538e+04 1.698416959208584842e+02 7.574460885962351142e+01 1.530981390454085158e+02 5.130721935738037587e+01
2.795056984558241675e+04 1.690393256021844763e+02 7.572146853057564897e+01 1.531488561723464272e+02 5.031468938916591327e+01
2.795126399788020353e+04 1.682001708449799935e+02 7.564914097146186123e+01 1.531593842668712284e+02 4.931888064207945632e+01
2.795200176279506195e+04 1.674017021253914947e+02 7.566018060693654945e+01 1.532084904297616390e+02 4.832223322944234667e+01
2.795279117518598650e+04 1.666159220200289326e+02 7.555937370686415022e+01 1.532400166557242756e+02 4.732414703565812886e+01
2.795360076159212622e+04 1.658017629663597177e+02 7.538702270175392073e+01 1.533777661358362252e+02 4.633502836897240940e+01
2.795432846174552833e+04 1.649445162935389533e+02 7.538711250037897571e+01 1.534053010997878630e+02 4.534805447448765392e+01
2.795495515943791543e+04 1.641101464407959725e+02 7.544173884970498989e+01 1.533310984635506884e+02 4.435216042278320003e+01
2.795552526225223846e+04 1.633719685158064863e+02 7.556759170761945654e+01 1.532967063346413568e+02 4.335278915004749223e+01
2.795611859839561293e+04 1.625491036107646607e+02 7.565843412497473253e+01 1.531200112888826652e+02 4.237662073771782900e+01
2.795668654719283950e+04 1.616686815404150934e+02 7.566598214403012435e+01 1.529634571634689451e+02 4.139683946287240701e+01
2.795718609900060619e+04 1.609234249803490115e+02 7.575265876124672104e+01 1.529454758746823018e+02 4.039727809050843632e+01
2.795770944247423176e+04 1.602850058830915998e+02 7.582158875777524543e+01 1.528331980991959540e+02 3.940872020089432226e+01
2.795826262860978386e+04 1.596671156478032287e+02 7.584511215506731219e+01 1.527912007532542589e+02 3.841896018401993018e+01
2.795883123410988992e+04 1.589930875321701365e+02 7.587280489703150010e+01 1.529271294154705174e+02 3.742953257718469473e+01
2.795939981140371310e+04 1.583297846600474088e+02 7.579675204612522066e+01 1.529493895096180154e+02 3.643814719773134669e+01
2.795995532118931442e+04 1.577414548565940891e+02 7.557709366407459584e+01 1.530077874868419769e+02 3.544666441118011591e+01
2.796057413747083410e+04 1.570536056573776023e+02 7.541549896212356430e+01 1.532997540576427866e+02 3.449700974391290487e+01
2.796121034579779007e+04 1.562175614421706200e+02 7.528102623010875050e+01 1.534818043022571032e+02 3.352641796987833800e+01
2.796178721346224847e+04 1.553167978693605278e+02 7.518568103389939949e+01 1.536022389237338359e+02 3.253468726353870721e+01
2.796236989873704806e+04 1.544663291186145955e+02 7.531101856281142659e+01 1.536706577018523774e+02 3.153906386496759851e+01
2.796298389255088478e+04 1.536601006884456240e+02 7.544970756707596138e+01 1.534355779678475074e+02 3.058627314467191027e+01
2.796357743807549559e+04 1.528819506564116466e+02 7.538514671519388344e+01 1.531965552564825543e+02 2.962047400344666315e+01
2.796415594726404743e+04 1.521201649032605019e+02 7.542037329301528814e+01 1.531214737795164069e+02 2.862552330557875990e+01
2.796477089469032217e+04 1.512777373179195308e+02 7.542168595071760251e+01 1.529711231785109931e+02 2.764057626028321479e+01
2.796538086165344066e+04 1.504525324265674158e+02 7.536251328119561776e+01 1.529375979918124244e+02 2.664858764005560232e+01
2.796596677996284416e+04 1.497256518312245817e+02 7.535379804533745585e+01 1.529187227592761928e+02 2.564986094710351949e+01
2.796669297523347996e+04 1.490395753724131964e+02 7.498058287888378004e+01 1.528960691674383838e+02 2.465029328664649100e+01
2.796790097693453572e+04 1.484824967681362295e+02 7.412871360838786927e+01 1.533577343773871746e+02 2.383066171303284264e+01
2.796881333612410162e+04 1.482855464428414791e+02 7.350335368037765704e+01 1.542313097996169802e+02 2.340097763966382871e+01
2.796962300445376968e+04 1.484136617884478255e+02 7.307012119573148823e+01 1.551648564407106790e+02 2.304384164376375566e+01
2.797093626775455414e+04 1.488227055924203057e+02 7.361562681962134036e+01 1.547692584567114977e+02 2.326575808471146090e+01
2.797188164537012199e+04 1.492424882542909472e+02 7.427609423693994017e+01 1.538926167591631611e+02 2.374643792137517195e+01
2.797265512705853689e+04 1.498724321233443959e+02 7.425863272003073234e+01 1.531009511002389729e+02 2.435268420817929425e+01
2.797327691372885965e+04 1.506940795348184281e+02 7.403589758054866365e+01 1.530147059939616554e+02 2.531843964134612079e+01
2.797378754748695064e+04 1.514772314207880299e+02 7.405497506516051942e+01 1.530814528553067078e+02 2.631592485847595952e+01
2.797426038788288861e+04 1.523039332599907425e+02 7.403564965158984990e+01 1.529672671850865129e+02 2.730820238259408583e+01
2.797476653361468925e+04 1.532183138860157783e+02 7.405654952878877850e+01 1.529787739197452368e+02 2.830750765182184736e+01
2.797525020903435507e+04 1.541162735908363288e+02 7.422968717816974049e+01 1.530365101486422077e+02 2.930580015414798822e+01
2.797572917560733913e+04 1.550191081289785018e+02 7.432662116736736380e+01 1.529086760472491164e+02 3.029679312173798067e+01
2.797621518050322993e+04 1.559548470393906143e+02 7.429467682153324404e+01 1.528812892979105129e+02 3.129614972123558658e+01
2.797663645071266728e+04 1.568390660982842917e+02 7.425813974382553795e+01 1.529807946172526556e+02 3.229096008553288755e+01
2.797706121425963647e+04 1.577169490651999411e+02 7.421234139850962208e+01 1.529124568088822969e+02 3.328823744494030024e+01
2.797747333438368514e+04 1.584770408841606582e+02 7.416385606910179717e+01 1.528279517725101755e+02 3.428465894197680086e+01
2.797787405432928790e+04 1.592180976640389076e+02 7.409315075768698478e+01 1.529301124367516422e+02 3.527912522687941532e+01
2.797829717119808993e+04 1.600839526075207857e+02 7.402422454072255675e+01 1.530377212792563455e+02 3.627331850177555594e+01
2.797870444659146960e+04 1.609093851021538910e+02 7.400812970913889899e+01 1.530230113308095952e+02 3.727315567677290886e+01
2.797913962799544970e+04 1.617736140786372800e+02 7.401817925736004611e+01 1.530828042200325285e+02 3.827134584583098587e+01
2.797957180683606202e+04 1.626808355972520701e+02 7.404768235368082685e+01 1.531761722881113030e+02 3.926697514491889507e+01
2.798001233593970755e+04 1.634945143473549649e+02 7.400128274656778160e+01 1.531754914722075398e+02 4.026696516995073694e+01
2.798048805203053780e+04 1.642334361449362632e+02 7.394014620855078590e+01 1.532526783752360870e+02 4.126396770917460088e+01
2.798097906973188947e+04 1.650046530374419262e+02 7.400742727186262471e+01 1.533838362441510981e+02 4.225520707215154914e+01
2.798153762605954398e+04 1.658044350513397092e+02 7.401878879823198076e+01 1.533575292271224555e+02 4.325485168436529904e+01
2.798212626402631940e+04 1.665329342301565703e+02 7.402807376665708716e+01 1.533703919524286903e+02 4.425474112579640007e+01
2.798274194015806279e+04 1.672121431160991278e+02 7.429803821523445606e+01 1.533187638500626520e+02 4.525213426802146444e+01
2.798362719069874947e+04 1.678635880894668162e+02 7.450104336190641163e+01 1.530179068184046685e+02 4.620541490762385450e+01
2.798790095389788985e+04 1.683611333379164137e+02 7.461490775607846615e+01 1.526694918404132295e+02 4.711527117738094717e+01
2.799233442414304955e+04 1.688010849805841929e+02 7.449472249805218382e+01 1.527503101146095617e+02 4.805203686306130351e+01
2.799381479320285871e+04 1.695717205447610638e+02 7.464418317225134558e+01 1.527513603340836994e+02 4.898516281730565680e+01
2.799443075833034163e+04 1.701522938926763118e+02 7.473941705820313075e+01 1.529375450819883042e+02 4.996140250769207825e+01
2.799496191788063879e+04 1.702844941924677471e+02 7.461951859511145813e+01 1.530144693873980088e+02 5.095835398357881729e+01
2.799544391605327473e+04 1.703355233753665914e+02 7.438031730640346950e+01 1.531458439128156499e+02 5.194822289265530912e+01
2.799592787370195947e+04 1.707701763135032706e+02 7.433112959318765434e+01 1.532143660691780269e+02 5.294204040667209199e+01
2.799639024349861938e+04 1.715024702622832251e+02 7.439772512697827267e+01 1.532125726563985779e+02 5.394203861983574200e+01
2.799683442771372574e+04 1.722682623459628246e+02 7.449045780342787282e+01 1.532559728498514175e+02 5.494047474693520883e+01
2.799729789709116812e+04 1.730600088875120548e+02 7.452118830486263334e+01 1.532464003456686896e+02 5.593841802486144132e+01
2.799775892860691238e+04 1.738885015019984621e+02 7.447799699802347106e+01 1.532325076065501719e+02 5.693769151872271550e+01
2.799820543426488803e+04 1.747156536425223408e+02 7.446482494921150419e+01 1.533366234247863247e+02 5.792983598490344122e+01
2.799867264953342237e+04 1.755892731203955748e+02 7.451688557840070359e+01 1.534367628101984735e+02 5.892384717619516010e+01
2.799915335242772926e+04 1.764940118944799394e+02 7.453964820167554706e+01 1.534927628396000046e+02 5.992224376685338427e+01
2.799964383180417281e+04 1.773379693880794150e+02 7.447295943210225744e+01 1.535557993605243894e+02 6.092020456145846907e+01
2.800017734566780928e+04 1.777398094285299521e+02 7.447671014192832217e+01 1.535199067773898776e+02 6.191633895414389599e+01
2.800072044377522616e+04 1.775000614273099870e+02 7.466312650251865080e+01 1.534777628011277955e+02 6.291464360493847607e+01
2.800123722265553806e+04 1.773269179080575952e+02 7.497820869516905873e+01 1.534732931914804226e+02 6.391461725957258722e+01
2.800178256046478782e+04 1.776958166244575636e+02 7.519107090091047496e+01 1.533125926608554437e+02 6.489502822201654908e+01
2.800233015476712535e+04 1.782644533606596724e+02 7.521060821976671207e+01 1.531327877068756607e+02 6.587779389281922704e+01
2.800287980422356122e+04 1.787769525391695140e+02 7.529948534000017446e+01 1.530724599957810597e+02 6.687410473014455192e+01
2.800349423193771145e+04 1.793239553214176567e+02 7.554763369056476563e+01 1.528154419843618541e+02 6.782661610176819522e+01
2.800409806053896318e+04 1.798563388923782611e+02 7.589152305635859364e+01 1.523671131546098536e+02 6.871870108112199205e+01
2.800468982371888342e+04 1.802170272644449369e+02 7.643208736355109068e+01 1.518369278520247576e+02 6.956582472018389751e+01
2.800531991112547985e+04 1.805337303240904987e+02 7.710662991466780625e+01 1.510971094108310240e+02 7.021982067925725346e+01
2.800590654884000469e+04 1.810233786270422343e+02 7.765874832335967426e+01 1.503297535443796278e+02 7.085995881486837789e+01
2.800645296068972311e+04 1.817058292288486143e+02 7.812733036275673726e+01 1.497298108691216214e+02 7.165223481871274203e+01
2.800699566024898013e+04 1.825131393999148202e+02 7.850676090932023499e+01 1.491884793686869273e+02 7.249300068677023035e+01
2.800747574551359139e+04 1.832828051173706285e+02 7.882921949399343475e+01 1.487775221399500367e+02 7.340148870588528496e+01
2.800793241244361707e+04 1.840151300546402808e+02 7.913924209038779622e+01 1.484937296839554790e+02 7.435908905647390554e+01
2.800842498005109519e+04 1.847698278984391607e+02 7.922578799992177778e+01 1.481526531003700313e+02 7.529808028197808767e+01
2.800891288667407207e+04 1.854800386591538484e+02 7.918036471476908389e+01 1.479480051731601975e+02 7.627332440903882116e+01
2.800943915574445782e+04 1.862834788983471128e+02 7.922684235977347100e+01 1.480052798204617375e+02 7.726593102994800688e+01
2.800996707654929560e+04 1.870334766276991729e+02 7.915134725332656274e+01 1.480241315541556446e+02 7.826482346703257065e+01
2.801044899600444114e+04 1.876987673945124868e+02 7.888028887999563210e+01 1.481520754417122987e+02 7.925475719579240774e+01
2.801097072365820350e+04 1.885289624479727593e+02 7.856524804545897211e+01 1.485160584838911291e+02 8.018113903684195520e+01
2.801151884421593422e+04 1.892861787134097540e+02 7.811758864921650058e+01 1.488982701891900433e+02 8.110514884906565669e+01
2.801200395583374848e+04 1.898683366487229875e+02 7.758622943039600273e+01 1.494601617036536538e+02 8.192725037116530018e+01
2.801250560813376796e+04 1.905149265330849460e+02 7.705412531984215718e+01 1.501851925291807106e+02 8.261231711066274386e+01
2.801301900019501045e+04 1.911206624525018185e+02 7.652605826002545086e+01 1.508096272344071735e+02 8.339050742742979594e+01
2.801349645149350908e+04 1.915184089469316007e+02 7.597486656227336255e+01 1.514766154672674645e+02 8.413490277976603693e+01
2.801403310424227675e+04 1.920089460331479359e+02 7.529833587248910476e+01 1.522964168383630579e+02 8.470129125461389208e+01
2.801455610699192039e+04 1.923206046578496000e+02 7.458295636042453225e+01 1.530962975662472445e+02 8.530088721984573397e+01
2.801507506238773203e+04 1.921557457816674059e+02 7.384993218090973244e+01 1.539569593756528434e+02 8.580820575091259172e+01
2.801557527183802449e+04 1.920604633295281474e+02 7.304812762583594576e+01 1.549229327131918126e+02 8.604856011185739817e+01
2.801601214207172598e+04 1.921264417380362772e+02 7.234243452974483546e+01 1.558890784492582213e+02 8.630601765162698769e+01
2.801656053216739747e+04 1.920941696815661714e+02 7.155925837607486528e+01 1.568398269896730426e+02 8.661556649995003454e+01
2.801708310615079608e+04 1.920819632497526186e+02 7.070977976766630491e+01 1.578346627034089806e+02 8.666598935320511998e+01
2.801755017935523210e+04 1.921382139266823401e+02 6.993342170276967806e+01 1.588345924712950819e+02 8.665821147956711457e+01
2.801807446782014449e+04 1.920399943954880086e+02 6.916363838301182909e+01 1.598278755981550319e+02 8.676811645420792729e+01
2.801855982231919552e+04 1.920264168256794903e+02 6.836319642111241990e+01 1.608262445311507634e+02 8.673415831019565303e+01
2.801905463295371737e+04 1.921598815217491847e+02 6.750506085822220825e+01 1.618257898131292620e+02 8.675675238706470793e+01
2.801958009003699772e+04 1.921182164185986210e+02 6.665695819223860497e+01 1.628103190559985762e+02 8.692735000070645413e+01
2.802004780322526494e+04 1.921549420386888585e+02 6.584649081741638099e+01 1.638071230475659945e+02 8.687891661011367717e+01
2.802053953588365039e+04 1.922720367599361566e+02 6.495204155746331764e+01 1.648058259933613954e+02 8.682814616739230473e+01
2.802108593820768874e+04 1.921951073312710889e+02 6.412895452203967750e+01 1.658007026666331001e+02 8.692252179913955956e+01
2.802160919737247605e+04 1.920365408888445415e+02 6.336380968383594592e+01 1.667875540526088116e+02 8.677341509180382673e+01
2.802214669568277532e+04 1.920213009284256316e+02 6.257598088149519100e+01 1.677806926506677883e+02 8.665697509017873301e+01
2.802277101904564188e+04 1.918452258224996001e+02 6.172322768639626389e+01 1.687787217965680213e+02 8.670815833910234005e+01
2.802335495155258832e+04 1.918183887312605975e+02 6.086244110863567158e+01 1.697670009421876500e+02 8.656197821445219631e+01
2.802391017041787927e+04 1.918891195643046501e+02 6.007181899709448203e+01 1.707649198896876328e+02 8.661179238444843520e+01
2.802448416796590391e+04 1.917363534994829593e+02 5.927704053905735293e+01 1.717590648895035201e+02 8.671946771163858614e+01
2.802509198112914964e+04 1.916745483767451788e+02 5.838668745216374134e+01 1.727260109259308649e+02 8.647282794630299918e+01
2.802567671901935682e+04 1.914655503406455352e+02 5.759974326183854032e+01 1.737250377737700262e+02 8.649122480457178597e+01
2.802618414497433696e+04 1.912006906090946359e+02 5.696665470475218740e+01 1.747197998296928176e+02 8.638986482945010437e+01
2.802683385873401858e+04 1.912523712214859302e+02 5.613724135787167313e+01 1.756502699889353494e+02 8.602435133185186089e+01
2.802744948536755692e+04 1.916973142022365835e+02 5.549981929463598362e+01 1.766499273765493001e+02 8.603021578964273886e+01
2.802801297990470630e+04 1.915649365589539173e+02 5.480904528524165897e+01 1.776463562202111746e+02 8.611190840997198848e+01
2.802856038092822564e+04 1.915552446613527877e+02 5.399684876399027189e+01 1.786310841968956424e+02 8.593948141976545685e+01
2.802901230387041869e+04 1.916567831132612696e+02 5.327582451636205008e+01 1.796291746698678367e+02 8.600070726835109269e+01
2.802950881711265902e+04 1.917813326361639383e+02 5.248084174148239356e+01 1.806208172188087815e+02 8.612639082252658795e+01
2.802994854812031917e+04 1.918616432985072322e+02 5.169016275009861516e+01 1.816140083718466656e+02 8.600993139139919208e+01
2.803042312346786275e+04 1.918400382397792896e+02 5.088853511392319007e+01 1.826095975264523759e+02 8.591642857198048944e+01
2.803100778525363421e+04 1.913566711191497518e+02 5.045589433705718818e+01 1.836064327867508439e+02 8.587240107207404094e+01
2.803147969544955049e+04 1.907403293420713624e+02 5.030655746659289207e+01 1.844516775921059946e+02 8.534361201712772527e+01
2.803204376391963888e+04 1.900596274775022891e+02 4.976388438139014880e+01 1.849782304225539633e+02 8.449399032011838528e+01
2.803258457987888323e+04 1.893412774417490141e+02 4.973874137821592001e+01 1.856215781968174099e+02 8.373298125023266891e+01
2.803308072123731836e+04 1.887698305194745956e+02 4.994016267378515295e+01 1.858577200740328692e+02 8.276255705670632778e+01
2.803373488366484526e+04 1.881461194475645016e+02 4.967261250028575859e+01 1.858603620369067642e+02 8.176613091866539662e+01
2.803431066786565862e+04 1.876098926535960061e+02 4.983140631541356669e+01 1.862598701356148467e+02 8.085227841568750762e+01
2.803484356043121443e+04 1.871245673015296518e+02 5.014527088987376402e+01 1.863085904831974347e+02 7.985347447163204038e+01
2.803542844860618789e+04 1.861166772848890787e+02 5.021042122827374499e+01 1.863411269149379734e+02 7.885422854569605988e+01
2.803597350091750195e+04 1.853615816663133558e+02 5.053822325342629540e+01 1.864644292954654929e+02 7.786411605454196661e+01
2.803643796206080879e+04 1.846582683251613446e+02 5.064802360289660754e+01 1.862701295344824928e+02 7.688365997312513400e+01
2.803699198411964971e+04 1.840469866340508531e+02 5.034074795751170939e+01 1.862406109137719454e+02 7.588718484294570032e+01
2.803761093795062334e+04 1.833771753992304809e+02 5.025522195796609992e+01 1.865508597434621834e+02 7.494023038087769351e+01
2.803818702122888499e+04 1.826273584016090297e+02 5.030705581062584031e+01 1.864936195860916257e+02 7.394188184888047033e+01
2.803879585825643881e+04 1.819102487982380580e+02 5.016111800669386867e+01 1.864283456288068521e+02 7.294564455073040676e+01
2.803944522828216577e+04 1.812329210967581616e+02 5.028127008837475387e+01 1.865780549426955872e+02 7.196238349951029534e+01
2.804001784099359429e+04 1.806279902940152624e+02 5.041448597101278750e+01 1.863254109862839130e+02 7.099491301354693462e+01
2.804068621358659948e+04 1.799446496573088439e+02 5.026984963465138634e+01 1.861446370274429967e+02 7.001466884872607466e+01
2.804146229118221891e+04 1.791823174084803156e+02 5.030746827787710629e+01 1.862268188417464785e+02 6.902306464630422056e+01
2.804206055735856717e+04 1.785355492250404552e+02 5.041829175221787551e+01 1.859863335751718694e+02 6.805366448340583929e+01
2.804265652924158712e+04 1.777967854702439183e+02 5.047167035509551880e+01 1.859132908673073530e+02 6.705647591230849969e+01
2.804328123604982102e+04 1.770635674340853996e+02 5.066439252125321957e+01 1.858842153896414686e+02 6.605763461060337249e+01
2.804387563056084764e+04 1.763475869116834360e+02 5.072254201941641583e+01 1.857409608730749540e+02 6.506862907914243976e+01
2.804449571935199128e+04 1.756037696754224839e+02 5.078464444070321093e+01 1.857120444302486817e+02 6.406915043174544167e+01
2.804519060655938301e+04 1.747556313871744464e+02 5.081499350544694948e+01 1.856347290180031848e+02 6.307216082123257195e+01
2.804601174461594201e+04 1.739673156848288897e+02 5.052518438298984904e+01 1.855845310402034158e+02 6.208196103863186011e+01
2.804682661361563078e+04 1.732760291316376993e+02 5.030706090532255104e+01 1.858648033265932611e+02 6.112700152624763206e+01
2.804752338243504346e+04 1.725502781769470459e+02 5.030409562671450630e+01 1.858784843293123004e+02 6.012721687782565283e+01
2.804836225327691136e+04 1.718097827605486714e+02 5.017154718519991263e+01 1.859056535088429882e+02 5.913820956404763507e+01
2.804972307770847328e+04 1.720463858140093976e+02 5.016121839063887222e+01 1.861696115584071265e+02 5.857939972844783938e+01
2.805029058569144036e+04 1.728518730224754449e+02 5.004639311023089476e+01 1.859897295627695257e+02 5.953813780415782020e+01
2.805091567178717742e+04 1.735328777457283138e+02 4.983027985522981140e+01 1.863029743856800735e+02 6.048313355016960458e+01
2.805156675264852311e+04 1.742964370997440824e+02 4.979718942211227528e+01 1.867071178707846286e+02 6.137983124705866800e+01
2.805207488921558979e+04 1.749371956359346427e+02 4.989189374317616910e+01 1.867394107604413591e+02 6.237816684220251062e+01
2.805262202524120949e+04 1.756988869132974571e+02 4.989743246081060590e+01 1.867357618894164375e+02 6.337107722113252350e+01
2.805312385070923483e+04 1.764753932387505984e+02 5.011306737442600223e+01 1.869087775603879322e+02 6.434942113027697985e+01
2.805362049030458729e+04 1.771817808107129224e+02 5.025021924059306144e+01 1.868414090838413415e+02 6.534648866062005368e+01
2.805421411034136327e+04 1.778342383893040903e+02 5.018350920036780849e+01 1.867674132553906645e+02 6.633610599832596222e+01
2.805479534801926275e+04 1.783593223194192774e+02 5.040070423065482430e+01 1.868208591331338653e+02 6.731345285090579011e+01
2.805551322561197230e+04 1.787068563611848617e+02 5.080779182120053150e+01 1.864259481601893924e+02 6.822176085842096427e+01
2.805634066162158706e+04 1.792219654486553679e+02 5.088348273983766035e+01 1.860065769298618648e+02 6.906751806684624739e+01
2.805735859145659924e+04 1.798385069376347758e+02 5.050697625613975106e+01 1.862095747355412243e+02 7.003199659079137973e+01
2.805901695047644898e+04 1.800658604161463927e+02 4.995815859543682791e+01 1.865187479564305022e+02 7.036770621532309633e+01
2.806021899676722387e+04 1.801802048969153418e+02 5.053764159479064233e+01 1.857816394653487748e+02 7.008289318212558783e+01
2.806089667476191244e+04 1.802767464257239283e+02 5.129133409998831894e+01 1.847926627343959751e+02 7.021502233588952890e+01
2.806156200296600946e+04 1.805398523587048203e+02 5.197151592394452990e+01 1.837951510197563323e+02 7.023322325690689638e+01
2.806214176254825725e+04 1.805851780722138926e+02 5.269321970415192169e+01 1.828441239005778698e+02 7.051014623076274290e+01
2.806267836076157255e+04 1.804475453748331972e+02 5.341219725281994357e+01 1.818556864742034804e+02 7.061327705685955891e+01
2.806325983704003738e+04 1.805645249737209497e+02 5.413805666717757958e+01 1.808639460709224522e+02 7.050744929304225650e+01
2.806380212379957811e+04 1.805317978960723906e+02 5.493806032948917561e+01 1.798788704914686605e+02 7.063134225039591740e+01
2.806435461260743978e+04 1.803476818194509690e+02 5.577421270599865721e+01 1.788816975106456368e+02 7.067515270355160339e+01
2.806497763885216773e+04 1.803345898348091509e+02 5.662134453823410496e+01 1.779004969249426438e+02 7.050229178154273768e+01
2.806554042895825842e+04 1.802193438840236581e+02 5.753144916614706261e+01 1.769125543715300637e+02 7.058331999592508055e+01
2.806601110382229308e+04 1.800614242317606966e+02 5.830619494706748895e+01 1.759157827573441466e+02 7.055608263913370592e+01
2.806652989679604070e+04 1.799481627630717639e+02 5.892656139029717366e+01 1.749452213911430078e+02 7.032761822648095063e+01
2.806701392734681576e+04 1.798199699238981850e+02 5.965414486763799573e+01 1.739511444654385173e+02 7.029179800941422229e+01
2.806751645565654690e+04 1.796557395868965159e+02 6.026340747937664588e+01 1.729571039448023271e+02 7.019411965939477227e+01
2.806854050142208143e+04 1.797153672410537695e+02 6.066153304635172105e+01 1.719718653962807764e+02 7.002446221151555505e+01
2.807408696378834065e+04 1.797944663462166659e+02 6.080048355654778902e+01 1.709822576826657894e+02 7.010748107781769534e+01
