# ts_seconds,x,y,gt_x,gt_y
1.744549881954216107e+04 1.718903370270729454e+02 6.889835814899382171e+01 1.718903370270729454e+02 6.889835814899382171e+01
1.745069879063713233e+04 1.714567272256606145e+02 7.007874331948285374e+01 1.708906085392297314e+02 6.887507193169412290e+01
1.745126190793885689e+04 1.713683954839088983e+02 7.108601235069298241e+01 1.698938401606951629e+02 6.879485357624240294e+01
1.745174065858493486e+04 1.714094091359386880e+02 7.195090863346814558e+01 1.688949732478851047e+02 6.884224740113566554e+01
1.745217317414876015e+04 1.713054241827703095e+02 7.276947547786713244e+01 1.678967221836282704e+02 6.878315624564470454e+01
1.745266044995471748e+04 1.711331214814911164e+02 7.378687778133301833e+01 1.668968663253288014e+02 6.876644629692687261e+01
1.745310875772468353e+04 1.709904370065536057e+02 7.473821993233632099e+01 1.658981476114138047e+02 6.881668734240189167e+01
1.745350972909344273e+04 1.707910134402521010e+02 7.559260841812411513e+01 1.649003738697715278e+02 6.875001733560614525e+01
1.745392844953836175e+04 1.705675854468878470e+02 7.650013009434708522e+01 1.639009979480626953e+02 6.871480846249291119e+01
1.745430927045345015e+04 1.704642781394479414e+02 7.732412761836314985e+01 1.629011597833400629e+02 6.873222799788574378e+01
1.745470668371118518e+04 1.703612604958850341e+02 7.815326153400118869e+01 1.619030803670448790e+02 6.867028064305718260e+01
1.745515609060088536e+04 1.700544051104062646e+02 7.910750156332542815e+01 1.609049271204645777e+02 6.860978691726073464e+01
1.745558060156565625e+04 1.698100140327070164e+02 7.999757753434489871e+01 1.599053963605340414e+02 6.863861663367106303e+01
1.745601444709900534e+04 1.696791221857970697e+02 8.087707488261787603e+01 1.589124905419950267e+02 6.851971432485412095e+01
1.745649556424461480e+04 1.694696198567968963e+02 8.183509905327444756e+01 1.579186850691369841e+02 6.840883341495712955e+01
1.745698439316734220e+04 1.693183997755912458e+02 8.277134096113481121e+01 1.569187746051184718e+02 6.839772353397763993e+01
1.745744643948009252e+04 1.691446830514482826e+02 8.359271697151153546e+01 1.559244310617234817e+02 6.829159943184846782e+01
1.745799743737899917e+04 1.687892417225152428e+02 8.452431029293690301e+01 1.549257763885481154e+02 6.823975095627180565e+01
1.745863697389376102e+04 1.684889786102459084e+02 8.535520463345858388e+01 1.539276944270882552e+02 6.817797271929561020e+01
1.745939794447493841e+04 1.684158555025625503e+02 8.610883721097748378e+01 1.529339517028497539e+02 6.807118497951540803e+01
1.746028058242375118e+04 1.685870521417289467e+02 8.713849797099059913e+01 1.519527675529539863e+02 6.826407483986615432e+01
1.746095897282127407e+04 1.690044645564923371e+02 8.802420017371191818e+01 1.509927855192682671e+02 6.853881297947529561e+01
1.746157580359363419e+04 1.695107945142680421e+02 8.877794033198006218e+01 1.502025081342287933e+02 6.915121183196572474e+01
1.746224627931026771e+04 1.701762917291619885e+02 8.947563498961142159e+01 1.495085893492487230e+02 6.987064873808638765e+01
1.746296961039842063e+04 1.711635714910587183e+02 8.993979253901487425e+01 1.489732200444651369e+02 7.071395833579842360e+01
1.746363000561022636e+04 1.721995017039456002e+02 9.037018126728699485e+01 1.486801349342791525e+02 7.167002877079335121e+01
1.746419167747508982e+04 1.731437919953626476e+02 9.065117536667221998e+01 1.483637662930209160e+02 7.261798643797179409e+01
1.746466719418976209e+04 1.739908749215904606e+02 9.087176233898570388e+01 1.482356029051459529e+02 7.360973802261950993e+01
1.746516783431639851e+04 1.749013346109619533e+02 9.100644632271516343e+01 1.481172928162178835e+02 7.460270739551356201e+01
1.746571207500671517e+04 1.757804464477582655e+02 9.119456453322789002e+01 1.480273428533796221e+02 7.559783546909211793e+01
1.746628016483531246e+04 1.767269134252734659e+02 9.144263432128587965e+01 1.481401142924463841e+02 7.659143434182114163e+01
1.746685537292056688e+04 1.777481786816076124e+02 9.152315171400998395e+01 1.482202271857446192e+02 7.758821509413400008e+01
1.746745345232233740e+04 1.787988238376049424e+02 9.164229339845451250e+01 1.483217194833684687e+02 7.858268215428918779e+01
1.746805406353249418e+04 1.797053574823659119e+02 9.162959931979455064e+01 1.485557629052114521e+02 7.955489329965836021e+01
1.746862611628271770e+04 1.806563869363127708e+02 9.130713074715403366e+01 1.488244383615720210e+02 8.051711626682816814e+01
1.746916447141239769e+04 1.814809096542901443e+02 9.089998777202436031e+01 1.492814997970910440e+02 8.140652758155411561e+01
1.746970035155680671e+04 1.821792966058061154e+02 9.047278266206899389e+01 1.497194455188103461e+02 8.230464128055663764e+01
1.747028228403285175e+04 1.829023632808005289e+02 8.992493337341898041e+01 1.503148978069082489e+02 8.310765144381028335e+01
1.747083782973795678e+04 1.835940431737242022e+02 8.957198047552866171e+01 1.509901834874481779e+02 8.384495342117052985e+01
1.747143170474608633e+04 1.842359337581714840e+02 8.897507730089047584e+01 1.516129050100875304e+02 8.462499844395283333e+01
1.747221340843273720e+04 1.850008113538287375e+02 8.806038068400187058e+01 1.524152760826438850e+02 8.522045902062956202e+01
1.747304479762332630e+04 1.857947328973626782e+02 8.723712339157935958e+01 1.533074148857655814e+02 8.566994865570444517e+01
1.747382808903210389e+04 1.861839361249923570e+02 8.620950335488994654e+01 1.542682655078785672e+02 8.594178452561162374e+01
1.747451215818074706e+04 1.864947133321290949e+02 8.517151548424257612e+01 1.552653799562926338e+02 8.601740347220140848e+01
1.747513908365739189e+04 1.865106231672138790e+02 8.430604874011716277e+01 1.562619851479241220e+02 8.604580561431011176e+01
1.747574676221818663e+04 1.864454611608585708e+02 8.334668035011603138e+01 1.572349984289613758e+02 8.581513598361775053e+01
1.747634888924283587e+04 1.863538226654912648e+02 8.235324279726702912e+01 1.582126675714563362e+02 8.560499358602415043e+01
1.747696206624547631e+04 1.861997564015744047e+02 8.132819271951987616e+01 1.591921945148043278e+02 8.540397914476940855e+01
1.747751480233320035e+04 1.862591334701585311e+02 8.030830463632609906e+01 1.601797068326487476e+02 8.525206617326861647e+01
1.747804009663320903e+04 1.864371568762661582e+02 7.943492763056994477e+01 1.611795039610631761e+02 8.523433578231002627e+01
1.747860307652308984e+04 1.866034336798597622e+02 7.845391253778143437e+01 1.621783637065820756e+02 8.519175005939779055e+01
1.747916165298784108e+04 1.868591578701296498e+02 7.731606675282814933e+01 1.631776440910534234e+02 8.522537734920700814e+01
1.747966778573510601e+04 1.871295172385009948e+02 7.628019229438078241e+01 1.641738160660563892e+02 8.531163368369280420e+01
1.748013105513489791e+04 1.874491577245499059e+02 7.542614134697900852e+01 1.651714564021469585e+02 8.536561436327946240e+01
1.748060079435242733e+04 1.875541186854678983e+02 7.462759331482597247e+01 1.661550475072714335e+02 8.554405276657203672e+01
1.748114149326688130e+04 1.875143020530705371e+02 7.371577257913008907e+01 1.671506686317931383e+02 8.562310115944869437e+01
1.748167851841004085e+04 1.875873693186260027e+02 7.281850388218090586e+01 1.681482454100936934e+02 8.556102895519273943e+01
1.748221897456856823e+04 1.876456364529405789e+02 7.199803266254558309e+01 1.691476651027874141e+02 8.559490930533290509e+01
1.748281751064300261e+04 1.876309521031226382e+02 7.108203919779737134e+01 1.701465605292293333e+02 8.562811077766949097e+01
1.748339271963342981e+04 1.878160555270658563e+02 7.024767439417659887e+01 1.711445123614264787e+02 8.557558329926386875e+01
1.748392927189550028e+04 1.880304478657832590e+02 6.946598325762869308e+01 1.721422504258773074e+02 8.563832950610130013e+01
1.748450231688710119e+04 1.882738661311784654e+02 6.863525541661250884e+01 1.731334283062998054e+02 8.577086751695043176e+01
1.748509538301182329e+04 1.885422116052057788e+02 6.784214715387572880e+01 1.741236224910388160e+02 8.590920236014162015e+01
1.748569559973880314e+04 1.887505201584770873e+02 6.707049109041737722e+01 1.751058643913281685e+02 8.609548930320883642e+01
1.748642553258184853e+04 1.888365229197367228e+02 6.619267896328030076e+01 1.760991407495334329e+02 8.620494539160355885e+01
1.748731170032655064e+04 1.888280971180555809e+02 6.522299475632993904e+01 1.770975855446048115e+02 8.618813746167040790e+01
1.748822233065188266e+04 1.884936934517401141e+02 6.420390003386832234e+01 1.780719162655903745e+02 8.598492087450260613e+01
1.748911810088513084e+04 1.881667564092507519e+02 6.326801055256620998e+01 1.789683511018852471e+02 8.554175892290638217e+01
1.748995272651969935e+04 1.879182992095400095e+02 6.223863662234077054e+01 1.798627446469544680e+02 8.509568370470472587e+01
1.749075218386480265e+04 1.877405033125024829e+02 6.129322516787753017e+01 1.807199252962468563e+02 8.458102468478770675e+01
1.749162241076655118e+04 1.878735185451930079e+02 6.030068738756700952e+01 1.816188266243160001e+02 8.419139424466870025e+01
1.749252898531024766e+04 1.883495719033340379e+02 5.924948726671239996e+01 1.826050270342173576e+02 8.432214817848993960e+01
1.749328419009682693e+04 1.885988583063921737e+02 5.825263550336636342e+01 1.835615406239049321e+02 8.459550892186571502e+01
1.749395812717360604e+04 1.887013597277856718e+02 5.739988988568779149e+01 1.845580856671986965e+02 8.467766493741868317e+01
1.749485858952604758e+04 1.886238933049279467e+02 5.671811918488477744e+01 1.855566296003324567e+02 8.471778369183572011e+01
1.749658013814255173e+04 1.879528800588636841e+02 5.647390196553494945e+01 1.863055190613145271e+02 8.447172353459100691e+01
1.749782734475258258e+04 1.867563614092744615e+02 5.654700592531134618e+01 1.861546055288983439e+02 8.348431207862759607e+01
1.749843297503024951e+04 1.857971335262704997e+02 5.649004650090815716e+01 1.859900980900357865e+02 8.249862457829024720e+01
1.749903315348368051e+04 1.848004389840350825e+02 5.633816850381700903e+01 1.858724087313041480e+02 8.150562083275616487e+01
1.749961771339314873e+04 1.838525422278192707e+02 5.614520446863451042e+01 1.858290223250584745e+02 8.050878534532709807e+01
1.750014775630803342e+04 1.829899956282730500e+02 5.602617458810350115e+01 1.859146512440812842e+02 7.951440414893983188e+01
1.750069525782926939e+04 1.820856519753318707e+02 5.595573097576695432e+01 1.859768724376685043e+02 7.852037929360373880e+01
1.750129873162971489e+04 1.811757294614318994e+02 5.590681998974774558e+01 1.859762208623820641e+02 7.752081542889577292e+01
1.750192108955659569e+04 1.805159538213537473e+02 5.596726357032625288e+01 1.859620084695557978e+02 7.652189368857860075e+01
1.750375156843962395e+04 1.801716172451843931e+02 5.607520414374548778e+01 1.863031083248091875e+02 7.569026314140253930e+01
1.751159826836985303e+04 1.794408419007472730e+02 5.628779720520774532e+01 1.863697463171631057e+02 7.487513356410536858e+01
1.751271743508406507e+04 1.786277642999138209e+02 5.641729023944595411e+01 1.859420130502346353e+02 7.397896854997935634e+01
1.751353084903344643e+04 1.777773713086477017e+02 5.629554196142044731e+01 1.858442249711881118e+02 7.298746686196609801e+01
1.751431097740067344e+04 1.769393604676165808e+02 5.613367284806349744e+01 1.859385633374048439e+02 7.199353135451067942e+01
1.751515132422313764e+04 1.760043927192460558e+02 5.623451391434043956e+01 1.858652959720834019e+02 7.099861025875323151e+01
1.751597782473959160e+04 1.751127723998481258e+02 5.652356746336956661e+01 1.856065324728910468e+02 7.003428936910680136e+01
1.751675024135146305e+04 1.743523253976584613e+02 5.674000745917080479e+01 1.852471303087614558e+02 6.910313473041810539e+01
1.751782278546523230e+04 1.734829798043238895e+02 5.705664998968342871e+01 1.849614377877596212e+02 6.815849320369241582e+01
1.751917907692918016e+04 1.729515188200239209e+02 5.762184130310699004e+01 1.842833966216294357e+02 6.745057526437544482e+01
1.752101500078592653e+04 1.730856868406085027e+02 5.816175190039512444e+01 1.834615700415732817e+02 6.733440248221259594e+01
1.752340521855556290e+04 1.732954691678044981e+02 5.846006820267170667e+01 1.829557526870055995e+02 6.819078510586560071e+01
1.752577573538132492e+04 1.728833578887067404e+02 5.857173298801328087e+01 1.827721989740830679e+02 6.815807457120588708e+01
1.752710324691325877e+04 1.719597990094912916e+02 5.863503734602015527e+01 1.829900884902512530e+02 6.719313811728673613e+01
1.752810855700790489e+04 1.708624601859966390e+02 5.863201936825561233e+01 1.829855043946103876e+02 6.619593908316893760e+01
1.752888415606945637e+04 1.697866899214920409e+02 5.848289069121706518e+01 1.829890574797178999e+02 6.519992426415915077e+01
1.752952235918404403e+04 1.688609857048073479e+02 5.834821858788042448e+01 1.830478120150748396e+02 6.420238475617298946e+01
1.753016548365054769e+04 1.679466602835821618e+02 5.812926651794581545e+01 1.830842029996079532e+02 6.320320293986218019e+01
1.753086080714097261e+04 1.671831903556674490e+02 5.758019916091461710e+01 1.832869817255404996e+02 6.223622806100218696e+01
1.753155853784467763e+04 1.666661045631388163e+02 5.682067188969892868e+01 1.838074292649256165e+02 6.140379791592468450e+01
1.753225112506237201e+04 1.661116285881143710e+02 5.617895608076235447e+01 1.845098297660117339e+02 6.069269094278492105e+01
1.753292735825883574e+04 1.653959599808587484e+02 5.570493544663755614e+01 1.851161633842221761e+02 5.991049074400525853e+01
1.753360313481638150e+04 1.645738328437969074e+02 5.531462816798020299e+01 1.855596678183395909e+02 5.901614274951982964e+01
1.753428581146129727e+04 1.636725471371919980e+02 5.507166998769109512e+01 1.858427709529888716e+02 5.806332083894713492e+01
1.753497398752118897e+04 1.627354186586536855e+02 5.497525617306430945e+01 1.858984497983501001e+02 5.707194896465978218e+01
1.753568890835333877e+04 1.618501875452409422e+02 5.489398530059504111e+01 1.858549440753378974e+02 5.607294290844961182e+01
1.753656039906860315e+04 1.610652322047747589e+02 5.477929614893628241e+01 1.857752457780311204e+02 5.507699494643014049e+01
1.753897822471610198e+04 1.614558432364459293e+02 5.467206657845759565e+01 1.856944327587800103e+02 5.443448694115811293e+01
1.754025932871820260e+04 1.628583663326347448e+02 5.481402638993212406e+01 1.856361865467596601e+02 5.543264337374175454e+01
1.754074755309438478e+04 1.637512704730399946e+02 5.510291904860202550e+01 1.855408760601665392e+02 5.642808960843026966e+01
1.754121846737817032e+04 1.645374591495487095e+02 5.556529392633833453e+01 1.854206331830624208e+02 5.741975994637320468e+01
1.754170833524472982e+04 1.651870594384770072e+02 5.624719474066166924e+01 1.851778960929301832e+02 5.838822712305172757e+01
1.754221490794032070e+04 1.656421739596550253e+02 5.710339628170927995e+01 1.847436231293306150e+02 5.926593699778050706e+01
1.754273498740777723e+04 1.658164867007001817e+02 5.798235005664625419e+01 1.839212093668806745e+02 5.981441133449604308e+01
1.754340682201268282e+04 1.654943241817495903e+02 5.833945285403832770e+01 1.829804521795079211e+02 5.996008747410492390e+01
1.754441888708720217e+04 1.647915549536754440e+02 5.741993611039983847e+01 1.828330616870900656e+02 5.944446549185743578e+01
1.754511893386586962e+04 1.644744213948278002e+02 5.624999401096562224e+01 1.836824651136606121e+02 5.896639452139434923e+01
1.754565673601574963e+04 1.642209187777046111e+02 5.546782731537934552e+01 1.846407612373143650e+02 5.868163857009538731e+01
1.754633961034634194e+04 1.637017652921068134e+02 5.503522216039642956e+01 1.854003666767663105e+02 5.811361872961914798e+01
1.754715205894914834e+04 1.630445776100166313e+02 5.467573820585919719e+01 1.858331006232434106e+02 5.722753054742443624e+01
1.754795760276057626e+04 1.623302582442456696e+02 5.437431699115862216e+01 1.860777300544721982e+02 5.625949979547910118e+01
1.754867885870936152e+04 1.614967561659263708e+02 5.407255366516410078e+01 1.862356618400283992e+02 5.527268488139280578e+01
1.754933360536249529e+04 1.605701352388837506e+02 5.381294229003982821e+01 1.864010445215283482e+02 5.428696624579856689e+01
1.754989071842163321e+04 1.596086760958731361e+02 5.368532944121276529e+01 1.863892289220755458e+02 5.330129141246553104e+01
1.755038481328537091e+04 1.586204612217083252e+02 5.351481125233028280e+01 1.863276141496785954e+02 5.230589980837574871e+01
1.755086848998197092e+04 1.575436391135685881e+02 5.334244392072934460e+01 1.862934203521401741e+02 5.130684904581185179e+01
1.755131714120403558e+04 1.565011369198936961e+02 5.325606015057745424e+01 1.861927379935274587e+02 5.031260201133697052e+01
1.755174173358424741e+04 1.555745163579840664e+02 5.320524585445030397e+01 1.860541628292572227e+02 4.932227235810709942e+01
1.755215236286270738e+04 1.547091329562610724e+02 5.313189508922528148e+01 1.859014083574879805e+02 4.833403508094119871e+01
1.755258890463807256e+04 1.537727350971295834e+02 5.298044077856373946e+01 1.857941683123884786e+02 4.734070946497686805e+01
1.755301941256374994e+04 1.528176702529178783e+02 5.281222930852683817e+01 1.857637953648877840e+02 4.634177164650878922e+01
1.755340337326709778e+04 1.519546481401754647e+02 5.265685185533696000e+01 1.857380093442369002e+02 4.534229408716827692e+01
1.755380499704370231e+04 1.510574734577870686e+02 5.248181345620201199e+01 1.856777610989984737e+02 4.434422603175753608e+01
1.755421216574176651e+04 1.501623495619509185e+02 5.236718287318025489e+01 1.856516011023791464e+02 4.334529207038698218e+01
1.755461356405130937e+04 1.492944352373758647e+02 5.226976029828974646e+01 1.856299999315925220e+02 4.234576052291652815e+01
1.755505075457609200e+04 1.483691594944778558e+02 5.208313235190066592e+01 1.855650940379645704e+02 4.134808864833694741e+01
1.755549506577080319e+04 1.474516991624941795e+02 5.191103520391021675e+01 1.855652930795143618e+02 4.035032273775586731e+01
1.755593494866804394e+04 1.465279367201809464e+02 5.180577911760183696e+01 1.855839327405309973e+02 3.935092186416845550e+01
1.755639022910087806e+04 1.455426649351897481e+02 5.163633204035724589e+01 1.855278241144348215e+02 3.835335726152312930e+01
1.755682182976970944e+04 1.446153228629775640e+02 5.141921043059222285e+01 1.855157292956286881e+02 3.735539779925723991e+01
1.755723746357271739e+04 1.437188880906402915e+02 5.120139918788972011e+01 1.855722545615540753e+02 3.635710256730512668e+01
1.755768002477581467e+04 1.427587393481980769e+02 5.100204919285556571e+01 1.856395790516826594e+02 3.535937172087962210e+01
1.755812907036812976e+04 1.418340267629807556e+02 5.086226468489430630e+01 1.857083131737319093e+02 3.436173804587654246e+01
1.755857267759074603e+04 1.409292303115982747e+02 5.076261988355713584e+01 1.857074716909526160e+02 3.336336704231401029e+01
1.755902926816574109e+04 1.399768826583985231e+02 5.065021202163803338e+01 1.856963659710697812e+02 3.236383965089137860e+01
1.755948527382331667e+04 1.390545916601850536e+02 5.055853056304950144e+01 1.857126531204196453e+02 3.136397839869172799e+01
1.755992728712255484e+04 1.381756315992082023e+02 5.049161750115219149e+01 1.856677434437145564e+02 3.036630746087039512e+01
1.756039977992302011e+04 1.372305342632199938e+02 5.036342191821895398e+01 1.856078550580415936e+02 2.936832352943147839e+01
1.756089118063139904e+04 1.362736141281707489e+02 5.017131048213003908e+01 1.856262946471781277e+02 2.836970452922725983e+01
1.756136266099134446e+04 1.353596186748871162e+02 4.998093044755027137e+01 1.857053363703049911e+02 2.737297909720622258e+01
1.756185171219822951e+04 1.344339763994919963e+02 4.984789588207582511e+01 1.858506343795146165e+02 2.638449739181575993e+01
1.756241374566185186e+04 1.334412220432816696e+02 4.989249898539884498e+01 1.858883843651215102e+02 2.539149522643105072e+01
1.756298872328833750e+04 1.324898239908428366e+02 5.009702838868196295e+01 1.856479859450058711e+02 2.443231491503325969e+01
1.756354415732720736e+04 1.317205081742175707e+02 5.046115104905700832e+01 1.852808081294713816e+02 2.350224312732843757e+01
1.756414215066504403e+04 1.311985451936264724e+02 5.115114021366751018e+01 1.846546671700758111e+02 2.275690657665297678e+01
1.756478106153294721e+04 1.308969252101958034e+02 5.217109082121416463e+01 1.837450399389971949e+02 2.241145167251793424e+01
1.756536945036352336e+04 1.307283686981801907e+02 5.325836574866418260e+01 1.827516581210848301e+02 2.234258773686486776e+01
1.756586983471705025e+04 1.306027965726244986e+02 5.422703676610827017e+01 1.817572544615502466e+02 2.242800675373379349e+01
1.756633607885712263e+04 1.305016562339627342e+02 5.509375456369166812e+01 1.807598327219244823e+02 2.247428186790618199e+01
1.756682807273544313e+04 1.304389921045266192e+02 5.596420379248679211e+01 1.797599508075741426e+02 2.248919299307226183e+01
1.756729502069192677e+04 1.304357377213019049e+02 5.682401195249117620e+01 1.787611327679389035e+02 2.253412264567487355e+01
1.756777340114318577e+04 1.304455779318326165e+02 5.774945634857937193e+01 1.777624296987306423e+02 2.258483537752915637e+01
1.756827123953628688e+04 1.304468147038570862e+02 5.869015400183253206e+01 1.767634377130949304e+02 2.262968382234244302e+01
1.756875177332573003e+04 1.304327230773768349e+02 5.959499228342978938e+01 1.757658240727234045e+02 2.269687056179590812e+01
1.756925100735647356e+04 1.303663084708638848e+02 6.051885333552611712e+01 1.747668289434265319e+02 2.271160808149831567e+01
1.756978341603213994e+04 1.302932202151914112e+02 6.147827397488580914e+01 1.737668786044037006e+02 2.271276491720536228e+01
1.757031016017291768e+04 1.301577236125333457e+02 6.244488277119604902e+01 1.727702323614635134e+02 2.278316805902097997e+01
1.757082883245190533e+04 1.299887648187799982e+02 6.340503460082703668e+01 1.717719762540918396e+02 2.279352531001601889e+01
1.757137942658483007e+04 1.298233514917024536e+02 6.441521388329422848e+01 1.707730420516062395e+02 2.274871481779302229e+01
1.757194789287192543e+04 1.296767355167770575e+02 6.547106919339732656e+01 1.697735298923013829e+02 2.274318441784265232e+01
1.757248230880159826e+04 1.296587720897284726e+02 6.642827364400758938e+01 1.687745687339915719e+02 2.278508202133454219e+01
1.757302571093773076e+04 1.296550154460668409e+02 6.728374143915632999e+01 1.677879242206671506e+02 2.293509367486456796e+01
1.757369232572486726e+04 1.294639259432246092e+02 6.834616880917393189e+01 1.667982667072050731e+02 2.307435900487757863e+01
1.757434775169425848e+04 1.291937469901862698e+02 6.950118201200127999e+01 1.658022541752599750e+02 2.305540104874079788e+01
1.757492853115111211e+04 1.290364417938320116e+02 7.060633387703710184e+01 1.648042590145102224e+02 2.299258108924038879e+01
1.757545163129027060e+04 1.289554294996357271e+02 7.156284893282744974e+01 1.638051897829854511e+02 2.295068208810816657e+01
1.757597624554291906e+04 1.287743405847764393e+02 7.244966958050287076e+01 1.628063118839996832e+02 2.297719144849670414e+01
1.757654692603208241e+04 1.283908293283517423e+02 7.340015759274582763e+01 1.618105673475514266e+02 2.291740933233539579e+01
1.757709050491078597e+04 1.279691417745836333e+02 7.434059550484404610e+01 1.608248295877027090e+02 2.275346559064040619e+01
1.757755994988984094e+04 1.275507613029705141e+02 7.515022804937160572e+01 1.598494284775676419e+02 2.253398188405626357e+01
1.757803092099204150e+04 1.271355899249494001e+02 7.588261692558826610e+01 1.589253346248098921e+02 2.216268378892461399e+01
1.757854634846474073e+04 1.267950286413673098e+02 7.664236257872363467e+01 1.580045345365829803e+02 2.177332681963011751e+01
1.757907665084072141e+04 1.265234426788868234e+02 7.740177128351621150e+01 1.570444378279176476e+02 2.150167514437439209e+01
1.757966430835581559e+04 1.263793090944345465e+02 7.825223006996445463e+01 1.560634570445121767e+02 2.130922332149453524e+01
1.758033607394157298e+04 1.263601233767350323e+02 7.920437751725064857e+01 1.550680238634462853e+02 2.128805141664723877e+01
1.758107111952490595e+04 1.263958192128059466e+02 8.012525532714194298e+01 1.540736837647344828e+02 2.138706227375464763e+01
1.758186800645272888e+04 1.267063949458344325e+02 8.096782056319227650e+01 1.531234657163338113e+02 2.168059986140361062e+01
1.758289109098828703e+04 1.271085441391382886e+02 8.157755022696845515e+01 1.523765235957801849e+02 2.232248188271404743e+01
1.758417212878651480e+04 1.278118071554155506e+02 8.194074857103714749e+01 1.518538427651672293e+02 2.316783860912764936e+01
1.758513762860835050e+04 1.289611410158361480e+02 8.208114277645563561e+01 1.517974515358392864e+02 2.415054204278990468e+01
1.758587160282923287e+04 1.300497623155706890e+02 8.209083970757589555e+01 1.519010897247455887e+02 2.514451953139417384e+01
1.758651399926893646e+04 1.309887355051955637e+02 8.214083832399916218e+01 1.520154875027504318e+02 2.613795376180129182e+01
1.758711923273018692e+04 1.319001547508912324e+02 8.228760660018525641e+01 1.521134646378592663e+02 2.713312286979364885e+01
1.758772065937002117e+04 1.328655601581848487e+02 8.248763853408620150e+01 1.521329047390889002e+02 2.813250406941523352e+01
1.758831270296495859e+04 1.337978177508107080e+02 8.270062491550660866e+01 1.521897575742279116e+02 2.913071095018944234e+01
1.758887366634303544e+04 1.347017559514739844e+02 8.290632660750175376e+01 1.522254224279154471e+02 3.013001618745675358e+01
1.758943476006059791e+04 1.356678739084502467e+02 8.303055177270664444e+01 1.521667914312883454e+02 3.112773999377069600e+01
1.759002440136693986e+04 1.366781687157189822e+02 8.311763742705409186e+01 1.521696771097776093e+02 3.212736489489721237e+01
1.759058786573132602e+04 1.376200473874118870e+02 8.322320235052464454e+01 1.521946610652969127e+02 3.312704303502781045e+01
1.759112593151739202e+04 1.384912436818524384e+02 8.331108972711648164e+01 1.521742721777136467e+02 3.412669019364454925e+01
1.759172715819739824e+04 1.394366579466848179e+02 8.339134413177964689e+01 1.522045583855523603e+02 3.512601929849310523e+01
1.759235708717580565e+04 1.404458362707456729e+02 8.347306705309739527e+01 1.522620890409167487e+02 3.612433765691643828e+01
1.759291431235042182e+04 1.414083951782513680e+02 8.351725913334338713e+01 1.522896567207244232e+02 3.712388974913536543e+01
1.759345236522696723e+04 1.423767083278778216e+02 8.359078972041945121e+01 1.523402628964992402e+02 3.812256094676246931e+01
1.759401028639118886e+04 1.433766977284307984e+02 8.378537106867584328e+01 1.523555956436424594e+02 3.912234739894735469e+01
1.759452201262499148e+04 1.443199721039050019e+02 8.404766072528926202e+01 1.523036809793327109e+02 4.012075711520390797e+01
1.759502340492503936e+04 1.452635891564311521e+02 8.430805208368089154e+01 1.522525573161696002e+02 4.111944489561514615e+01
1.759554574447539926e+04 1.462413441861693855e+02 8.455182637022153358e+01 1.521691210636307119e+02 4.211588820980511372e+01
1.759603458702714852e+04 1.471497259810793423e+02 8.476579540751046693e+01 1.521036657915886963e+02 4.311371330522826639e+01
1.759652749889099869e+04 1.480543242264531898e+02 8.497753174782003782e+01 1.520536725038429893e+02 4.411245309447645724e+01
1.759706547485174451e+04 1.490250534562288180e+02 8.514015916501331560e+01 1.519702911284788911e+02 4.510889881194287199e+01
1.759762325668724952e+04 1.500015309039909255e+02 8.528443184894062767e+01 1.519841255579805761e+02 4.610820445371582110e+01
1.759816873697794654e+04 1.509946139668364822e+02 8.539539198610827953e+01 1.520228779576644911e+02 4.710744362782392614e+01
1.759867882980959985e+04 1.519515456515044889e+02 8.550111439888318898e+01 1.520467918127417306e+02 4.810714317009324503e+01
1.759921778933780297e+04 1.529086463296155216e+02 8.573527771433944622e+01 1.521110162580968677e+02 4.910498411844068301e+01
1.759979172468873367e+04 1.539025661602212836e+02 8.589426112808639857e+01 1.520769932936013902e+02 5.010384498080370719e+01
1.760032215203100350e+04 1.548507582358816990e+02 8.602973228765814895e+01 1.520489346693631774e+02 5.110343694503816891e+01
1.760084327767636933e+04 1.557903638771328758e+02 8.627455203848565191e+01 1.520671882199070239e+02 5.210317849355570274e+01
1.760136857453195626e+04 1.567137580745985019e+02 8.641069456920726566e+01 1.520251245295527838e+02 5.310210803535410662e+01
1.760188399845906679e+04 1.576590196838658073e+02 8.642815204765410897e+01 1.520123588407477939e+02 5.410197171846568409e+01
1.760239685006275613e+04 1.586589281023099431e+02 8.649453433195250796e+01 1.519747731100314070e+02 5.510123054610851767e+01
1.760289770016545299e+04 1.596723222654457288e+02 8.660309766506408380e+01 1.519192315895844274e+02 5.609967660033301229e+01
1.760340803257868538e+04 1.606095914953192505e+02 8.675250773177423014e+01 1.519258374892516485e+02 5.709948488398482880e+01
1.760394451297098203e+04 1.615438940124165583e+02 8.690142034017570438e+01 1.518754854788937507e+02 5.809805289587490051e+01
1.760447372664252180e+04 1.624378891088388457e+02 8.700823862427998279e+01 1.518034502999303186e+02 5.909544411934329844e+01
1.760500091814561529e+04 1.632787537842376651e+02 8.709458311492193161e+01 1.518247354002450891e+02 6.009487113860643603e+01
1.760553670175954903e+04 1.642357410997582292e+02 8.713236480191118005e+01 1.518851906114816472e+02 6.109300305707407119e+01
1.760604618056880281e+04 1.652033727625702113e+02 8.718428711142074405e+01 1.520089545962399029e+02 6.208517049789335829e+01
1.760654830955051875e+04 1.660805403200220383e+02 8.728432889345735646e+01 1.521246240237840937e+02 6.307845210999792585e+01
1.760706011423568998e+04 1.669855322509507403e+02 8.745442149270914456e+01 1.521670463993442013e+02 6.407736616626843329e+01
1.760761333571138675e+04 1.679809532787053286e+02 8.777811537403228215e+01 1.521844366908475763e+02 6.507720091710271504e+01
1.760820976156549295e+04 1.688171191170320924e+02 8.822563538340170908e+01 1.519789490164862400e+02 6.605407716232271298e+01
1.760877250067571367e+04 1.693951057262854079e+02 8.871530804471299803e+01 1.515974365148336460e+02 6.697773611708437613e+01
1.760938051427798200e+04 1.700181920070259309e+02 8.928424980721987936e+01 1.511958146996660730e+02 6.789353693034469472e+01
1.761004849446854132e+04 1.707801887149453250e+02 8.992529333205499142e+01 1.506524774455731404e+02 6.873235999113859407e+01
1.761068478330457583e+04 1.715780200308669805e+02 9.057810602983920489e+01 1.500548102631682923e+02 6.953402668573957612e+01
1.761128531728405505e+04 1.723731954245637894e+02 9.115727881464073334e+01 1.494930066810422034e+02 7.036125273104327960e+01
1.761187047376898045e+04 1.732459225815715627e+02 9.161160090526253441e+01 1.489884111242120355e+02 7.122452115799096362e+01
1.761245641793855975e+04 1.742055906034678685e+02 9.199685983432604530e+01 1.486678698057244503e+02 7.217107365534135965e+01
1.761301284210628728e+04 1.750802659881143768e+02 9.228437539723029204e+01 1.484378072416451460e+02 7.314415811573078940e+01
1.761355284675163057e+04 1.758580581151506692e+02 9.245686328817089361e+01 1.482981391599475671e+02 7.413426408619197616e+01
1.761416392354138225e+04 1.766467844566609244e+02 9.257521858616649979e+01 1.482958925269426231e+02 7.513410746001162011e+01
1.761484539228337599e+04 1.774874117523042401e+02 9.265223412722197338e+01 1.482622785269624615e+02 7.613353329306606554e+01
1.761555184291304977e+04 1.784320374482083480e+02 9.257336086081539861e+01 1.483310594960288427e+02 7.713108996551763141e+01
1.761621671172732385e+04 1.793951485548822973e+02 9.250710755484828951e+01 1.485165062565655205e+02 7.811371405972970194e+01
1.761683681721866742e+04 1.802009085447800487e+02 9.257189253326329492e+01 1.487513144912358314e+02 7.908575013069612680e+01
1.761760296848933649e+04 1.810137532628590691e+02 9.295157561322625384e+01 1.488252007974625428e+02 8.008204255480650602e+01
1.761843123169895989e+04 1.816578684870235350e+02 9.372894723871900169e+01 1.484923215241050229e+02 8.102354650512333478e+01
1.761917771410632122e+04 1.819532628233108085e+02 9.467441632136649332e+01 1.479006073867853104e+02 8.182606305157200666e+01
1.761986837030188326e+04 1.818334655955160883e+02 9.564677995642895780e+01 1.470380926817561544e+02 8.231889108335990102e+01
1.762049855974778620e+04 1.814340732921631343e+02 9.639873447096589132e+01 1.460453833889075952e+02 8.238719641320128062e+01
1.762124320653904215e+04 1.807283207953164208e+02 9.706696858826802554e+01 1.450963265077699305e+02 8.209919585815069354e+01
1.762206256639766798e+04 1.798016177949278358e+02 9.760484938477291905e+01 1.443278159937934788e+02 8.146032518959670199e+01
1.762304865303205588e+04 1.788025992612140556e+02 9.812506968111588890e+01 1.436183946737372708e+02 8.075563700752289265e+01
1.762401076870343240e+04 1.781835069747553177e+02 9.900008032286594073e+01 1.428555301992550142e+02 8.013761908095135311e+01
1.762471269319395287e+04 1.777408921114406724e+02 9.989968251155849543e+01 1.418703534288094090e+02 7.996611737800694186e+01
1.762530133126041619e+04 1.775052570938363488e+02 1.008487371337239722e+02 1.408839567897045981e+02 7.981065194651607442e+01
1.762586227796772073e+04 1.774253014885205459e+02 1.019256840231177250e+02 1.398872600579657046e+02 7.980915658196420281e+01
1.762641707181534366e+04 1.773146818858324991e+02 1.030782059764426890e+02 1.388999232385894800e+02 7.995994086242032495e+01
1.762690719490155971e+04 1.770148983785499581e+02 1.040480652525933607e+02 1.379013186500970960e+02 7.998368464592965665e+01
1.762737332660960237e+04 1.768090566575177434e+02 1.049295649153952894e+02 1.369050775977277397e+02 7.989906460476521488e+01
1.762791425108053591e+04 1.767573121212262492e+02 1.059158594896041734e+02 1.359119556756898817e+02 7.978303967096586291e+01
1.762848553850466124e+04 1.766947366317737647e+02 1.068147719964056961e+02 1.349169896887521247e+02 7.974371790749876254e+01
1.762905876828173859e+04 1.765973853403891951e+02 1.077588732880471980e+02 1.339269002768623693e+02 7.986054357215655841e+01
1.762960691066426807e+04 1.765124861269435712e+02 1.087860622091598373e+02 1.329282552667054347e+02 7.984028414078964886e+01
1.763010353428665621e+04 1.763978023304005944e+02 1.097728292662914811e+02 1.319307297755607351e+02 7.989496058586095728e+01
1.763059098938717943e+04 1.762746061638778485e+02 1.107257894028883811e+02 1.309318958194572531e+02 7.985103979795253792e+01
1.763107880603741796e+04 1.761662933815903500e+02 1.116370841950531201e+02 1.299366278744461454e+02 7.981200223945337768e+01
1.763159272015895112e+04 1.762779100770090110e+02 1.126203171532430503e+02 1.289455313118780850e+02 7.994474745531269377e+01
1.763217226739569742e+04 1.766832033822715573e+02 1.135919336017683321e+02 1.280017523739790022e+02 8.017026179668204122e+01
1.763273937209012365e+04 1.772012925078507237e+02 1.144424414027645867e+02 1.272611842105135480e+02 8.084152434789211839e+01
1.763328101709664043e+04 1.777600747427494241e+02 1.153657794709673254e+02 1.265472132395744893e+02 8.154100448132520285e+01
1.763379315861358918e+04 1.783295835671543728e+02 1.162072319352978269e+02 1.258270616738559795e+02 8.223014817216257200e+01
1.763429035020269293e+04 1.787897354514696815e+02 1.170032588265751627e+02 1.251896172492425450e+02 8.299873918752150814e+01
1.763479138766946926e+04 1.792941864151378866e+02 1.177806725612526719e+02 1.244749680331575377e+02 8.369811803173440978e+01
1.763530307395962882e+04 1.798175502277216538e+02 1.185065922164466201e+02 1.237475277418666195e+02 8.438426647298136629e+01
1.763582525183606413e+04 1.802336749302247938e+02 1.192877305512738957e+02 1.229857742065438941e+02 8.501961027562110473e+01
1.763633040693078874e+04 1.806012707869059284e+02 1.200029273804629781e+02 1.221059106506025103e+02 8.549272154891357900e+01
1.763684341699824654e+04 1.807469310715963218e+02 1.208158188703409337e+02 1.212341728470008348e+02 8.596367561373816102e+01
1.763742820522915281e+04 1.806357607510221044e+02 1.218704377794517910e+02 1.202587272405240952e+02 8.615571893535151560e+01
1.763800590997489053e+04 1.804806279792539385e+02 1.229383594569028020e+02 1.192588336860305418e+02 8.616773341492704219e+01
1.763852615255034107e+04 1.802661431594226258e+02 1.239088975332071385e+02 1.182591356856949716e+02 8.618261539155578532e+01
1.763904692670607619e+04 1.802347948390231807e+02 1.249263511978606260e+02 1.172611650025827430e+02 8.619951827279042789e+01
1.763955388518412656e+04 1.801163806286121769e+02 1.259157768464634870e+02 1.162670726288248204e+02 8.630319261528887864e+01
1.764008914048002043e+04 1.799923463784247986e+02 1.269486213448963952e+02 1.152687181439387558e+02 8.635916961375153278e+01
1.764060518376160690e+04 1.799984096897282768e+02 1.279491892735666454e+02 1.142740059130260875e+02 8.645610321850544722e+01
1.764109691812821620e+04 1.799190196900928242e+02 1.288766801127961230e+02 1.132830135737903419e+02 8.656845264502439363e+01
1.764155652692440344e+04 1.799045647883307311e+02 1.297821327277212049e+02 1.122842718889747431e+02 8.658399360162233904e+01
1.764205871130395826e+04 1.799008665838341301e+02 1.307726358601632910e+02 1.112893629896493337e+02 8.668458892065758903e+01
1.764258684004574025e+04 1.796828580286615136e+02 1.317165949831413911e+02 1.102946120154876013e+02 8.674903431377093455e+01
1.764308007524442291e+04 1.794654157992345915e+02 1.326203328778615287e+02 1.092967169426535321e+02 8.670604096780571979e+01
1.764359154297207715e+04 1.792692333609439856e+02 1.335847017121371607e+02 1.082974939434548105e+02 8.674544602911346658e+01
1.764417233530818339e+04 1.791520810008168212e+02 1.345921924131368712e+02 1.072980340046793231e+02 8.677457588884573170e+01
1.764479443530895514e+04 1.791256563233854138e+02 1.354716990931054283e+02 1.063007780786368386e+02 8.681428809891745857e+01
1.764547771632808144e+04 1.789478806098609880e+02 1.363660728108290812e+02 1.053103544176273942e+02 8.689431167588992366e+01
1.764609438693703487e+04 1.789012249054410972e+02 1.372927497453146088e+02 1.043270628712212869e+02 8.688882733288650684e+01
1.764665155246785434e+04 1.787382666745431550e+02 1.380541391602795898e+02 1.033669397612188874e+02 8.706362080092523570e+01
1.764722299886183828e+04 1.784224297019399614e+02 1.389206592524853932e+02 1.023904349275426569e+02 8.685040222798465948e+01
1.764779754720005440e+04 1.781572030061940950e+02 1.398526106929273567e+02 1.014206505173155364e+02 8.661025918208551388e+01
1.764838282928897752e+04 1.778433355561855933e+02 1.408309501480332244e+02 1.004380294657684942e+02 8.642645233890903000e+01
1.764895500048894974e+04 1.776082323692348837e+02 1.417510442385220983e+02 9.945743610204196727e+01 8.625286999591483550e+01
1.764953311158134602e+04 1.774214587897578781e+02 1.425109153460077778e+02 9.845954277775635433e+01 8.620613352112029304e+01
1.765020198187835558e+04 1.773059563818173103e+02 1.434586525522194052e+02 9.746647995356224214e+01 8.614130567000373162e+01
1.765083536015133359e+04 1.770712775211873975e+02 1.445657740557496709e+02 9.647297360887588979e+01 8.625351055329204542e+01
1.765140848466015814e+04 1.770625459008939231e+02 1.456504065468374165e+02 9.548178270097878340e+01 8.638397239116461890e+01
1.765194433624936573e+04 1.772312507286738139e+02 1.466414726950910961e+02 9.449616961794025372e+01 8.652776212430343605e+01
1.765241812078224393e+04 1.771871291787913663e+02 1.475504035507075002e+02 9.352819043903281226e+01 8.674861194787143859e+01
1.765289241871004197e+04 1.770974921210917614e+02 1.484487649027765599e+02 9.253031867641759334e+01 8.679716286731537878e+01
1.765343039807909736e+04 1.770663666925206599e+02 1.494461809059650079e+02 9.154248765547696109e+01 8.694570772024955829e+01
1.765398549549445306e+04 1.770002544450420032e+02 1.505382515953557174e+02 9.056187071688579238e+01 8.712783659306096240e+01
1.765451494777031257e+04 1.768440727866344275e+02 1.516042191285750675e+02 8.956821387443228843e+01 8.722432924006814403e+01
1.765502289427934738e+04 1.765861147968421960e+02 1.526018332034462048e+02 8.858279359188276203e+01 8.734464059796923152e+01
1.765556627210669103e+04 1.762433575687770997e+02 1.535692822011939143e+02 8.758706732325566691e+01 8.725406067147979172e+01
1.765610673957710969e+04 1.758800796566311533e+02 1.544436624979950921e+02 8.659246729444622304e+01 8.717099213330114083e+01
1.765662087956927644e+04 1.754093269317746149e+02 1.552426266154354551e+02 8.559688252090792560e+01 8.713828889424154056e+01
1.765711402552334039e+04 1.751091989614631643e+02 1.560567545403891359e+02 8.461024281124635138e+01 8.697813514818882652e+01
1.765759838768670306e+04 1.749423025366725710e+02 1.569730104019710950e+02 8.361480076244454551e+01 8.689370423278390376e+01
1.765808539365532124e+04 1.747195364344347865e+02 1.578804556636754342e+02 8.261695741562380135e+01 8.685191544858936652e+01
1.765853602882210180e+04 1.745418050085284278e+02 1.587263188658093895e+02 8.162328916794520239e+01 8.677826306031485615e+01
1.765900119678870033e+04 1.744046641382553844e+02 1.596768491773521248e+02 8.062543390607510219e+01 8.684371796902691187e+01
1.765949087449014405e+04 1.743183805488277756e+02 1.607072969775392153e+02 7.962696902889112494e+01 8.689439518075552371e+01
1.765996117633548056e+04 1.742724413622551651e+02 1.616452246625798068e+02 7.862925062531458309e+01 8.693908339942856855e+01
1.766042366354631304e+04 1.741389313132333996e+02 1.625320870519979053e+02 7.763521506661108162e+01 8.702910721964933316e+01
1.766093213558862408e+04 1.740760903987816732e+02 1.634883423109161242e+02 7.663640710164840186e+01 8.704640211601572730e+01
1.766147502932763382e+04 1.740290740773930054e+02 1.644709057207823832e+02 7.564335149406927883e+01 8.715899594997868860e+01
1.766202091588211624e+04 1.738333424113546357e+02 1.654893445401665986e+02 7.465383230652135182e+01 8.727011552623572754e+01
1.766253717137167769e+04 1.736591516689350669e+02 1.663694676168715887e+02 7.365455799078405619e+01 8.725284971387134192e+01
1.766308440096423510e+04 1.735415374419360148e+02 1.673115620498305418e+02 7.265509377173646044e+01 8.728342162254790537e+01
1.766365897171966571e+04 1.734058838762057917e+02 1.682646310028516154e+02 7.165514664357702657e+01 8.729331074853776329e+01
1.766422243893542327e+04 1.733653715844633609e+02 1.691644654941086969e+02 7.065728005581171089e+01 8.733136036829803572e+01
1.766475676326725443e+04 1.732723597230530288e+02 1.700718330512208638e+02 6.966395847326431578e+01 8.744574305330849029e+01
1.766529567474872601e+04 1.731615333692567731e+02 1.710235714208862134e+02 6.866706372732986097e+01 8.752047234972006606e+01
1.766584731624752749e+04 1.730002677089076428e+02 1.720389025266005660e+02 6.766749932126802491e+01 8.754489628156217407e+01
1.766640130804164437e+04 1.728398460208729261e+02 1.730947432480878660e+02 6.667031644816873381e+01 8.750372146726762423e+01
1.766690606754776309e+04 1.727365725368069320e+02 1.740037394445971870e+02 6.567814681654719777e+01 8.738418151869397832e+01
1.766744236030791581e+04 1.726332599553446130e+02 1.748581834835950417e+02 6.467980925061765163e+01 8.735263894539654927e+01
1.766808474499133445e+04 1.725182970579523385e+02 1.758136790351319405e+02 6.368111083233993241e+01 8.736819977436211104e+01
1.766873415096425015e+04 1.723745217179572080e+02 1.767429314405692367e+02 6.268380361568090109e+01 8.735080381196374333e+01
1.766938847014883868e+04 1.722038953905236269e+02 1.776934461501943758e+02 6.168834097522901061e+01 8.739246408708298475e+01
1.766999027522301549e+04 1.720864559522537434e+02 1.785970255525715231e+02 6.069398326867287352e+01 8.736462571441511216e+01
1.767057957365549009e+04 1.720272546643774660e+02 1.795064687490254585e+02 5.970718602946637787e+01 8.752172429860885927e+01
1.767117668479046915e+04 1.718973355211745968e+02 1.805268643661416093e+02 5.873024698999483206e+01 8.773513424356596602e+01
1.767175068997722701e+04 1.717964884625683624e+02 1.814545313471918462e+02 5.775741908882324793e+01 8.796316133190231312e+01
1.767232671767736610e+04 1.714704797813503774e+02 1.823540693000588249e+02 5.678917259871986545e+01 8.812714673475275617e+01
1.767291349531028754e+04 1.710898922859398681e+02 1.832862176739082543e+02 5.580085462274038122e+01 8.798038628513918979e+01
1.767350589058031983e+04 1.705316099173980149e+02 1.841844760042829137e+02 5.482910005819674382e+01 8.774759890344711266e+01
1.767412657950213543e+04 1.697661980183209209e+02 1.850363315155340445e+02 5.392700868572485717e+01 8.735259017937195836e+01
1.767470589487764300e+04 1.691706591635710595e+02 1.856807080682845879e+02 5.313672089133547871e+01 8.673999511855070921e+01
1.767534528772165140e+04 1.685816667962624535e+02 1.863351268546671236e+02 5.236223676969068919e+01 8.611037975917594167e+01
1.767612307254179541e+04 1.678482781060745310e+02 1.871080985062221771e+02 5.162816047713088352e+01 8.543232675319714531e+01
1.767689253996833941e+04 1.669613032272228281e+02 1.876978355691317120e+02 5.095882385911333046e+01 8.471201446680258584e+01
1.767757849274021282e+04 1.659019808154805276e+02 1.879034970469083135e+02 5.055248061429048079e+01 8.380346546708619826e+01
1.767824568363905200e+04 1.650014563160185901e+02 1.880118833995013006e+02 5.026017747335354358e+01 8.284724873541019008e+01
1.767899790459015276e+04 1.640853515338916111e+02 1.879403677540572914e+02 5.005540656311933390e+01 8.187900420646676025e+01
1.767973956805554189e+04 1.630215009490932516e+02 1.878220223859291877e+02 4.998934118807612492e+01 8.088331500826129172e+01
1.768042113106393299e+04 1.619762893971087578e+02 1.877683233959414224e+02 4.985448897441461469e+01 7.989270187506191689e+01
1.768113145904670819e+04 1.610356901480977569e+02 1.877403780862198062e+02 4.977750162221637709e+01 7.889638663511134098e+01
1.768189709408145427e+04 1.600674789180465325e+02 1.875731560898381645e+02 4.979725351725290494e+01 7.789847073130096078e+01
1.768270969814874843e+04 1.589089633972192814e+02 1.872496646292390494e+02 4.985744828092942527e+01 7.690162023976758121e+01
1.768354103867181402e+04 1.576994080736157855e+02 1.869984431009152388e+02 4.985912731892695859e+01 7.590168093035714492e+01
1.768445983232749859e+04 1.566597109714669500e+02 1.867294688953554669e+02 4.985881920461302741e+01 7.490189428617502188e+01
1.768556474425706983e+04 1.557706488301511172e+02 1.864807563582608054e+02 4.986382976640605591e+01 7.390271595090761991e+01
1.768673188893139377e+04 1.550297377799601861e+02 1.864784378632115249e+02 4.983544248405680577e+01 7.290863640729205031e+01
1.768837055036784295e+04 1.543966678057139461e+02 1.867162095970899713e+02 4.949111527917896325e+01 7.200408351067734714e+01
1.769526451947543683e+04 1.538599370037433687e+02 1.870513489277252859e+02 4.870264947416052337e+01 7.145753742552062704e+01
1.770139059961950625e+04 1.534456995939034130e+02 1.877585922273798076e+02 4.776501862802202680e+01 7.111155081605998873e+01
1.770226755158986271e+04 1.531715365128802659e+02 1.886197499927029924e+02 4.680166314314190146e+01 7.090853247663645220e+01
1.770300977214192972e+04 1.529634519824061556e+02 1.894522813549121452e+02 4.580252661614758125e+01 7.086746551825713425e+01
1.770370600303086394e+04 1.527136820132128321e+02 1.903160577967547056e+02 4.480362916115846872e+01 7.087115910493599813e+01
1.770438185394619723e+04 1.522879247249324237e+02 1.911722791510414368e+02 4.380984269162356526e+01 7.081399460423727987e+01
1.770504572794865089e+04 1.519293463539639504e+02 1.920626313849625149e+02 4.282648546122079836e+01 7.063502745941903527e+01
1.770570160148008290e+04 1.516116621309066090e+02 1.929987734606833101e+02 4.183747829928477557e+01 7.050372947905870546e+01
1.770631567292062755e+04 1.511936917557754327e+02 1.938933809129442807e+02 4.085562467253170382e+01 7.033553916631863956e+01
1.770686250253477556e+04 1.508551898824668456e+02 1.946976717409224875e+02 3.988654262765388836e+01 7.008880441854421406e+01
1.770741955736846649e+04 1.505750099372672253e+02 1.954759348078268317e+02 3.890669677942975113e+01 6.989497455225597378e+01
1.770800133812216882e+04 1.503071362793643289e+02 1.962774444089601502e+02 3.791709169485031339e+01 6.975137504558506407e+01
1.770855977883789819e+04 1.501283606504443355e+02 1.971082073806845187e+02 3.692171721137508200e+01 6.966707016624516768e+01
1.770911301411927343e+04 1.499991696694546874e+02 1.980144473474529718e+02 3.592288941953457027e+01 6.967719196928133840e+01
1.770966700667764962e+04 1.497848495113163096e+02 1.989831548730232669e+02 3.492473003305438084e+01 6.973734806263566099e+01
1.771017815380070169e+04 1.495665465745351526e+02 1.998816295591140317e+02 3.392948660853740250e+01 6.983174689677059632e+01
1.771067168970280181e+04 1.493862061036972477e+02 2.006772640920507342e+02 3.293236139381779282e+01 6.988458897602727404e+01
1.771123751721146982e+04 1.492489076029632713e+02 2.015971219104246188e+02 3.193308167553994892e+01 6.985849030692752137e+01
1.771194266291325039e+04 1.491204897118113024e+02 2.026633991823696022e+02 3.094657827490117796e+01 6.995825198355932173e+01
1.771270713368651195e+04 1.489155918422124785e+02 2.035290588825593829e+02 2.995648061447211674e+01 7.002403528125772425e+01
1.771523438367938070e+04 1.482846332355617278e+02 2.023093851882219099e+02 3.001909974231747924e+01 6.963833942578703784e+01
1.771594871105065977e+04 1.480653792306939636e+02 2.011863591527018116e+02 3.091234423663327391e+01 6.918878534321201812e+01
1.771656202684166783e+04 1.480011856488440287e+02 2.000554784319087389e+02 3.180556292472582669e+01 6.874359809007437150e+01
1.771715667497552568e+04 1.481482513948588462e+02 1.990300856249899084e+02 3.277867528958382337e+01 6.851662891070473904e+01
1.771770279239770025e+04 1.484215197993062816e+02 1.981169537340045110e+02 3.377330554545847008e+01 6.843709807978669346e+01
1.771819827944743520e+04 1.486657400054960760e+02 1.972752475658102469e+02 3.476299963440771279e+01 6.857956825600135176e+01
1.771870497373633407e+04 1.488997510081129008e+02 1.964180049141578763e+02 3.574666667993852798e+01 6.875801932151198059e+01
1.771921552463876287e+04 1.491976170146507172e+02 1.955326304564340774e+02 3.674042349578498090e+01 6.886902780452443551e+01
1.771974094353677719e+04 1.494305481567866423e+02 1.945673357480003745e+02 3.773066745317348136e+01 6.900677102002543961e+01
1.772028982307828846e+04 1.494860088432470206e+02 1.935568400378085698e+02 3.872813289344532706e+01 6.907657280657542742e+01
1.772089278510712757e+04 1.495418193967024365e+02 1.925715796987868202e+02 3.972763554824623355e+01 6.910743027201340283e+01
1.772151581510138567e+04 1.496404467034593324e+02 1.915937755457333083e+02 4.072588319391956446e+01 6.914144177112243028e+01
1.772211220080646308e+04 1.496751105540992057e+02 1.906420509900318336e+02 4.171988662805641468e+01 6.903213378284951318e+01
1.772271419416181016e+04 1.497428191855563853e+02 1.896720839609539837e+02 4.271528121287980895e+01 6.893838534608636337e+01
1.772331468179066724e+04 1.498990975946472588e+02 1.886332594105196563e+02 4.371466704191914232e+01 6.890720694648230449e+01
1.772393281081751411e+04 1.502756031199713220e+02 1.876882226842429588e+02 4.470975342500031502e+01 6.895223420910838286e+01
1.772459767326918518e+04 1.506928774079182745e+02 1.869010514835254639e+02 4.566980159055972166e+01 6.922832264145004899e+01
1.772526977101504235e+04 1.508618580769302469e+02 1.860699310994097004e+02 4.665849622522479478e+01 6.937594756861292922e+01
1.772599540605099901e+04 1.509740754756642502e+02 1.852042640863406859e+02 4.765369333701237764e+01 6.946935059994608253e+01
1.772679774015543080e+04 1.511441454371299642e+02 1.843391678278347854e+02 4.864135143771289194e+01 6.962176441600512078e+01
1.772765216034485638e+04 1.513157568247874565e+02 1.835783064998928182e+02 4.963915879433727696e+01 6.968747039441078073e+01
1.772850475682864271e+04 1.513492487766423267e+02 1.825132331859973647e+02 5.063214218175073711e+01 6.972785390934515704e+01
1.772924566559940286e+04 1.512978655826261445e+02 1.814693096537200176e+02 5.160806077882054410e+01 6.951461076109519865e+01
1.772985126978354674e+04 1.512034823908583689e+02 1.806702728164353005e+02 5.260127344107802116e+01 6.939914660388333800e+01
1.773047587140063843e+04 1.511637306374914544e+02 1.798276052883313980e+02 5.359043916865873314e+01 6.925234484731888074e+01
1.773120520116533226e+04 1.510818730092702253e+02 1.789018353752398127e+02 5.457996543639465159e+01 6.910829143940556207e+01
1.773197796694823774e+04 1.509809402944280521e+02 1.779411362004604769e+02 5.555738898974755813e+01 6.893336820817695809e+01
1.773267761582424646e+04 1.512155630608764909e+02 1.769524885126939466e+02 5.647811990223257794e+01 6.859806626749444547e+01
1.773329829276939927e+04 1.515282327539340770e+02 1.760043022637221952e+02 5.747504813024020365e+01 6.867552399763758331e+01
1.773386224792400026e+04 1.518286953155335937e+02 1.750717160265286054e+02 5.847384611470639015e+01 6.871748614757895268e+01
1.773440485885890303e+04 1.520516441457703820e+02 1.740289656968008956e+02 5.947375771518147758e+01 6.871780488106617213e+01
1.773494584375546401e+04 1.521377876409116539e+02 1.729083688130812675e+02 6.047037451827225851e+01 6.870167115400813884e+01
1.773545452329928230e+04 1.521693441290646263e+02 1.719129451992193651e+02 6.145882356086777065e+01 6.856085303654255370e+01
1.773598831261724990e+04 1.523814419722287994e+02 1.709283834327191016e+02 6.245766353882873290e+01 6.855075417221378586e+01
1.773653400666653761e+04 1.525223315810861493e+02 1.698883618009181191e+02 6.345407082133472443e+01 6.863482357040301451e+01
1.773709131104484914e+04 1.526583869974508616e+02 1.688132563856481170e+02 6.444953832655245662e+01 6.872799795781686782e+01
1.773763914590033892e+04 1.528338370751948787e+02 1.678333280412070394e+02 6.544672626534067206e+01 6.874689824355424150e+01
1.773817662284269318e+04 1.528347925913126062e+02 1.669292977397142010e+02 6.644089045070833777e+01 6.864137736728142158e+01
1.773876258311366837e+04 1.529113610463906241e+02 1.659873499150070586e+02 6.743901865185978295e+01 6.858045038096648227e+01
1.773934624240102130e+04 1.530169017331280656e+02 1.649884806761968150e+02 6.843673261290429366e+01 6.851699030741785634e+01
1.773992786841759880e+04 1.531296577329925697e+02 1.638911707813457213e+02 6.943149276413845428e+01 6.841516604331687290e+01
1.774050869065534789e+04 1.533221336874921406e+02 1.629335552156279050e+02 7.042481551516530658e+01 6.830786967757492789e+01
1.774106278289861439e+04 1.535252346035703965e+02 1.619619431378249033e+02 7.141109316393422546e+01 6.817370169186685303e+01
1.774160667381407984e+04 1.537378442265502656e+02 1.609374512172039999e+02 7.240995118501508898e+01 6.819507898830174497e+01
1.774215793321739329e+04 1.539064446488541194e+02 1.599658809468834590e+02 7.340817067774710836e+01 6.813556315405904229e+01
1.774274123062796207e+04 1.541431192769527172e+02 1.589645268781073639e+02 7.440633821429891270e+01 6.809113675362391405e+01
1.774334698629105333e+04 1.542979398220256257e+02 1.579711690505519073e+02 7.540585275595516634e+01 6.810784767516274485e+01
1.774391833130445593e+04 1.544492776716901119e+02 1.569124211468741521e+02 7.640544767470815657e+01 6.808671519986930321e+01
1.774443105132729033e+04 1.545892884221439658e+02 1.559801530946703849e+02 7.740534597333325451e+01 6.809376380075664770e+01
1.774495078216025286e+04 1.547506713728403156e+02 1.550724215644833350e+02 7.840397928130286687e+01 6.805755876659466708e+01
1.774550402730387577e+04 1.549120046061160565e+02 1.541526847358287569e+02 7.939969910735709391e+01 6.797887087120587069e+01
1.774606213190870767e+04 1.550545124949689750e+02 1.533046578556845532e+02 8.039851696193601072e+01 6.796359773801074766e+01
1.774657349280386188e+04 1.552430130806984323e+02 1.523670808738757216e+02 8.139126802896427648e+01 6.784740058966247034e+01
1.774706505645016659e+04 1.555671133888668010e+02 1.512971871841801033e+02 8.237890907995573286e+01 6.769456391934842543e+01
1.774746434136474636e+04 1.559065031719386809e+02 1.504227483756141055e+02 8.337558099539850787e+01 6.761560236990705164e+01
1.774785657455874025e+04 1.561606504134285558e+02 1.495459312300605745e+02 8.437305705014762225e+01 6.761236178869778257e+01
1.774828321895028785e+04 1.564727721053168636e+02 1.485841082678808789e+02 8.536187173904991710e+01 6.775730773891234549e+01
1.774867933705584437e+04 1.567579524029274864e+02 1.476729105648770712e+02 8.634380911553915894e+01 6.794133216923876262e+01
1.774907322817576642e+04 1.570428281229045240e+02 1.467302261176687068e+02 8.733843054834630948e+01 6.804486805730891774e+01
1.774951080660974185e+04 1.572309460489959747e+02 1.456595489551779110e+02 8.833421207072301229e+01 6.813559059606178891e+01
1.774995356111211004e+04 1.573741667721465944e+02 1.446609903927718506e+02 8.933157795195253925e+01 6.816491598639157701e+01
1.775036751687467404e+04 1.574785032636031588e+02 1.437128564761808320e+02 9.032704568588438576e+01 6.807007080410978972e+01
1.775078748924967658e+04 1.575254186653776856e+02 1.427280180769122069e+02 9.132041228503993580e+01 6.795577503284116005e+01
1.775120593607036790e+04 1.575041112740728977e+02 1.417465875151484624e+02 9.230984925132098340e+01 6.781143951166461648e+01
1.775159303799586633e+04 1.574892875932300740e+02 1.408114405191788308e+02 9.329755751505356898e+01 6.765735544934162249e+01
1.775198953311108926e+04 1.574452426861508627e+02 1.398605368954463302e+02 9.429145854872473365e+01 6.754723036292453742e+01
1.775242964487294375e+04 1.575169822825756967e+02 1.388209491650308109e+02 9.528221762415907392e+01 6.741371079040074221e+01
1.775284089826807030e+04 1.577246115833436022e+02 1.378632819617200482e+02 9.627020792725956255e+01 6.727549570825235037e+01
1.775326501261906742e+04 1.579874008314764922e+02 1.369022135336110182e+02 9.726987010633767738e+01 6.727609582327590942e+01
1.775369176588791379e+04 1.581615152183505870e+02 1.359859276838796518e+02 9.826897717999850101e+01 6.730885648734107463e+01
1.775409926221473143e+04 1.583202081695798711e+02 1.350881609983412375e+02 9.926851988793205805e+01 6.731016521428496446e+01
1.775451033139242645e+04 1.584607289692719405e+02 1.341290375823558634e+02 1.002665189601916467e+02 6.737234636306746438e+01
1.775492653046666237e+04 1.586939212867945344e+02 1.331297357388059766e+02 1.012636746401889667e+02 6.744577772225625267e+01
1.775530900244353325e+04 1.588886341479978341e+02 1.322001968506018841e+02 1.022616144762519212e+02 6.750377231068156902e+01
1.775570134398565278e+04 1.591068178225553709e+02 1.313340932808747255e+02 1.032549618287326609e+02 6.761821052479405125e+01
1.775612156416100697e+04 1.593873202238539477e+02 1.305107904352484240e+02 1.042467372689287544e+02 6.774462339822797219e+01
1.775652353192847295e+04 1.596152248946939096e+02 1.297060429712177267e+02 1.052385273041734024e+02 6.786240856527747667e+01
1.775694520971773454e+04 1.598015174085451520e+02 1.288509317718852571e+02 1.062218017065823403e+02 6.803059221421169411e+01
1.775741822389473236e+04 1.599058648346452856e+02 1.278720392936478163e+02 1.072204779918981927e+02 6.804657419996622991e+01
1.775788349151521106e+04 1.598534818672637527e+02 1.268667021748240984e+02 1.082183557324791963e+02 6.798357020615910074e+01
1.775833200299596137e+04 1.596472808832426153e+02 1.259174468424955080e+02 1.092104889467202469e+02 6.789929686300172307e+01
1.775876391606022662e+04 1.594344057781917741e+02 1.250175301039947726e+02 1.101663006625230992e+02 6.761359686025188864e+01
1.775921965624579389e+04 1.591837108711852125e+02 1.240227413993836905e+02 1.110857777134541635e+02 6.722104120410290307e+01
1.775966439194355917e+04 1.590306781027914269e+02 1.230554368268647494e+02 1.120198561517520375e+02 6.686397384436864400e+01
1.776008512570182211e+04 1.591357722680123743e+02 1.221763344664542217e+02 1.129687178560471779e+02 6.657538776892627652e+01
1.776055071396099447e+04 1.594162842074352966e+02 1.212507593930348122e+02 1.139667114878952248e+02 6.654145638083258518e+01
1.776102853066863099e+04 1.597468862165823680e+02 1.202736092131992933e+02 1.149622761786054781e+02 6.662621989971928826e+01
1.776145228893221429e+04 1.600591538215102219e+02 1.194631870578801909e+02 1.159388735914124453e+02 6.682637731903012934e+01
1.776185793043245940e+04 1.602296499529352900e+02 1.187381899222576465e+02 1.168905144800736196e+02 6.712530865863935503e+01
1.776232181653286534e+04 1.603081394308723304e+02 1.177630511659965293e+02 1.178785375086796989e+02 6.725401250363178463e+01
1.776273527648019444e+04 1.604652637778581266e+02 1.167583617630304076e+02 1.188782820330030319e+02 6.724097675946308073e+01
1.776311542490491047e+04 1.606685410043994295e+02 1.158972776316800406e+02 1.198773148423366308e+02 6.727590952900649768e+01
1.776352823767409791e+04 1.609914068106705258e+02 1.150352836974480226e+02 1.208746596285818811e+02 6.734353721194830200e+01
1.776392403419047696e+04 1.614714394264825899e+02 1.142780878106099323e+02 1.218644394018414943e+02 6.742696712942083082e+01
1.776435053850527765e+04 1.620473746749406132e+02 1.135653865146537811e+02 1.227977076978927187e+02 6.776959085534198834e+01
1.776480184018985165e+04 1.627745156823413311e+02 1.129403751628732095e+02 1.236383941692416357e+02 6.830904277538110136e+01
1.776525060695986394e+04 1.636241470431269533e+02 1.124417422188647180e+02 1.244020001283892043e+02 6.895003562727434598e+01
1.776570796813668858e+04 1.645196120824745663e+02 1.119479963883112958e+02 1.250522382203355392e+02 6.970836944391521683e+01
1.776617778099317002e+04 1.655228917469096928e+02 1.116137520218829451e+02 1.256276796876430524e+02 7.052583489592385035e+01
1.776664230261772536e+04 1.664979471888635203e+02 1.112529267664147881e+02 1.261454836509709736e+02 7.138023075898050251e+01
1.776708214898938604e+04 1.673139015853720650e+02 1.107291324016073446e+02 1.266372932090121424e+02 7.224683922131373492e+01
1.776751783955122301e+04 1.680676214788513221e+02 1.100602408205787697e+02 1.272791285167496085e+02 7.301140774376374054e+01
1.776796091681903636e+04 1.688581542251730809e+02 1.092872107364026846e+02 1.280062208219684976e+02 7.369760350607985799e+01
1.776832353651881567e+04 1.695766890911077667e+02 1.086826931903848532e+02 1.287607323587490953e+02 7.435387561545462631e+01
1.776867698614284018e+04 1.702087477406385005e+02 1.080618975530661174e+02 1.295272935342539711e+02 7.499575322153037860e+01
1.776907093559087662e+04 1.707598917123708304e+02 1.072778697474923177e+02 1.303246404163352565e+02 7.559865074626266335e+01
1.776947325409528639e+04 1.711927931999868235e+02 1.064509550818004726e+02 1.311724085082682052e+02 7.612306994380813308e+01
1.776989634488127558e+04 1.715237064070153110e+02 1.055412720056849452e+02 1.320994790981732478e+02 7.649263396731676323e+01
1.777034943075977935e+04 1.718248310677555253e+02 1.045426007804167057e+02 1.330680668853202064e+02 7.673861133060411532e+01
1.777078289651713203e+04 1.720219363594626429e+02 1.036016054755034617e+02 1.340545275438240367e+02 7.689553802599814958e+01
1.777120565691916636e+04 1.721796444286627548e+02 1.026789407668190961e+02 1.350514150765999943e+02 7.697412900404731317e+01
1.777165173918507207e+04 1.724563459995884500e+02 1.016814330220195330e+02 1.360476878851442848e+02 7.706019913412424671e+01
1.777210423822174198e+04 1.726946430106868320e+02 1.006592638956641110e+02 1.370454657589872056e+02 7.712181409668043841e+01
1.777256753674122228e+04 1.727299928366094832e+02 9.963177504810333573e+01 1.380452578832429253e+02 7.712840286717350580e+01
1.777304435801992440e+04 1.725795793738963937e+02 9.864807078376934157e+01 1.390310717759458328e+02 7.702521633171912185e+01
1.777350422896376404e+04 1.723735927156326682e+02 9.767809230589143965e+01 1.399635837922933206e+02 7.666865498266179202e+01
1.777397017227291872e+04 1.721294023166863951e+02 9.671208556326689632e+01 1.408670135331649647e+02 7.624139018848939031e+01
1.777441703593276179e+04 1.718381416858530315e+02 9.584329590890475004e+01 1.417837394023046045e+02 7.584449295908974875e+01
1.777488392014552664e+04 1.715036510640396159e+02 9.486511530648148494e+01 1.426758311793894620e+02 7.539365349131153948e+01
1.777537078468349864e+04 1.711218748874292430e+02 9.379980255755538110e+01 1.435945241194637561e+02 7.499913128855268951e+01
1.777583962305529349e+04 1.706982407963060382e+02 9.283109540292264228e+01 1.445169998947094712e+02 7.461470655441567601e+01
1.777628572474524481e+04 1.702092008911183143e+02 9.198317614950138932e+01 1.454206730433181747e+02 7.418699641604243311e+01
1.777677551540035347e+04 1.696604981241123369e+02 9.110397920837195329e+01 1.462875250099307607e+02 7.371269292195074740e+01
1.777729147345117963e+04 1.689929595176249961e+02 9.025138411898316804e+01 1.470065298521750492e+02 7.301808032875844390e+01
1.777780032969677268e+04 1.683392452813790214e+02 8.947353811241066524e+01 1.477150383334178514e+02 7.231342387608552258e+01
1.777827620743753141e+04 1.677801961114234075e+02 8.876942924745300445e+01 1.484363690847737871e+02 7.162422725610119301e+01
1.777875014672462203e+04 1.671928199273804125e+02 8.804058785033949164e+01 1.490903461862654069e+02 7.086812997926493551e+01
1.777925773159829623e+04 1.664598099072915431e+02 8.719884475140402458e+01 1.497690783244891293e+02 7.013384341741085848e+01
1.777973101019581736e+04 1.657618283008125104e+02 8.637845898862892113e+01 1.504193915408641544e+02 6.937474397404362492e+01
1.778015084785349245e+04 1.653165650441322896e+02 8.560543091038790919e+01 1.510742073038888122e+02 6.862428494039063764e+01
1.778058723414639462e+04 1.649761516742987340e+02 8.475488927960275021e+01 1.518577671676811462e+02 6.800666620916182126e+01
1.778105126575317627e+04 1.648105317830272725e+02 8.383246180594409225e+01 1.527212659821625209e+02 6.750520992921360630e+01
1.778153011030584821e+04 1.648770666632228199e+02 8.288890726482782156e+01 1.536534156989248743e+02 6.718317198230604959e+01
1.778204119635598545e+04 1.650341649256764072e+02 8.189988398702593031e+01 1.546501829798672816e+02 6.715579454722771402e+01
1.778255228104133494e+04 1.652742491583696562e+02 8.088943356081081504e+01 1.556438385518358700e+02 6.726373649212061423e+01
1.778304903815441867e+04 1.655328329000924441e+02 7.985870246621843194e+01 1.566283865697033661e+02 6.743677127260394855e+01
1.778349631577529362e+04 1.657347315682794999e+02 7.890941938652449039e+01 1.576125552266990439e+02 6.758842220287287716e+01
1.778395268790693444e+04 1.659751801954457449e+02 7.794492301093374920e+01 1.586117304797966483e+02 6.762095943861130820e+01
1.778444175714139419e+04 1.662866827751325616e+02 7.697091648613321979e+01 1.596038791032972028e+02 6.773030445192323157e+01
1.778491968572682163e+04 1.665578518202613907e+02 7.616493651533046716e+01 1.605819215329383667e+02 6.793819414561963299e+01
1.778543226412582953e+04 1.667641618389310736e+02 7.541697025215009376e+01 1.615513970296931916e+02 6.818230427596638776e+01
1.778601075077606947e+04 1.669990849775672359e+02 7.446206823751376191e+01 1.625178834151413980e+02 6.843675557337566318e+01
1.778658659675960007e+04 1.672589592498100615e+02 7.332346952980182664e+01 1.635015845876585274e+02 6.860989385015506059e+01
1.778710827192290526e+04 1.674194317514931925e+02 7.224808907196334928e+01 1.644978482851817603e+02 6.868890939475389246e+01
1.778760376116717453e+04 1.674960757314306079e+02 7.130200871695801368e+01 1.654974416330274209e+02 6.869854919530496318e+01
1.778809891867039914e+04 1.675243372061269156e+02 7.040606453250977381e+01 1.664970645548410175e+02 6.867131594908151726e+01
1.778860252228231548e+04 1.674770375518824608e+02 6.948528804061642461e+01 1.674909926636761952e+02 6.859501903252844102e+01
1.778911934745102189e+04 1.673394172711375347e+02 6.857801832896512906e+01 1.684626603647398611e+02 6.836566690309547312e+01
1.778967393957566674e+04 1.671111215195448665e+02 6.787128083760792663e+01 1.694101842368781945e+02 6.804637227139231470e+01
1.779070302132331926e+04 1.669299370927280961e+02 6.728838795697970454e+01 1.703503297786477901e+02 6.770559909811508703e+01
1.779277045725945209e+04 1.670796024084148996e+02 6.686440080958610110e+01 1.712615111543695434e+02 6.772876616279765472e+01
1.780520891520350779e+04 1.673287193074872903e+02 6.661703410148925286e+01 1.714598523928276848e+02 6.824878853445136428e+01
1.780619990400219831e+04 1.672290894861733932e+02 6.667506025427553595e+01 1.704743194756342746e+02 6.816668428117755241e+01
1.780710289018538242e+04 1.667372638575996007e+02 6.687227411226142237e+01 1.695933668007723725e+02 6.771837362300561836e+01
