# ts_seconds,x,y,gt_x,gt_y
1.794500881953715725e+04 1.715214735143734970e+02 6.910457204383990870e+01 1.715214735143734970e+02 6.910457204383990870e+01
1.796396732209553738e+04 1.734576406838517073e+02 6.956602508711912947e+01 1.707623313180765763e+02 6.857401816259573479e+01
1.796716971214778823e+04 1.731159567724278077e+02 7.076045352987559056e+01 1.697784500706313509e+02 6.839643485689940405e+01
1.796784328980435021e+04 1.728881367521381662e+02 7.194807324056299080e+01 1.687916299142764558e+02 6.824470558729586855e+01
1.796839226211053028e+04 1.727301374669684151e+02 7.301892386607225660e+01 1.677973770605110815e+02 6.813924797655010934e+01
1.796891955502068231e+04 1.725704492256597007e+02 7.404891497552928570e+01 1.668026247548859260e+02 6.804229659628558124e+01
1.796945732007617335e+04 1.724269778713702692e+02 7.516357239322410067e+01 1.658042228076142521e+02 6.798598197178291969e+01
1.796996458967142462e+04 1.722111312174359057e+02 7.627248418619058157e+01 1.648050571313796411e+02 6.794774378280295934e+01
1.797039512196227224e+04 1.719479429342873971e+02 7.726200970738850060e+01 1.638052026648476271e+02 6.793825457656146227e+01
1.797079274589931447e+04 1.717331375793151835e+02 7.820319033901927241e+01 1.628057740753455960e+02 6.791939279024528275e+01
1.797120392694411566e+04 1.715546541743539990e+02 7.914818972760387794e+01 1.618064912309012300e+02 6.788715241114296362e+01
1.797161638868036243e+04 1.714231887129719496e+02 8.010168411418140977e+01 1.608065535838927360e+02 6.788705004179591640e+01
1.797203705839203030e+04 1.713248767847947533e+02 8.109023171466795077e+01 1.598067046746888593e+02 6.788395883604441394e+01
1.797247273819683687e+04 1.712291397947596465e+02 8.208861401523994061e+01 1.588069560333278503e+02 6.786154183530732098e+01
1.797288935752299221e+04 1.711525257649643947e+02 8.302718102626414520e+01 1.578075093927948274e+02 6.782979314881750099e+01
1.797329537601301126e+04 1.710504194439140804e+02 8.390314773693434347e+01 1.568086458872648734e+02 6.778240852067210653e+01
1.797374975811486001e+04 1.708713461872886228e+02 8.473875485558949094e+01 1.558094358046625132e+02 6.775638268681541376e+01
1.797428876003636469e+04 1.707306433994741326e+02 8.553206572074026326e+01 1.548098811961226033e+02 6.778006403064297558e+01
1.797491355154861594e+04 1.708388873115429476e+02 8.636691772389383459e+01 1.538194560813575436e+02 6.789388611591830625e+01
1.797554802594591820e+04 1.711942806899515119e+02 8.720603414225810468e+01 1.528827756249399670e+02 6.821610863564440308e+01
1.797617610594883445e+04 1.716579058078896765e+02 8.795741028103567771e+01 1.520167303176468749e+02 6.871380923896437309e+01
1.797689929867695537e+04 1.721825002855834157e+02 8.867156120826913934e+01 1.511870049860418703e+02 6.927158546526625571e+01
1.797774927957627006e+04 1.726921713474890510e+02 8.938013949864492247e+01 1.503818643667131880e+02 6.986427737753125200e+01
1.797863904156605713e+04 1.732012167149280515e+02 9.007163401743821396e+01 1.496291126633649355e+02 7.051979395966577613e+01
1.797946253931449610e+04 1.738630949125324321e+02 9.063505979548865810e+01 1.489529669238322356e+02 7.125487775282385883e+01
1.798020442667527459e+04 1.747290483515271262e+02 9.092209750221137199e+01 1.484348547724739547e+02 7.209854207684767857e+01
1.798088164178210718e+04 1.756799336081085414e+02 9.082548273904764358e+01 1.481621452959809915e+02 7.305196926072987651e+01
1.798151593444390892e+04 1.766885987220055085e+02 9.035270010934243601e+01 1.482334643074850078e+02 7.402612816271732754e+01
1.798208639700580898e+04 1.776648043048394356e+02 8.977679041313318464e+01 1.486493112898208722e+02 7.492548201024150956e+01
1.798260357589399428e+04 1.784841236848758683e+02 8.944992133133953871e+01 1.491405458404074693e+02 7.579581790554219367e+01
1.798319704240463034e+04 1.791505611937853644e+02 8.944637580903379614e+01 1.495485218536412901e+02 7.670716199239423361e+01
1.798401500482311167e+04 1.796119170996801699e+02 8.948850335122678246e+01 1.501311968524549627e+02 7.748507321490554034e+01
1.798498802254061593e+04 1.797876393045764871e+02 8.923975644120721995e+01 1.510444778627316396e+02 7.777509231720162575e+01
1.798665548102662433e+04 1.799025339082134849e+02 8.896576543719437780e+01 1.515825821354234222e+02 7.845195037082247325e+01
1.801732278210829463e+04 1.796543464092667080e+02 8.939189909076203833e+01 1.507788177194150308e+02 7.797890608163440618e+01
1.801811995664900678e+04 1.794285845036433216e+02 8.964924965593360184e+01 1.498003131582103435e+02 7.777543398347823711e+01
1.801896641651580285e+04 1.801478829340194920e+02 8.971413768661504662e+01 1.488528093119977882e+02 7.798499812092448735e+01
1.801962513261852655e+04 1.811210045916065212e+02 8.957541028286173912e+01 1.486424962797057390e+02 7.884050370298587040e+01
1.802017553814201528e+04 1.820109634256316156e+02 8.929333241457165116e+01 1.487356704802357683e+02 7.983513787905619097e+01
1.802071079347903651e+04 1.828849261854251722e+02 8.902080200022250267e+01 1.491186651080586216e+02 8.074912375213489213e+01
1.802127468385081011e+04 1.837350125588904177e+02 8.847507226327672925e+01 1.496411332705590382e+02 8.160071203891227754e+01
1.802185294403148146e+04 1.843347584206159979e+02 8.770193927386306143e+01 1.502360959054171303e+02 8.240383294017314597e+01
1.802245902532589753e+04 1.849917586548805275e+02 8.710275287476294181e+01 1.509904298109225351e+02 8.305290197954828102e+01
1.802303813304824507e+04 1.856341852195450599e+02 8.656587984631249810e+01 1.516542593929844998e+02 8.379600399798266608e+01
1.802360862298061329e+04 1.862453029247841414e+02 8.610213578981206695e+01 1.523492513109174809e+02 8.451401135446806734e+01
1.802427592509700480e+04 1.868668802798411548e+02 8.546713000880833988e+01 1.530188498459550885e+02 8.525630190783201101e+01
1.802496552487962617e+04 1.875531198271460198e+02 8.495589473796728441e+01 1.536302286679884617e+02 8.604705897247075086e+01
1.802559726624537143e+04 1.886825681068675635e+02 8.491935471205168540e+01 1.540447562583609624e+02 8.695146268090573471e+01
1.802608610177704395e+04 1.896685264392014290e+02 8.515831200827288683e+01 1.540008028071070783e+02 8.793139429032751764e+01
1.802652416848529174e+04 1.906342932929699714e+02 8.529736882433722656e+01 1.538588397794646880e+02 8.892125793533568867e+01
1.802698525213421453e+04 1.916747833328481931e+02 8.524191750593796257e+01 1.537547350864343514e+02 8.991565184787047826e+01
1.802739846860428952e+04 1.926100529518478197e+02 8.521843798872180287e+01 1.536781064928721037e+02 9.091267263363950235e+01
1.802778169466280815e+04 1.935243604937225825e+02 8.531443564747584674e+01 1.536115888694002081e+02 9.191045393867018731e+01
1.802817990411140272e+04 1.945094902878850576e+02 8.562796027916182595e+01 1.534816962902467594e+02 9.290152556603469236e+01
1.802854639040267648e+04 1.953901897553857339e+02 8.596932390528401413e+01 1.532155997005781956e+02 9.386373580517860660e+01
1.802892571222150218e+04 1.963125456835236662e+02 8.625438339608975014e+01 1.529589508894186167e+02 9.483009121274351116e+01
1.802929684833412830e+04 1.972587481510260545e+02 8.639738741695374813e+01 1.527593448263165499e+02 9.580968845785561427e+01
1.802963852717657937e+04 1.981415734076895774e+02 8.646866753950182272e+01 1.526007595272048150e+02 9.679693065614223713e+01
1.803001122999457584e+04 1.991684431066012166e+02 8.646194627451745873e+01 1.525655369317306054e+02 9.779485607349771215e+01
1.803033549691891676e+04 2.001111446424270355e+02 8.640825057276128973e+01 1.526266788014877136e+02 9.879244188681126104e+01
1.803065160817081050e+04 2.010519932795089346e+02 8.642533815512828710e+01 1.527788777747606730e+02 9.978016924027905077e+01
1.803094229181707487e+04 2.019071474794121173e+02 8.653417894959206080e+01 1.528538517686331772e+02 1.007764316390012880e+02
1.803124899592880683e+04 2.027751008972764737e+02 8.672620595174016955e+01 1.528650919706401226e+02 1.017761637041056417e+02
1.803154178623731787e+04 2.035834398447204308e+02 8.693761275129261890e+01 1.528463819696795838e+02 1.027759438457793948e+02
1.803185936240263254e+04 2.044662309852242856e+02 8.719025234706401761e+01 1.527784519162061088e+02 1.037734224095926834e+02
1.803219798525859733e+04 2.054025793206447190e+02 8.738511541723802623e+01 1.526882161676387568e+02 1.047693251886402237e+02
1.803251683233701988e+04 2.062780527658122196e+02 8.744039540423609935e+01 1.526388165515975004e+02 1.057679053297811578e+02
1.803287565720913335e+04 2.072600952457119377e+02 8.747959006811936433e+01 1.526725657885453131e+02 1.067667644456613374e+02
1.803318894979343895e+04 2.080611986447037793e+02 8.755991385155357420e+01 1.526903606146209995e+02 1.077665036810998913e+02
1.803353441154890970e+04 2.089445633986427140e+02 8.767701963462971548e+01 1.527168235486585104e+02 1.087661294602366837e+02
1.803385935577797864e+04 2.098226378357910278e+02 8.776440293170504958e+01 1.527766462246164281e+02 1.097642433069305383e+02
1.803418093291717378e+04 2.106803660775661626e+02 8.784561032939322445e+01 1.528186428584408247e+02 1.107633004920798925e+02
1.803449356968288339e+04 2.114767104170859398e+02 8.794791711636220555e+01 1.528451614442248854e+02 1.117629374093366863e+02
1.803479114518984352e+04 2.122482389046404023e+02 8.801458174234713283e+01 1.527925074112521315e+02 1.127609355921398873e+02
1.803509139472982861e+04 2.130442617307514581e+02 8.808295079631547253e+01 1.527781455324834496e+02 1.137605284061818622e+02
1.803538458623789847e+04 2.138163767888667621e+02 8.809919943150529775e+01 1.527756830874148193e+02 1.147605253234968927e+02
1.803570849912074482e+04 2.146566690757623803e+02 8.801983397447963853e+01 1.527563431829263152e+02 1.157603083647278055e+02
1.803600060201812448e+04 2.154041697979403409e+02 8.789876044095262841e+01 1.527337288220842311e+02 1.167600526214045118e+02
1.803629231422636076e+04 2.161758606618415399e+02 8.779332834954004738e+01 1.527568828324569949e+02 1.177595690588488395e+02
1.803659863961054361e+04 2.169878234698119854e+02 8.773271850281220452e+01 1.527595762336545988e+02 1.187594734592422299e+02
1.803693348748951030e+04 2.178682829809264661e+02 8.765214581416040573e+01 1.527715197719279558e+02 1.197593777009772964e+02
1.803725187877072312e+04 2.186752605029286940e+02 8.749726675798579834e+01 1.528048650888501356e+02 1.207587873351457688e+02
1.803760315376990548e+04 2.195958314845450161e+02 8.739576759047631072e+01 1.529124774080629265e+02 1.217524643337358441e+02
1.803793454068764549e+04 2.204790462035461189e+02 8.748444980875983390e+01 1.529987040162512812e+02 1.227486064889645121e+02
1.803828206510233576e+04 2.214092330688449124e+02 8.761323954209457554e+01 1.530134649749471691e+02 1.237480766976047164e+02
1.803863628743670779e+04 2.223408670328138612e+02 8.765162273727528941e+01 1.529667139137601737e+02 1.247467438207282555e+02
1.803899643918476067e+04 2.232181848454554824e+02 8.762737310975903426e+01 1.528889143337798089e+02 1.257436667629954741e+02
1.803940684775318005e+04 2.241780911701473826e+02 8.753377190871121627e+01 1.527734770335235339e+02 1.267368665488603625e+02
1.803982246932453199e+04 2.251662694585181157e+02 8.748313285032809006e+01 1.526700894289346024e+02 1.277314709818871137e+02
1.804024934021497393e+04 2.261666123479550663e+02 8.751801577669944265e+01 1.524900268466362547e+02 1.287144455814138553e+02
1.804070261350518194e+04 2.272102142269395983e+02 8.761518678596505083e+01 1.523107799901363535e+02 1.296982187047551065e+02
1.804116301423985715e+04 2.281143730158522089e+02 8.775309880412177677e+01 1.521729864089209627e+02 1.306885293094370866e+02
1.804169913310311313e+04 2.287449693664856056e+02 8.790716507151125825e+01 1.519843772296174507e+02 1.316702220678693322e+02
1.804306215515650183e+04 2.279921690128167313e+02 8.801212854134691099e+01 1.516975952482450225e+02 1.321730013877541410e+02
1.804393813700212922e+04 2.266350799351918397e+02 8.789252588973620561e+01 1.513199579684535934e+02 1.312567747522171260e+02
1.804443327536583820e+04 2.256199568297416818e+02 8.774154914568141805e+01 1.512398632503133911e+02 1.302728435982519102e+02
1.804483452254225631e+04 2.247610869928703607e+02 8.770193288276566079e+01 1.513819807937792632e+02 1.292830130755247637e+02
1.804522305408760440e+04 2.239533421857247504e+02 8.775517280991827818e+01 1.515198401778997095e+02 1.282927066527111322e+02
1.804559216381099395e+04 2.231717943947506626e+02 8.777052214020592658e+01 1.515911289707078140e+02 1.272970104487563674e+02
1.804597672145999968e+04 2.223553908399889849e+02 8.762570591721735980e+01 1.516272762141397266e+02 1.262994545118480119e+02
1.804634250069520931e+04 2.216363188659954631e+02 8.737512273645489813e+01 1.517612724213084050e+02 1.253087606569785635e+02
1.804671137900407484e+04 2.208841415183874801e+02 8.719750679056434706e+01 1.518833121461628934e+02 1.243179642788449542e+02
1.804708540597292085e+04 2.200625148777469349e+02 8.713063971496826809e+01 1.519305258263368614e+02 1.233190874969802167e+02
1.804744075239000085e+04 2.192768538392220989e+02 8.707350365132711545e+01 1.520109802423697261e+02 1.223230287435944064e+02
1.804779538029280593e+04 2.184618763561977914e+02 8.697003364434405626e+01 1.521152413908420442e+02 1.213290734950298031e+02
1.804812395567091517e+04 2.176663958417600782e+02 8.685362481677267965e+01 1.521719263460964839e+02 1.203306849811064012e+02
1.804846562635995724e+04 2.168344000708836745e+02 8.673046025373074031e+01 1.522478298744444487e+02 1.193340327856145819e+02
1.804880317230004221e+04 2.160616780896101261e+02 8.658277829930172231e+01 1.523727831556420256e+02 1.183419403915248580e+02
1.804916892416035626e+04 2.152144930336487505e+02 8.637983660785531015e+01 1.524697175645851530e+02 1.173483440137840716e+02
1.804952135173214992e+04 2.143828924697593266e+02 8.613423070264471448e+01 1.524993866023634723e+02 1.163488649196055036e+02
1.804988911580390049e+04 2.135333556760462557e+02 8.593305443946729838e+01 1.525401308617105087e+02 1.153497242209709555e+02
1.805027045526402799e+04 2.126490477905588534e+02 8.583460840151030879e+01 1.525342936309422157e+02 1.143509115245114884e+02
1.805063806323576500e+04 2.117591354191858386e+02 8.575398481463690814e+01 1.524661860772934858e+02 1.133532362191412517e+02
1.805101767728694540e+04 2.108372653515141053e+02 8.566866023573865618e+01 1.524225426103664063e+02 1.123545905871352062e+02
1.805136836559017320e+04 2.100471881311118239e+02 8.566846173793669550e+01 1.524113423934667253e+02 1.113546748428923365e+02
1.805171851891829647e+04 2.092512281716763312e+02 8.573744882286617042e+01 1.523674454690039965e+02 1.103561445453179459e+02
1.805207987859312198e+04 2.083995174096905600e+02 8.571613713176807892e+01 1.522913507116804794e+02 1.093591271421635724e+02
1.805244925129266267e+04 2.075098614745257066e+02 8.563798545836283438e+01 1.522626314342943488e+02 1.083603464706554860e+02
1.805283650716414559e+04 2.065448384392230139e+02 8.567078492801793743e+01 1.522570948919406248e+02 1.073611351020279301e+02
1.805320575427926087e+04 2.055909311145430820e+02 8.580502134975043305e+01 1.521953650252892203e+02 1.063630587029135341e+02
1.805358300694551508e+04 2.045886074084110362e+02 8.582555117053107097e+01 1.521468678478587151e+02 1.053646110459336711e+02
1.805396431571997164e+04 2.035919982225094031e+02 8.566401968759994645e+01 1.521359306945320782e+02 1.043646728276907112e+02
1.805434151040132201e+04 2.026303319706495074e+02 8.555160529391510238e+01 1.521328950689076862e+02 1.033647016822862952e+02
1.805476955301581256e+04 2.016034344866721710e+02 8.572279328184744429e+01 1.521704132624593910e+02 1.023662626293735372e+02
1.805517791484702684e+04 2.006842080157587986e+02 8.594422116766709507e+01 1.522405894432909008e+02 1.013691403335082271e+02
1.805556851420124440e+04 1.997438077803644774e+02 8.593724886581350120e+01 1.522278132700296283e+02 1.003709989568273215e+02
1.805596280039509293e+04 1.987770973519079689e+02 8.588519969081909267e+01 1.521884020163350044e+02 9.937408453439803679e+01
1.805634514539656811e+04 1.979152821165875764e+02 8.583045251690097643e+01 1.522241409323589778e+02 9.837489132013764959e+01
1.805677588771476439e+04 1.969635861385226292e+02 8.574878215496218559e+01 1.522125238768039708e+02 9.737542741518271328e+01
1.805725098182223883e+04 1.959264649552368951e+02 8.551400789538584490e+01 1.522263333341184648e+02 9.637921644073023231e+01
1.805770131040567503e+04 1.950385773224968489e+02 8.517737890330491268e+01 1.523472886420979933e+02 9.538658232662889702e+01
1.805817724557050678e+04 1.941733811207146800e+02 8.474774358170432720e+01 1.524631233526096423e+02 9.439332639929565971e+01
1.805865634332951959e+04 1.932860575458303174e+02 8.440220616674794485e+01 1.525556731809063535e+02 9.339838272938554553e+01
1.805908831498181826e+04 1.924386666397210490e+02 8.428072464726282931e+01 1.525955260619029445e+02 9.239918033780536177e+01
1.805952541757817380e+04 1.915514690026172957e+02 8.417391784902363838e+01 1.526107792237187937e+02 9.139968425555295539e+01
1.806002748988046005e+04 1.906000176800821748e+02 8.415917868262499724e+01 1.525656285164197072e+02 9.040119939972109364e+01
1.806054299771401929e+04 1.896761129996752402e+02 8.408631154836572819e+01 1.524433946685695958e+02 8.940983673867721393e+01
1.806106379101260609e+04 1.887994403386141471e+02 8.366498207680638188e+01 1.523882577855395937e+02 8.842552113734343777e+01
1.806162677719864587e+04 1.880802545525979212e+02 8.284399415204808292e+01 1.527494474066812415e+02 8.753773682290336922e+01
1.806217854477553556e+04 1.876524877305750181e+02 8.178525858049863473e+01 1.535245235769103829e+02 8.693466182569422074e+01
1.806265066861554078e+04 1.875422244677800165e+02 8.075170243586268271e+01 1.544671039540481274e+02 8.662713122035728475e+01
1.806306802669199169e+04 1.875746607389498308e+02 7.984390853761186690e+01 1.554602847800859706e+02 8.653713675203324840e+01
1.806350256557301327e+04 1.875843908927645316e+02 7.888693480384249312e+01 1.564601877401384797e+02 8.653129929869152193e+01
1.806390975653355054e+04 1.875181459449902377e+02 7.800409622540986732e+01 1.574599473385551107e+02 8.652610026367868556e+01
1.806433817320390881e+04 1.874130877889469105e+02 7.709500086223090420e+01 1.584588157373520119e+02 8.651224781051502077e+01
1.806482118303288007e+04 1.872669920561388892e+02 7.607641708550022486e+01 1.594533775278302130e+02 8.641385205251255286e+01
1.806530922511608151e+04 1.870362008462644496e+02 7.511680274272103475e+01 1.604414650642538049e+02 8.626068754709058339e+01
1.806581155784117800e+04 1.867157681513794785e+02 7.419887693706716902e+01 1.614237369493726533e+02 8.607417751876666046e+01
1.806632830263758296e+04 1.864141244000583697e+02 7.320788227551253158e+01 1.623875533001510973e+02 8.581545848153173495e+01
1.806685893373960789e+04 1.862863794818356382e+02 7.210124365952098913e+01 1.633460698357965271e+02 8.554340542266407965e+01
1.806733617583812884e+04 1.863672656025219965e+02 7.107213319380535665e+01 1.643366517709470713e+02 8.541719414861158555e+01
1.806779470885376577e+04 1.863985554750913707e+02 7.008395421553680649e+01 1.653351209663252632e+02 8.536218240744706520e+01
1.806827370517851887e+04 1.863616008453686277e+02 6.902496976551580588e+01 1.663341278331846240e+02 8.531783625089472878e+01
1.806872291739376669e+04 1.863835899078367788e+02 6.796393581009505169e+01 1.673327311060031946e+02 8.526715459584885082e+01
1.806914552112043020e+04 1.864418572444448614e+02 6.694354765944693497e+01 1.683312255872874346e+02 8.522069403947060096e+01
1.806959002573968974e+04 1.865087865407305685e+02 6.592570682509732194e+01 1.693286629326284185e+02 8.525894812114184163e+01
1.807004604171881874e+04 1.865334627301714647e+02 6.494615352078827186e+01 1.703246345282154550e+02 8.532622316310572330e+01
1.807049719287650078e+04 1.865144994921397767e+02 6.400265391374006185e+01 1.713239554775986733e+02 8.534450320669935763e+01
1.807096334082807516e+04 1.864442712667049591e+02 6.320337093905859405e+01 1.723228978438254728e+02 8.538311958540718649e+01
1.807145860586224080e+04 1.864962671695470249e+02 6.248705693695664110e+01 1.733210695813662596e+02 8.535008299175954960e+01
1.807194144125035382e+04 1.867415848164989711e+02 6.171040934413142054e+01 1.743177120173442347e+02 8.527127119288383028e+01
1.807239795149218844e+04 1.867681465438592170e+02 6.082478047257072973e+01 1.753167895915710517e+02 8.525002015752275497e+01
1.807284239124131636e+04 1.865082784883454110e+02 5.980757939797177869e+01 1.763090081569581287e+02 8.518863476028643333e+01
1.807326896236080211e+04 1.862755994979946195e+02 5.882592973421756000e+01 1.772897913278215185e+02 8.499353451868479681e+01
1.807365535601409283e+04 1.861399754088857890e+02 5.799359318978735445e+01 1.782732171310448734e+02 8.481308963752169916e+01
1.807404812838002181e+04 1.860462580046286121e+02 5.716273587233746412e+01 1.792570121561662688e+02 8.463538818756141779e+01
1.807446747383233014e+04 1.860773420238692211e+02 5.634062185229208808e+01 1.802429482073160614e+02 8.448249447059805561e+01
1.807492992662301549e+04 1.862619038867281347e+02 5.552050576360077372e+01 1.812378268608793235e+02 8.449397716544024206e+01
1.807545319818666758e+04 1.864633337210199784e+02 5.459627432077852660e+01 1.822266988377990060e+02 8.464187450081325892e+01
1.807595902193246729e+04 1.865686267878415379e+02 5.368864901005752444e+01 1.832048669418601037e+02 8.484484249636213349e+01
1.807645201681918479e+04 1.866027494562326012e+02 5.281604985849436673e+01 1.841814009350621859e+02 8.505069572814275602e+01
1.807695560045409729e+04 1.867560252965109839e+02 5.194515289918474110e+01 1.851763094996362611e+02 8.512269897465529311e+01
1.807745161067346271e+04 1.869797022462933285e+02 5.110970239326971409e+01 1.861715541723757212e+02 8.517595679187235191e+01
1.807798493661132306e+04 1.870484654088251659e+02 5.041477038194926763e+01 1.871633505861473452e+02 8.529872734711076987e+01
1.808005550223550017e+04 1.870427834719189093e+02 4.998142151966860069e+01 1.881362351606883578e+02 8.530433990206279304e+01
1.808199165213521337e+04 1.870627525614995932e+02 4.990742812584164056e+01 1.871553433932177484e+02 8.549844153197054197e+01
1.808304632942340322e+04 1.871436670439915417e+02 5.066293380228339061e+01 1.861579943708615588e+02 8.557118486763911847e+01
1.808392652213012116e+04 1.870506059111637001e+02 5.189262903116831183e+01 1.851615536639690447e+02 8.565531839836111772e+01
1.808469239069720788e+04 1.867546405290259770e+02 5.273873848268258513e+01 1.841648699568741279e+02 8.569258792315832807e+01
1.808548854590224073e+04 1.864520605763233903e+02 5.348289078430810406e+01 1.831849370548194145e+02 8.549429957291937399e+01
1.808628481974357055e+04 1.861949775663061928e+02 5.441696117798163357e+01 1.821942596474749791e+02 8.535861676091968775e+01
1.808705840420956520e+04 1.860870639751863109e+02 5.535340211393162946e+01 1.812085292494064390e+02 8.519451533060886561e+01
1.808784906788239095e+04 1.861229380106023541e+02 5.638890320247831767e+01 1.802094452867225982e+02 8.516207045968447176e+01
1.808856594570868401e+04 1.860346525196472385e+02 5.718825734207477751e+01 1.792107065617548756e+02 8.519929772045622940e+01
1.808936959830500928e+04 1.857711390943712502e+02 5.769235843958970378e+01 1.782127438406711804e+02 8.515881129595105392e+01
1.809019077728379852e+04 1.855290601688851098e+02 5.841300139791091084e+01 1.772170829481327132e+02 8.524871559967527901e+01
1.809086524707179706e+04 1.853725592834667282e+02 5.923770969050961810e+01 1.762178903539053181e+02 8.528213070397606543e+01
1.809141751959903922e+04 1.853896681326561975e+02 6.005843584208864883e+01 1.752259195340367626e+02 8.539549924578926721e+01
1.809192720472612200e+04 1.855173166162122413e+02 6.095277559552413038e+01 1.742545195158238016e+02 8.562998454409671467e+01
1.809246449940316234e+04 1.856126087379538774e+02 6.196159111095880689e+01 1.732636258897165931e+02 8.576024390867971192e+01
1.809297183210949515e+04 1.857521275842965451e+02 6.290908902049264384e+01 1.722647971972862990e+02 8.580862679865798270e+01
1.809345203379867962e+04 1.859137194378825484e+02 6.377105434565280717e+01 1.712663131517721524e+02 8.586168542167764883e+01
1.809398542229183295e+04 1.860000452592493900e+02 6.478562208839942116e+01 1.702715857771319747e+02 8.596078394918674803e+01
1.809455388801144363e+04 1.859784543402242036e+02 6.591608151060574983e+01 1.692833407142583724e+02 8.611100621464608196e+01
1.809510745578461137e+04 1.858948527726892905e+02 6.698778490044583123e+01 1.682863552091274357e+02 8.617569614651176835e+01
1.809560393517426928e+04 1.858330585181093397e+02 6.793393234712513618e+01 1.672870535507444743e+02 8.613838794705236523e+01
1.809612744267386006e+04 1.857947306633872415e+02 6.890838115197919933e+01 1.662881003697636686e+02 8.609319643981511661e+01
1.809667307010375589e+04 1.859641504855423193e+02 6.970907255855019002e+01 1.652900653576474497e+02 8.605113589044407263e+01
1.809719861301697165e+04 1.860395477716913035e+02 7.046176507612376838e+01 1.642929610486627894e+02 8.612534443366824632e+01
1.809771621429391598e+04 1.860114918325281224e+02 7.132849647634265011e+01 1.632986824231648484e+02 8.623114418779670132e+01
1.809824336606922225e+04 1.859984778770939045e+02 7.230206954404333430e+01 1.623029535297762038e+02 8.631751174045948005e+01
1.809876889944905270e+04 1.860344749296005773e+02 7.336271437825453745e+01 1.613154705803262630e+02 8.647508271261726520e+01
1.809925590931326587e+04 1.860658036330915195e+02 7.439219509519196549e+01 1.603246622156066223e+02 8.660918995757886307e+01
1.809972776385383622e+04 1.860995286390125329e+02 7.539937805581664065e+01 1.593292884586437879e+02 8.670519687616177862e+01
1.810021615876826036e+04 1.861309244542694614e+02 7.644214922932492584e+01 1.583339435377718019e+02 8.679792013391588057e+01
1.810069842421792055e+04 1.860320544558095435e+02 7.743833222572652630e+01 1.573344131424408943e+02 8.682553409845638726e+01
1.810117456595420299e+04 1.857707981425791388e+02 7.840397566114184258e+01 1.563375798655973767e+02 8.679147814642291792e+01
1.810169216441028766e+04 1.852837768303757855e+02 7.938282978677217727e+01 1.553707957762691478e+02 8.655480407046565006e+01
1.810222110177609648e+04 1.846901163135287334e+02 8.028593470158232037e+01 1.544742007422741779e+02 8.611226082660934367e+01
1.810270832354612139e+04 1.840802253150604884e+02 8.109264432131850242e+01 1.536089442311298399e+02 8.561456999324821027e+01
1.810316270502678162e+04 1.834852820510119500e+02 8.184343528005284440e+01 1.528224086342626435e+02 8.499777461045118798e+01
1.810363585124581004e+04 1.828915442026784604e+02 8.264255651416502246e+01 1.520659279834130757e+02 8.434461054536544111e+01
1.810411598216315906e+04 1.822883543304088221e+02 8.346998324707283246e+01 1.512662947468567154e+02 8.374412766373575323e+01
1.810456965458989362e+04 1.816640183338538463e+02 8.417749508414904369e+01 1.504783622865468544e+02 8.312897818897609170e+01
1.810501463599640920e+04 1.809849041933850629e+02 8.470203674352775636e+01 1.497383719674640474e+02 8.245732494309801552e+01
1.810548133940804109e+04 1.801870550514175306e+02 8.499859413660810503e+01 1.490792755880148661e+02 8.170919412971063878e+01
1.810595235557967681e+04 1.793520292421243880e+02 8.513446219385173208e+01 1.485710053457709421e+02 8.085011680001402112e+01
1.810646340488699570e+04 1.784168695929116666e+02 8.528218544450257355e+01 1.481908127484454383e+02 7.992625860883045164e+01
1.810701278328770786e+04 1.773795798787500644e+02 8.534573550707801814e+01 1.479319231235709822e+02 7.896355341685386975e+01
1.810755302520181431e+04 1.764040404768284418e+02 8.531423418738854991e+01 1.478342684286583051e+02 7.796843931556870189e+01
1.810805321781232124e+04 1.755138935932948243e+02 8.527691914527574113e+01 1.477720464320628651e+02 7.697047096277816536e+01
1.810856773085963505e+04 1.745712432307994959e+02 8.520216673812055319e+01 1.477620396742195794e+02 7.597175892411745224e+01
1.810908779666563350e+04 1.736280473779812326e+02 8.505173550761220724e+01 1.478520565764677315e+02 7.497583084291825628e+01
1.810958482293113047e+04 1.728145154374653032e+02 8.481390590597212054e+01 1.479713277905756286e+02 7.398372750822265687e+01
1.811011724000110189e+04 1.720140960133980172e+02 8.451833641563530364e+01 1.481804243830179360e+02 7.300629281073310040e+01
1.811075082118581849e+04 1.711550162353298674e+02 8.409891388445167593e+01 1.484652950798480333e+02 7.204853229720148988e+01
1.811144783365416515e+04 1.703246182326317353e+02 8.348095084275955458e+01 1.488808937917434605e+02 7.114836579352630963e+01
1.811206487107118301e+04 1.694829139439769676e+02 8.293488994847669460e+01 1.494915160683564181e+02 7.035802701005825099e+01
1.811257562230097028e+04 1.686284399920509429e+02 8.253741229570380256e+01 1.499917731938001850e+02 6.949515586253824040e+01
1.811306894384049519e+04 1.677478903414324236e+02 8.218531019988007813e+01 1.503709164303163845e+02 6.856988737200715889e+01
1.811355949947738191e+04 1.668952597038613987e+02 8.181610255700958589e+01 1.507064958392961671e+02 6.762902682233760743e+01
1.811402726719919883e+04 1.660753931244872490e+02 8.150389570482336410e+01 1.509705311762145357e+02 6.666462688641965428e+01
1.811451997749775910e+04 1.652418433704825702e+02 8.127698415661966180e+01 1.512581848843942680e+02 6.570689787398906390e+01
1.811507531067596210e+04 1.644458428299700188e+02 8.113562411733506963e+01 1.515032055765897212e+02 6.473973189558606123e+01
1.811567378417395958e+04 1.638237092602807934e+02 8.096467806605051010e+01 1.516520707831033121e+02 6.375161691244984041e+01
1.811621539885656603e+04 1.632247366262590731e+02 8.079629093094273173e+01 1.518518378949756311e+02 6.277216895692983201e+01
1.811672942075270475e+04 1.623761542885019367e+02 8.073588318409689180e+01 1.519618320912311731e+02 6.178093099632667418e+01
1.811722231194024425e+04 1.614965043244087610e+02 8.064291081175441889e+01 1.519442107919272473e+02 6.078108678250380592e+01
1.811770888272821685e+04 1.606598586026079545e+02 8.044620716182102171e+01 1.519851227618014491e+02 5.978741909978315761e+01
1.811824047768558376e+04 1.597829310098113069e+02 8.029887976425331431e+01 1.521813533407118086e+02 5.880776006395245048e+01
1.811877171133736192e+04 1.589654329714679477e+02 8.024704624074928461e+01 1.522688406295862649e+02 5.781372362469156201e+01
1.811929861715707011e+04 1.582372697653152329e+02 8.027494909989827931e+01 1.522245059557811260e+02 5.681544693300142512e+01
1.812016855668841890e+04 1.576984082929720046e+02 8.041827174104648179e+01 1.520372989459528696e+02 5.584260010074135039e+01
1.812158848000198122e+04 1.582105806972830919e+02 8.027476389848249028e+01 1.520541547411804117e+02 5.557159544434883003e+01
1.812240156978931554e+04 1.594833151271083409e+02 8.006705616714411633e+01 1.524325479097779805e+02 5.642015905276131349e+01
1.812298029818805662e+04 1.604621352783968291e+02 8.019743707174288261e+01 1.524119568781887892e+02 5.741994667453977996e+01
1.812352691015562959e+04 1.614004376272130514e+02 8.033334610304660828e+01 1.524414925653897797e+02 5.841778114869579497e+01
1.812401932121181017e+04 1.623050061961255039e+02 8.035582400302652673e+01 1.525283562301125073e+02 5.941393241310643702e+01
1.812450296883171541e+04 1.632602425750091300e+02 8.039180483612740602e+01 1.526110543056508675e+02 6.041044995370361192e+01
1.812500571252407099e+04 1.642815526583631538e+02 8.044922426829373308e+01 1.526964227871423532e+02 6.140673863228309415e+01
1.812549608219823858e+04 1.652108130700381992e+02 8.036171723967808589e+01 1.527430241387943397e+02 6.240519984058929026e+01
1.812602868039698296e+04 1.661389195006457840e+02 8.006867784496499496e+01 1.528341933727330400e+02 6.339687724568416627e+01
1.812662756344227455e+04 1.672100846531308775e+02 7.969159121465293083e+01 1.531385990171260687e+02 6.434039368172868478e+01
1.812719856083209015e+04 1.682284051836278707e+02 7.927234326773999840e+01 1.535578352281681305e+02 6.524774882046482105e+01
1.812768335387177285e+04 1.689520741864168372e+02 7.867811176190980404e+01 1.540342997287942808e+02 6.611952023776375142e+01
1.812813469162668480e+04 1.695220066874898919e+02 7.789480058927752282e+01 1.547126865898675590e+02 6.684085232496214246e+01
1.812858577337753377e+04 1.700753255238644215e+02 7.702164950530649890e+01 1.555398416792521346e+02 6.739770678893016509e+01
1.812901772689736390e+04 1.704657767085118110e+02 7.610778970917534991e+01 1.564420885781242134e+02 6.782216134510967720e+01
1.812941179724913309e+04 1.706619057956499432e+02 7.519525513112435533e+01 1.573984590839058342e+02 6.810438108242198041e+01
1.812981731788443358e+04 1.708372682618809790e+02 7.418259513612780154e+01 1.583838752039578708e+02 6.826927975515371827e+01
1.813022679653779051e+04 1.709314355908804828e+02 7.311797263065756169e+01 1.593798136503901333e+02 6.834636940788260517e+01
1.813060663788487727e+04 1.709479167666686976e+02 7.213989325344195436e+01 1.603796224119305407e+02 6.836149373226153614e+01
1.813099118228237421e+04 1.710269139815966355e+02 7.114510561788245013e+01 1.613790153583696565e+02 6.838590710086428714e+01
1.813137093177852148e+04 1.711523444637681166e+02 7.017058316284995101e+01 1.623777641789002075e+02 6.843588820983332255e+01
1.813174799651789726e+04 1.712788410504785190e+02 6.922430642643887211e+01 1.633729463389163925e+02 6.852380424882805698e+01
1.813215363332914785e+04 1.713796887385676087e+02 6.821272742056878258e+01 1.643604820688990458e+02 6.867952699207620526e+01
1.813255727911099530e+04 1.713389982533904572e+02 6.723116122926903415e+01 1.653499148792518270e+02 6.881656107850241710e+01
1.813296043604312581e+04 1.712021900249531257e+02 6.622910782745405811e+01 1.663477730883037395e+02 6.885172667266346025e+01
1.813335828471648347e+04 1.710645419585397917e+02 6.512095078483545763e+01 1.673453820330296367e+02 6.879322816649703043e+01
1.813370264504140869e+04 1.709516793698390416e+02 6.405408561304732018e+01 1.683382452199163311e+02 6.867581251173085377e+01
1.813400802116277919e+04 1.708339227498837261e+02 6.307651074297481131e+01 1.693280829141839661e+02 6.853363358315830567e+01
1.813429424467955323e+04 1.706528112121121126e+02 6.215900607866679195e+01 1.703205285253305306e+02 6.841409208071796400e+01
1.813457399505604553e+04 1.704663912241607022e+02 6.124745732689686406e+01 1.713156675622291516e+02 6.831601031796670043e+01
1.813485000637449411e+04 1.703523019453382972e+02 6.033649478986944814e+01 1.723109907700560655e+02 6.822026912194533566e+01
1.813512507809206727e+04 1.702809137422566721e+02 5.945411214323768689e+01 1.733087667387825661e+02 6.815660578831584360e+01
1.813541201780593110e+04 1.701606416945749629e+02 5.858270647925456842e+01 1.743082839440121461e+02 6.813399108615952571e+01
1.813571671460390644e+04 1.700025055626311996e+02 5.768522072420415014e+01 1.753043360613742436e+02 6.807370759435987395e+01
1.813604108380267280e+04 1.698766298340132153e+02 5.672585057783764739e+01 1.762977573214273832e+02 6.796066439629723277e+01
1.813637307231766317e+04 1.697890370434382419e+02 5.574947540445354832e+01 1.772950081905287050e+02 6.789123033248155537e+01
1.813671630545717926e+04 1.697068665094666073e+02 5.475111455737194888e+01 1.782940316780579622e+02 6.784711950381351642e+01
1.813705011524166912e+04 1.695245034602728538e+02 5.380894324172014365e+01 1.792880761807436727e+02 6.775158411694275173e+01
1.813738031836239315e+04 1.690994152583211871e+02 5.296470898006771932e+01 1.802573270381064674e+02 6.752118465012790693e+01
1.813770648903178517e+04 1.684106296521621005e+02 5.230061131407182984e+01 1.811817239237689421e+02 6.714526550210081268e+01
1.813804432462784825e+04 1.676036821213116070e+02 5.172363804407859078e+01 1.820103971839781423e+02 6.660109317385635563e+01
1.813838528506136208e+04 1.669129203153577521e+02 5.106093949142608324e+01 1.827490669334526388e+02 6.592739509365483741e+01
1.813871889391837976e+04 1.663086033413537734e+02 5.035439409178639636e+01 1.834620804124612050e+02 6.522640141421898363e+01
1.813907362672578529e+04 1.655604659037698809e+02 4.969683513063904456e+01 1.841325365585452118e+02 6.448578564919503719e+01
1.813942437468447315e+04 1.647366349154034140e+02 4.916317839434092463e+01 1.847079439259578919e+02 6.367152605666586140e+01
1.813976987093725984e+04 1.638711797616869603e+02 4.869805728482909046e+01 1.851819286503796889e+02 6.279203357908100003e+01
1.814011968904721289e+04 1.629551505940181357e+02 4.825942734903595266e+01 1.855660366875965792e+02 6.187049707053164127e+01
1.814045763256750433e+04 1.620627382674119872e+02 4.790072613188453232e+01 1.858407597094644927e+02 6.091078453183588692e+01
1.814080696212253315e+04 1.611370740111083819e+02 4.758586702703561144e+01 1.860435806635211122e+02 5.993167326464553923e+01
1.814115980861740900e+04 1.601856014238346404e+02 4.732462758173679163e+01 1.862171009350911106e+02 5.894696566402364368e+01
1.814150679668865632e+04 1.592426715356328941e+02 4.715702109471334325e+01 1.863180541014905600e+02 5.795379410396881781e+01
1.814185664802629253e+04 1.582952662986964754e+02 4.703111218196979593e+01 1.863287724579635949e+02 5.695434336096015926e+01
1.814219557033087403e+04 1.573597588835450836e+02 4.691760911738905548e+01 1.863099291371631523e+02 5.595452408315363613e+01
1.814253665059509513e+04 1.563931604702236200e+02 4.683567276578813932e+01 1.862615269370348585e+02 5.495623566675996585e+01
1.814287918675902984e+04 1.554215293339139521e+02 4.676932951787106418e+01 1.861557517781887725e+02 5.396214795019477606e+01
1.814322296339100285e+04 1.544372982239617613e+02 4.666879504182621474e+01 1.860386192577909412e+02 5.296912823243749813e+01
1.814358197840128196e+04 1.534092253870815625e+02 4.653588027176069630e+01 1.859516651237227904e+02 5.197305285875965097e+01
1.814393852958813659e+04 1.524129857717754533e+02 4.640186207465804102e+01 1.858692215825378184e+02 5.097653561501076069e+01
1.814429475114228990e+04 1.514263498529684284e+02 4.624356609888772596e+01 1.858006926365448237e+02 4.997925530641518321e+01
1.814465404434261291e+04 1.504419578946547347e+02 4.603884840248957744e+01 1.857835254910027629e+02 4.897969613103281006e+01
1.814500189905067600e+04 1.495054405639295965e+02 4.582421462314783867e+01 1.857895012893895910e+02 4.797971510415626284e+01
1.814535273214357585e+04 1.485535372650244312e+02 4.565003181360498985e+01 1.858036737970920171e+02 4.697986430737799424e+01
1.814570139532557369e+04 1.475925952453910668e+02 4.553127492494882489e+01 1.858358764705677686e+02 4.598041597676510150e+01
1.814603618440967330e+04 1.466685064827276221e+02 4.542783110623051357e+01 1.858456165233334616e+02 4.498094937909554858e+01
1.814637446405364608e+04 1.457435956055797135e+02 4.526942244926575398e+01 1.858154545561815780e+02 4.398143955502747815e+01
1.814671252412123431e+04 1.448145147104495436e+02 4.505381128158594350e+01 1.858011767809880723e+02 4.298184667397196534e+01
1.814705961158214268e+04 1.438555034063578262e+02 4.482640328592801637e+01 1.857983703348937752e+02 4.198194467738954216e+01
1.814741393961212088e+04 1.428904722722155043e+02 4.462742941670184393e+01 1.857798218035201785e+02 4.098211847813076503e+01
1.814776609362926320e+04 1.419331583620083848e+02 4.445209754627537535e+01 1.857765564083835272e+02 3.998227508589824453e+01
1.814813514399302221e+04 1.409328507392040137e+02 4.428449438886017475e+01 1.857841625079191488e+02 3.898232723961877610e+01
1.814850650602223686e+04 1.399706627001784227e+02 4.414074743543620372e+01 1.857532918048810302e+02 3.798331273886059023e+01
1.814888329117659669e+04 1.390686818544440655e+02 4.402513027205000640e+01 1.857187755442804473e+02 3.698432359381998680e+01
1.814929289182896900e+04 1.381615792607425988e+02 4.394504609505857928e+01 1.857311525270631876e+02 3.598456213927443770e+01
1.814972585285043169e+04 1.372517151916510159e+02 4.385517435871468450e+01 1.857352556307153009e+02 3.498492415904788544e+01
1.815018203713456023e+04 1.363181956882542636e+02 4.368286080747822098e+01 1.857247206392402745e+02 3.398505430326374466e+01
1.815065777324373266e+04 1.353454800162712388e+02 4.349190385144721205e+01 1.857681150787594504e+02 3.298686393153424490e+01
1.815112216037881808e+04 1.343829365271246843e+02 4.334652489606229864e+01 1.858158850338461434e+02 3.198869136012386960e+01
1.815156416398381407e+04 1.334430413670426958e+02 4.320197701378281607e+01 1.858545276521888638e+02 3.098981576098336888e+01
1.815199802911894949e+04 1.324788717133333193e+02 4.306396699942022366e+01 1.859107002101993942e+02 2.999144155811942269e+01
1.815241686082843444e+04 1.315275946201012971e+02 4.298282354279992035e+01 1.859364911076778526e+02 2.899198715126381032e+01
1.815282131892123653e+04 1.305989744167377467e+02 4.298309889356990254e+01 1.859292199639968146e+02 2.799209170129656243e+01
1.815324516384517119e+04 1.296035512352178785e+02 4.307726205058532543e+01 1.858378053575492856e+02 2.699883505316636345e+01
1.815367259639828990e+04 1.285928673600460854e+02 4.322517392367250011e+01 1.856252399420445727e+02 2.602301814385481649e+01
1.815407869425133686e+04 1.276603467176758784e+02 4.342304782189857093e+01 1.853833035094707782e+02 2.505292206872326233e+01
1.815451103988659452e+04 1.268214100404616858e+02 4.387584616333278120e+01 1.850408800309101309e+02 2.412143723621529290e+01
1.815498866332522084e+04 1.261735419705189543e+02 4.467395534350043818e+01 1.844190636464091142e+02 2.336402527739914703e+01
1.815547134128849939e+04 1.257560910723457823e+02 4.560195703894361685e+01 1.835550096123441506e+02 2.289341711554175163e+01
1.815592613759829692e+04 1.255693420607211976e+02 4.655977651566707465e+01 1.825793334919554809e+02 2.274228013743601551e+01
1.815635177185379871e+04 1.254913257956347081e+02 4.756487419476761147e+01 1.815826221743438680e+02 2.279709645620055625e+01
1.815674301555903730e+04 1.253693630280110511e+02 4.853475089027966760e+01 1.805854974275709424e+02 2.286527204453691908e+01
1.815710785888075043e+04 1.252226372861401558e+02 4.947325150115970871e+01 1.795858350932260521e+02 2.288380747858485265e+01
1.815747136733061780e+04 1.250745855712429346e+02 5.046601012468600800e+01 1.785858542115423404e+02 2.288054938083847745e+01
1.815782358652615221e+04 1.248937423364557446e+02 5.146095363412847234e+01 1.775866462287737590e+02 2.284730870470838227e+01
1.815816721702117502e+04 1.246911335507418386e+02 5.243711861471373226e+01 1.765876600485424888e+02 2.280274975952315586e+01
1.815850858349517512e+04 1.245101906582161178e+02 5.339796199642870533e+01 1.755903058509707080e+02 2.273452366802593971e+01
1.815885017944628635e+04 1.243706601635557121e+02 5.434075208112744093e+01 1.745960993124994047e+02 2.262801268518875375e+01
1.815920582477114658e+04 1.242781881358495468e+02 5.530343844097579620e+01 1.736007697858431982e+02 2.253382656392994932e+01
1.815955995706369140e+04 1.242455564757239017e+02 5.624503964307864834e+01 1.726026394198783862e+02 2.247441604970491724e+01
1.815992012903118302e+04 1.242549221314150856e+02 5.721586913367310245e+01 1.716035978719975503e+02 2.247827092543465710e+01
1.816029916429934383e+04 1.242358555488087575e+02 5.826358157252894898e+01 1.706072043140302128e+02 2.255687095523480323e+01
1.816067947313075274e+04 1.241212808850152385e+02 5.930375234560305131e+01 1.696099593594435646e+02 2.262285705634046451e+01
1.816106811822555755e+04 1.239251636143394677e+02 6.031555717984845444e+01 1.686110067009056479e+02 2.260873496070633948e+01
1.816147052375925341e+04 1.237946672437888509e+02 6.128760592909726768e+01 1.676118400468146774e+02 2.256906470082716964e+01
1.816186576990922549e+04 1.238138409333798791e+02 6.219695230200213842e+01 1.666146008894043291e+02 2.261045930561522610e+01
1.816225988175614839e+04 1.238686215953243845e+02 6.311295503615265545e+01 1.656292844462580547e+02 2.277131269631997412e+01
1.816266409065232438e+04 1.238659593936353929e+02 6.405890845823455493e+01 1.646485849787188158e+02 2.296650885570184286e+01
1.816305929234504947e+04 1.238025774285038523e+02 6.496740171181274093e+01 1.636579829942970434e+02 2.309415961486374869e+01
1.816345143053375432e+04 1.236573196918287607e+02 6.585290917446533854e+01 1.626597090937511325e+02 2.311570661201104215e+01
1.816384597298368317e+04 1.234620303027482038e+02 6.674948992285128213e+01 1.616611552412992694e+02 2.306626163106779970e+01
1.816422328904353344e+04 1.233153293502651735e+02 6.764061331355345885e+01 1.606623383690498486e+02 2.302108176834223485e+01
1.816459803849300442e+04 1.232259005334132951e+02 6.856785309328979849e+01 1.596635694832937986e+02 2.297356169537092185e+01
1.816498956119734430e+04 1.231389640971197537e+02 6.954691202078340950e+01 1.586643512845517421e+02 2.294050116490488378e+01
1.816538434439278717e+04 1.230445344519794730e+02 7.049412089277781490e+01 1.576643979016055823e+02 2.293493560933557163e+01
1.816578840599551768e+04 1.229500121240619706e+02 7.139346194932166156e+01 1.566644401273352969e+02 2.292821690598709594e+01
1.816621643890503401e+04 1.229708851250963022e+02 7.230514656578721144e+01 1.556676127590623366e+02 2.298474109106696872e+01
1.816665305452239409e+04 1.232254593710344324e+02 7.320524849497599007e+01 1.546813905877026514e+02 2.314350706086331400e+01
1.816709953752363072e+04 1.237105631018707044e+02 7.401978101881820749e+01 1.537266619158292826e+02 2.343082155520189147e+01
1.816757729894258955e+04 1.244623376296195687e+02 7.466524324699769011e+01 1.528921298179041628e+02 2.395664713971607540e+01
1.816805924201264861e+04 1.253833868086466055e+02 7.511047351600166166e+01 1.522742498926921826e+02 2.472788476332296170e+01
1.816850634829636692e+04 1.263083420859309030e+02 7.539828223968491727e+01 1.518761501244755721e+02 2.563861893648086010e+01
1.816893934852634629e+04 1.272798459084762897e+02 7.560050518304078082e+01 1.516803471630750551e+02 2.661441774528851667e+01
1.816937032584243570e+04 1.283054946235809552e+02 7.577019280895741815e+01 1.515991478145556641e+02 2.761058304999870927e+01
1.816977603865654964e+04 1.293006773842897985e+02 7.586775095825306892e+01 1.515704801191278932e+02 2.860994926762733570e+01
1.817016899371984982e+04 1.302998781193392404e+02 7.586772584313887080e+01 1.516036111482280262e+02 2.960882179395372304e+01
1.817056487321230816e+04 1.313314553547955370e+02 7.582695916842813233e+01 1.516900853469474839e+02 3.060485665997607185e+01
1.817094481121536228e+04 1.323221112881811621e+02 7.581883329970976604e+01 1.518266226213730477e+02 3.159515731670066430e+01
1.817131950440939909e+04 1.332835804486330460e+02 7.590367780814975163e+01 1.519725599077893037e+02 3.258442695305976855e+01
1.817170226038473993e+04 1.342586723843916161e+02 7.608066852749736597e+01 1.520765806484023130e+02 3.357863033011107490e+01
1.817206426734003617e+04 1.351863945588164597e+02 7.623028830350843066e+01 1.521355119209197539e+02 3.457671983279795569e+01
1.817242099371347285e+04 1.361147146848618377e+02 7.626253255070128034e+01 1.521843094567484798e+02 3.557552538158117983e+01
1.817278791570439353e+04 1.370852195565341276e+02 7.622283482720369818e+01 1.522372370426807890e+02 3.657412231478227227e+01
1.817315170491141544e+04 1.380385790786401117e+02 7.623950764146169945e+01 1.522978936147555373e+02 3.757226965516646544e+01
1.817352556920242205e+04 1.389933069344521357e+02 7.637709081423589907e+01 1.523685695940166340e+02 3.856975745402892386e+01
1.817390638077014592e+04 1.399642588884354666e+02 7.655541155521942187e+01 1.523969917810954087e+02 3.956879286763012971e+01
1.817427919604552153e+04 1.409237232012685581e+02 7.669768263706825451e+01 1.523878202236666652e+02 4.056870498934586067e+01
1.817466039556288524e+04 1.419028359291730794e+02 7.682605108107190972e+01 1.523777808259400217e+02 4.156864471985829113e+01
1.817504633958840714e+04 1.428895861361889672e+02 7.696363214868728164e+01 1.523661982751043809e+02 4.256857159394589729e+01
1.817542877487689839e+04 1.438722323124236198e+02 7.708635786972831738e+01 1.523592646151286374e+02 4.356853390268413051e+01
1.817582448988825126e+04 1.448885358653596427e+02 7.722473290395453205e+01 1.523673138932067275e+02 4.456846840536950793e+01
1.817622193218247048e+04 1.458825206200166917e+02 7.742120506217614206e+01 1.523703881313988973e+02 4.556843224360181210e+01
1.817660777143857922e+04 1.468108637916444081e+02 7.766118341719649720e+01 1.523074777842913647e+02 4.656548759286586403e+01
1.817699846072740547e+04 1.477347793709245138e+02 7.793499365387549460e+01 1.521792726553583179e+02 4.755693522412622798e+01
1.817738545871250608e+04 1.486590566840148995e+02 7.819840731700453773e+01 1.520294041084296737e+02 4.854563653993056960e+01
1.817776943488609322e+04 1.495862692326590206e+02 7.839378113486449706e+01 1.518955434661375250e+02 4.953654761719700161e+01
1.817817292507730235e+04 1.505558314422317778e+02 7.851142316790985376e+01 1.518161392729715544e+02 5.053285544530973539e+01
1.817858724449307920e+04 1.515365975975594779e+02 7.857742655066714121e+01 1.517858901274010748e+02 5.153222610501256895e+01
1.817900141548957617e+04 1.525099818176306030e+02 7.865018736411892064e+01 1.518156220197725474e+02 5.253121658190860899e+01
1.817942288222852585e+04 1.534867527332565373e+02 7.877496001632513867e+01 1.519211289445346722e+02 5.352493823602931400e+01
1.817984455441365208e+04 1.544334664294574395e+02 7.890483105022553900e+01 1.520546116009248010e+02 5.451598895002463507e+01
1.818025285614416498e+04 1.553615015055071353e+02 7.895720394348889215e+01 1.521411352790059937e+02 5.551164378102196650e+01
1.818066785149350835e+04 1.563495164451932169e+02 7.897741631636732507e+01 1.522195496534613426e+02 5.650849357685912366e+01
1.818109120664750299e+04 1.573641534407926201e+02 7.908771155551207244e+01 1.522980978482049466e+02 5.750538569132969968e+01
1.818150735293031175e+04 1.583480867348559968e+02 7.925622830985663825e+01 1.523296152019855469e+02 5.850442085958094651e+01
1.818195410991501558e+04 1.593939127361255714e+02 7.940897769443134280e+01 1.523323475970145751e+02 5.950440485760304909e+01
1.818243255940331437e+04 1.604684921609334367e+02 7.958856728516190060e+01 1.522972408075068529e+02 6.050348775456500050e+01
1.818289117735259788e+04 1.614646821313181420e+02 7.977976313594385260e+01 1.522465266191623527e+02 6.150220004277105801e+01
1.818332680478462134e+04 1.624190866676483154e+02 7.993524829529138742e+01 1.521931847640971114e+02 6.250077306365583496e+01
1.818376029075350016e+04 1.633644032941517992e+02 8.007210196574925476e+01 1.521465891803806016e+02 6.349966821196115063e+01
1.818419582906937285e+04 1.642476196052094792e+02 8.015640804612927184e+01 1.521483415490993139e+02 6.449917592902613706e+01
1.818463455043550493e+04 1.650133204514526710e+02 8.022222811815623800e+01 1.521677327420865424e+02 6.549898241510362595e+01
1.818516787865987499e+04 1.658315291217402034e+02 8.048309531480121848e+01 1.521333475009881511e+02 6.649772323168355115e+01
1.818576795283452157e+04 1.667188701605763868e+02 8.097817186797122702e+01 1.520339844790177892e+02 6.749238656656800117e+01
1.818632976863669683e+04 1.675197971296033188e+02 8.150067711228793144e+01 1.517668604595253896e+02 6.844998958012051560e+01
1.818688915977499710e+04 1.682840568481771300e+02 8.196479110472348850e+01 1.513571212370997898e+02 6.936075148247023492e+01
1.818749388930888745e+04 1.691560055037545851e+02 8.244752033624958187e+01 1.509798321612130678e+02 7.028555730877869223e+01
1.818806998386230043e+04 1.699821749400709336e+02 8.300920692869863160e+01 1.505282326402985404e+02 7.117419671921919644e+01
1.818859720476538132e+04 1.707181822616826139e+02 8.364652935407242751e+01 1.499788502197109494e+02 7.200889467671419197e+01
1.818912574466782098e+04 1.714484330332209367e+02 8.436198165379491343e+01 1.494014336876486482e+02 7.282532720837350837e+01
1.818964526325562838e+04 1.721590314724649602e+02 8.511550304120203236e+01 1.487817319367659650e+02 7.360946153536555414e+01
1.819011986314198657e+04 1.729121111071609391e+02 8.572419323609263131e+01 1.481452110477756321e+02 7.438072069214732096e+01
1.819058513146388941e+04 1.737893904978709543e+02 8.616426590429078658e+01 1.475737833535651760e+02 7.519962717399774021e+01
1.819106133717874036e+04 1.747019247387777341e+02 8.651790100068738809e+01 1.470630230721235705e+02 7.605899412953050387e+01
1.819152924243614689e+04 1.755216409238534254e+02 8.688013966345675954e+01 1.466415233196005943e+02 7.696411133496431489e+01
1.819201631168488166e+04 1.762817616403225429e+02 8.728774064512258235e+01 1.462932903010949701e+02 7.790109032775687581e+01
1.819257443682721714e+04 1.771502692776040249e+02 8.769971844257898397e+01 1.459085511246165083e+02 7.882332273139468271e+01
1.819320071464976354e+04 1.781179266717979317e+02 8.813799172788826297e+01 1.456009636420505444e+02 7.977225546873518169e+01
1.819385401556368743e+04 1.789969102507801608e+02 8.844221644753415035e+01 1.452967639971951996e+02 8.072448227081785888e+01
1.819454654092823694e+04 1.798550534994714383e+02 8.868110334079830182e+01 1.450246126385911225e+02 8.168618711609026661e+01
1.819530976818688214e+04 1.804617185937169097e+02 8.893988169061090332e+01 1.447359299047419938e+02 8.264330814439584572e+01
1.820178566703458273e+04 1.807784262568530664e+02 8.915788738454904205e+01 1.444508211844785421e+02 8.350371393851906987e+01
1.821033296675779275e+04 1.809433473425319221e+02 8.993923228589218866e+01 1.438050677083571429e+02 8.287213143387155867e+01
1.821347879924869630e+04 1.809607138321145783e+02 8.996384335672301802e+01 1.437646285998453379e+02 8.336291329435390196e+01
1.821575621013254568e+04 1.806835799559116822e+02 8.891038355490707090e+01 1.447211481356360423e+02 8.307678467191890093e+01
1.821655329320754026e+04 1.807049394329609129e+02 8.790602952370507239e+01 1.457030848521340545e+02 8.289084337538409386e+01
1.821724578650846524e+04 1.810324542438752644e+02 8.691892874863536633e+01 1.466894606224156234e+02 8.287087400918331070e+01
1.821784322624401102e+04 1.815813825674828195e+02 8.611120218573827856e+01 1.476547556256252278e+02 8.312339945829896237e+01
1.821845590600629657e+04 1.821074633739214903e+02 8.535859992496057203e+01 1.485973011237217918e+02 8.345740354418450124e+01
1.821913384957749076e+04 1.827073573672926727e+02 8.468708235490751690e+01 1.494863772140097637e+02 8.388649880252211233e+01
1.821986849385312235e+04 1.832990759644693242e+02 8.408694900123722960e+01 1.503049646127225003e+02 8.445573361321694961e+01
1.822205096074569883e+04 1.831661032073004947e+02 8.390637076651735526e+01 1.506672681420811273e+02 8.444723063632298476e+01
1.822339838885336940e+04 1.825430862827445821e+02 8.453521707491952952e+01 1.500731662819339931e+02 8.364357846381794559e+01
1.822413241992611802e+04 1.816571421901037127e+02 8.524516844712323405e+01 1.493598650439214452e+02 8.294459586668627082e+01
1.822469939876854187e+04 1.807639100175365456e+02 8.578330641636091514e+01 1.486793496016983624e+02 8.221217444553109033e+01
1.822520990097846152e+04 1.800142272450373468e+02 8.631766545714324934e+01 1.480289396766818015e+02 8.145266736615830894e+01
1.822574245334498482e+04 1.791113617109041058e+02 8.678078584194675216e+01 1.473838087030539157e+02 8.068859619869999733e+01
1.822627389647651216e+04 1.782221864942545153e+02 8.703019008383634514e+01 1.468371832824380476e+02 7.985213808784669709e+01
1.822677854814274542e+04 1.773717887703102463e+02 8.704790187987052263e+01 1.464937399590413065e+02 7.891541511164018630e+01
1.822731556951567109e+04 1.764553531683540086e+02 8.683863132445138433e+01 1.463544296755509606e+02 7.792686132487746420e+01
1.822787180158773845e+04 1.756169864102992335e+02 8.652518321962745063e+01 1.464099105381351364e+02 7.692981431644447810e+01
1.822841462910245900e+04 1.748839023792965577e+02 8.613267163292294981e+01 1.465553750518505183e+02 7.594069115073830289e+01
1.822903328690053240e+04 1.744254148875868111e+02 8.547145605748522712e+01 1.469055527400484777e+02 7.500593148291017087e+01
1.822971954513837045e+04 1.744466741407004520e+02 8.466159668541114058e+01 1.476137956300559324e+02 7.430944701160338184e+01
1.823055929868049498e+04 1.751220126686666845e+02 8.386470432980645739e+01 1.485904221317210272e+02 7.439696198945078720e+01
1.823135673786483312e+04 1.757373364303398660e+02 8.312384339333203798e+01 1.494476280507860793e+02 7.490379715747542377e+01
1.823207583513091959e+04 1.759915957258219521e+02 8.222683833371539208e+01 1.504465901456834729e+02 7.486937843024428219e+01
1.823294206400579060e+04 1.760550253174780266e+02 8.138688710252642977e+01 1.514409950437613190e+02 7.492925708990217970e+01
1.826944889824464917e+04 1.754501191033344583e+02 8.126353377206868345e+01 1.521957189071426058e+02 7.452421001863463346e+01
1.830081785154246609e+04 1.755500124956613490e+02 8.229190513992952560e+01 1.515325869548080675e+02 7.522434610669294841e+01
1.830162465978863111e+04 1.755720124884579150e+02 8.321633593832103770e+01 1.505364595529497649e+02 7.531003557298207340e+01
1.830217479791014921e+04 1.755033489580583534e+02 8.413919565176186666e+01 1.495491224856294252e+02 7.546172824975000992e+01
1.830271992537195547e+04 1.754598662225714634e+02 8.496500281305569047e+01 1.485831776078065616e+02 7.572046759863920329e+01
1.830325617937476636e+04 1.757636750254975198e+02 8.552095646855495659e+01 1.476446176639127259e+02 7.603116799297164619e+01
1.830377169325001159e+04 1.761822850864685677e+02 8.614085322971799030e+01 1.468714967364598465e+02 7.666514076079501194e+01
1.830430972707549518e+04 1.765353786619304799e+02 8.664943086734191979e+01 1.461338722180668412e+02 7.733987104044800276e+01
1.830489630202385160e+04 1.770949390607786995e+02 8.698586706437360760e+01 1.454683769734760119e+02 7.808061963831973173e+01
1.830550309904517781e+04 1.778850862747436281e+02 8.736043530658922407e+01 1.449759784171546642e+02 7.895066088575939034e+01
1.830608668903622311e+04 1.785238940022113923e+02 8.723275976802175080e+01 1.446202714880286067e+02 7.986298680423402629e+01
1.830662889058200744e+04 1.791077467725512520e+02 8.685420932599095067e+01 1.447871559105579706e+02 8.083215205327698527e+01
1.830723169467221305e+04 1.797068743319221369e+02 8.619045912402866350e+01 1.453580150582592978e+02 8.164446557788411951e+01
1.830786043736966894e+04 1.802100579345993197e+02 8.524746007768018785e+01 1.461416762987420270e+02 8.225776230781796983e+01
1.830850179977632433e+04 1.807967214958817692e+02 8.463599023945482713e+01 1.470386463982669909e+02 8.269973017888527522e+01
1.830917727522450514e+04 1.807612998889546532e+02 8.396268370783663215e+01 1.479611597405490784e+02 8.301057954147059093e+01
1.830988263666975763e+04 1.807780910731324866e+02 8.321536227738137370e+01 1.489477632748523206e+02 8.285002975042971229e+01
1.831060146826005803e+04 1.808510494944012237e+02 8.288166478847780638e+01 1.499276589909572124e+02 8.265574637821413262e+01
1.831239042344173140e+04 1.803306937870993636e+02 8.269576127896495166e+01 1.505399610008701643e+02 8.247663716683840107e+01
1.831446021836834916e+04 1.790626992514417282e+02 8.331668196870536747e+01 1.496776328669938039e+02 8.197117987865895827e+01
1.831509144909646784e+04 1.785810258172893725e+02 8.429001463532813432e+01 1.487838067713355201e+02 8.152674549857334796e+01
1.831565140953038281e+04 1.783602923697206961e+02 8.538558510686496561e+01 1.478194041861925427e+02 8.129103494885782766e+01
1.831616854231625257e+04 1.782707594132457700e+02 8.645896553311804666e+01 1.468261645029211877e+02 8.117932622936046982e+01
1.831664358484849436e+04 1.782246635041601905e+02 8.750007254284409441e+01 1.458389671231000762e+02 8.127884586196080363e+01
1.831712108435669143e+04 1.782110037435297727e+02 8.856806995289433360e+01 1.448643193233890543e+02 8.150095891372099288e+01
1.831762407351508955e+04 1.781870488638952281e+02 8.964418537309960300e+01 1.438806425107339351e+02 8.167604321386198762e+01
1.831812538223275624e+04 1.780888304442540004e+02 9.073030866588548804e+01 1.428967850304823344e+02 8.185402101109933426e+01
1.831856712223212890e+04 1.780439928604021418e+02 9.169494433525267141e+01 1.419022945357145886e+02 8.188859367027676228e+01
1.831903899334583912e+04 1.780245586323699456e+02 9.273461315530606441e+01 1.409043493820993547e+02 8.193348555680456968e+01
1.831953122014154360e+04 1.779154640977062058e+02 9.384956377897898960e+01 1.399229592579163466e+02 8.211347996638374980e+01
1.831999659286990936e+04 1.777853658976271447e+02 9.488250449301112610e+01 1.389344380546725972e+02 8.225635654428502619e+01
1.832042736909384257e+04 1.776682952389861612e+02 9.580765769677194044e+01 1.379459504342521825e+02 8.240593075581021765e+01
1.832087712927090979e+04 1.774281486116606743e+02 9.675766956074659220e+01 1.369564564999242577e+02 8.255000096074975602e+01
1.832133631323996451e+04 1.770943951397886167e+02 9.769335220106503925e+01 1.359590731286175753e+02 8.257948068417775289e+01
1.832177521443908336e+04 1.768977188788607293e+02 9.859400391570883926e+01 1.349617117033056104e+02 8.251475396718845445e+01
1.832226533676332838e+04 1.765414891126536645e+02 9.952753306572152781e+01 1.339638245733224835e+02 8.245108135317978793e+01
1.832278311861211478e+04 1.760919870228958644e+02 1.004750809321494529e+02 1.329777757911496963e+02 8.229618791473792783e+01
1.832325875776302564e+04 1.758169375258497098e+02 1.013846668858449220e+02 1.320006858233955711e+02 8.208374619089826751e+01
1.832374668599440338e+04 1.756357338602261393e+02 1.023531955788390491e+02 1.310159703285446540e+02 8.191216905781455182e+01
1.832427996762754992e+04 1.753058295532447062e+02 1.033736956602336790e+02 1.300192252473416090e+02 8.186146026856324909e+01
1.832483459011234299e+04 1.750319951130854861e+02 1.044212119354699411e+02 1.290297637185062456e+02 8.198173605264376818e+01
1.832537883720924219e+04 1.751732014526599528e+02 1.054403516318536020e+02 1.280408708708914389e+02 8.212983323485757126e+01
1.832586280045730382e+04 1.754970590949831717e+02 1.063826342073343909e+02 1.271312291286276661e+02 8.251539747667828806e+01
1.832634248407521955e+04 1.757169966895795312e+02 1.073988055720093797e+02 1.262670386820353770e+02 8.301818404289197417e+01
1.832682746880993363e+04 1.759157984025926282e+02 1.084131569019234149e+02 1.253800198859808290e+02 8.347861982021733240e+01
1.832728713967055955e+04 1.761482480715414169e+02 1.093693847926553104e+02 1.244950602483700521e+02 8.394405173765228767e+01
1.832775459424039946e+04 1.764748462687597623e+02 1.103248734134459852e+02 1.236123512868439889e+02 8.441396719184339759e+01
1.832825740197776759e+04 1.769173679004335611e+02 1.112592844053385477e+02 1.227213004063826958e+02 8.486776403960858772e+01
1.832878366442848710e+04 1.772596346079529326e+02 1.120375467734484687e+02 1.218653948782444587e+02 8.538298595996468521e+01
1.832947943793605009e+04 1.772778154757710354e+02 1.124103897134970964e+02 1.209777962514662590e+02 8.584053670563230298e+01
1.834387352549205025e+04 1.773147767198713893e+02 1.123890199008363311e+02 1.203166556574610553e+02 8.646809574437996559e+01
1.835486456482924041e+04 1.774146184200637038e+02 1.121561973255589066e+02 1.212963615281171457e+02 8.633143121197790038e+01
1.839659570555768732e+04 1.772325793980924118e+02 1.126755735683022692e+02 1.210422357247932297e+02 8.650281580482142374e+01
1.839845411794029860e+04 1.770076032545435396e+02 1.135564766942800787e+02 1.200490413933966494e+02 8.647011000655669477e+01
1.839918245771838701e+04 1.769189632377182875e+02 1.147094140394812740e+02 1.190526749243311428e+02 8.655453613030546478e+01
1.839972938946719660e+04 1.769116557044251863e+02 1.158316908544029644e+02 1.180576507060182792e+02 8.665030921821617937e+01
1.840018822433492460e+04 1.769000720247451568e+02 1.168116410665893028e+02 1.170646429930197741e+02 8.676788854686121510e+01
1.840064639412784527e+04 1.768952979777648409e+02 1.176962170742465332e+02 1.160679036570336535e+02 8.683744451915553952e+01
1.840117761412134496e+04 1.768906287159006183e+02 1.185059945734211198e+02 1.150681857974937969e+02 8.686119613924520877e+01
1.840182329700177797e+04 1.767339074987903302e+02 1.192342697671631555e+02 1.140689017335194819e+02 8.685253784577503211e+01
1.840254284861387350e+04 1.764349257029380738e+02 1.199620611416949032e+02 1.130712441086086244e+02 8.678650131559507486e+01
1.840325053073294839e+04 1.762550676846937563e+02 1.207963738011507075e+02 1.120757982874456502e+02 8.669169118880002145e+01
1.840398752718396645e+04 1.762361848088220881e+02 1.217449967215063396e+02 1.110862780640202629e+02 8.655234124690899478e+01
1.840482592934549029e+04 1.762360949596539683e+02 1.226102680337213968e+02 1.100971667433048680e+02 8.641291711763771843e+01
1.840590254882085719e+04 1.762039483251530498e+02 1.231872925674430377e+02 1.090992642170199076e+02 8.636539481561597142e+01
1.840817395495341043e+04 1.761848377544189646e+02 1.234310802909899536e+02 1.081068280518318545e+02 8.644813994699811133e+01
1.841333630795526551e+04 1.761733767419675871e+02 1.235467759440102640e+02 1.071587649198609142e+02 8.635267774857882728e+01
1.842397698997912812e+04 1.761898795270048197e+02 1.236434014558136170e+02 1.063587104864447355e+02 8.654955177272339029e+01
1.843360003823161242e+04 1.761973877015432777e+02 1.236966305431629820e+02 1.054874253552096803e+02 8.689591847619139742e+01
1.843663299051131980e+04 1.761696432337982685e+02 1.241835070058105117e+02 1.044979094499553582e+02 8.680328212702792712e+01
1.843775181711200639e+04 1.760024205179937269e+02 1.248669713259576071e+02 1.035142364883507184e+02 8.662341511947299466e+01
1.843890002277444728e+04 1.759295103329035896e+02 1.255789867950898184e+02 1.025200056849244987e+02 8.656700445303975755e+01
1.844051403209141790e+04 1.759380745727924591e+02 1.262125052481050602e+02 1.015208620576161991e+02 8.660326992788360201e+01
1.844452920472825645e+04 1.759604571847976899e+02 1.263572741359836584e+02 1.005518706698795910e+02 8.682169200452882762e+01
1.845136340157865925e+04 1.760789158733551005e+02 1.270637030733585533e+02 9.956294761365374768e+01 8.690603542727106401e+01
1.845392088221910672e+04 1.761461901047614447e+02 1.282835917666204750e+02 9.856649834664854382e+01 8.698408956740824749e+01
1.845464673310903527e+04 1.761857247675533245e+02 1.294338269957324599e+02 9.757120998911024401e+01 8.708103683787240357e+01
1.845512844240637060e+04 1.760805993602104138e+02 1.304475588343818799e+02 9.658250765040084218e+01 8.722879525321589256e+01
1.845557271093543750e+04 1.759718240337414557e+02 1.313701393119614522e+02 9.558830648425751519e+01 8.718892754391745825e+01
1.845607744097761679e+04 1.759896275075678318e+02 1.323218810015975180e+02 9.458998989080519948e+01 8.713338442909966375e+01
1.845665360005371622e+04 1.760161797614302941e+02 1.333689275806216585e+02 9.359469920920342645e+01 8.720939371787821415e+01
1.845721727362240927e+04 1.759800214144208326e+02 1.343769851443745438e+02 9.259820181509380177e+01 8.729230413880847550e+01
1.845773740626277868e+04 1.758455725755519268e+02 1.353145911995475501e+02 9.160035708653920494e+01 8.725645054087082997e+01
1.845829314597089979e+04 1.756417015445734648e+02 1.363617399909118717e+02 9.060250921792204792e+01 8.719089596417093446e+01
1.845884476429364440e+04 1.753707800752284527e+02 1.373889401366665766e+02 8.961750247319669427e+01 8.702526822139729745e+01
1.845932872105468050e+04 1.749512760618183336e+02 1.382459272163324613e+02 8.862934915902980038e+01 8.687281369916438223e+01
1.845980476420993728e+04 1.746755948949199535e+02 1.390988026970855174e+02 8.766220741866200683e+01 8.662382114113458442e+01
1.846034102135039939e+04 1.746003627193837815e+02 1.401598522687314983e+02 8.666939162112072381e+01 8.655745785651018309e+01
1.846083818871173935e+04 1.745892911564199039e+02 1.412299107022968485e+02 8.567456357007996814e+01 8.664570758875474610e+01
1.846126730519825287e+04 1.745817714827021803e+02 1.421705654179835392e+02 8.467575260035737017e+01 8.665452257341144104e+01
1.846172830346685805e+04 1.746586246142854293e+02 1.431878143915971862e+02 8.367852422080900965e+01 8.671944538814203440e+01
1.846220197524559990e+04 1.747745198364762018e+02 1.442307848342921943e+02 8.268592859402679096e+01 8.683959574052470032e+01
1.846264958055663374e+04 1.748698574164766910e+02 1.451957052025848327e+02 8.168905572332396048e+01 8.691465774245094167e+01
1.846307639100221422e+04 1.750217365707281374e+02 1.461076875336551950e+02 8.069917038327693604e+01 8.705232052979775403e+01
1.846354191581819396e+04 1.751172369287983202e+02 1.471547788262200527e+02 7.972777735661605902e+01 8.728672931633605003e+01
1.846397817008308266e+04 1.751214368533533161e+02 1.481068256070872735e+02 7.873910144228564434e+01 8.742761167620164997e+01
1.846439941326498229e+04 1.751432816004533777e+02 1.490272947207353980e+02 7.774171752947060554e+01 8.749634409158514359e+01
1.846485393657437817e+04 1.752087279503728325e+02 1.500480770898466574e+02 7.674466764946690489e+01 8.757266816212512595e+01
1.846531096297292243e+04 1.753017893830900391e+02 1.510186070852807632e+02 7.574544483111556303e+01 8.760572689993315976e+01
1.846572277922767171e+04 1.753821665987919118e+02 1.518993906492669907e+02 7.474779000402659790e+01 8.767138023705801686e+01
1.846617359361660056e+04 1.754587612547003630e+02 1.528820579174727925e+02 7.375404572572047357e+01 8.778183750686031317e+01
1.846664519904369809e+04 1.754557755080955133e+02 1.538215120571186389e+02 7.275552278789376714e+01 8.782354849809804875e+01
1.846710493107426737e+04 1.753966226496242200e+02 1.547249330054693530e+02 7.175657546814920806e+01 8.786858566016859129e+01
1.846759468947930145e+04 1.752894973765489794e+02 1.557340355073707201e+02 7.075760445210922001e+01 8.784004648732576470e+01
1.846809008173107941e+04 1.751177049706429614e+02 1.567771668777762386e+02 6.976178955137135063e+01 8.775092923581617299e+01
1.846854695431063737e+04 1.749186303091362333e+02 1.577371656367148205e+02 6.876367892650402780e+01 8.769217775418768213e+01
1.846899307462837169e+04 1.747766234933139629e+02 1.586829107939374524e+02 6.777808115523153276e+01 8.753080742909081380e+01
1.846946643028133258e+04 1.746472914076042855e+02 1.596541407033914481e+02 6.678573779360404217e+01 8.741082197393488684e+01
1.846991300851166307e+04 1.745971623812361599e+02 1.605831039603212673e+02 6.578741192499141732e+01 8.735851794888711197e+01
1.847032820490588711e+04 1.746332593731398788e+02 1.614485715557100036e+02 6.479717535282323126e+01 8.722547468137832993e+01
1.847078867949184496e+04 1.748376318458741423e+02 1.623745465860220634e+02 6.379958838783247899e+01 8.722774746340027718e+01
1.847126400053979887e+04 1.751181531098142727e+02 1.633738570510538750e+02 6.281840958034656808e+01 8.740900955979734022e+01
1.847169144661558312e+04 1.753216480939302642e+02 1.643058251191389729e+02 6.183512588278038180e+01 8.759060740035845072e+01
1.847212697934210155e+04 1.753516691057845662e+02 1.652761226611409597e+02 6.085172769156052652e+01 8.777205028445337121e+01
1.847256632842180989e+04 1.752913805270485739e+02 1.662557448452155597e+02 5.985651321929112356e+01 8.786009361289514175e+01
1.847298331020410114e+04 1.751791441227254609e+02 1.671777117801626389e+02 5.886172183028183014e+01 8.778197483721449146e+01
1.847340186964362147e+04 1.749797000572976060e+02 1.680783915360192111e+02 5.786889840061074608e+01 8.766251034733643621e+01
1.847385808493341028e+04 1.746922064317421643e+02 1.690064729144715159e+02 5.687859986874646978e+01 8.752375849319429335e+01
1.847430552687149975e+04 1.743017865697836157e+02 1.698383574304216950e+02 5.592829327164846376e+01 8.722114970696743796e+01
1.847476394505365897e+04 1.738134508032425458e+02 1.706681603946895507e+02 5.499319417957253364e+01 8.686689066745657328e+01
1.847525146503279393e+04 1.731565101145010317e+02 1.714739490687686043e+02 5.407382119956832867e+01 8.647385269914794037e+01
1.847571596523515473e+04 1.725076283251304687e+02 1.721885255031285169e+02 5.325403998365263192e+01 8.590747732199884013e+01
1.847614848961547978e+04 1.718426982851546541e+02 1.728151102648590154e+02 5.248045612070615817e+01 8.527407985125729795e+01
1.847659815005870769e+04 1.710614747044013768e+02 1.734258647400151290e+02 5.171503419959741876e+01 8.463055413379981928e+01
1.847703277525692465e+04 1.702796761661876701e+02 1.739322028190890137e+02 5.102714381936529975e+01 8.390636207389187007e+01
1.847742997826893043e+04 1.694755481821424326e+02 1.742751005714162886e+02 5.041674100750707055e+01 8.311506711169977279e+01
1.847785930790822749e+04 1.685387083293012438e+02 1.745774004294742383e+02 4.992598261185699471e+01 8.224554620548254036e+01
1.847826793240843472e+04 1.676612940624406747e+02 1.748429098386470457e+02 4.957352829700459296e+01 8.131139086046546538e+01
1.847865048113907324e+04 1.668132198672729203e+02 1.750199148809287806e+02 4.929413091962648252e+01 8.035149321361022601e+01
1.847908614134223171e+04 1.658034102384413586e+02 1.750871683657931328e+02 4.904628908822181188e+01 7.938274300541284845e+01
1.847949974281749746e+04 1.648462893357600194e+02 1.750366494620946582e+02 4.892030500461272879e+01 7.839206707278654562e+01
1.847988337365099505e+04 1.639815621437830373e+02 1.748440722023809997e+02 4.884911599586999387e+01 7.739470516767815411e+01
1.848031334921177768e+04 1.630477489066411749e+02 1.745020168103399669e+02 4.891222440896748935e+01 7.639824374282943609e+01
1.848075102398662057e+04 1.621792644488714075e+02 1.741425987891299485e+02 4.916452620994820677e+01 7.543332882802819483e+01
1.848116051003446773e+04 1.613965138610778070e+02 1.737892659822775840e+02 4.951137388883037005e+01 7.449585602301100096e+01
1.848164424972149209e+04 1.605974229871813179e+02 1.731212294884935261e+02 4.989748754472926606e+01 7.357349300906740552e+01
1.848212278831339427e+04 1.599647902314666510e+02 1.723203159244745279e+02 5.043857118535805739e+01 7.273576941907631976e+01
1.848254231387682739e+04 1.593875635606299284e+02 1.716573117841970770e+02 5.111647152898668622e+01 7.200313207317257991e+01
1.848298676648400215e+04 1.587359047609300262e+02 1.709963904162127335e+02 5.181380537142713649e+01 7.128638574504427083e+01
1.848347916520229774e+04 1.581073581279630957e+02 1.704115319747275237e+02 5.249900477518460207e+01 7.055806512827581400e+01
1.848399359542162347e+04 1.576172312492502385e+02 1.698244145017893914e+02 5.317378792330017490e+01 6.982006467193616572e+01
1.848463914324684083e+04 1.575023215651698081e+02 1.689541714091842266e+02 5.399350263969694197e+01 6.925578122714699703e+01
1.848524342630612227e+04 1.575270701225442735e+02 1.685996244053244482e+02 5.496799812782875705e+01 6.911684007079401226e+01
1.848582121141298558e+04 1.574857245098887404e+02 1.678126416240974947e+02 5.596519943181342427e+01 6.904214098534275479e+01
1.848631743602860297e+04 1.575416107890064836e+02 1.668764740698943001e+02 5.696293170154454799e+01 6.908597894492908154e+01
1.848676999371532293e+04 1.576105798604635311e+02 1.659137474578183742e+02 5.796191782749094301e+01 6.913005072758458880e+01
1.848726355559786680e+04 1.579157483056316664e+02 1.648721113694293763e+02 5.896165746003183017e+01 6.915141567188962313e+01
1.848772446396738815e+04 1.583221545852063912e+02 1.639332511365800826e+02 5.995014928028937362e+01 6.929314512860612751e+01
1.848813589830261481e+04 1.586323495083401838e+02 1.630671378518929657e+02 6.092760000044462032e+01 6.950336227313430015e+01
1.848860816515070110e+04 1.590053712478382124e+02 1.620512290664392481e+02 6.189422320665946842e+01 6.975904741708504275e+01
1.848908059321203109e+04 1.592419597938057905e+02 1.610409439676742522e+02 6.286372653029180668e+01 7.000400565032938971e+01
1.848952338168593997e+04 1.593138686083687219e+02 1.600183264434315333e+02 6.385865706509846973e+01 7.007152684885946314e+01
1.848995217739811051e+04 1.591844706020453657e+02 1.589642193512925132e+02 6.485846376568964899e+01 7.006446181827851660e+01
1.849038993150553870e+04 1.589898112896242424e+02 1.578841339883051376e+02 6.585228808523466171e+01 6.996017446977108989e+01
1.849078312595318857e+04 1.588533505625837847e+02 1.568905355103902082e+02 6.683067513884218158e+01 6.975650231136954460e+01
1.849115394922384439e+04 1.586665464411666733e+02 1.559598482602000900e+02 6.782040619634280176e+01 6.961769411992383993e+01
1.849155696531487047e+04 1.584871089944744824e+02 1.549508127568152247e+02 6.880596455203291839e+01 6.944938516815457774e+01
1.849193094403984651e+04 1.583983572984240595e+02 1.540030411956071532e+02 6.978879235745007747e+01 6.926489537883632863e+01
1.849232078974645992e+04 1.583300298250993308e+02 1.530160235965121274e+02 7.078372536510457280e+01 6.917254043360293281e+01
1.849273804602450764e+04 1.582842359861229795e+02 1.520045496986284945e+02 7.178065557312734768e+01 6.909425223618876544e+01
1.849314607756815167e+04 1.582857674766732430e+02 1.510285671188267145e+02 7.277997364983838224e+01 6.906328770703295561e+01
1.849355779199255267e+04 1.582620352102910317e+02 1.500476998694151689e+02 7.377887384974819440e+01 6.910238279352527968e+01
1.849398507608937143e+04 1.582178953648648019e+02 1.490336779801992009e+02 7.477705227247845698e+01 6.905714294352539184e+01
1.849439720615899932e+04 1.582094552482418521e+02 1.480569815750023395e+02 7.577221111785273422e+01 6.895998330194916548e+01
1.849479680971011476e+04 1.581399666559817945e+02 1.471344320418604639e+02 7.677133722641315217e+01 6.895619599040064429e+01
1.849522004077358361e+04 1.579876940968910617e+02 1.461550616083153500e+02 7.776347568920010644e+01 6.884279488704329708e+01
1.849562107738492705e+04 1.578460927693353710e+02 1.451932372097860764e+02 7.875066840589111905e+01 6.868357803420761343e+01
1.849599798707116861e+04 1.577202892619089880e+02 1.443001277243768357e+02 7.974665731079566910e+01 6.860065724301205137e+01
1.849641966861313995e+04 1.577259055413730664e+02 1.433046997388322836e+02 8.074498984126392997e+01 6.854313206548246740e+01
1.849681953640665961e+04 1.577966952464767019e+02 1.423753274483707685e+02 8.174437109978178739e+01 6.850911558083411990e+01
1.849720269592330806e+04 1.578292179080679034e+02 1.414791115957166028e+02 8.274330445759105146e+01 6.854595533534590857e+01
1.849762574100156053e+04 1.579638165492193878e+02 1.404842642315115313e+02 8.374312657314780495e+01 6.855631027834570546e+01
1.849804936294152503e+04 1.581683986731036953e+02 1.395216581115493284e+02 8.474296507665289369e+01 6.854032291838787216e+01
1.849845307154075635e+04 1.583173780131315880e+02 1.385737632269125754e+02 8.573747107047915961e+01 6.863401109552555113e+01
1.849887680813736006e+04 1.584326448274790664e+02 1.375599937015497289e+02 8.673594666759342431e+01 6.868231894879106392e+01
1.849929790972665796e+04 1.585637671831866840e+02 1.365816789440733601e+02 8.773553822884382214e+01 6.871065519157289714e+01
1.849971405883734769e+04 1.586764164262758925e+02 1.356375561485174046e+02 8.872607257087443600e+01 6.884111024892948194e+01
1.850018885932636113e+04 1.587619113946436755e+02 1.345743975122985034e+02 8.972094904123677850e+01 6.894017477160525686e+01
1.850067424557115010e+04 1.588261080273397852e+02 1.334861348685950304e+02 9.071723789404944682e+01 6.902622485308127409e+01
1.850111866965884110e+04 1.588688126684688200e+02 1.324849715350115957e+02 9.171308615997180880e+01 6.911722276625584982e+01
1.850151547723548356e+04 1.588817527341711298e+02 1.315537969794792446e+02 9.271003209540570822e+01 6.906546445170667425e+01
1.850193009225398782e+04 1.588746535543224354e+02 1.305261883257153670e+02 9.370758048868019330e+01 6.899552184932161936e+01
1.850232167051604483e+04 1.588796684458390303e+02 1.295757030854316838e+02 9.470568297690209647e+01 6.893402361599348183e+01
1.850267145529893605e+04 1.588704497075893016e+02 1.287268681649813118e+02 9.570445692508518221e+01 6.888472159677102979e+01
1.850306142783570613e+04 1.588475059964718241e+02 1.277630351246589697e+02 9.670275104926528797e+01 6.882650025117754922e+01
1.850342505640131640e+04 1.588774391879854022e+02 1.268728563995496330e+02 9.770185807952611867e+01 6.878492037068940590e+01
1.850380200730218348e+04 1.589600987066535254e+02 1.259614771456247126e+02 9.870087837402738273e+01 6.874072603401774018e+01
1.850420364092709133e+04 1.590456694605800010e+02 1.250185728404657084e+02 9.970071741328020209e+01 6.872902106550334622e+01
1.850459736190546391e+04 1.591323644669744510e+02 1.240959997225361207e+02 1.006975087533517268e+02 6.880228630386795885e+01
1.850500440378059284e+04 1.592642870525608316e+02 1.231371531346887878e+02 1.016951830295581232e+02 6.887002813464128792e+01
1.850541375082227023e+04 1.593431167980298824e+02 1.221922570826662877e+02 1.026913803479487655e+02 6.895669440583493781e+01
1.850580174672274370e+04 1.593355141705966105e+02 1.213095608124984182e+02 1.036798443437879769e+02 6.910621471966368290e+01
1.850621884344527280e+04 1.593226618468242464e+02 1.203525082457455255e+02 1.046780355601570847e+02 6.913624575167578712e+01
1.850664403827038404e+04 1.592963808912633397e+02 1.193710650343342934e+02 1.056748471668893927e+02 6.906351237668827991e+01
1.850703260534374567e+04 1.592419392568533283e+02 1.184417932345755702e+02 1.066728804788923384e+02 6.900156373937416276e+01
1.850741864490808075e+04 1.592054834408720865e+02 1.174750747662365313e+02 1.076602797167906402e+02 6.884799966878244959e+01
1.850780638983662357e+04 1.591912429203673867e+02 1.165223311101327965e+02 1.086515204507562089e+02 6.871679484044724973e+01
1.850817943553971418e+04 1.591053769098177781e+02 1.156346196738529954e+02 1.096504583214788937e+02 6.870036433715887370e+01
1.850857823167165407e+04 1.589982430976144485e+02 1.146923699828724637e+02 1.106477288135468200e+02 6.863174142731554639e+01
1.850897458076133626e+04 1.589354866739824956e+02 1.137426199676247620e+02 1.116450827182742955e+02 6.855909015454889754e+01
1.850936322500330061e+04 1.588943653172592292e+02 1.127970035141606218e+02 1.126446598371389314e+02 6.853780630332022383e+01
1.850977575499331215e+04 1.588993002224509894e+02 1.117930612642514063e+02 1.136444352791520345e+02 6.855517957819043318e+01
1.851019651217739738e+04 1.589045203833085793e+02 1.108019352103647606e+02 1.146442987729956542e+02 6.857154535351962465e+01
1.851059350125536002e+04 1.588963212311547295e+02 1.098617129244745172e+02 1.156417741782929482e+02 6.863950543324693854e+01
1.851100552217748555e+04 1.589943806373570965e+02 1.088978366321559150e+02 1.166411364424829173e+02 6.867056429433897335e+01
1.851141844084030890e+04 1.592244939141448867e+02 1.079649454253001579e+02 1.176363853423434733e+02 6.876406478430314451e+01
1.851180839795876091e+04 1.594586950083508441e+02 1.070795286279069671e+02 1.186090653358797624e+02 6.899111796806256791e+01
1.851220499562601617e+04 1.597840580847839931e+02 1.061647211035136138e+02 1.195711889899901053e+02 6.926351781962867449e+01
1.851258128155424492e+04 1.601952404416061597e+02 1.053104886405289022e+02 1.205177973512249991e+02 6.958537516188756911e+01
1.851293383384184563e+04 1.606034828328997719e+02 1.044896314172328857e+02 1.214064377588304637e+02 7.004091610785515343e+01
1.851330737664881599e+04 1.610562117083367752e+02 1.036240895218494131e+02 1.222954549222074547e+02 7.049873664424838182e+01
1.851366223772410012e+04 1.615703419866339914e+02 1.029038793471701467e+02 1.231513395344500310e+02 7.101521497048206299e+01
1.851403629810232451e+04 1.621884932567875524e+02 1.022193044190938167e+02 1.239400917595202714e+02 7.162856771811246404e+01
1.851443033481685779e+04 1.628501737565526639e+02 1.015430399008350975e+02 1.246465434988781880e+02 7.233513984840458022e+01
1.851481204748892196e+04 1.634630140254500361e+02 1.008951235092813903e+02 1.253175020155945560e+02 7.307652245288039694e+01
1.851523161265457020e+04 1.641361069988602708e+02 1.001597413734332918e+02 1.259786457279203518e+02 7.382677512205648895e+01
1.851564195836534418e+04 1.647777530099828311e+02 9.941909184161825408e+01 1.266296953030940244e+02 7.458579651507626807e+01
1.851603029253706700e+04 1.654418216087202325e+02 9.876021419156853653e+01 1.273182835040754810e+02 7.531068220533749979e+01
1.851644785194881479e+04 1.661931503526566871e+02 9.806626353458966605e+01 1.280108825012333682e+02 7.603200464281722759e+01
1.851685164336273374e+04 1.668364743258307499e+02 9.730959463981987767e+01 1.287126978143419080e+02 7.674434651492492776e+01
1.851722690002447052e+04 1.673304670119912032e+02 9.657076215415672493e+01 1.294713189275739751e+02 7.739515936772475868e+01
1.851764755353253349e+04 1.677707101705397861e+02 9.575205712558049242e+01 1.302823045131336244e+02 7.797959033507780191e+01
1.851810449645898188e+04 1.680916611987799456e+02 9.490729862450220367e+01 1.311411745925911418e+02 7.849097803263089190e+01
1.851857472323571710e+04 1.683710523872386204e+02 9.404487674468919067e+01 1.320557984285177895e+02 7.889317848424560964e+01
1.851909682758815688e+04 1.687440914754957646e+02 9.308700014328201178e+01 1.329813497810487775e+02 7.927177950122568006e+01
1.851964945637811616e+04 1.690261076182999034e+02 9.206523917808512181e+01 1.339280978551825285e+02 7.959300479457166944e+01
1.852015955531011787e+04 1.692093921733487036e+02 9.109728513198423627e+01 1.349125378977424532e+02 7.976012298539050960e+01
1.852064132436752698e+04 1.693537685505195611e+02 9.016081621258189216e+01 1.359053362859623348e+02 7.987946362365326536e+01
1.852114327519924336e+04 1.693600642600467552e+02 8.917789390956126283e+01 1.369045137808973891e+02 7.990261546871992948e+01
1.852166050019402610e+04 1.692166093195529868e+02 8.824012412843235609e+01 1.379004066268515203e+02 7.981862256650187248e+01
1.852216295047488529e+04 1.689844634538698074e+02 8.762974329520413619e+01 1.388935213254956977e+02 7.970171367251508343e+01
1.852267436893763806e+04 1.686907854808850971e+02 8.727663778420355811e+01 1.398246338154710315e+02 7.934634212638711404e+01
1.852320637742555482e+04 1.680857329301456673e+02 8.654008421702971532e+01 1.407116608883748086e+02 7.888553481634657771e+01
1.852371700882912046e+04 1.674931006293516589e+02 8.572639076924947688e+01 1.415954994867906578e+02 7.841774330427249140e+01
1.852417849636442043e+04 1.669165252457955546e+02 8.494145953124927928e+01 1.424530115559321359e+02 7.790358635045113544e+01
1.852461673544195583e+04 1.663764324576763727e+02 8.417652024185856874e+01 1.432898617024682153e+02 7.735626502202588028e+01
1.852504870303968346e+04 1.657541602213967735e+02 8.348918611120335243e+01 1.440993980803080206e+02 7.676937939206560202e+01
1.852544763034354401e+04 1.652199018795122072e+02 8.285947497138450046e+01 1.448904592929347928e+02 7.615770314786844608e+01
1.852588317325773096e+04 1.646752894367022293e+02 8.222490158119168768e+01 1.456441254331703306e+02 7.550070434132688035e+01
1.852638198371135877e+04 1.640064063612502423e+02 8.165162630065560734e+01 1.463432117219968234e+02 7.478607528676050720e+01
1.852690541187464987e+04 1.632486648218096263e+02 8.106330387865335751e+01 1.469188348951833234e+02 7.396983139005274666e+01
1.852743620835874754e+04 1.623089045480575692e+02 8.051380473099058577e+01 1.474112330236431774e+02 7.309986786838568662e+01
1.852790397728072276e+04 1.612692385415419380e+02 8.007516160466651911e+01 1.478904277031296317e+02 7.222216192615753982e+01
1.852829363959631155e+04 1.603745433680948906e+02 7.959610157335242775e+01 1.484252960117550515e+02 7.137748438449597188e+01
1.852867561944921908e+04 1.595393064901175535e+02 7.901273208494377798e+01 1.490726433953320509e+02 7.061642333579443687e+01
1.852906828736712487e+04 1.587523888536324819e+02 7.832677525538521479e+01 1.497697347316374135e+02 6.989963477730081820e+01
1.852942724325191739e+04 1.581211045613226247e+02 7.761450966294810883e+01 1.505482030857396865e+02 6.927298569665194350e+01
1.852979231384698505e+04 1.576349821714573523e+02 7.680947934501071472e+01 1.514371532322859650e+02 6.881852296275764047e+01
1.853017344229464652e+04 1.572862587862676946e+02 7.595318398760045397e+01 1.523659073873040768e+02 6.844850009691087678e+01
1.853055692045207616e+04 1.571340380299183153e+02 7.510410918368337718e+01 1.533302932559378178e+02 6.818582108436797284e+01
1.853099314944469734e+04 1.571448785926162373e+02 7.416101645771109929e+01 1.543274528130926910e+02 6.813651191719355893e+01
1.853145062796989077e+04 1.571876210319771872e+02 7.317913792180824828e+01 1.553269376071371255e+02 6.816406982127884362e+01
1.853186469872467569e+04 1.571887009725752762e+02 7.230319470816384353e+01 1.563265750937394500e+02 6.819095988564686195e+01
1.853229707536968635e+04 1.572271255638567027e+02 7.143752927268828046e+01 1.573107959503120412e+02 6.836373296357014340e+01
1.853278108814599182e+04 1.573334998266366824e+02 7.051556823697806919e+01 1.582790748898479762e+02 6.861300902050030004e+01
1.853328661825632662e+04 1.574200627667851791e+02 6.959770202338025058e+01 1.592441496221272246e+02 6.887497457011691893e+01
1.853382173634469655e+04 1.574599875844013184e+02 6.859618070375215382e+01 1.601951377685221019e+02 6.918397111519014686e+01
1.853436575018915755e+04 1.574738945602011313e+02 6.741325136149993114e+01 1.611753245413447075e+02 6.937987456068970005e+01
1.853484131621438792e+04 1.574839408442437332e+02 6.622230668322329450e+01 1.621704895788573424e+02 6.947559887035079385e+01
1.853525056486710309e+04 1.574417344040072635e+02 6.516999394747331564e+01 1.631673069292288289e+02 6.955527703174767851e+01
1.853565739520984062e+04 1.572849102590957671e+02 6.418109822132778675e+01 1.641671497921047660e+02 6.955918723168174722e+01
1.853609109021746190e+04 1.570043313196569557e+02 6.316711900082247411e+01 1.651661664378839873e+02 6.951596865110474255e+01
1.853650773140340243e+04 1.567073840734552732e+02 6.221634096086403787e+01 1.661598163802717920e+02 6.940447625713045454e+01
1.853693163967528017e+04 1.565214968573137924e+02 6.130391239131330394e+01 1.671524469176521848e+02 6.928330440141834856e+01
1.853742939502707668e+04 1.563140840184818217e+02 6.032438119301446022e+01 1.681520431508957643e+02 6.926680961343345189e+01
1.853797400582245609e+04 1.561478961611396699e+02 5.923322666767361255e+01 1.691520035791136252e+02 6.925793070918435035e+01
1.853847312329336273e+04 1.561763924447108707e+02 5.815056620252475739e+01 1.701485535103269626e+02 6.933865827577662344e+01
1.853893020790887385e+04 1.561258870648558172e+02 5.710968699690702977e+01 1.711206248568523449e+02 6.957190475872107527e+01
1.853938835089918575e+04 1.559584530668324476e+02 5.601704584929907327e+01 1.721154005490986947e+02 6.967124519485011547e+01
1.853979056740278247e+04 1.558734796966287490e+02 5.504933214827494936e+01 1.731144991312678769e+02 6.971287198021578035e+01
1.854021144402981736e+04 1.558476228123106182e+02 5.410634643409935052e+01 1.741111930047520104e+02 6.979389349855270552e+01
1.854069074413074850e+04 1.557504697106424203e+02 5.306535125851797829e+01 1.751108125016317558e+02 6.982021921897722905e+01
1.854119372423101595e+04 1.555626009750139929e+02 5.198531520275157902e+01 1.761104653237528623e+02 6.979491898661579796e+01
1.854169510326137242e+04 1.553636924835645061e+02 5.095329845325962737e+01 1.771095718925866151e+02 6.975271998264689444e+01
1.854218941774171617e+04 1.551517209167120939e+02 4.990773588467719435e+01 1.781073571856979072e+02 6.968629417091348444e+01
1.854268134662619195e+04 1.550055375153653472e+02 4.887068466107496789e+01 1.791023475420221871e+02 6.958643651770826466e+01
1.854313499102237256e+04 1.548397177363658557e+02 4.797087128292150737e+01 1.800958481669090929e+02 6.947262608442012777e+01
1.854359370912488885e+04 1.545367745233781989e+02 4.708286041174652325e+01 1.810830227701656554e+02 6.931311791682249179e+01
1.854410217877715331e+04 1.540127787388163654e+02 4.651730878093543708e+01 1.820415435652598717e+02 6.902866325196073660e+01
1.854461839410970788e+04 1.534359315105728285e+02 4.630562614588205150e+01 1.829093024629027866e+02 6.853247055612396821e+01
1.854520495624983596e+04 1.529938664948301437e+02 4.592687844396623120e+01 1.836313333612492329e+02 6.784084947896191409e+01
1.854592380236569079e+04 1.524406868590494071e+02 4.563179341296444846e+01 1.842543360470855305e+02 6.705863426454524756e+01
1.854668487786864716e+04 1.515617663602221228e+02 4.534101139207799491e+01 1.846140660365072392e+02 6.612610390997735976e+01
1.854737405657139607e+04 1.507091184445560543e+02 4.513197546470330224e+01 1.848146507651676131e+02 6.514647242000350502e+01
1.854799271702301485e+04 1.498794390566983736e+02 4.513221075716335662e+01 1.849647089230357722e+02 6.415801715867908683e+01
1.854854752929527604e+04 1.489517047009694579e+02 4.526015742342396919e+01 1.850120001546432320e+02 6.315989539280335663e+01
1.854919372752822164e+04 1.480956053464461490e+02 4.568311697919243386e+01 1.848522338705243158e+02 6.218124195070409144e+01
1.855027652741498241e+04 1.477920967073887653e+02 4.631252662350034655e+01 1.842001454114522403e+02 6.151745776861903181e+01
1.855244761627820844e+04 1.490602350551775999e+02 4.686557844319727195e+01 1.834777381305096071e+02 6.206836563408499075e+01
1.855329889612843181e+04 1.501230217732903895e+02 4.686060914667113053e+01 1.832715751994491598e+02 6.302223687992891854e+01
1.855403423977832790e+04 1.510040289239701110e+02 4.643340720885774431e+01 1.834982170088588305e+02 6.397197432672681572e+01
1.855483077276854601e+04 1.517613020200377036e+02 4.574108869192944837e+01 1.840369707192445219e+02 6.480929871722882751e+01
1.855559254524713469e+04 1.523057303177295978e+02 4.488815894254661742e+01 1.847120222849257516e+02 6.554345083793641891e+01
1.855628331393134067e+04 1.528314932379448976e+02 4.413725902431819037e+01 1.853995979082467898e+02 6.626509055449233188e+01
1.855691250546176525e+04 1.535293707325894843e+02 4.375658198055006665e+01 1.859759702152444447e+02 6.708009104513355680e+01
1.855768673453765223e+04 1.544609345506610509e+02 4.362025237695577573e+01 1.863473635819842684e+02 6.798997173449308207e+01
1.855872177622537856e+04 1.555229486467433730e+02 4.355513028533721354e+01 1.864023045373420473e+02 6.897971060128742238e+01
1.855982847065917667e+04 1.563156893754168379e+02 4.349957793876617274e+01 1.864046587966813888e+02 6.997260431934245162e+01
1.856267131876061831e+04 1.558224937747677643e+02 4.371320976723271912e+01 1.863905761067616993e+02 7.012733297400129118e+01
1.856352571965686730e+04 1.554090070667528209e+02 4.441635293298459430e+01 1.860578309796290739e+02 6.921896097455859831e+01
1.856421865581125894e+04 1.552423644804163416e+02 4.541058336162432596e+01 1.853224019834049159e+02 6.856145928097204489e+01
1.856484682986405460e+04 1.551238760164433472e+02 4.640569531033444406e+01 1.844296064365015297e+02 6.811774672761039540e+01
1.856548769140275181e+04 1.551264645859644702e+02 4.743075349751190117e+01 1.834796769373664347e+02 6.781234017302185180e+01
1.856625125660908816e+04 1.552583233686850690e+02 4.834339973964117121e+01 1.824954792819447675e+02 6.767902989266654856e+01
1.856720310958898699e+04 1.554350900310338375e+02 4.917161705617610323e+01 1.814974886871077615e+02 6.772464135717056877e+01
1.856823099244188779e+04 1.555614527655065160e+02 4.995795865799541247e+01 1.805023613838190784e+02 6.782323940772522519e+01
1.856940043670442537e+04 1.556899250444183167e+02 5.044240093178189710e+01 1.795212750829887511e+02 6.799506001858779314e+01
1.857064256263268908e+04 1.558954612626869221e+02 5.063475786918991872e+01 1.786880031990207840e+02 6.847137802563662490e+01
1.857162056861817109e+04 1.562372267498754468e+02 5.134115398329483071e+01 1.778910601413373058e+02 6.899215705838055612e+01
1.857239316151211824e+04 1.565952643531101955e+02 5.238776793610768578e+01 1.769258792145058408e+02 6.925188905952622065e+01
1.857313147327563274e+04 1.569084517163307169e+02 5.330934724889134202e+01 1.759647303941724203e+02 6.952746444885450217e+01
1.857383489486228063e+04 1.571209837822026145e+02 5.396837058608934257e+01 1.749843716033079772e+02 6.961509871711450614e+01
1.857444415942150590e+04 1.572114259816526953e+02 5.463559204757717680e+01 1.739889494359741491e+02 6.951958409325982302e+01
1.857501423804874139e+04 1.572315317924108626e+02 5.547131534983142842e+01 1.730071556642618873e+02 6.934581254183946442e+01
1.857558744320028563e+04 1.571233096547642845e+02 5.619305476641422814e+01 1.720255153398179857e+02 6.917148308459863415e+01
1.857618358992805588e+04 1.569028471994004121e+02 5.678120321744319199e+01 1.710382084128873430e+02 6.902176343247315060e+01
1.858629895315299655e+04 1.564550613418793148e+02 5.699274906772957650e+01 1.702409770712602040e+02 6.852688843939385777e+01
1.860075666786364673e+04 1.566317045321882802e+02 5.513609950547604655e+01 1.693715686954376451e+02 6.807685218235695856e+01
1.860299216782567964e+04 1.566199661293078407e+02 5.499155210706823027e+01 1.686770313938865513e+02 6.737074439488985433e+01
