# ts_seconds,x,y,gt_x,gt_y
1.471210798769742723e+04 1.693291036092659851e+02 6.940801734937163303e+01 1.693291036092659851e+02 6.940801734937163303e+01
1.472401556725230512e+04 1.690552911062247290e+02 7.073397216091511552e+01 1.683628655241006982e+02 6.915617129445730882e+01
1.472474244950966931e+04 1.689548227541492906e+02 7.197138683576289964e+01 1.673641750700619752e+02 6.911520836820895397e+01
1.472530460633608709e+04 1.689755387409225023e+02 7.305748299139952451e+01 1.663758528587981118e+02 6.899442678375213234e+01
1.472582406668534531e+04 1.690663606287151879e+02 7.410780650830112393e+01 1.653937087321504862e+02 6.917931737806846115e+01
1.472631661828766300e+04 1.692457754028273484e+02 7.519611172631529428e+01 1.643966022337622235e+02 6.925527840316229344e+01
1.472676532198229143e+04 1.693838918833434377e+02 7.627320851278119562e+01 1.633993154920530060e+02 6.932725469296856602e+01
1.472716211052849758e+04 1.694314100301086512e+02 7.726032571756748268e+01 1.624058388494539713e+02 6.943166109647724227e+01
1.472752953687910849e+04 1.694636186530398163e+02 7.817199202944017600e+01 1.614068087970609326e+02 6.940724259467539525e+01
1.472793987674465643e+04 1.694938347018552065e+02 7.917385677288116597e+01 1.604108479859700651e+02 6.949668202037851472e+01
1.472834872205928878e+04 1.694637002771695222e+02 8.021850979144031157e+01 1.594167341034739707e+02 6.959391513494584558e+01
1.472874059878505614e+04 1.693983962776365502e+02 8.121228929246090900e+01 1.584177367299399748e+02 6.954953026717106468e+01
1.472915175807496234e+04 1.692387434257301493e+02 8.217994135067324635e+01 1.574181758665610289e+02 6.952051866806064595e+01
1.472958835606140383e+04 1.689410461141371798e+02 8.317501984832415474e+01 1.564227947224753450e+02 6.945143237479418019e+01
1.473001324541984104e+04 1.685589281503656309e+02 8.409769905560732184e+01 1.554589855573192381e+02 6.918489019375103055e+01
1.473042776470903118e+04 1.680795244271797628e+02 8.493261398026544384e+01 1.545080311167899367e+02 6.888274882429040247e+01
1.473089221413172163e+04 1.674384799929301266e+02 8.578488667860754902e+01 1.536421046735364655e+02 6.838561588382746947e+01
1.473136584309852151e+04 1.667020158959007574e+02 8.652578820223615708e+01 1.528633722500226213e+02 6.775828360461100885e+01
1.473180805950022477e+04 1.658629189516868792e+02 8.700384316766445636e+01 1.521011600577828631e+02 6.711906417897388621e+01
1.473228181781551393e+04 1.647930287739628739e+02 8.727980348562748247e+01 1.515822930099500923e+02 6.626864668649621137e+01
1.473275276387600024e+04 1.637204763455817158e+02 8.740643699853796988e+01 1.512801073774048746e+02 6.531541371373278082e+01
1.473316475258544597e+04 1.627795985550621936e+02 8.740418548342204019e+01 1.509900881798841397e+02 6.436129885078887014e+01
1.473357032017695383e+04 1.618117756359445707e+02 8.738735606604429051e+01 1.508998036435829420e+02 6.336538289616082409e+01
1.473398891281328724e+04 1.608450649162477077e+02 8.734877682191334713e+01 1.508017105823591919e+02 6.237038360036305562e+01
1.473435485702316146e+04 1.600121226002656272e+02 8.728150653205797482e+01 1.506680492218598886e+02 6.138019810240528074e+01
1.473474929414644612e+04 1.590882358557645944e+02 8.714647681349543973e+01 1.506512731621787111e+02 6.038050611809408963e+01
1.473519385601272188e+04 1.581010563840088707e+02 8.693553994621130698e+01 1.506797632740672270e+02 5.938097236757121777e+01
1.473559977344783147e+04 1.572229460494992281e+02 8.674095059480420389e+01 1.507038187791327744e+02 5.838359334303984838e+01
1.473602150744615574e+04 1.562950985743404146e+02 8.657407253074566711e+01 1.509026175126498401e+02 5.740380827842247413e+01
1.473648123028059672e+04 1.552922804874247618e+02 8.642216885872650778e+01 1.510246587797816460e+02 5.641243333923404180e+01
1.473690882310405323e+04 1.543500426106228076e+02 8.631407463305960448e+01 1.510319488525053657e+02 5.541302091624611137e+01
1.473732804376310196e+04 1.534222774985836395e+02 8.626143084890328794e+01 1.511061913381191175e+02 5.441751892978894034e+01
1.473778229864205605e+04 1.524341733550512288e+02 8.622697966834897443e+01 1.510138966469597506e+02 5.342215202213287739e+01
1.473820176809051191e+04 1.515034721348545190e+02 8.612865345095517000e+01 1.508752536101987403e+02 5.243391091482084931e+01
1.473863172788110751e+04 1.505231066467580661e+02 8.603351569585798586e+01 1.508936017552146325e+02 5.143465897859395142e+01
1.473906154391478049e+04 1.495312672199391386e+02 8.594007615895533547e+01 1.508170831869450410e+02 5.043769480417742557e+01
1.473949048895546002e+04 1.485348486548557503e+02 8.578396238911687988e+01 1.507236667590663615e+02 4.944354758177141917e+01
1.473990260649728043e+04 1.475759184000631876e+02 8.562353212015665349e+01 1.507581763391972913e+02 4.844483549566539438e+01
1.474032735701377351e+04 1.465771888567173278e+02 8.542097122046070012e+01 1.507025572887233125e+02 4.744655132265494046e+01
1.474079553164304343e+04 1.454840819091236028e+02 8.521031373938247100e+01 1.507148868393221619e+02 4.644802673289257200e+01
1.474125838891479725e+04 1.444630204497943282e+02 8.507799107886607715e+01 1.508358482255893023e+02 4.545820756582089928e+01
1.474170921056531188e+04 1.434645342988335983e+02 8.497463737005132600e+01 1.507764575475550544e+02 4.446067444026826365e+01
1.474220760374024758e+04 1.422977592352472698e+02 8.486326851425398843e+01 1.508125060851090780e+02 4.346132972453678178e+01
1.474270869384812431e+04 1.411493094339072059e+02 8.476234949886945458e+01 1.508188844651250520e+02 4.246286011046547770e+01
1.474315983024032539e+04 1.401035588361084194e+02 8.464877175405089815e+01 1.507089151880546183e+02 4.147105096285491754e+01
1.474360340317945520e+04 1.390749026782598037e+02 8.459795031894375938e+01 1.507489396957665235e+02 4.047282594658412336e+01
1.474404122249454485e+04 1.381070512138477113e+02 8.459854725232136730e+01 1.506667219115223588e+02 3.947648456337010714e+01
1.474447727071954614e+04 1.371455864076721980e+02 8.455988250310984711e+01 1.505433161548272665e+02 3.848523616595457497e+01
1.474490766777633689e+04 1.361900093715672142e+02 8.451735735280418282e+01 1.505284739961257685e+02 3.748576009611171145e+01
1.474533710045813314e+04 1.352807390522249875e+02 8.442653797652457115e+01 1.504418402275955486e+02 3.648952968664323038e+01
1.474579894242941555e+04 1.343170855145083920e+02 8.427310439424695687e+01 1.504000962842593765e+02 3.549411654613760447e+01
1.474625825465423986e+04 1.333716511295488942e+02 8.414452081038402298e+01 1.505572817839700690e+02 3.450799946434398890e+01
1.474669914974672611e+04 1.324245977071500420e+02 8.400502349789779544e+01 1.505891571443731891e+02 3.350886019108892100e+01
1.474714407327287699e+04 1.314689086184075393e+02 8.385897381038648746e+01 1.506999978745285489e+02 3.251546504362217149e+01
1.474756808144627030e+04 1.307724800759590096e+02 8.378056687599986674e+01 1.508568993748130254e+02 3.153055653982153927e+01
1.474842340373890511e+04 1.309959251778406326e+02 8.368558133885552763e+01 1.507092607902817178e+02 3.061150620212846363e+01
1.474972919377068320e+04 1.327824274729193235e+02 8.376630858738516849e+01 1.504779632409830015e+02 3.129871699509703120e+01
1.475027072292848425e+04 1.339468630674360554e+02 8.383942271198327489e+01 1.503965146694600605e+02 3.229509515148789234e+01
1.475074838309473125e+04 1.350289882460974127e+02 8.391714613997770300e+01 1.504202064826211540e+02 3.329305990897029943e+01
1.475121949249353747e+04 1.361139642556834985e+02 8.395492345314555394e+01 1.503930928759958192e+02 3.429188124740153398e+01
1.475165559855736683e+04 1.371432334490636151e+02 8.396107328778633416e+01 1.503728825251870092e+02 3.529158602113294307e+01
1.475205688524319157e+04 1.381033706710530566e+02 8.394281712383563843e+01 1.504531189725664717e+02 3.628729633825116707e+01
1.475246367107682090e+04 1.390731768677964055e+02 8.392041101819994253e+01 1.505764815760624060e+02 3.727960614784908699e+01
1.475285957671246979e+04 1.400048597967339958e+02 8.392327048754115992e+01 1.507446491419656525e+02 3.826516681943598286e+01
1.475325836621734743e+04 1.409416108296743460e+02 8.395639151600276762e+01 1.508810149266805922e+02 3.925561362626972794e+01
1.475367285727452509e+04 1.419172188762443341e+02 8.399741894087000560e+01 1.509299480340428943e+02 4.025369683376565177e+01
1.475407948614218731e+04 1.428884684627852266e+02 8.402501377784727765e+01 1.509499239512738029e+02 4.125348411925302372e+01
1.475449036303103821e+04 1.438501645801836730e+02 8.405334271261403956e+01 1.509898308013300721e+02 4.225262825388891486e+01
1.475490950311952656e+04 1.446129408717059448e+02 8.416144789626933687e+01 1.510232160141717088e+02 4.325205442724007554e+01
1.475538775056062514e+04 1.449345446268363276e+02 8.431173977766216865e+01 1.510110893944313659e+02 4.425176635601138031e+01
1.475655355377257729e+04 1.437660577826373753e+02 8.410556938395660609e+01 1.510997909380841122e+02 4.376982303038622746e+01
1.475712570083589344e+04 1.426109508602419567e+02 8.397096935686934671e+01 1.511414296290710126e+02 4.277307355165466163e+01
1.475764369212336351e+04 1.414682492934774700e+02 8.381896236970088410e+01 1.511403857845403422e+02 4.177307511356252689e+01
1.475812278591649738e+04 1.406142159829647085e+02 8.364394951038183024e+01 1.511731346834482110e+02 4.077377924059428693e+01
1.475860926693314468e+04 1.402839442010041466e+02 8.349060028715986448e+01 1.509343668260877394e+02 3.981413177110756152e+01
1.476016899320206721e+04 1.421823496363276433e+02 8.318578079540330350e+01 1.509520148926892205e+02 4.044913860601420907e+01
1.476066860468541381e+04 1.432067770465131105e+02 8.322602508728593307e+01 1.509511277219427825e+02 4.144003345517232617e+01
1.476108905829021023e+04 1.442155687708782352e+02 8.326183303099890054e+01 1.509117299872266926e+02 4.243669569236698180e+01
1.476147530328858375e+04 1.452262288928604903e+02 8.325069081699983542e+01 1.509309827298503990e+02 4.343650222459702093e+01
1.476182442478139637e+04 1.461926230416207773e+02 8.320285078353107622e+01 1.509111621284438058e+02 4.443581184546385998e+01
1.476217780195318664e+04 1.471675050081468328e+02 8.317256584198769076e+01 1.509645239942530850e+02 4.543038295625742506e+01
1.476251656430145704e+04 1.480967020202212439e+02 8.315606116995714103e+01 1.511131429728109197e+02 4.641916933053260408e+01
1.476286494398167633e+04 1.490839431117172751e+02 8.316318253798218052e+01 1.511907056870572603e+02 4.741338274878149406e+01
1.476324317189923204e+04 1.501358935643124823e+02 8.320606050517093877e+01 1.512052228936739766e+02 4.841327523766370433e+01
1.476360427263825477e+04 1.510768871022668804e+02 8.326454731185268088e+01 1.512714415861584882e+02 4.941010481159624135e+01
1.476397595977321362e+04 1.520445336005412003e+02 8.337891125239970336e+01 1.512639404633573577e+02 5.040514055423944484e+01
1.476435395007306579e+04 1.529888582784121525e+02 8.355913315970937560e+01 1.511363431430901016e+02 5.139654310095993139e+01
1.476472409729937135e+04 1.538509255991343707e+02 8.376563771451861840e+01 1.510073145857328427e+02 5.238795615355648749e+01
1.476512052257007963e+04 1.548235451275209869e+02 8.399428616348235721e+01 1.508717536813870765e+02 5.337847389523367525e+01
1.476552561874033199e+04 1.558299682032580904e+02 8.422031184440407969e+01 1.506604459944905443e+02 5.435458165138068409e+01
1.476593945094010996e+04 1.567673141134092987e+02 8.440925663224609821e+01 1.504631070610564905e+02 5.533354804896265478e+01
1.476638292231523519e+04 1.576911361498461019e+02 8.451981414729586106e+01 1.503471984873820020e+02 5.632627193892871276e+01
1.476681915808160375e+04 1.586258086736575592e+02 8.444927551638055263e+01 1.503569189125221328e+02 5.732257486610003383e+01
1.476722630619488518e+04 1.595979518200230984e+02 8.424527300838586541e+01 1.505806990662227349e+02 5.828924093372089033e+01
1.476764447017788007e+04 1.606808070591408182e+02 8.401571963922451403e+01 1.508796826529054158e+02 5.924306782252928372e+01
1.476806074950358925e+04 1.617460690291917444e+02 8.382727544731268665e+01 1.510951389411576145e+02 6.021811798207998123e+01
1.476845633370492396e+04 1.627200032749460945e+02 8.366542996489948791e+01 1.513235266322688233e+02 6.119027913770818117e+01
1.476887730827145424e+04 1.637688411597675611e+02 8.350617520948350148e+01 1.516152381533256346e+02 6.214663281863831656e+01
1.476930303634317715e+04 1.647971486958483354e+02 8.348542472035863682e+01 1.517934699270802525e+02 6.312408191543162417e+01
1.476971375659499427e+04 1.657332584190791067e+02 8.366160096476068020e+01 1.518701468641179702e+02 6.412112844474603435e+01
1.477013751783374755e+04 1.667323099945027423e+02 8.400522159663024979e+01 1.517929083461285700e+02 6.510960722217456009e+01
1.477053786454246620e+04 1.676381304842356599e+02 8.446711579661359792e+01 1.514500741298624007e+02 6.603865933847886538e+01
1.477092124919987691e+04 1.684156521910128959e+02 8.500739206035430584e+01 1.510206770936720204e+02 6.694142988913033321e+01
1.477131123340860540e+04 1.692327939196963484e+02 8.559622012604992847e+01 1.505524757317062381e+02 6.782326695795670446e+01
1.477169079876838987e+04 1.700693844325735995e+02 8.619486152231135634e+01 1.499822569207559582e+02 6.864245921170588360e+01
1.477208414948844984e+04 1.709253636606623274e+02 8.677761821804863018e+01 1.493782920749822836e+02 6.943940226031456575e+01
1.477247556774959048e+04 1.717561031932624758e+02 8.720138505066273638e+01 1.488065588449321410e+02 7.025942040721500348e+01
1.477285296549172199e+04 1.725715730155371261e+02 8.743491438930733750e+01 1.482776217846063105e+02 7.110772327016219663e+01
1.477326167071709460e+04 1.735006969823764678e+02 8.754391526791135902e+01 1.479586108749222149e+02 7.203951165585988292e+01
1.477367680520692738e+04 1.743932270055488800e+02 8.751057600451491680e+01 1.478553014147433942e+02 7.303190990023635720e+01
1.477412832197926036e+04 1.752417546735786686e+02 8.731645987571643275e+01 1.478810575602543622e+02 7.402968201966321260e+01
1.477469622251776491e+04 1.762403565272472576e+02 8.705969488788434774e+01 1.481912100100136911e+02 7.495913499362478660e+01
1.477568744559024344e+04 1.769548448067031643e+02 8.630380369816856501e+01 1.488114804408132272e+02 7.572768496093030421e+01
1.477757972235542184e+04 1.766849164588744259e+02 8.599956555872114450e+01 1.494042989678359277e+02 7.525219602914081918e+01
1.480620456191565791e+04 1.777921832805886027e+02 8.409104175924269953e+01 1.492939204535705642e+02 7.585497683514617506e+01
1.480695533305155732e+04 1.781286055273459112e+02 8.474993980856098119e+01 1.484630056771258069e+02 7.629026320078787649e+01
1.480761129136117052e+04 1.786975955013817838e+02 8.516854412126598106e+01 1.476731860733177371e+02 7.688262118392187006e+01
1.480829866604608287e+04 1.795862769258641265e+02 8.549633625745590848e+01 1.471541122629805614e+02 7.772558276394579480e+01
1.480888350324147541e+04 1.806413655630842641e+02 8.549488617093935261e+01 1.469116960189032852e+02 7.868928227981302825e+01
1.480937867657225434e+04 1.815815504244712884e+02 8.523825260250106339e+01 1.469628262947419444e+02 7.968169479990092441e+01
1.480982701352742697e+04 1.824304117158116583e+02 8.477956431069524967e+01 1.470681991382159310e+02 8.067612659053328628e+01
1.481026293852000163e+04 1.832882929580461848e+02 8.420179143011574752e+01 1.474316673328067679e+02 8.160019137197699024e+01
1.481068748068578134e+04 1.841271063565043846e+02 8.352940802746675786e+01 1.478899995012222632e+02 8.248870436383943172e+01
1.481107908467339439e+04 1.848921466097455379e+02 8.282251889818824964e+01 1.483438726608518721e+02 8.337974673361435407e+01
1.481146441895101452e+04 1.856818145603450887e+02 8.217158903196832398e+01 1.489145533931258569e+02 8.419863235835560999e+01
1.481185676956069074e+04 1.865769016170541761e+02 8.162194331704451145e+01 1.494604680113421580e+02 8.503609481554339311e+01
1.481222672461617003e+04 1.875048004283529792e+02 8.119766715248307776e+01 1.498530560978516348e+02 8.595316708888789492e+01
1.481260929691653473e+04 1.884976576854632810e+02 8.084930210310950827e+01 1.502040664903674383e+02 8.688951364213144757e+01
1.481298152659091465e+04 1.894430556288321554e+02 8.055237896987515001e+01 1.505041264071722651e+02 8.784318281702556419e+01
1.481335469116367494e+04 1.903867993318613401e+02 8.033186053437620444e+01 1.506440490875219780e+02 8.883117059505526925e+01
1.481374397277717253e+04 1.913734462399601739e+02 8.018643810477423983e+01 1.507353205684636066e+02 8.982695488406353945e+01
1.481410815952013945e+04 1.923032052900745157e+02 8.006158260121519277e+01 1.508205738959760538e+02 9.082331376458203920e+01
1.481448315844314129e+04 1.932918642062581398e+02 7.989086245732879377e+01 1.508125076542006298e+02 9.182251148275740604e+01
1.481486037892801505e+04 1.942779288454592859e+02 7.971378002616849301e+01 1.508376089066852899e+02 9.282197649869925726e+01
1.481520190719145648e+04 1.951599505882666108e+02 7.960384834746692206e+01 1.509521688707012572e+02 9.381481475575999696e+01
1.481557224414457050e+04 1.961621510092465996e+02 7.947353021450479105e+01 1.509730870089366022e+02 9.481358381606253261e+01
1.481595530745733777e+04 1.972307616488401152e+02 7.930031656918018257e+01 1.509503727337209682e+02 9.581327194759892052e+01
1.481632384500723674e+04 1.982530345450412028e+02 7.912819099118625843e+01 1.509827767571568131e+02 9.681244218040704652e+01
1.481669755681597053e+04 1.992813808074747044e+02 7.895071984270849441e+01 1.510312602125397348e+02 9.781126322216745450e+01
1.481706276086798243e+04 2.002810782305964779e+02 7.881155327055328996e+01 1.510444779996511784e+02 9.881106272036561222e+01
1.481744139319992428e+04 2.013044627111652858e+02 7.869663745036439195e+01 1.510869472826622086e+02 9.981005227490931020e+01
1.481780670028089844e+04 2.022503080660521277e+02 7.858083308432406966e+01 1.511301155454867455e+02 1.008091175912583992e+02
1.481819907854927806e+04 2.032464387520048206e+02 7.851482995182975344e+01 1.511081371042019157e+02 1.018085240572043659e+02
1.481863680170959015e+04 2.043116826783682143e+02 7.853813133980348482e+01 1.510857281653124176e+02 1.028082634850183439e+02
1.481905435641172153e+04 2.052587711352361737e+02 7.857256494479838693e+01 1.510742876024249597e+02 1.038081908740646782e+02
1.481948819068251578e+04 2.062064054398895507e+02 7.856652426595962879e+01 1.509874619227455526e+02 1.048039153245881039e+02
1.481997968587043215e+04 2.071997061102559883e+02 7.859497482251273937e+01 1.510256626434257896e+02 1.058016307984479170e+02
1.482048217212414784e+04 2.081519752864959116e+02 7.861645106699553764e+01 1.510514312946523603e+02 1.068011989735323368e+02
1.482099329652631059e+04 2.091354300187198589e+02 7.867599585234788151e+01 1.509268947959870957e+02 1.077917623366290627e+02
1.482150760166996952e+04 2.101220602371600421e+02 7.880191749998753892e+01 1.508300768068721709e+02 1.087868664019848808e+02
1.482199679949300480e+04 2.109704924434822715e+02 7.885976419791109038e+01 1.505961176874500325e+02 1.097574699486338403e+02
1.482254044642301778e+04 2.115349924503275076e+02 7.903829413763787670e+01 1.504581740657172304e+02 1.107468493248180863e+02
1.482410745119645253e+04 2.107530144754255730e+02 7.906392579997046255e+01 1.505069721491866517e+02 1.110288238287685942e+02
1.482506060382694523e+04 2.094996355325848185e+02 7.888828813898874159e+01 1.505716669561728338e+02 1.100364983784712507e+02
1.482562476619150584e+04 2.083774251992669519e+02 7.897147915479213509e+01 1.506820609696320332e+02 1.090502193836403819e+02
1.482609465406259551e+04 2.073383255145808448e+02 7.914727833932042245e+01 1.506460117500453464e+02 1.080510344663112363e+02
1.482654822547162439e+04 2.062797138162702026e+02 7.935855134090760998e+01 1.505965863322626603e+02 1.070533290326905700e+02
1.482700655395845752e+04 2.052204161688776196e+02 7.958527122238773188e+01 1.504314249811839943e+02 1.060697894419920004e+02
1.482742985519423382e+04 2.042454158924016951e+02 7.970845016972781139e+01 1.502073727786263362e+02 1.050960660931885258e+02
1.482785489261792100e+04 2.032317925121538735e+02 7.969169922842027631e+01 1.500502779588512396e+02 1.041087168243586234e+02
1.482828730662039925e+04 2.021801699255028666e+02 7.959421118455564681e+01 1.499663675106048117e+02 1.031139548971530928e+02
1.482868884531365075e+04 2.011762343504396426e+02 7.952588518163209130e+01 1.500401679345119987e+02 1.021223527239734779e+02
1.482908170610752859e+04 2.001954286078277221e+02 7.947557656712089624e+01 1.502418055154034562e+02 1.011429026481232540e+02
1.482948908937691158e+04 1.992413087642187861e+02 7.944266589168314852e+01 1.503529178823036716e+02 1.001546671852722312e+02
1.482989307322126115e+04 1.983285749106772471e+02 7.946867878197072343e+01 1.503563875349588841e+02 9.915499919135484674e+01
1.483032387770870082e+04 1.973409173418378941e+02 7.952734401436120493e+01 1.503446509663683344e+02 9.815663869752054893e+01
1.483076041868168795e+04 1.963299712855561268e+02 7.958835391414672245e+01 1.502374856664207528e+02 9.716296016603443775e+01
1.483115729942182952e+04 1.953764031598047382e+02 7.965738211642039346e+01 1.501452643542261569e+02 9.616944138814747589e+01
1.483156279156453093e+04 1.943630922243471559e+02 7.971224312774513976e+01 1.501207491946661321e+02 9.516984695334856781e+01
1.483196944354355037e+04 1.933641427133181878e+02 7.972352881639484679e+01 1.500757143371799600e+02 9.417086872136363240e+01
1.483235528735568005e+04 1.924313111026919785e+02 7.970552067455764700e+01 1.500900607593536336e+02 9.317390500472161818e+01
1.483276749053920139e+04 1.914424071860059939e+02 7.967453386504195123e+01 1.501970298096408385e+02 9.217964344133267218e+01
1.483318938005440396e+04 1.904628939994213681e+02 7.966617815995108742e+01 1.502763425061055500e+02 9.118339970933962491e+01
1.483359359794497323e+04 1.895342859078131426e+02 7.975948255405195653e+01 1.503100796498424643e+02 9.018398230256343595e+01
1.483402368732933974e+04 1.885515140952434479e+02 8.001492213040188517e+01 1.502723938972244753e+02 8.918771797431918458e+01
1.483445813759336852e+04 1.876188058681144355e+02 8.039891410950488648e+01 1.500658949911964442e+02 8.821368178458598663e+01
1.483486724919492735e+04 1.868030608371887240e+02 8.086126745135686633e+01 1.497288769886129671e+02 8.727264809548415769e+01
1.483529385884215662e+04 1.859730426770256315e+02 8.144496767025445649e+01 1.492957634246322982e+02 8.637516677131290521e+01
1.483572158842841600e+04 1.851885728793102146e+02 8.209539877874784963e+01 1.487372653240556701e+02 8.554739371648909696e+01
1.483610717810923234e+04 1.846140675564530795e+02 8.276066984180425834e+01 1.481461977987914622e+02 8.474123725037827626e+01
1.483650405182693794e+04 1.841743705859893794e+02 8.356614746905025015e+01 1.475143887225861761e+02 8.397282251219910165e+01
1.483692152815581539e+04 1.837997180482963984e+02 8.447525091850987167e+01 1.467304180743937536e+02 8.336346139407979194e+01
1.483730896414846029e+04 1.835589438498076618e+02 8.534699482610511723e+01 1.458636171707680376e+02 8.286481036130285815e+01
1.483770612607726252e+04 1.834261395579729026e+02 8.627790821926738829e+01 1.449679868140614190e+02 8.242616335914298986e+01
1.483810994463601492e+04 1.833364272848067742e+02 8.722266211137974778e+01 1.440099717273311342e+02 8.216574221777352705e+01
1.483848428077523386e+04 1.832884881425659955e+02 8.809327293700209793e+01 1.430232646619743662e+02 8.200702283131174397e+01
1.483889250609460942e+04 1.832920833274873189e+02 8.904175696998902367e+01 1.420406027598673120e+02 8.182218881055121074e+01
1.483932034168910468e+04 1.833347970041253916e+02 8.999709707119869506e+01 1.410486381513575509e+02 8.173278770731359089e+01
1.483972794106346191e+04 1.834047823619869177e+02 9.088922809460464691e+01 1.400486719509642626e+02 8.173933928294178486e+01
1.484017073566664294e+04 1.835088110107957107e+02 9.186989772345907568e+01 1.390490056116528024e+02 8.175709579912759750e+01
1.484062230215747513e+04 1.836468990237613923e+02 9.285754569009495185e+01 1.380555882158413965e+02 8.185238287292685300e+01
1.484105518291366570e+04 1.837980622315361643e+02 9.379240435462919834e+01 1.370636181039779729e+02 8.196169646589892466e+01
1.484152448278959491e+04 1.839292132996964995e+02 9.483884573415942043e+01 1.360644761971744856e+02 8.200301333680856430e+01
1.484200803255390929e+04 1.840205282575384160e+02 9.593165458159701586e+01 1.350701943793163480e+02 8.209543480885419342e+01
1.484247319998672538e+04 1.841287759755949196e+02 9.695308852015169521e+01 1.340765785423178613e+02 8.217703751773510135e+01
1.484292620937719039e+04 1.842512162340509008e+02 9.795470131309689066e+01 1.330773242054743548e+02 8.220030014638628302e+01
1.484336496916006035e+04 1.843278393628225444e+02 9.894332625138713411e+01 1.320783458586662960e+02 8.224214364912769781e+01
1.484380210579644518e+04 1.843475577559618159e+02 9.993049280992892136e+01 1.310799469492048104e+02 8.221857475613322208e+01
1.484423648598370710e+04 1.843738421431654899e+02 1.009264585782870682e+02 1.300817485649893115e+02 8.217991183404291178e+01
1.484466067081736037e+04 1.844516758551477267e+02 1.019026667412113767e+02 1.290818564139562454e+02 8.219432758876827450e+01
1.484508639617446715e+04 1.845484005404612446e+02 1.028488330608304295e+02 1.280821664392723278e+02 8.218961300548666316e+01
1.484551207435810829e+04 1.846753196193660926e+02 1.037806772870551839e+02 1.270858000786288358e+02 8.222733869492351744e+01
1.484594658445107962e+04 1.849038672231604323e+02 1.046683178176650131e+02 1.260937730249757891e+02 8.235327435682623332e+01
1.484640255748081472e+04 1.851831128662827268e+02 1.054942304986212775e+02 1.251058466468396801e+02 8.250627811908017861e+01
1.484690108043489090e+04 1.853189006885615697e+02 1.063272387046067280e+02 1.241675613764768684e+02 8.281682617147440340e+01
1.484745962095255527e+04 1.853207888483434260e+02 1.072905072374584705e+02 1.232472956078533457e+02 8.294716954323349967e+01
1.484808121234013015e+04 1.852610054448492747e+02 1.083383819592649928e+02 1.222698168356002952e+02 8.274885594643453146e+01
1.484879617610027162e+04 1.851075219188717824e+02 1.092214376915133727e+02 1.212757268006029108e+02 8.264214980203749406e+01
1.485256139421256739e+04 1.853637363544721950e+02 1.093869548270988901e+02 1.206280922042233357e+02 8.307031822312458758e+01
1.485379153926165236e+04 1.849177777556269291e+02 1.085167846910250802e+02 1.215609607510139796e+02 8.282413819032143465e+01
1.485443658541198056e+04 1.846546475541991015e+02 1.075224633099229976e+02 1.225261332441310884e+02 8.256428981350276786e+01
1.485499857626222365e+04 1.843744946105201166e+02 1.066087277579357391e+02 1.234895085010055169e+02 8.230608061210025994e+01
1.485628924692837609e+04 1.854298760882628017e+02 1.064855868273655659e+02 1.240832804006218595e+02 8.234003561730237664e+01
1.485716659156801688e+04 1.866960143004336032e+02 1.069838321197173201e+02 1.234610280468895240e+02 8.310264252937967910e+01
1.485776820760861665e+04 1.874563553385196144e+02 1.073087679323676298e+02 1.230338651387558997e+02 8.400152386764651169e+01
1.485883811569494173e+04 1.880155797470059724e+02 1.074872837020975425e+02 1.225924251275923780e+02 8.489870765514443463e+01
1.486365656175966615e+04 1.868967564073126653e+02 1.070109528436337882e+02 1.228295450225367915e+02 8.450495695554104714e+01
1.486466131798745664e+04 1.860266017860239742e+02 1.062453282226967843e+02 1.233495899248238175e+02 8.366456586554740227e+01
1.486514907783663330e+04 1.853200985801947240e+02 1.053911067247693438e+02 1.240551093785645378e+02 8.296034491696681812e+01
1.486558676997987459e+04 1.847179188287833256e+02 1.045246921845729418e+02 1.248499339761918918e+02 8.235570081049280589e+01
1.486600252050264498e+04 1.842043798171702633e+02 1.036361934120921120e+02 1.257142363639329119e+02 8.185585012707755936e+01
1.486639297805729620e+04 1.838272702399861203e+02 1.027472878824381723e+02 1.265961585166106858e+02 8.138445519729442879e+01
1.486678864319597960e+04 1.835434956723278503e+02 1.018270869177684688e+02 1.275189975942932108e+02 8.100366386547129594e+01
1.486720845726950938e+04 1.833049888446859086e+02 1.008793207098738947e+02 1.284894956849774132e+02 8.077343099066426646e+01
1.486762704632860368e+04 1.831167579769462179e+02 9.995728449272121452e+01 1.294727360126199187e+02 8.059118078091829318e+01
1.486805589821955618e+04 1.829289477102657884e+02 9.902364230600018402e+01 1.304589562251558164e+02 8.042595173096415806e+01
1.486847917120233251e+04 1.826939838543154337e+02 9.810579145665953149e+01 1.314520996043162029e+02 8.031220981475473764e+01
1.486888454766002724e+04 1.824417057578873766e+02 9.722999794689732767e+01 1.324373464316583977e+02 8.014565201981551468e+01
1.486928228872280670e+04 1.821773922698984620e+02 9.637530995756435459e+01 1.334049745350385479e+02 7.989578779429197652e+01
1.486967594988114433e+04 1.818404619101992523e+02 9.553343207724996944e+01 1.343768876323212282e+02 7.966133918247346912e+01
1.487008534642994164e+04 1.814382807670040165e+02 9.465959483142519559e+01 1.353335655253504513e+02 7.937272552375075918e+01
1.487049335395367598e+04 1.810391237042178147e+02 9.380430196467212056e+01 1.362415597384671173e+02 7.895856015998408850e+01
1.487087295785259812e+04 1.806131061072366890e+02 9.302693291133137166e+01 1.371675898218390159e+02 7.858366158851512751e+01
1.487126642937396173e+04 1.801001083475222799e+02 9.223721891126392336e+01 1.380971786017656200e+02 7.821518312188693756e+01
1.487163397600316057e+04 1.796212585482918200e+02 9.150898050224706992e+01 1.389861344254183564e+02 7.775988368507522353e+01
1.487198550718381739e+04 1.791248612136431859e+02 9.081847799280743061e+01 1.398792226022323177e+02 7.731038685799487098e+01
1.487235070424139849e+04 1.785612878713458826e+02 9.013821362581424523e+01 1.407749044343645721e+02 7.686569861752892052e+01
1.487271227698435723e+04 1.779972316851567484e+02 8.949725931869421913e+01 1.416103107128948295e+02 7.631970514612028467e+01
1.487308801606467023e+04 1.774074521761498318e+02 8.885325028286015936e+01 1.424129376525582131e+02 7.572338535621706512e+01
1.487346781352190737e+04 1.767777478889802296e+02 8.820929989974770535e+01 1.432280282369390818e+02 7.514425557498195474e+01
1.487385794846918179e+04 1.761500884583986419e+02 8.754158592045678233e+01 1.440171656751222145e+02 7.453065561753147961e+01
1.487424047027595589e+04 1.755797312301660895e+02 8.689205433468400486e+01 1.447955964158867062e+02 7.390292714529668672e+01
1.487460254664308741e+04 1.749887476858761772e+02 8.628776937980910589e+01 1.455971297786437333e+02 7.330533563660151231e+01
1.487499675487501008e+04 1.742690395277566893e+02 8.565157022716614676e+01 1.463925675996233053e+02 7.269940737254235330e+01
1.487537310592543326e+04 1.735977823362067056e+02 8.504824108457640364e+01 1.471341420384864875e+02 7.202980097487309763e+01
1.487574438360330714e+04 1.729356904935980879e+02 8.442909208024649104e+01 1.478920232816648763e+02 7.137786320980859500e+01
1.487614094381064388e+04 1.722689817734344331e+02 8.373352435828741136e+01 1.486826754366717864e+02 7.076594009550015585e+01
1.487652859725163216e+04 1.717319666133950875e+02 8.301233166492131943e+01 1.494537411310127197e+02 7.012957208164672807e+01
1.487695066479708476e+04 1.713001885018027792e+02 8.214096827165869286e+01 1.502855312404947483e+02 6.957784124530174097e+01
1.487741639364253024e+04 1.710141427076871423e+02 8.113318418780930585e+01 1.512167007152037570e+02 6.922713030013477464e+01
1.487787036018092112e+04 1.708821896165165697e+02 8.016066047002031780e+01 1.521854843200875962e+02 6.898110489419505598e+01
1.487836297544021545e+04 1.708025800267653267e+02 7.910809028658719910e+01 1.531778169794007169e+02 6.887571065079316668e+01
1.487888793664154946e+04 1.707804772995639269e+02 7.799523811204660717e+01 1.541772733735606096e+02 6.885727651619917822e+01
1.487939648852949176e+04 1.707753432164246021e+02 7.692478015509205136e+01 1.551772710958213111e+02 6.885625305245774541e+01
1.487987989385995752e+04 1.706878260429085117e+02 7.590406272798813347e+01 1.561767404894357014e+02 6.888536352229283466e+01
1.488032523011671947e+04 1.705969563201329890e+02 7.497218852529566391e+01 1.571739094880826428e+02 6.882699858259964287e+01
1.488077993470885303e+04 1.705133609585512033e+02 7.400424692945115623e+01 1.581730389860602486e+02 6.879264768819591325e+01
1.488122209949835269e+04 1.703898277532501879e+02 7.304780899121647053e+01 1.591719082930075899e+02 6.874653578399764342e+01
1.488162612313668251e+04 1.702751466842801165e+02 7.215796924007723590e+01 1.601622390628928088e+02 6.861370866675132163e+01
1.488204456698086688e+04 1.701704944418671914e+02 7.121326354137544001e+01 1.611584003553911373e+02 6.853378177946053995e+01
1.488245128557328826e+04 1.700753134654655980e+02 7.027264457771528328e+01 1.621571464764302561e+02 6.848411436480036230e+01
1.488285038405538944e+04 1.700685168152620292e+02 6.933024241700034906e+01 1.631538419579049730e+02 6.840449315414596754e+01
1.488325497291709144e+04 1.700900531793723189e+02 6.839007940485262793e+01 1.641524495303387994e+02 6.842049353626106267e+01
1.488363927847958803e+04 1.700802664687361982e+02 6.753168729558788641e+01 1.651452983917863833e+02 6.853446416926094287e+01
1.488404972241346331e+04 1.700360938381121798e+02 6.661464954306624975e+01 1.661417079749067227e+02 6.861563367256847812e+01
1.488447051648118213e+04 1.699282329080355680e+02 6.565615754534024973e+01 1.671410916717054818e+02 6.861238057378082544e+01
1.488486966742133882e+04 1.697344735244851393e+02 6.476338882621625714e+01 1.681403418833573937e+02 6.857460883986452416e+01
1.488527946054104541e+04 1.695115498284416162e+02 6.388795485230640736e+01 1.691291723467076622e+02 6.843342450119743603e+01
1.488569045497912339e+04 1.693075461066314631e+02 6.302478922396229422e+01 1.701117043887265368e+02 6.824763105152928233e+01
1.488609823906082966e+04 1.690594508059759562e+02 6.215070372651845076e+01 1.710994912956305143e+02 6.809278223118559481e+01
1.488653460483504023e+04 1.688211024939269009e+02 6.123163676014422663e+01 1.720778275467234266e+02 6.788768368399560416e+01
1.488698779178385485e+04 1.686580532083803519e+02 6.029872727722256087e+01 1.730483759976339400e+02 6.764702454685568966e+01
1.488742760411242671e+04 1.685267688179727941e+02 5.936733216726372575e+01 1.740346578019342871e+02 6.748722956880213530e+01
1.488788195088910288e+04 1.684518796086306054e+02 5.841093697021126729e+01 1.750252926302021592e+02 6.735070516007728259e+01
1.488834293656010232e+04 1.684254215440733446e+02 5.746437596113850077e+01 1.760219952710497751e+02 6.727459821917062754e+01
1.488876971816251898e+04 1.683592875194417218e+02 5.660582545781431918e+01 1.770215705825449959e+02 6.727373649360529839e+01
1.488921163247742334e+04 1.682766372348216350e+02 5.569918963747706897e+01 1.780172609207383232e+02 6.719222111727115987e+01
1.488966734172932775e+04 1.682460049495711871e+02 5.475014341932767792e+01 1.790093074790604533e+02 6.706681896637181239e+01
1.489010379216823276e+04 1.682679729937401021e+02 5.387945401996707062e+01 1.800070751156657423e+02 6.700938375483785592e+01
1.489055721252714284e+04 1.684369024153102714e+02 5.300932295989387910e+01 1.810061678014701840e+02 6.703723658142281749e+01
1.489101179278972995e+04 1.688300047591148427e+02 5.218130324917083129e+01 1.819850743066546386e+02 6.722928595085868153e+01
1.489146299514439670e+04 1.694658180543064816e+02 5.144156107743743434e+01 1.828711757550917412e+02 6.767929241013057151e+01
1.489192321187271773e+04 1.703066155040230569e+02 5.089527445392973704e+01 1.836319849668109327e+02 6.832321785875144826e+01
1.489243977419641669e+04 1.713116923881244134e+02 5.045512792987351958e+01 1.841867049743952691e+02 6.914853038046182121e+01
1.489294411730509455e+04 1.723013990883543727e+02 5.011933930040531493e+01 1.844317029667397492e+02 7.010982402124491841e+01
1.489340036782979587e+04 1.732244055507001406e+02 4.988517476445610299e+01 1.846339434563486748e+02 7.108915450068425912e+01
1.489388051784941308e+04 1.742586368171533024e+02 4.962075699527389361e+01 1.847708838541517196e+02 7.207933568675348113e+01
1.489432042122199346e+04 1.752769227042788316e+02 4.941200999704505392e+01 1.848481959683283833e+02 7.307614119527123364e+01
1.489471797787603282e+04 1.761972927173831351e+02 4.932636810059419474e+01 1.849785823914475884e+02 7.406727502565669852e+01
1.489512007226967944e+04 1.770889708158669862e+02 4.922693850270941596e+01 1.850242890281038797e+02 7.506544840913667826e+01
1.489551316668000254e+04 1.779689133011034130e+02 4.913022620916811434e+01 1.849845337957964944e+02 7.606425256701604098e+01
1.489592219286610271e+04 1.788897297417720154e+02 4.911342110352676826e+01 1.849912346509755707e+02 7.706394459649085604e+01
1.489635234097759894e+04 1.798281847165818021e+02 4.905504668431305504e+01 1.850238635425739915e+02 7.806339028282960157e+01
1.489677589291369077e+04 1.807823597684709114e+02 4.893491248046256459e+01 1.849634567687771209e+02 7.906079168021091164e+01
1.489722285248387016e+04 1.817910812226864721e+02 4.894303872526553079e+01 1.849545632056608611e+02 8.006037049657132343e+01
1.489764513838041785e+04 1.826999731068344488e+02 4.897458550319292669e+01 1.849236834971636370e+02 8.105980186868178805e+01
1.489803833988483348e+04 1.835622697202977633e+02 4.900080108784530353e+01 1.847548298254918393e+02 8.204394996977841004e+01
1.489850080257246555e+04 1.844937094726136877e+02 4.933041620620438295e+01 1.845269210616119722e+02 8.301751135399068460e+01
1.489895705896925938e+04 1.852326103504270520e+02 4.986155762926652102e+01 1.842206470378304175e+02 8.396896950306468455e+01
1.489939116581322378e+04 1.857991045226938525e+02 5.051210639726956231e+01 1.836142085918668272e+02 8.475276480950996927e+01
1.489988937603164050e+04 1.861195886728514495e+02 5.144550320787659103e+01 1.828004798932449830e+02 8.532629607563592344e+01
1.490040125861615525e+04 1.860295071985550805e+02 5.230528622348446532e+01 1.818801841300477804e+02 8.571139820881154492e+01
1.490094638424457116e+04 1.857290517791474826e+02 5.327570278063484466e+01 1.809486110024765821e+02 8.543817954936309889e+01
1.490159964538825443e+04 1.853738981904329250e+02 5.434223137172010354e+01 1.799710702384558658e+02 8.523521862406614957e+01
1.490236321037901689e+04 1.849896202484779621e+02 5.558379951003297492e+01 1.789867997532837762e+02 8.505857054224831870e+01
1.490303529854789667e+04 1.849034284159658341e+02 5.671862511041212684e+01 1.779885692561203996e+02 8.502192380108452596e+01
1.490379570270541262e+04 1.847954347413918583e+02 5.793340118055684940e+01 1.769893481968698268e+02 8.498292310440577069e+01
1.490444834100445587e+04 1.850695734014988432e+02 5.901805585996131498e+01 1.759939683762498248e+02 8.506901334967068351e+01
1.490484821161277250e+04 1.852485384765568028e+02 5.968423114410074248e+01 1.750961065048694820e+02 8.549599348897680784e+01
1.490536559464355014e+04 1.856040586838319655e+02 6.056044911094995342e+01 1.741546922616329880e+02 8.583057496580654799e+01
1.490587496442377233e+04 1.860048020374172495e+02 6.135346411718740001e+01 1.732255703353403646e+02 8.620001667073472618e+01
1.490633223606576212e+04 1.862993928542910851e+02 6.208540011251528057e+01 1.724108985049799685e+02 8.677583783688642427e+01
1.490686750369373294e+04 1.865267799163540303e+02 6.309917788782999537e+01 1.714612451007309630e+02 8.707540600389546626e+01
1.490736661693023234e+04 1.866363242479150983e+02 6.401610353479743765e+01 1.704857123943361046e+02 8.729465309047212429e+01
1.490793810900613062e+04 1.867520010999200508e+02 6.503164777459821266e+01 1.695528592219381494e+02 8.765280411137460703e+01
1.490843774022358411e+04 1.867490392143830320e+02 6.596855060845479102e+01 1.685582674582905724e+02 8.759750801839120982e+01
1.490893369636650095e+04 1.866640288425189453e+02 6.690100262860205760e+01 1.675636901129043110e+02 8.749370073759499178e+01
1.490941474835324516e+04 1.864359143274072608e+02 6.783546714757268603e+01 1.665935062607740917e+02 8.725296074891895159e+01
1.490992936781255230e+04 1.862625478885350390e+02 6.887636226578372600e+01 1.656986470589561691e+02 8.680814648738162020e+01
1.491045516261253033e+04 1.862858314421410455e+02 6.988447769918832364e+01 1.647114212676216880e+02 8.665590382488028354e+01
1.491095407882320433e+04 1.863481680412768355e+02 7.084001855595151653e+01 1.637191489483197699e+02 8.677697411504050251e+01
1.491147554058577771e+04 1.864890644069964765e+02 7.191980320892390921e+01 1.627230773599942495e+02 8.686545439801659541e+01
1.491196161851924444e+04 1.866932693952520026e+02 7.295885367677863087e+01 1.617299825552381378e+02 8.698273379584868792e+01
1.491243562368247149e+04 1.869837609936646743e+02 7.400006600823932956e+01 1.607305370054492641e+02 8.701503868938512198e+01
1.491287916876214695e+04 1.872797930480916762e+02 7.498510544779472298e+01 1.597311773997894591e+02 8.705081897243059075e+01
1.491330350690394516e+04 1.875308622740744795e+02 7.592051736595929867e+01 1.587521330715113379e+02 8.725431544525517324e+01
1.491373496454495762e+04 1.877516292186365661e+02 7.686435703342644388e+01 1.577553728707062533e+02 8.733461665898701654e+01
1.491414882272537216e+04 1.879033462394660035e+02 7.773998141255415817e+01 1.567555816887524429e+02 8.735212388550777973e+01
1.491457885707156856e+04 1.879828997635050030e+02 7.863234102065605668e+01 1.557669494652423055e+02 8.750175731521163414e+01
1.491502313646683797e+04 1.880074433448745026e+02 7.956802445567704751e+01 1.547672894665023478e+02 8.748543421092325900e+01
1.491543895053134474e+04 1.880000794096455081e+02 8.047063409129627587e+01 1.537854002563571498e+02 8.729599313933094606e+01
1.491588534593411714e+04 1.878913700614665743e+02 8.138999412206270279e+01 1.527998690587033366e+02 8.712650165076060205e+01
1.491632338230074311e+04 1.876862485319349503e+02 8.228135595747319542e+01 1.518163953768878685e+02 8.694654407602465085e+01
1.491675570073493691e+04 1.875083766699615353e+02 8.321417041616398080e+01 1.508694986580209161e+02 8.662504434627219041e+01
1.491717521886473514e+04 1.873160425891317686e+02 8.407371632011930274e+01 1.499111628510751189e+02 8.633951350093251165e+01
1.491758111233449017e+04 1.870705941968045067e+02 8.489322531660820914e+01 1.489387862864953149e+02 8.610659139141424134e+01
1.491803651290468588e+04 1.867507219285665769e+02 8.584342440396872576e+01 1.479955859783706273e+02 8.577442021538969641e+01
1.491851553910153234e+04 1.863188629389620985e+02 8.675573850217874394e+01 1.470676459941174414e+02 8.540215658803650456e+01
1.491898331030484769e+04 1.857634818306071054e+02 8.755506726792613392e+01 1.461964051993493854e+02 8.491265122045926717e+01
1.491948331238637729e+04 1.850310640608865071e+02 8.837190432431356157e+01 1.454498090295915631e+02 8.424807661228848588e+01
1.491999208771868143e+04 1.841589086451406274e+02 8.902030774434550153e+01 1.448410284348534276e+02 8.345744935422928279e+01
1.492045856616823403e+04 1.833493502062846119e+02 8.954143702915618519e+01 1.444973809060956569e+02 8.251835068878867219e+01
1.492094251269453343e+04 1.825887824238012342e+02 9.008729161718733280e+01 1.441374558625543330e+02 8.158760895657800916e+01
1.492145666731078018e+04 1.819095979518097010e+02 9.072812671399623241e+01 1.435570139971289052e+02 8.077358346600033201e+01
1.492201575123553812e+04 1.815450080639283215e+02 9.155108677659802652e+01 1.428921742487428048e+02 8.003612966729426148e+01
1.492261923893216408e+04 1.815068936472804921e+02 9.256124410620188314e+01 1.419716545837428043e+02 7.966383625963023007e+01
1.492314793400472809e+04 1.816952227445763697e+02 9.352758646214117277e+01 1.409732813634761328e+02 7.962546279758885248e+01
1.492367096905981998e+04 1.820661550205546462e+02 9.450216887234792296e+01 1.399811510875548208e+02 7.972939605190636314e+01
1.492418847549480597e+04 1.825653316469483798e+02 9.540924201511988656e+01 1.390276825076831244e+02 8.002881312260183222e+01
1.492468424294693250e+04 1.831564355442550891e+02 9.619501071063841380e+01 1.381131134408457513e+02 8.043083269206717034e+01
1.492516130291960872e+04 1.837728648561062812e+02 9.693230227010036515e+01 1.372641777190846142e+02 8.095590443449619045e+01
1.492565373601726242e+04 1.844240273787316653e+02 9.776580865009266574e+01 1.364956538686733154e+02 8.159486070759366783e+01
1.492615295068894011e+04 1.850211816268340783e+02 9.874101375118492285e+01 1.356623531055673766e+02 8.214391143144635521e+01
1.492658505166286159e+04 1.853427547012435923e+02 9.967957236345351646e+01 1.347454444842739747e+02 8.254060628365743923e+01
1.492702265365699895e+04 1.854832230138223395e+02 1.006465419603637770e+02 1.337836891523782583e+02 8.279593835794106838e+01
1.492748617631080197e+04 1.855262162908214520e+02 1.016780840440326728e+02 1.327843955461879091e+02 8.281138802328764825e+01
1.492792130237055608e+04 1.854980437721247029e+02 1.026065907709036509e+02 1.317867773358270540e+02 8.274359641887244265e+01
1.492836253524072163e+04 1.855040148014542183e+02 1.035201310895110254e+02 1.307915624414856381e+02 8.264591904940266431e+01
1.492883510315793319e+04 1.855995855898692639e+02 1.045011655133131683e+02 1.297960679889859819e+02 8.256433129491752254e+01
1.492927716919591330e+04 1.857540621133067020e+02 1.054196380825177783e+02 1.287963499695270571e+02 8.258345260134348109e+01
1.492970752811369312e+04 1.859497909968967519e+02 1.063319021377169520e+02 1.277966291262227543e+02 8.256477554559617715e+01
1.493018627846522577e+04 1.862304248194670322e+02 1.073424184286280081e+02 1.267992059731537751e+02 8.254656634782389801e+01
1.493066122553369678e+04 1.865673021271981611e+02 1.082680198607402104e+02 1.258109293779724709e+02 8.269493445467209369e+01
1.493111395110789636e+04 1.869777351098248346e+02 1.090901054952694977e+02 1.248377605945970572e+02 8.292463855299938302e+01
1.493162091964098727e+04 1.874767732305568018e+02 1.099993568039884195e+02 1.238774159298828721e+02 8.320043063944959272e+01
1.493212732808773944e+04 1.879665207531717499e+02 1.108894666346536724e+02 1.229415283431953441e+02 8.355253049920752062e+01
1.493259901921845812e+04 1.884518641542306625e+02 1.117167538387880938e+02 1.219992328224670928e+02 8.388707068902232322e+01
1.493309716607201517e+04 1.889972097013281029e+02 1.125936736362789787e+02 1.210784857659919140e+02 8.427268458700645226e+01
1.493360097534703527e+04 1.895991263115811307e+02 1.134704258048836465e+02 1.202101214782516223e+02 8.476861126428742921e+01
1.493406820894178418e+04 1.901967947112699164e+02 1.143121306817891991e+02 1.193420898922586844e+02 8.526512001637304650e+01
1.493452899161019559e+04 1.906143717301441427e+02 1.151959817033567077e+02 1.184685922848097448e+02 8.575147809816583333e+01
1.493500353664313479e+04 1.907657069012378770e+02 1.161408806251186547e+02 1.175539203038695888e+02 8.612886192542029562e+01
1.493549416497421043e+04 1.907463070548043333e+02 1.171439233138853524e+02 1.165603340100627747e+02 8.617806571440722507e+01
1.493600160528966626e+04 1.905928062979551498e+02 1.181458980957411882e+02 1.155708094975915827e+02 8.603415522481742528e+01
1.493657424989870196e+04 1.902967820329094479e+02 1.191857123699224701e+02 1.145894769891769158e+02 8.584667169910254358e+01
1.493719251997389983e+04 1.900344390713458722e+02 1.202878242913409537e+02 1.136194118568190987e+02 8.560885472346593872e+01
1.493777968016173327e+04 1.898208058227516517e+02 1.213884582308843818e+02 1.126286194584629357e+02 8.547773161441512002e+01
1.493834337868085095e+04 1.896633525063655270e+02 1.225304024750430330e+02 1.116311098881856623e+02 8.540737462736852592e+01
1.493884315463136045e+04 1.896885925355322513e+02 1.235652083134726524e+02 1.106376802253507918e+02 8.541308733475733561e+01
1.493926086574825058e+04 1.898896960127673594e+02 1.244217491903115160e+02 1.096603403682574509e+02 8.562369467371186715e+01
1.493966401970268453e+04 1.902068475776163723e+02 1.252458507420076899e+02 1.086909783763128985e+02 8.586932464612341676e+01
1.494009336717070073e+04 1.905690472444592274e+02 1.261065526468980806e+02 1.077266276248459178e+02 8.613274560371186794e+01
1.494056578855161752e+04 1.908755806620293640e+02 1.270526552227681805e+02 1.067619202342547879e+02 8.637858017567828028e+01
1.494102392018954743e+04 1.911019078671768909e+02 1.279376979135258097e+02 1.057651788258686736e+02 8.644732101765498555e+01
1.494151197768885504e+04 1.912272648176225687e+02 1.288060846444839456e+02 1.047665922500576698e+02 8.647817701497356779e+01
1.494207691666970823e+04 1.911340084832750676e+02 1.297579838551785087e+02 1.037737965955240753e+02 8.650028653598572248e+01
1.494270141175872232e+04 1.908062510412619588e+02 1.307749581276406730e+02 1.027895526977228968e+02 8.632487816727932284e+01
1.494341748577004910e+04 1.904705982220882277e+02 1.318768103602938311e+02 1.018080349062801133e+02 8.613526748894548746e+01
1.494414829033555361e+04 1.904279936911777327e+02 1.329752179901502132e+02 1.008286521339265960e+02 8.612199734498958037e+01
1.494471285101363355e+04 1.905124782176067129e+02 1.339792181171944776e+02 9.985385452012442897e+01 8.628825465181775201e+01
1.494527183161802350e+04 1.906599708071794339e+02 1.351363469654796177e+02 9.885660468282500801e+01 8.622539467886683440e+01
1.494579112829782571e+04 1.908347329298989337e+02 1.361935961866601019e+02 9.786224310884911404e+01 8.619640438599721222e+01
1.494625531655382838e+04 1.910229945575264310e+02 1.371223077960899843e+02 9.686529873917689315e+01 8.624167316564452790e+01
1.494671988216605132e+04 1.912422936524276338e+02 1.380905061786897932e+02 9.586645360372669700e+01 8.624831937320581687e+01
1.494718459241664459e+04 1.914431214646405977e+02 1.390624607263375481e+02 9.487601450635345657e+01 8.636846318533550004e+01
1.494761290131984424e+04 1.916404003956076565e+02 1.399652504634172203e+02 9.388876959396738187e+01 8.651129441052279390e+01
1.494804524824046348e+04 1.918656539491682622e+02 1.409015679622448545e+02 9.289388314722039297e+01 8.660399972668619739e+01
1.494850147847832159e+04 1.920737391187563219e+02 1.418748498569856338e+02 9.190872002599586210e+01 8.677226063864645766e+01
1.494894191743082229e+04 1.922491321721002748e+02 1.428293230544397261e+02 9.092148062584728052e+01 8.689953767225681247e+01
1.494939187804642279e+04 1.923826461394185969e+02 1.438432743548826238e+02 8.992186196999870162e+01 8.692445373935437658e+01
1.494985154109765062e+04 1.924547085544303400e+02 1.448672769717340145e+02 8.892264635123633809e+01 8.696404377676216768e+01
1.495029188808776416e+04 1.924964670612968121e+02 1.458449097006892430e+02 8.792640755800765362e+01 8.693484354993245233e+01
1.495072754633357908e+04 1.925275539984205579e+02 1.468353743559860334e+02 8.693245474775895332e+01 8.682666935280914799e+01
1.495116294197675597e+04 1.925530701730904184e+02 1.478147060905639876e+02 8.593519409474113502e+01 8.675459853477023842e+01
1.495156992190169149e+04 1.926023201616602023e+02 1.487316851118537215e+02 8.494590515002629161e+01 8.663282728818377620e+01
1.495197588677794738e+04 1.926501361835087778e+02 1.496684384331339288e+02 8.396221748905507809e+01 8.645925986862292234e+01
1.495240024509177238e+04 1.926465977566381014e+02 1.506266728668347241e+02 8.296810316032394894e+01 8.635190812725778642e+01
1.495280595282420290e+04 1.926479338264228147e+02 1.515323754367299216e+02 8.197890639641396149e+01 8.621525005306627065e+01
1.495322420085537487e+04 1.926893051831212631e+02 1.524750812574921781e+02 8.099198959143046750e+01 8.606203046089150632e+01
1.495365391498303507e+04 1.927470734880567420e+02 1.534276451476454781e+02 7.999480650083089017e+01 8.602015937015414693e+01
1.495405689804201029e+04 1.928675786540031538e+02 1.543327439609744545e+02 7.899672960623426832e+01 8.599801701955915689e+01
1.495447767024630775e+04 1.930683144118361270e+02 1.552924930300243602e+02 7.799900469677515957e+01 8.593901882904319223e+01
1.495490881823961172e+04 1.932735405482438011e+02 1.562412884260023134e+02 7.700210765271576463e+01 8.597759467147150758e+01
1.495532762649142569e+04 1.934608797959550941e+02 1.571282881496668438e+02 7.600599890466220643e+01 8.605293731628863441e+01
1.495577837718359297e+04 1.936275221950051559e+02 1.580710150787556927e+02 7.500633962095575669e+01 8.607894527299384890e+01
1.495624313855750188e+04 1.937254289551446504e+02 1.590260024094462494e+02 7.400953930271694503e+01 8.614605230477808107e+01
1.495669611538635399e+04 1.938154767120695681e+02 1.599322811978364030e+02 7.301357373619497082e+01 8.619417308164568681e+01
1.495718965334086897e+04 1.939907874278986526e+02 1.608943139761281316e+02 7.201473191572532073e+01 8.614740031395307085e+01
1.495771995855400382e+04 1.942361479522424190e+02 1.618753029232630070e+02 7.102296969897430756e+01 8.619472531128563730e+01
1.495824073091010359e+04 1.945478327313103648e+02 1.627968814440014285e+02 7.003604134318825913e+01 8.635431658290150381e+01
1.495875133164468753e+04 1.948435357960079273e+02 1.637099407481318281e+02 6.905916039977162768e+01 8.655498232540213621e+01
1.495928930750799736e+04 1.951133599348973746e+02 1.647034067047071062e+02 6.808885650462079298e+01 8.679194047588555350e+01
1.495983145039620285e+04 1.954028399658523654e+02 1.657327743522995718e+02 6.709863304350527358e+01 8.691093246843625764e+01
1.496031304821473168e+04 1.955830246512369399e+02 1.666520671864989538e+02 6.610656057363570426e+01 8.701504185351754472e+01
1.496080507983520329e+04 1.956581557898809365e+02 1.675961703097449629e+02 6.511603082974507117e+01 8.713601188562752498e+01
1.496132794830107741e+04 1.957281013370534595e+02 1.686435332065401838e+02 6.411772322923373224e+01 8.713324963286515867e+01
1.496180718878908556e+04 1.957817116423961181e+02 1.696466324601873623e+02 6.311962629079533116e+01 8.712407917604116392e+01
1.496225992884619336e+04 1.958255184029033558e+02 1.706349809268741069e+02 6.212688174148854614e+01 8.707794322828553391e+01
1.496273849858392350e+04 1.959028554801934661e+02 1.717045385023687061e+02 6.113898095031596114e+01 8.692331593704498971e+01
1.496320965924328084e+04 1.959712286453031140e+02 1.727502018641265238e+02 6.014492011507171298e+01 8.686983679916359335e+01
1.496364623950494388e+04 1.960355869988559618e+02 1.737495805567597529e+02 5.915006800799090314e+01 8.683013222593011449e+01
1.496409844029463784e+04 1.960673343569758345e+02 1.748076270502011482e+02 5.815925628823275417e+01 8.669494146142065460e+01
1.496455974476404663e+04 1.959871168825037273e+02 1.758485429598236465e+02 5.716404348169857741e+01 8.661099733015628033e+01
1.496498719725940100e+04 1.958378437922418982e+02 1.768092529567796873e+02 5.618762495576535088e+01 8.644804185907081262e+01
1.496542345813347310e+04 1.956457359371580367e+02 1.777787820839135975e+02 5.523956656053343295e+01 8.613005272774377374e+01
1.496587550754850417e+04 1.953626526730772923e+02 1.787242754314217166e+02 5.429892706099564492e+01 8.579095045399824926e+01
1.496630020899646843e+04 1.949799727031383725e+02 1.795786677928214203e+02 5.339874805392026502e+01 8.536394557445140663e+01
1.496674036421151868e+04 1.944311062466293549e+02 1.803781034623642654e+02 5.255215823865054858e+01 8.483248770636807023e+01
1.496722140164634220e+04 1.936534837215245943e+02 1.811059021627288246e+02 5.175031906017805028e+01 8.423704657475946078e+01
1.496768617280333456e+04 1.927814688386345381e+02 1.816744861183099715e+02 5.112018882229432393e+01 8.348414307751828289e+01
1.496813242121571056e+04 1.918849114079393416e+02 1.820580757430864196e+02 5.067858267028206853e+01 8.258785768167135188e+01
1.496860885596409207e+04 1.908895787821034844e+02 1.824045920674795411e+02 5.033680458375516764e+01 8.165055595780620479e+01
1.496911245381659319e+04 1.897935603552144812e+02 1.827925530995212569e+02 5.008740221337936305e+01 8.068255527442511266e+01
1.496959098649765474e+04 1.887387735571128360e+02 1.830765499471929161e+02 4.979479255784848846e+01 7.972940459772053146e+01
1.497005671472902759e+04 1.877310892566451344e+02 1.831924635145080060e+02 4.958686060708962628e+01 7.876592897564312068e+01
1.497054939306506094e+04 1.866993482043873485e+02 1.831351220036289931e+02 4.968989063031137476e+01 7.778184221693088318e+01
1.497103194454222103e+04 1.857213503547032474e+02 1.828945122122655391e+02 4.985079591272295829e+01 7.679918224637155788e+01
1.497150467362214113e+04 1.847588187646746860e+02 1.825837669669506056e+02 5.011700018295051962e+01 7.585834941902001560e+01
1.497198638285317975e+04 1.837899248584780310e+02 1.822849676506691310e+02 5.044656883658698376e+01 7.492655307393597752e+01
1.497243097009918165e+04 1.829041687188300500e+02 1.820007945390143789e+02 5.063899035918866076e+01 7.394527600133778833e+01
1.497283860701218327e+04 1.820262421735477574e+02 1.816999628723569913e+02 5.095497965494333670e+01 7.300450175401756781e+01
1.497327625169536987e+04 1.811004179991415413e+02 1.812433928215322965e+02 5.138945478962565971e+01 7.210381856634027997e+01
1.497371486102338167e+04 1.803217099061793647e+02 1.806146050856472698e+02 5.183689364183798887e+01 7.120960628630454892e+01
1.497411831477917258e+04 1.796762803179425703e+02 1.799616451244287703e+02 5.245421517232301056e+01 7.045015019659433619e+01
1.497454001081944807e+04 1.790646561429883832e+02 1.792321259563720730e+02 5.325370454576848545e+01 6.985058073423427061e+01
1.497496663085403270e+04 1.786132911816899878e+02 1.784311390927330194e+02 5.405938734140573132e+01 6.925885095526398061e+01
1.497538884423658601e+04 1.783194026014618601e+02 1.775623112442967226e+02 5.490350481762156676e+01 6.873290808816244635e+01
1.497585742354626564e+04 1.781345666102313032e+02 1.765825828319750883e+02 5.583258432473027000e+01 6.837231038454386578e+01
1.497635482129344382e+04 1.780185412649699401e+02 1.755624083913369589e+02 5.679316471994889781e+01 6.809436292876559094e+01
1.497682454941647666e+04 1.779106573583014779e+02 1.745435927241644265e+02 5.777408415766772265e+01 6.796110851121973440e+01
1.497729314906929540e+04 1.778529714343210344e+02 1.734893184937319859e+02 5.876867655778271171e+01 6.789214159149636885e+01
1.497778073117421263e+04 1.778422907577046033e+02 1.724307761244228914e+02 5.976208782145376119e+01 6.778475543686063531e+01
1.497823636419213653e+04 1.778201260367347061e+02 1.714551702484068301e+02 6.075368885870716440e+01 6.783561446407337314e+01
1.497870446590525899e+04 1.778125086576726517e+02 1.704589717093610375e+02 6.174531596050694304e+01 6.788853587273126777e+01
1.497920777483873826e+04 1.778567432510355388e+02 1.694363621185922568e+02 6.274424157288378723e+01 6.785254367167392786e+01
1.497969476721497813e+04 1.778962884419108832e+02 1.684585148800439072e+02 6.373824849156672911e+01 6.792621535849295356e+01
1.498016168960380674e+04 1.779448857684330960e+02 1.675025947325495110e+02 6.473063467187478182e+01 6.796300200312447259e+01
1.498064666771328848e+04 1.780302843293669923e+02 1.665290607128076203e+02 6.572810946768890972e+01 6.795284344893967443e+01
1.498114032956441224e+04 1.781191459388318208e+02 1.655326033522337354e+02 6.672237227658517611e+01 6.805224570158074471e+01
1.498159163845895455e+04 1.781908728096163088e+02 1.645772823076310090e+02 6.771694137764031041e+01 6.809619398843014437e+01
1.498204623914584590e+04 1.782262862507991201e+02 1.636080092834982054e+02 6.871434933839381642e+01 6.811589440739570023e+01
1.498253362364432360e+04 1.782242392929909158e+02 1.625827255384631371e+02 6.970896743159062225e+01 6.821853559469199979e+01
1.498299691037290904e+04 1.782374329866416929e+02 1.616217381019807817e+02 7.070316024563905444e+01 6.822688940578467509e+01
1.498345242680022966e+04 1.783104385328034880e+02 1.606853075717484671e+02 7.169815678039508100e+01 6.822995715776774261e+01
1.498392985654533550e+04 1.784434248714717910e+02 1.596954178268081534e+02 7.268924423224129328e+01 6.836012978490339265e+01
1.498438843606695445e+04 1.785651765832622004e+02 1.587445230754762235e+02 7.368306050954916486e+01 6.843695812724449468e+01
1.498483970739095093e+04 1.786090952668575937e+02 1.578016168654176283e+02 7.467538110269160256e+01 6.852401537619056171e+01
1.498531817663558650e+04 1.786002969000196003e+02 1.567979491608973888e+02 7.566503856279717866e+01 6.866352073577512272e+01
1.498577849195532508e+04 1.785979050404656903e+02 1.558469151367079633e+02 7.665837792485825730e+01 6.865318679589103112e+01
1.498622501370417194e+04 1.785759790727593384e+02 1.549305413160541320e+02 7.765264517096352392e+01 6.863939127799567075e+01
1.498669457288207195e+04 1.784590540480644734e+02 1.539576431641545184e+02 7.865043546785805972e+01 6.869915267355635535e+01
1.498715021354948658e+04 1.783333406810459962e+02 1.530359641459158127e+02 7.963281939308120627e+01 6.858133961493427933e+01
1.498760771636745085e+04 1.782478344027195760e+02 1.521198067698487932e+02 8.061674406670796600e+01 6.845756526158143629e+01
1.498808936515279311e+04 1.781511091812922132e+02 1.511553350888802640e+02 8.161674326233797672e+01 6.845630288645361361e+01
1.498854658017842485e+04 1.780658325232115544e+02 1.502702075924536587e+02 8.260545378797280591e+01 6.834758089703291262e+01
1.498901344674647044e+04 1.780077541684006803e+02 1.493683455280311421e+02 8.359524329944774479e+01 6.825113098753233487e+01
1.498951302396002029e+04 1.780168762968582143e+02 1.483778406351050023e+02 8.459364939660885341e+01 6.829329078721998769e+01
1.498999728830281856e+04 1.781002534818900642e+02 1.474105843540918102e+02 8.559206547786537556e+01 6.831711558393212158e+01
1.499047726175517346e+04 1.782070174663197122e+02 1.464285111006756779e+02 8.657216741999391729e+01 6.844965500065980279e+01
1.499099785461358988e+04 1.783247354981804165e+02 1.453475166772300895e+02 8.754948894229764278e+01 6.865125534830548304e+01
1.499152747869664199e+04 1.784013172897874995e+02 1.442845587094293762e+02 8.854468671261584234e+01 6.872623277651102569e+01
1.499202225077097683e+04 1.783920959115720848e+02 1.433035420750072433e+02 8.953077169669498403e+01 6.885542782016801766e+01
1.499251877435560527e+04 1.783453691276213817e+02 1.422903948933541471e+02 9.051901091290918089e+01 6.896503256911553592e+01
1.499302683773827448e+04 1.783071729764379256e+02 1.412200560616959706e+02 9.151834979838150730e+01 6.894466599386247196e+01
1.499351386132893458e+04 1.782599893851784429e+02 1.401637557859150149e+02 9.251781737341188716e+01 6.892566674563816775e+01
1.499397912854346578e+04 1.781913522714260125e+02 1.391588851744866133e+02 9.350744735942480190e+01 6.882200847091374385e+01
1.499446135262213102e+04 1.780854300593757955e+02 1.381479541856095636e+02 9.449668854472571411e+01 6.868534075152771834e+01
1.499494294084691865e+04 1.780052226248510863e+02 1.371595392519984671e+02 9.549382071750015655e+01 6.861097284243534489e+01
1.499538009996985420e+04 1.779889986772785164e+02 1.362769506822378958e+02 9.648490162953359572e+01 6.848937156809301996e+01
1.499583199046059781e+04 1.779936837051086798e+02 1.353702591782464140e+02 9.747823319740422221e+01 6.842498633785547213e+01
1.499630271541268303e+04 1.780513213826064600e+02 1.344116402068944751e+02 9.847602941832155921e+01 6.848270826231772901e+01
1.499676215123162183e+04 1.781662683125396427e+02 1.334835076907734219e+02 9.947417666042184692e+01 6.853489885999285036e+01
1.499724237119454119e+04 1.782841793065205707e+02 1.325277873718217165e+02 1.004658110039892165e+02 6.864101875503916972e+01
1.499773056205299508e+04 1.783650751446214997e+02 1.315420868263870773e+02 1.014503528227479023e+02 6.881613623173018368e+01
1.499820822589448471e+04 1.784336307650925448e+02 1.305760276291990749e+02 1.024421745649369768e+02 6.885626454156698628e+01
1.499868965368491808e+04 1.785075948635939938e+02 1.296266867054355600e+02 1.034314623850082171e+02 6.893314747388008357e+01
1.499916550287788777e+04 1.785298460807239564e+02 1.287001811862724878e+02 1.044110585343255195e+02 6.913361588525582135e+01
1.499962396653447104e+04 1.785087667097262738e+02 1.277865038120546899e+02 1.054008165549838338e+02 6.919575469094223763e+01
1.500009510240726195e+04 1.784628978527439358e+02 1.268344671490680895e+02 1.063997462975101485e+02 6.920265058107072775e+01
1.500056512906314492e+04 1.783911649333045091e+02 1.258969829193771375e+02 1.073973651082488487e+02 6.926930016988141858e+01
1.500103478114388963e+04 1.783225739538882237e+02 1.249749430707566944e+02 1.083889544184655733e+02 6.921194414265748662e+01
1.500155245138722057e+04 1.782502195131408484e+02 1.239854350190039867e+02 1.093840051614354252e+02 6.913954529850555275e+01
1.500208843328248258e+04 1.781900235281577523e+02 1.229616140991985702e+02 1.103837987256818423e+02 6.911949634008155385e+01
1.500260002094148695e+04 1.781368488828032923e+02 1.219751693467533187e+02 1.113783681868999764e+02 6.903086413535272925e+01
1.500311325069913983e+04 1.781211854268880757e+02 1.209757777403367811e+02 1.123746561489630409e+02 6.898770254284809766e+01
1.500363339928558162e+04 1.782842038196186820e+02 1.199970767204476658e+02 1.133703229936239296e+02 6.906625796274504125e+01
1.500413072753051893e+04 1.785802987247739111e+02 1.191189322323295841e+02 1.143583842716254679e+02 6.921795693890048540e+01
1.500459731752631342e+04 1.789113011053647426e+02 1.182921810038084089e+02 1.152829025232289126e+02 6.956879836970108499e+01
1.500507760251285072e+04 1.793149645396794654e+02 1.174471753230663751e+02 1.161951898016999820e+02 6.997538230242547286e+01
1.500554474227096398e+04 1.797081931520206979e+02 1.166423496683390084e+02 1.171333122327829841e+02 7.032101693167525980e+01
1.500599433015252362e+04 1.800938137592222006e+02 1.158274778971582748e+02 1.180346226810392665e+02 7.074633071670042739e+01
1.500644290201469812e+04 1.806068129152963024e+02 1.150341765280479649e+02 1.189185032242197479e+02 7.121380999286593294e+01
1.500687490081474789e+04 1.811432517017762223e+02 1.143018040718100110e+02 1.198019550465942871e+02 7.168222770069013450e+01
1.500730850620677847e+04 1.816117188790470038e+02 1.135196804429681094e+02 1.206265255830876129e+02 7.224248341884789681e+01
1.500775680028642455e+04 1.820849570584968262e+02 1.126898340331893849e+02 1.214491839128324955e+02 7.280944228606446700e+01
1.500819931755699690e+04 1.826148740342374026e+02 1.119082267496263938e+02 1.223317219339001127e+02 7.327517785443696141e+01
1.500866281236007126e+04 1.832112594243356227e+02 1.110855287587841502e+02 1.231581252282605305e+02 7.382659632706803166e+01
1.500914630211410804e+04 1.837828189558637462e+02 1.102011053121365478e+02 1.239554452832386460e+02 7.442983184543520281e+01
1.500960400588308948e+04 1.842255628867249015e+02 1.093484671925874068e+02 1.247922229865172596e+02 7.497584626464735891e+01
1.501005177465957422e+04 1.846095316868259033e+02 1.084863304801310875e+02 1.256349038125786564e+02 7.551403817718663447e+01
1.501052284611613868e+04 1.850360372290417956e+02 1.075977931356331396e+02 1.265292498669760874e+02 7.595191521011899738e+01
1.501097055701737372e+04 1.854337091453907362e+02 1.067470972988593161e+02 1.274614441201500057e+02 7.631364577483093115e+01
1.501140604204611736e+04 1.857988615486907804e+02 1.058599526376589210e+02 1.283517351644564997e+02 7.676250228227827677e+01
1.501184997935885985e+04 1.861736734758442537e+02 1.049584856257345677e+02 1.292568288489185875e+02 7.718296772794890614e+01
1.501228121334387652e+04 1.864748323607961424e+02 1.041009189495679976e+02 1.301982903045252726e+02 7.751840882733276317e+01
1.501271406401560671e+04 1.867135085986291188e+02 1.032048254265733078e+02 1.311288379008817628e+02 7.788250080440310796e+01
1.501316208955210823e+04 1.869806350720475336e+02 1.022826599153209486e+02 1.320886510219631873e+02 7.814768889846315858e+01
1.501360616071326695e+04 1.872712568867766834e+02 1.014098987727284822e+02 1.330612699511827657e+02 7.837922598086852588e+01
1.501405331100535477e+04 1.875858650972656676e+02 1.005390637742991231e+02 1.339832701152344896e+02 7.875465978822732893e+01
1.501452034965066196e+04 1.879298756276280642e+02 9.963894378773230187e+01 1.349157403519463685e+02 7.911111259006167984e+01
1.501497921515773487e+04 1.882343489893374056e+02 9.874549785517018563e+01 1.358686187153710421e+02 7.941424031736922018e+01
1.501543087474317144e+04 1.885134636341621217e+02 9.783244608750128180e+01 1.368072078362979767e+02 7.975759140412966985e+01
1.501590033459733968e+04 1.888157258901553064e+02 9.690494280898317925e+01 1.377691158024742037e+02 8.002176979707861904e+01
1.501638566709808401e+04 1.891085406325582596e+02 9.599913833651639550e+01 1.387407980717730140e+02 8.025778535849045170e+01
1.501688512440128943e+04 1.894198558409498787e+02 9.508664892466963181e+01 1.396913534292314694e+02 8.056517485369434439e+01
1.501739038380608326e+04 1.897908707563630912e+02 9.417291159561089842e+01 1.406392417422803760e+02 8.088355593313248448e+01
1.501789587850484713e+04 1.901969744368895761e+02 9.323519487940284023e+01 1.415686852475548108e+02 8.125041133499904333e+01
1.501838192463510313e+04 1.905881722235639302e+02 9.230114479093211344e+01 1.424837972904229559e+02 8.165352008700074293e+01
1.501882895743347399e+04 1.909138219003204711e+02 9.143141987849956820e+01 1.434111221070454860e+02 8.202696226541320357e+01
1.501928566765849428e+04 1.911763701212138642e+02 9.055449960053392999e+01 1.443249430942962874e+02 8.243175550882251912e+01
1.501976133895193379e+04 1.913574555468544247e+02 8.970061227424500316e+01 1.452577833021780123e+02 8.278893463161604416e+01
1.502029170412975691e+04 1.914194111292384548e+02 8.888869543176157606e+01 1.462213787481043425e+02 8.305270487351627651e+01
1.502329105551697103e+04 1.912722090519279163e+02 8.809656393967554777e+01 1.472058449666846514e+02 8.322273262790321269e+01
1.503005047281975203e+04 1.917284705664638693e+02 8.693739348746277074e+01 1.481408231478058894e+02 8.355598409597408249e+01
1.503280539441421024e+04 1.926587018173487706e+02 8.586255852804549704e+01 1.489651951664688454e+02 8.411610609071802003e+01
1.503357677614141903e+04 1.934418377375018565e+02 8.502280481206763341e+01 1.496252678385764057e+02 8.486128761475758608e+01
1.503409371488414581e+04 1.941060895826809372e+02 8.422874896575201831e+01 1.504060008462867586e+02 8.547903148849955812e+01
1.503458776857164776e+04 1.946246280666060500e+02 8.336828875172744802e+01 1.512056169882852430e+02 8.607951100168109804e+01
1.503509914756964827e+04 1.949070671832418782e+02 8.238568649164464830e+01 1.520427032671149732e+02 8.662587428841679582e+01
1.503557692091876015e+04 1.950318301846719180e+02 8.144190042615450409e+01 1.530060212720800337e+02 8.685948536043468948e+01
1.503605370965228940e+04 1.950158865162420909e+02 8.047402321191941610e+01 1.539984347148701147e+02 8.697994356448300834e+01
1.503656291012296424e+04 1.948550378472649243e+02 7.944097076965520898e+01 1.549906121028751329e+02 8.688374311424954044e+01
1.503703768136110557e+04 1.946853920696129876e+02 7.847628601007021132e+01 1.559688715965164079e+02 8.667851972156579166e+01
1.503749539988375545e+04 1.944684468851326642e+02 7.757253786637362225e+01 1.569657730093221062e+02 8.663372500958101341e+01
1.503799472807373604e+04 1.941678569970146668e+02 7.660699304790080078e+01 1.579372306444852541e+02 8.640896348292606888e+01
1.503849134096320086e+04 1.938617108510178468e+02 7.560324746510575267e+01 1.588816018557934342e+02 8.608128966887113620e+01
1.503897401037734926e+04 1.936047860512310308e+02 7.458373804391479212e+01 1.598617769745389694e+02 8.589071891766839428e+01
1.503943167762356279e+04 1.934603844615199080e+02 7.362270976624434127e+01 1.608356750882792596e+02 8.566457869998627928e+01
1.503992479070651825e+04 1.934292737751195546e+02 7.259848373716030778e+01 1.618147648337659916e+02 8.546143298012742662e+01
1.504038329313362374e+04 1.934301631334565741e+02 7.163481485849706587e+01 1.628115399312832778e+02 8.548194364200216455e+01
1.504082307381758801e+04 1.934221081203331778e+02 7.067512006725858953e+01 1.638095237778084936e+02 8.542883998970307857e+01
1.504128176951442583e+04 1.934828750433097468e+02 6.963962717997432605e+01 1.648090460715511369e+02 8.544339011150013619e+01
1.504167827414935527e+04 1.935959386441232084e+02 6.873327329594600599e+01 1.657837703362347952e+02 8.565705488340854856e+01
1.504207501148140909e+04 1.936161197874179720e+02 6.783302828931277872e+01 1.667805966000940998e+02 8.570431546663867550e+01
1.504249845609302974e+04 1.934435084817561687e+02 6.693416897392171450e+01 1.677794385205691299e+02 8.566186845032753183e+01
1.504289300959626416e+04 1.931929154873045889e+02 6.612586555289882995e+01 1.687735891472173648e+02 8.575834800146627401e+01
1.504334243335523206e+04 1.929745930753574612e+02 6.522192783415657402e+01 1.697686851772947989e+02 8.568148366335353217e+01
1.504377713054201558e+04 1.927745832028783184e+02 6.436071127599592501e+01 1.707477803454756042e+02 8.548091507552175017e+01
1.504420310019376666e+04 1.925238426476036011e+02 6.350409277106146533e+01 1.717448344968390472e+02 8.549924226843450015e+01
1.504469269874312886e+04 1.922687308175861176e+02 6.255835560316441502e+01 1.727418119251785811e+02 8.543006292381767253e+01
1.504514464470397434e+04 1.921173579410802574e+02 6.168265296477976989e+01 1.737211715757637478e+02 8.523147831252850892e+01
1.504562549300181490e+04 1.920251449872227170e+02 6.068299916037901198e+01 1.747183605328889087e+02 8.525077428269922564e+01
1.504615772762127926e+04 1.920338704710518130e+02 5.962943233636855211e+01 1.757182786630690998e+02 8.525753886960617933e+01
1.504673435610909110e+04 1.921856595811688067e+02 5.855283356299369046e+01 1.767182104148330382e+02 8.526895825808608720e+01
1.504728728958587453e+04 1.921839125531174943e+02 5.744573514528828184e+01 1.777037601390580335e+02 8.543179447679477789e+01
1.504776113401951443e+04 1.921373108963951779e+02 5.649636357408319753e+01 1.786941597726602140e+02 8.532453957845312686e+01
1.504833463353031220e+04 1.922477346886103931e+02 5.538691268841134274e+01 1.796932415294526777e+02 8.533119454650673674e+01
1.504884362410855829e+04 1.923329864931773159e+02 5.441650436418011338e+01 1.806388743405722721e+02 8.564397462899407287e+01
1.504933242849814815e+04 1.924240355523341179e+02 5.354199865648025991e+01 1.816267436997153482e+02 8.578741869461723013e+01
1.504989957595168562e+04 1.922618986308185356e+02 5.262170273364180417e+01 1.826185130595710859e+02 8.591545495456738024e+01
1.505051359586707440e+04 1.916189801736132665e+02 5.208966208264845221e+01 1.835673100325370797e+02 8.562487397954531332e+01
1.505100655405867474e+04 1.908422985278605495e+02 5.187591793986347710e+01 1.840838659942803872e+02 8.478853020447394329e+01
1.505158716803823154e+04 1.897616442665954537e+02 5.187983442620842567e+01 1.845388350827867328e+02 8.389806898611530528e+01
1.505217005397305729e+04 1.886357732095559072e+02 5.197795603712349788e+01 1.845703971318627055e+02 8.290504647156662088e+01
1.505276071373097511e+04 1.874404950492740909e+02 5.209138810671373676e+01 1.845986258198904011e+02 8.190546760241844026e+01
1.505326549482201335e+04 1.864317149000967788e+02 5.221520799710227578e+01 1.847825374030986438e+02 8.092333024765531491e+01
1.505376103817594594e+04 1.854533970099807334e+02 5.226485147774611306e+01 1.847092710161479658e+02 7.992812960190438787e+01
1.505427927537967662e+04 1.844270881735257035e+02 5.225842578148079554e+01 1.848616032267788682e+02 7.894139012598388661e+01
1.505480100317264260e+04 1.834400892025142582e+02 5.230559454914694584e+01 1.849591988618902576e+02 7.794628995257720305e+01
1.505532406997501130e+04 1.824084249171965837e+02 5.231148529596300989e+01 1.848934223362385012e+02 7.694909159002523324e+01
1.505586602861765095e+04 1.812594065135282051e+02 5.226610665618918006e+01 1.850932941783331955e+02 7.597086319963163703e+01
1.505640747046812612e+04 1.802436683970465765e+02 5.231769149499289995e+01 1.851106973021084343e+02 7.497176368746191599e+01
1.505696575012483117e+04 1.793137470153145046e+02 5.246742704554880987e+01 1.848886770377280016e+02 7.399762697880046858e+01
1.505750399152879800e+04 1.783995206506076840e+02 5.253670333731827213e+01 1.848285478750696313e+02 7.299986632881136472e+01
1.505807238327579398e+04 1.775895978221581117e+02 5.283384683323761521e+01 1.846915322410062572e+02 7.200939737873113700e+01
1.505874437809371557e+04 1.768728330442881713e+02 5.357202841117698711e+01 1.841759368856423293e+02 7.115398697843420450e+01
1.505947927745059133e+04 1.765041505804261703e+02 5.462259453900262685e+01 1.834201685921363207e+02 7.050602892477962769e+01
1.506011170737708744e+04 1.764344327626749589e+02 5.560690601207224404e+01 1.824359110815003078e+02 7.032942909247007890e+01
1.506073882885909006e+04 1.765240047942204455e+02 5.661559465868922558e+01 1.814588291965714291e+02 7.012098743203792139e+01
1.506140476837660572e+04 1.767843950627158165e+02 5.753297746042665750e+01 1.804596955722458915e+02 7.014683341749673673e+01
1.506225846698085843e+04 1.772592096706101188e+02 5.846141016446895833e+01 1.794816136117496228e+02 7.034678739199411268e+01
1.506380721961880954e+04 1.781299496504384194e+02 5.861197463627257065e+01 1.787074308686141535e+02 7.087940377033612549e+01
1.506523203621431458e+04 1.779622211309799695e+02 5.783744369588453083e+01 1.792305533653080261e+02 7.050660709167907214e+01
1.506591791161152651e+04 1.772987049226935596e+02 5.716859394060334409e+01 1.797975729904706839e+02 6.968418471292933702e+01
1.506672909268211333e+04 1.765487042787804910e+02 5.634216143487770267e+01 1.805949046803990825e+02 6.909079098991993817e+01
1.506755348159664209e+04 1.761498742809233420e+02 5.517059345899430411e+01 1.815166313620896119e+02 6.870883223952672836e+01
1.506824020487096459e+04 1.760920284761925529e+02 5.409016650166604734e+01 1.825116932204884392e+02 6.870353705920045684e+01
1.506897914348650193e+04 1.766055621655565915e+02 5.329187091741892601e+01 1.835023528520565037e+02 6.883698572946323679e+01
1.506971068778714107e+04 1.773936143486563992e+02 5.282515316775004521e+01 1.839845913816456004e+02 6.968553281188724213e+01
1.507043130464510614e+04 1.784208690396618522e+02 5.260246204733726927e+01 1.843303036346760280e+02 7.062036418994382814e+01
1.507112674597044861e+04 1.793856305053290043e+02 5.259878588889214512e+01 1.842828000744819121e+02 7.161769432297907656e+01
1.507191386829873409e+04 1.805239894137042427e+02 5.254450650423555658e+01 1.840458111342167342e+02 7.258319774555613435e+01
1.507258976373620135e+04 1.815891879068124126e+02 5.253612390565491097e+01 1.842018455012863285e+02 7.356613636586992300e+01
1.507319746117580871e+04 1.825409958140336641e+02 5.239617657841446885e+01 1.840414238021918720e+02 7.454714344771977608e+01
1.507379071377281980e+04 1.834075808608851901e+02 5.202944383762963554e+01 1.842507616509582817e+02 7.552498656664016607e+01
1.507436781499196150e+04 1.843523768396469222e+02 5.188006881503149970e+01 1.844193978765156885e+02 7.650095176247101847e+01
1.507488360879299034e+04 1.852687557623940506e+02 5.161946077161364599e+01 1.841874389242132679e+02 7.746435896829110845e+01
1.507541865577879798e+04 1.862820789664110919e+02 5.146738145022897726e+01 1.843615879042360746e+02 7.844808548358254541e+01
1.507598221269908026e+04 1.873369390011837936e+02 5.144968453703202727e+01 1.843768736635714447e+02 7.944529152226112956e+01
1.507652923388224917e+04 1.883394171172103597e+02 5.140384844787059393e+01 1.842097329705786706e+02 8.042364701584263287e+01
1.507699367432345753e+04 1.892054557568095845e+02 5.140687213043338488e+01 1.843850669825022237e+02 8.140522534002529653e+01
1.507753618525154707e+04 1.902016260970427766e+02 5.146330693516553367e+01 1.842962444858580113e+02 8.239487628294966726e+01
1.507807794917753927e+04 1.910792754147588539e+02 5.173137315673978520e+01 1.838996114084598048e+02 8.331169679480673551e+01
1.507862438499717246e+04 1.917491695438986596e+02 5.234093176639853340e+01 1.835699808527129164e+02 8.423434580237776004e+01
1.507922311995996461e+04 1.923137662016000320e+02 5.313673212846161675e+01 1.827629315884088328e+02 8.481757190008944747e+01
1.507980436871694292e+04 1.926137269196104853e+02 5.402750625120516048e+01 1.818383500992904374e+02 8.519627139107049629e+01
1.508035185679825190e+04 1.927712851085934744e+02 5.493258124266178299e+01 1.809452771017241446e+02 8.561382046863138839e+01
1.508094811839927570e+04 1.929690507686156877e+02 5.589487036891784300e+01 1.799456696108113931e+02 8.560429968007039747e+01
1.508152809158008313e+04 1.933029687630439355e+02 5.670197150313043011e+01 1.789570950027614344e+02 8.558773583458049927e+01
1.508202089775860259e+04 1.937313601663163638e+02 5.740190231852076153e+01 1.780407568547443589e+02 8.597431023071163736e+01
1.508260884768443066e+04 1.942833021916182190e+02 5.833130739881811166e+01 1.772278333956809320e+02 8.655141897088078906e+01
1.508313063263281765e+04 1.945703393271059554e+02 5.909626271440274081e+01 1.763189591833030647e+02 8.696845716073227095e+01
1.508368853716618469e+04 1.946737380184551682e+02 5.995057352993690358e+01 1.753912118773442046e+02 8.731490551386727361e+01
1.508437185818817488e+04 1.947543167336638987e+02 6.113128465927799482e+01 1.743918760855075050e+02 8.734501261632472335e+01
1.508496140239971464e+04 1.949119637441404222e+02 6.214022371853419457e+01 1.733942113176221937e+02 8.735854609055564879e+01
1.508546344316699106e+04 1.950482154352975215e+02 6.297242796358176520e+01 1.724053501515500670e+02 8.748634719974718621e+01
1.508601843672369432e+04 1.951518376331669344e+02 6.381941007237914931e+01 1.714066158330472831e+02 8.743887766142410101e+01
1.508674069949698969e+04 1.952030970631884941e+02 6.441068377396808842e+01 1.704099999430271737e+02 8.738274236537429829e+01
1.508802830135743716e+04 1.949414197927708869e+02 6.443650379939951733e+01 1.704552493789715015e+02 8.733901814725544455e+01
1.508983719800373001e+04 1.948384882030681808e+02 6.518459418110953152e+01 1.714430240165567056e+02 8.718321796561180292e+01
1.509101087694310627e+04 1.949364967894045151e+02 6.665675648514478269e+01 1.708184402184884902e+02 8.730300776461670864e+01
1.509161493985891866e+04 1.951416800265118923e+02 6.764446905395693932e+01 1.698642875370528031e+02 8.704738421368087131e+01
1.509210242924338490e+04 1.953825150496008405e+02 6.843014437991035948e+01 1.688850823060806192e+02 8.717766568925016202e+01
1.509268531732926749e+04 1.955713676340239715e+02 6.941170355190344310e+01 1.679135055843725581e+02 8.741367394609916630e+01
1.509321189915724062e+04 1.958862635534931371e+02 7.027430449453872541e+01 1.669188425389591544e+02 8.737785049082380340e+01
1.509371788242234288e+04 1.963281762346256016e+02 7.095429693025496931e+01 1.659433613563639938e+02 8.757760199086803254e+01
1.509436570931939968e+04 1.965488880397149387e+02 7.201474200975721374e+01 1.650077729628667100e+02 8.792812139059171272e+01
1.509496534333235286e+04 1.967738926914545630e+02 7.304531780170707123e+01 1.640151225404621584e+02 8.792779495230386999e+01
1.509555765957344738e+04 1.969835385029884947e+02 7.403786258763867068e+01 1.630181804793200797e+02 8.799739190189031035e+01
1.509622215619102280e+04 1.971159303986241582e+02 7.522969886940848028e+01 1.620206566744974168e+02 8.806763052227523758e+01
1.509681191088257765e+04 1.972555571589776946e+02 7.630812381775574238e+01 1.610219028348328436e+02 8.803117355607132311e+01
1.509733249015849833e+04 1.973885039858198240e+02 7.725888702304740718e+01 1.600513722182073764e+02 8.825688633765767577e+01
1.509785735941490202e+04 1.975553896987518101e+02 7.827211606158623169e+01 1.590619961954899679e+02 8.815327453204734809e+01
1.509835446091071572e+04 1.976578252996118295e+02 7.921436470144631414e+01 1.580664350144469097e+02 8.805984514124936879e+01
1.509881299414279965e+04 1.976965996055425876e+02 8.008826494396826945e+01 1.570741510978763529e+02 8.817089241216618234e+01
1.509929024213969024e+04 1.976776729584277916e+02 8.104991408594834468e+01 1.560860148592098824e+02 8.803359508400464506e+01
1.509975673699985782e+04 1.975993521767792913e+02 8.199157246302846147e+01 1.551155463953402318e+02 8.779340216254811935e+01
1.510019442156699733e+04 1.975009229933200174e+02 8.288954439750764891e+01 1.541194421866916855e+02 8.771598726081687403e+01
1.510064591798457150e+04 1.974261888237170695e+02 8.383462413011021397e+01 1.531499335527915093e+02 8.747464578080244735e+01
1.510107918677781527e+04 1.974171405810190834e+02 8.469906367543335080e+01 1.521887607709663826e+02 8.719876541667207448e+01
1.510152248206841978e+04 1.973930594490041415e+02 8.558002254983404100e+01 1.511950862351054639e+02 8.709408075695390039e+01
1.510201621791851539e+04 1.973335163185628858e+02 8.659576007305996370e+01 1.502045181215034688e+02 8.695739660573332230e+01
1.510246283010101251e+04 1.972607496547314554e+02 8.751300510611997652e+01 1.492457865807082271e+02 8.667496878727357057e+01
1.510290927174125136e+04 1.971516162671789516e+02 8.844969434620850279e+01 1.482648619781233776e+02 8.648179765347917680e+01
1.510338830769143351e+04 1.969662996443530290e+02 8.948159597303761359e+01 1.472994784637744488e+02 8.622146106208876404e+01
1.510384681981268113e+04 1.966589191416759945e+02 9.037644572042852076e+01 1.463908075258619021e+02 8.580531044933346152e+01
1.510435426782883587e+04 1.961851632818568589e+02 9.114487338733439969e+01 1.454835254777208888e+02 8.538478811426935522e+01
1.510496822945333588e+04 1.953926892835482647e+02 9.187481714728953364e+01 1.447535899354489572e+02 8.470400053852128508e+01
1.510549646684480103e+04 1.945271127185545765e+02 9.226027705081895647e+01 1.443736620784751779e+02 8.377953871007476039e+01
1.510608177602983051e+04 1.934942072328227312e+02 9.227451289750987939e+01 1.441391843551209035e+02 8.281618761585495747e+01
1.510668409691236593e+04 1.924364712849287287e+02 9.195849274725931366e+01 1.445089774349904417e+02 8.188770301939497642e+01
1.510724955331905767e+04 1.916181863880718481e+02 9.150553694110966774e+01 1.450066727081085958e+02 8.102036356533186279e+01
1.510783879633224387e+04 1.908921218283639689e+02 9.087574862966883416e+01 1.455080319655035055e+02 8.015955339634007260e+01
1.510845150143750470e+04 1.903769220046072519e+02 9.007518507798801011e+01 1.462571863805270880e+02 7.950031860003515760e+01
1.510925536864215792e+04 1.902497655769388700e+02 8.909473910308278732e+01 1.471483054864422684e+02 7.906107132376332913e+01
1.511026883872457256e+04 1.902234142224311597e+02 8.805459723719320664e+01 1.481381963375188491e+02 7.891942037064534077e+01
1.511132621494000705e+04 1.902923973701860803e+02 8.707801244314580913e+01 1.491314986736785499e+02 7.881875769175289292e+01
1.511240006012957747e+04 1.903029658523393834e+02 8.593162764699049205e+01 1.501304631149022271e+02 7.885168590129077870e+01
1.511344981300569270e+04 1.902325986325891449e+02 8.507645202244279403e+01 1.511294741969754796e+02 7.881120466493624122e+01
1.511884894246131626e+04 1.901364867685736897e+02 8.468184379801952844e+01 1.518589492750355987e+02 7.881772307556778401e+01
1.513567333143074211e+04 1.904718402417916252e+02 8.479804562311947791e+01 1.509961549474956257e+02 7.915401797738090295e+01
1.519763190237876734e+04 1.870364992003082989e+02 8.449886326037419337e+01 1.508150136952645823e+02 7.975692511703017828e+01
1.520308212433857625e+04 1.866333915662644074e+02 8.568925094595385872e+01 1.500181708367582303e+02 7.921588652258974150e+01
1.520374193482297051e+04 1.865941575428990404e+02 8.713236080287413188e+01 1.490275807712710332e+02 7.907904485652333904e+01
1.520429497785567764e+04 1.863403221776037810e+02 8.830375685344242243e+01 1.480388524616325867e+02 7.893123328282732132e+01
1.520477123231177575e+04 1.856335310597928583e+02 8.913142618062357769e+01 1.471491649000079178e+02 7.857145488200963257e+01
1.520522597119660531e+04 1.846174465253146479e+02 8.965670767795634788e+01 1.465534705971428195e+02 7.778630686520457971e+01
1.520565690939932938e+04 1.834876157889110004e+02 8.978436957043427924e+01 1.462488443882743923e+02 7.684513544405362495e+01
1.520607342555899413e+04 1.823767751731146802e+02 8.960864049644352747e+01 1.463064535855134807e+02 7.587095697518196857e+01
1.520645846612846435e+04 1.813659755531583073e+02 8.925461776495035338e+01 1.466983935620505406e+02 7.495529647321129119e+01
1.520681885533829154e+04 1.804464818771583907e+02 8.879203477398233701e+01 1.472061998563533507e+02 7.409425615974738832e+01
1.520717938262492862e+04 1.796017469404510223e+02 8.824245206145617715e+01 1.477957991277001497e+02 7.329048573113239229e+01
1.520753676440566778e+04 1.788730332254056066e+02 8.763756680318635972e+01 1.484770663869506393e+02 7.255896634894689612e+01
1.520787812833153293e+04 1.782285610890030512e+02 8.699901579479661962e+01 1.491898596732112878e+02 7.185772564652270944e+01
1.520822685553467090e+04 1.776166492404984751e+02 8.625023461865613683e+01 1.499549358244466362e+02 7.121819520652549329e+01
1.520857621935383577e+04 1.771789422202014066e+02 8.538001872717316587e+01 1.508093889736141193e+02 7.070452721588766565e+01
1.520891495812339599e+04 1.769448418319705638e+02 8.445332174525498203e+01 1.517401844488953486e+02 7.035440253276468070e+01
1.520925440983014778e+04 1.767671657764960855e+02 8.350431467781795902e+01 1.527242025613412295e+02 7.023275500350514733e+01
1.520959653120416806e+04 1.765519800952789069e+02 8.255013987064432968e+01 1.537210252514508113e+02 7.029755371713389422e+01
1.520994430815827764e+04 1.762748299948219710e+02 8.158294020598104623e+01 1.547169152274800581e+02 7.038054993470206000e+01
1.521028725126933023e+04 1.759659231048916865e+02 8.063103825393909574e+01 1.557164018662985541e+02 7.040231971781201992e+01
1.521063310561211620e+04 1.756707148694229943e+02 7.965979547379065195e+01 1.567163539480319514e+02 7.039382276208652911e+01
1.521097804421899673e+04 1.754318280017512279e+02 7.868473690579126867e+01 1.577149104314818544e+02 7.035078515926856824e+01
1.521130741018210756e+04 1.752422753496104519e+02 7.776752190374166673e+01 1.587124406102147134e+02 7.028120927515205096e+01
1.521164318580656618e+04 1.750528331448868187e+02 7.684099629421106670e+01 1.597107487261667700e+02 7.027514338158289320e+01
1.521198771895404207e+04 1.748523181473790089e+02 7.588547840792840304e+01 1.607095572427091952e+02 7.032287196178114641e+01
1.521233117810817566e+04 1.746197096201538841e+02 7.493467171341755773e+01 1.617090716667230481e+02 7.033207760059200098e+01
1.521266871778067980e+04 1.743409427443279753e+02 7.402004409871595669e+01 1.627089234754150766e+02 7.031760757555103680e+01
1.521301032471464168e+04 1.740359787534439704e+02 7.311819451733714459e+01 1.637069099029175732e+02 7.027232578889022818e+01
1.521336977108964675e+04 1.736825052548300903e+02 7.224255042380119107e+01 1.646951302943526514e+02 7.012914991892532157e+01
1.521373621827940224e+04 1.732604706189507056e+02 7.159209387829309890e+01 1.656752852892158785e+02 6.993093382394513924e+01
1.521415530250297888e+04 1.728205050523375235e+02 7.117829825925466025e+01 1.666229399167005738e+02 6.963317378956428172e+01
1.522019347291931990e+04 1.724193428709281193e+02 7.072787205418141809e+01 1.675415697672552824e+02 6.923873720285862987e+01
1.522283261231787219e+04 1.723670514163159737e+02 7.067317810407305956e+01 1.667973027174025162e+02 6.903010087891769331e+01
