# ts_seconds,x,y,gt_x,gt_y
9.777658677479630569e+03 1.501971253528778902e+02 7.930712609437665606e+01 1.501971253528778902e+02 7.930712609437665606e+01
9.833027107270465422e+03 1.474987858739822855e+02 7.968980664757917509e+01 1.498221301495038347e+02 7.841422494385669495e+01
9.834165541370068240e+03 1.471553916102162987e+02 8.007490354078242945e+01 1.488588830611441267e+02 7.814734761155760623e+01
9.834984933512982025e+03 1.470235087522119386e+02 8.035194087488829950e+01 1.479217386826151710e+02 7.781270938054717590e+01
9.835655438630521530e+03 1.469434703476811990e+02 8.093600008475064556e+01 1.469252743431399040e+02 7.775884895992670920e+01
9.836263731789164012e+03 1.469513502396345643e+02 8.124296679762186102e+01 1.459527325937422972e+02 7.753742020269049817e+01
9.836954110945443972e+03 1.468192071990785621e+02 8.089841397807366263e+01 1.449528927555788300e+02 7.752910644953590236e+01
9.837606180467471859e+03 1.467822404847601376e+02 8.079111580231686673e+01 1.439535364289975519e+02 7.756272501871249858e+01
9.838199834071647274e+03 1.466098975304714997e+02 8.098791113905994621e+01 1.429536121562046844e+02 7.756410578117214527e+01
9.838755062586327767e+03 1.463281165748676074e+02 8.140416982735321483e+01 1.419543342117902682e+02 7.759203892088966370e+01
9.839298156776403630e+03 1.458348643516426932e+02 8.215269952490343996e+01 1.409567047565059283e+02 7.756884888671183376e+01
9.839835967584875107e+03 1.457536210175543943e+02 8.319320809594096033e+01 1.399712095429858607e+02 7.773667443870444060e+01
9.840399905276419304e+03 1.458800958202498634e+02 8.421495271077232303e+01 1.390021484804992156e+02 7.798225490905390700e+01
9.840950268186687026e+03 1.462649383156807517e+02 8.516752497926428589e+01 1.380612994884018292e+02 7.831530523375292319e+01
9.841454025048882613e+03 1.466485033265490756e+02 8.605627019895739238e+01 1.371901441824794290e+02 7.880629121047012120e+01
9.841971870566689176e+03 1.470421642878347370e+02 8.696824338374857177e+01 1.363209881692766317e+02 7.930020778672613346e+01
9.842529641147499206e+03 1.473903373749040497e+02 8.791727197613940348e+01 1.354167795907212621e+02 7.972667593131164665e+01
9.843130195145273319e+03 1.474470154145647882e+02 8.898570847555626528e+01 1.344775274314732769e+02 8.003935439935580121e+01
9.843667247880950526e+03 1.473544396462168891e+02 9.000131081575888459e+01 1.334796654395398150e+02 7.998949101008467721e+01
9.844192194786570326e+03 1.470885172724457846e+02 9.096504128409644352e+01 1.324946855126725893e+02 7.982116944231705702e+01
9.844798102614931850e+03 1.465735602082863522e+02 9.199724128438680282e+01 1.315496306271535616e+02 7.951487803506041985e+01
9.845363152185633226e+03 1.460340531894976550e+02 9.293066276728291086e+01 1.307122022631011760e+02 7.896835369194268139e+01
9.845882517927855588e+03 1.454135455935671644e+02 9.368899156411085016e+01 1.298905222840681404e+02 7.839955751960063424e+01
9.846367938138799218e+03 1.447209481915623996e+02 9.433916649171038671e+01 1.291280592963658478e+02 7.775339744487986593e+01
9.846858223058692602e+03 1.439751282550693929e+02 9.491412524550226237e+01 1.284129328011957796e+02 7.705449211529068521e+01
9.847338405129596140e+03 1.432556390157319299e+02 9.524096999499232652e+01 1.276841284550990139e+02 7.636988135192973459e+01
9.847797366304364914e+03 1.426162937641349515e+02 9.514990523502085296e+01 1.269762399813298686e+02 7.566357640578164023e+01
9.848261651501135930e+03 1.418750037776531201e+02 9.470973211824821192e+01 1.262811304689673761e+02 7.494480374729880623e+01
9.848747056957276072e+03 1.409353729869969243e+02 9.459201825089023430e+01 1.256087927137443216e+02 7.420455963723644288e+01
9.849231812894629911e+03 1.400323413044118297e+02 9.502268024356519049e+01 1.249208250764255581e+02 7.348080631460321399e+01
9.849737965197637095e+03 1.392217228284725650e+02 9.560563402543857592e+01 1.241541021316660505e+02 7.283889650779330793e+01
9.850290761780122921e+03 1.384550020799100025e+02 9.626840162732007400e+01 1.233866024692488566e+02 7.219988791686675711e+01
9.850849085620335245e+03 1.377680761381200796e+02 9.699280675493555748e+01 1.225358598338205240e+02 7.167860269975319909e+01
9.851379817607372388e+03 1.371718235650547513e+02 9.776026061232462894e+01 1.216272183032823477e+02 7.126277478251975595e+01
9.851868456116317248e+03 1.367094021157539032e+02 9.853513276988036296e+01 1.207389897634790543e+02 7.080854355950420143e+01
9.852362031729950104e+03 1.362721272867854339e+02 9.931556574295450446e+01 1.197896997940187305e+02 7.049571128852181801e+01
9.852891359646213459e+03 1.358570861539704424e+02 1.002062737323474551e+02 1.188232275595883038e+02 7.023904164593822941e+01
9.853398430018169165e+03 1.355336685681504036e+02 1.011002585762671089e+02 1.178579772034560875e+02 6.997848493876233533e+01
9.853905160355123371e+03 1.352663722762324596e+02 1.020180419867782149e+02 1.168844241829001334e+02 6.975031644487808080e+01
9.854422260777273550e+03 1.350179901215062728e+02 1.029934710010311107e+02 1.159119814797060997e+02 6.952077192908463132e+01
9.854951249566547631e+03 1.347802084885252327e+02 1.039890739763249314e+02 1.149244372969419885e+02 6.936375409460541164e+01
9.855517183384154123e+03 1.345548830545762371e+02 1.050254431607927614e+02 1.139404093287203921e+02 6.918576928482538335e+01
9.856079744124555873e+03 1.344079708697358910e+02 1.060718725672144558e+02 1.129538042852031055e+02 6.903660422386352025e+01
9.856632131409187423e+03 1.343731791044684201e+02 1.071331303007630567e+02 1.119540603341045539e+02 6.901693092288225273e+01
9.857178951769339619e+03 1.343756955943495370e+02 1.081860523493346165e+02 1.109544174372856418e+02 6.903051531290358866e+01
9.857725171471958674e+03 1.343804703120523243e+02 1.092410829141134201e+02 1.099560725364092661e+02 6.908801262240629626e+01
9.858280061388231843e+03 1.343186911664830632e+02 1.103339710423696971e+02 1.089575629317029239e+02 6.914116038680957388e+01
9.858808400159430676e+03 1.341984676226725242e+02 1.113982797319854541e+02 1.079579175327849327e+02 6.916584008576556641e+01
9.859332080957561629e+03 1.340632746671130349e+02 1.124627472807629829e+02 1.069584385143146932e+02 6.915531917289230535e+01
9.859848597386899201e+03 1.340433829759586217e+02 1.135031089369081911e+02 1.059604226757010537e+02 6.911574219940408170e+01
9.860360880962614829e+03 1.341795397854341161e+02 1.145519148389850130e+02 1.049629435983244861e+02 6.918098597091102420e+01
9.860867100572979325e+03 1.343376430871705054e+02 1.156221005492971585e+02 1.039703467033173183e+02 6.930203684798388508e+01
9.861332353694682752e+03 1.344433179689865483e+02 1.166092655782464647e+02 1.029811037352520628e+02 6.944777515121589317e+01
9.861795119779137167e+03 1.344833910218307267e+02 1.175741555357233068e+02 1.019925905785697466e+02 6.959313952170595030e+01
9.862289264912609724e+03 1.344525585049713072e+02 1.185854043891957730e+02 1.009950038383670403e+02 6.966246648575265965e+01
9.862805334326683806e+03 1.343717899466017229e+02 1.196158192641544531e+02 9.999649663476063211e+01 6.971165274561759873e+01
9.863319757500203195e+03 1.342351944200060530e+02 1.206282727062730089e+02 9.899816258427962623e+01 6.968827235757285621e+01
9.863814182473335677e+03 1.340731008281631489e+02 1.216143026152526261e+02 9.800437732118642487e+01 6.957713489980396560e+01
9.864312226460780948e+03 1.338904787343420253e+02 1.226492172271563561e+02 9.701168949562108423e+01 6.946003866331095367e+01
9.864818191380902135e+03 1.336747853065909055e+02 1.236946682518184275e+02 9.602571367956119275e+01 6.929315322611964234e+01
9.865319530875147393e+03 1.334878040111543385e+02 1.246882551888942174e+02 9.503661171769317662e+01 6.915183845498934545e+01
9.865854307506226178e+03 1.333584094507226609e+02 1.257185276146731070e+02 9.403860498991976158e+01 6.910655148971747508e+01
9.866415358816742810e+03 1.332649301805474522e+02 1.267568741430254562e+02 9.304296020775583997e+01 6.917410373802461265e+01
9.866974562035476993e+03 1.331749302264951780e+02 1.277721528291341571e+02 9.205648187372977986e+01 6.933618072104358987e+01
9.867525584836748749e+03 1.330938278986158423e+02 1.287989067883480345e+02 9.106258480284471091e+01 6.944421166717702931e+01
9.868055295622783888e+03 1.330639436373419642e+02 1.298328322631089691e+02 9.006506912285367150e+01 6.951464391560925549e+01
9.868565204619239012e+03 1.330602355219780577e+02 1.308813775483334894e+02 8.906677249586164180e+01 6.956591870810902378e+01
9.869078214452863904e+03 1.331023741364326725e+02 1.319344256358371297e+02 8.807008230814058436e+01 6.961224336176248073e+01
9.869612439085636652e+03 1.332401840576037841e+02 1.330125793259398677e+02 8.708372348692341802e+01 6.977626262924854927e+01
9.870125400048593292e+03 1.333913371229693041e+02 1.340563458606217466e+02 8.609970278676506439e+01 6.995379938460067137e+01
9.870618377625723951e+03 1.334848525971058564e+02 1.350763203110619486e+02 8.511122329063307745e+01 7.010492260315203339e+01
9.871123357368660436e+03 1.334797573013071599e+02 1.361221372385645907e+02 8.411804937568913942e+01 7.020360967682182718e+01
9.871637655239463129e+03 1.333339882940346399e+02 1.371460468985288230e+02 8.311868898081058887e+01 7.022349462462382519e+01
9.872155250664645791e+03 1.331079892544767915e+02 1.381478584399096974e+02 8.212026850066861527e+01 7.026584528479054370e+01
9.872663342565401763e+03 1.329203308227887419e+02 1.391501025895478563e+02 8.112256152461334580e+01 7.021889610798127990e+01
9.873179376108128054e+03 1.328546552579454954e+02 1.401518523390778910e+02 8.012755666263281285e+01 7.014056025807791173e+01
9.873735618501403223e+03 1.328333511549821253e+02 1.411841105990509107e+02 7.912785924870651399e+01 7.013802443178479962e+01
9.874280182312995748e+03 1.327514817004147005e+02 1.422006845252127221e+02 7.812938948545139795e+01 7.008616862043714946e+01
9.874785563402423577e+03 1.326645823443883216e+02 1.432034055553336316e+02 7.713227690194436548e+01 7.001047367973970381e+01
9.875282469368548846e+03 1.326152997054082618e+02 1.442461553542646300e+02 7.613610361893040590e+01 6.992665876927185309e+01
9.875781148933305303e+03 1.325803133010226134e+02 1.453114000671295685e+02 7.514168985675233614e+01 6.982416285849434701e+01
9.876277263592797681e+03 1.325271191881255675e+02 1.463404309389638627e+02 7.414408780721363712e+01 6.975509828880069563e+01
9.876770516335773209e+03 1.324850779496486268e+02 1.473506432206301042e+02 7.314678398851565078e+01 6.968178763320878488e+01
9.877265466263615963e+03 1.324984136335488927e+02 1.483797378934130222e+02 7.214865614260899918e+01 6.964892826298408579e+01
9.877781836351565289e+03 1.325594127725069882e+02 1.494565597784664419e+02 7.114934080681086925e+01 6.968511049970136639e+01
9.878288531511552719e+03 1.325950975905785469e+02 1.504638126125180690e+02 7.015111617120967935e+01 6.973395645217593142e+01
9.878779344981208851e+03 1.325460371465705975e+02 1.514034361276938512e+02 6.915499900340340389e+01 6.982060704084194924e+01
9.879270972429510948e+03 1.324296951656490364e+02 1.523785583397689152e+02 6.815640738852027880e+01 6.986695988179828021e+01
9.879768633482644873e+03 1.322768577755990407e+02 1.534011212831273099e+02 6.715790019809489308e+01 6.990473191399476605e+01
9.880250765041408158e+03 1.321456949847477915e+02 1.544206585816409074e+02 6.616091820515180189e+01 6.997539731413313291e+01
9.880692524751630117e+03 1.320753399013985074e+02 1.554006712380944180e+02 6.516118029188911009e+01 6.999790442952817671e+01
9.881125190591756109e+03 1.320109776661714136e+02 1.563830991541192645e+02 6.416180193960474298e+01 7.002786761904657453e+01
9.881565635477809337e+03 1.319685293958796422e+02 1.573686608316220656e+02 6.316333469131783573e+01 7.008320850177217665e+01
9.881984956864433116e+03 1.319911475780673413e+02 1.582943594544678945e+02 6.216509111677743249e+01 7.014210491748058018e+01
9.882396281433047989e+03 1.320458035540556239e+02 1.592180013573316444e+02 6.117141563892498368e+01 7.024380489634252456e+01
9.882835909232971972e+03 1.321068622490688540e+02 1.602127322862928906e+02 6.018545607927966046e+01 7.041078659400429274e+01
9.883276164649110797e+03 1.321635825139794918e+02 1.611702486357165753e+02 5.919769202810996944e+01 7.056605078701895195e+01
9.883719913255094070e+03 1.322321768806052660e+02 1.620642210014151487e+02 5.821032656852888465e+01 7.072182436856836318e+01
9.884199684956587589e+03 1.323275836648813595e+02 1.629939805969394513e+02 5.722652771984567721e+01 7.089929031575368867e+01
9.884687222246961028e+03 1.324993743710967351e+02 1.639254322658565854e+02 5.623919310337685573e+01 7.105662586621212995e+01
9.885160836116216160e+03 1.328118135029576194e+02 1.647682442326148475e+02 5.527643435021960272e+01 7.130907254960727926e+01
9.885641831289780384e+03 1.332755227646347009e+02 1.655944109807398945e+02 5.436448716237637768e+01 7.171725001039213510e+01
9.886109443386927524e+03 1.338412425937890760e+02 1.663351925762032124e+02 5.353258540552222655e+01 7.225621272135883544e+01
9.886561783354447471e+03 1.344867873947678447e+02 1.669320094640470131e+02 5.284024221676687461e+01 7.297490825104269163e+01
9.887031968740333468e+03 1.352200728131774383e+02 1.675156129629741031e+02 5.221797203317130709e+01 7.375760433360717627e+01
9.887518139038804293e+03 1.359735651346074690e+02 1.681210058849335951e+02 5.166853047301918167e+01 7.458797946343457852e+01
9.888009200271180816e+03 1.367163125621094650e+02 1.686004833935926968e+02 5.124517218014849362e+01 7.549338769520585402e+01
9.888515635959825886e+03 1.375449883518658680e+02 1.689278447062680755e+02 5.093700980665430933e+01 7.643883841351120623e+01
9.889036643975365223e+03 1.384634256989881749e+02 1.693290326563868291e+02 5.076815129433339280e+01 7.742443778748071281e+01
9.889567218843723822e+03 1.394308474050259861e+02 1.697700769159016829e+02 5.055407290282738586e+01 7.839836974867283459e+01
9.890092903085511352e+03 1.403823130155961394e+02 1.701892301011816926e+02 5.027763416320618717e+01 7.935848420588801844e+01
9.890614443445350844e+03 1.412795166276775092e+02 1.706649607076826669e+02 5.002912892491771402e+01 8.032660171971636487e+01
9.891125591743024415e+03 1.421586415141116504e+02 1.711397481903189259e+02 4.970580112054602040e+01 8.127164205395092722e+01
9.891619078142657600e+03 1.429718959548116288e+02 1.716891696537400662e+02 4.932557588360933920e+01 8.219653415619887937e+01
9.892106018970940568e+03 1.436670716427389038e+02 1.723999652279881616e+02 4.889129343407722672e+01 8.309373999705950098e+01
9.892561839994677939e+03 1.442446548072888675e+02 1.731437177517737496e+02 4.833712601393983022e+01 8.392495623809300298e+01
9.893006871219895402e+03 1.446887135902380521e+02 1.739665245304331336e+02 4.769092225788614314e+01 8.468424535237569728e+01
9.893471500278152234e+03 1.450380748440076957e+02 1.749301296642123589e+02 4.692177029443456604e+01 8.531502361336727347e+01
9.893909131970176531e+03 1.452884516487500548e+02 1.758733368731213602e+02 4.606855174482708293e+01 8.583645014277276175e+01
9.894344372988134637e+03 1.453906354061982995e+02 1.768560389403512261e+02 4.518539473214707414e+01 8.630144060466922440e+01
9.894808723108024424e+03 1.453645473119907763e+02 1.779276786281732825e+02 4.424576729024039423e+01 8.663293488447240520e+01
9.895265782852504344e+03 1.452718186386806565e+02 1.789448869458964566e+02 4.326872091996558112e+01 8.684448540643201397e+01
9.895721048995121237e+03 1.452630636029346931e+02 1.798744179703417103e+02 4.228054331736038307e+01 8.699183827517674672e+01
9.896202759796869941e+03 1.454471981661918676e+02 1.807568723109421001e+02 4.128612753392830825e+01 8.709672112795202281e+01
9.896701895971389604e+03 1.457075032583759366e+02 1.815298024221098103e+02 4.029463355840781702e+01 8.722624312927000290e+01
9.897193764289713727e+03 1.458504158924127978e+02 1.822736901158649800e+02 3.930176325889612343e+01 8.729002110643385492e+01
9.897677465452434262e+03 1.458097936581281715e+02 1.831709641471992143e+02 3.830451257158064493e+01 8.728977569577332929e+01
9.898160451271607599e+03 1.456031273808450521e+02 1.841337521096955925e+02 3.730852427060118970e+01 8.737924452762351279e+01
9.898665313986561159e+03 1.453090229683061239e+02 1.851584651021967431e+02 3.631494088999598091e+01 8.737442022015623877e+01
9.899157835108610016e+03 1.449887280124002871e+02 1.860755873221905006e+02 3.532542349378795876e+01 8.723001633255096010e+01
9.899706982780426188e+03 1.445937458660806385e+02 1.865958667883519979e+02 3.434612943570767385e+01 8.703629094896439256e+01
9.901322502891705881e+03 1.444848348773102771e+02 1.857051872944352340e+02 3.417221225445970845e+01 8.682786236042960581e+01
9.902671929864232879e+03 1.450254560448780126e+02 1.841821678271752489e+02 3.515582929440458315e+01 8.665011283442103718e+01
9.903371673451989409e+03 1.453590847339666254e+02 1.828574285202601857e+02 3.614887839332684649e+01 8.654315770852497280e+01
9.904024933765740570e+03 1.453986903870869583e+02 1.814892249729018658e+02 3.714708884307883352e+01 8.648449229647430059e+01
9.904630972941116852e+03 1.453395654478929089e+02 1.806964337943506109e+02 3.813500313535806896e+01 8.660721610057203179e+01
9.905177126655386019e+03 1.454531434161057177e+02 1.802255633433993864e+02 3.913087301871112800e+01 8.668094586328506068e+01
9.905721323740555817e+03 1.458796513910744750e+02 1.795237354600679396e+02 4.012678232512070764e+01 8.661267816718448387e+01
9.906246597122601088e+03 1.462825852301794782e+02 1.785667633286230682e+02 4.112574381189220674e+01 8.658865891806097181e+01
9.906727740631513370e+03 1.466082722376140453e+02 1.775403376137622331e+02 4.212573449295502570e+01 8.658434379753337851e+01
9.907185072782565840e+03 1.469122480950144052e+02 1.765850060691269618e+02 4.311934684579637178e+01 8.668376583050752515e+01
9.907681774890932502e+03 1.470354055443405343e+02 1.756128797295883430e+02 4.411751476922948001e+01 8.672627613668140611e+01
9.908220155716695444e+03 1.468671703215632363e+02 1.745693294595712359e+02 4.508103093502634096e+01 8.649234303950831304e+01
9.908761525374909979e+03 1.459965605258796018e+02 1.740135235992087530e+02 4.599976984207652464e+01 8.610049728899105048e+01
9.909293145537229066e+03 1.452816364183527753e+02 1.733719044331783437e+02 4.679707230459889900e+01 8.550599078842068934e+01
9.909836158803675062e+03 1.445626176296739800e+02 1.724842657450088268e+02 4.749405154121065920e+01 8.479073117537581084e+01
9.910398064208464348e+03 1.438426156422902409e+02 1.715323575085074026e+02 4.814805095514298472e+01 8.403442104440361504e+01
9.910948920933818954e+03 1.434027488501965308e+02 1.703691871749411177e+02 4.875488828692731147e+01 8.323999575836376152e+01
9.911516214369967201e+03 1.428115933750282807e+02 1.697941682509179486e+02 4.940682140607924566e+01 8.248246926913296306e+01
9.912073811461768855e+03 1.417767760899172345e+02 1.697521275007778172e+02 4.992618974164651746e+01 8.163216320797046421e+01
9.912623146556607026e+03 1.406511966306469787e+02 1.694785013210303646e+02 5.033259830333103224e+01 8.071943469409669092e+01
9.913174495658357046e+03 1.396544385576620186e+02 1.690463624661508675e+02 5.055273112803021718e+01 7.974750110597769037e+01
9.913723210187752557e+03 1.386359899656060009e+02 1.686108198229619006e+02 5.060523387227021175e+01 7.875075682312849779e+01
9.914308346817111669e+03 1.378535168382547909e+02 1.680782329824465080e+02 5.072751902597608620e+01 7.775932701935262514e+01
9.914878971775056925e+03 1.370292558807724674e+02 1.675612149302705518e+02 5.072728776678019358e+01 7.676157292509883234e+01
9.915463221567792061e+03 1.361166210623308643e+02 1.669118787370629775e+02 5.073407289756354999e+01 7.576175109607805780e+01
9.916026361395241111e+03 1.352578151708818552e+02 1.663276333233221749e+02 5.092732244331661917e+01 7.478412062102746916e+01
9.916625027872172723e+03 1.344120784271531477e+02 1.655963208509908213e+02 5.124933362277451465e+01 7.383838255917174820e+01
9.917216398968486828e+03 1.337694703995607028e+02 1.648748250766742558e+02 5.174491518851160521e+01 7.297339585473142165e+01
9.917776048932508274e+03 1.332872564159379749e+02 1.639660874738414691e+02 5.226244900728882925e+01 7.211775155176664498e+01
9.918333834315444619e+03 1.329030479032976189e+02 1.629411700168776349e+02 5.298989920227068495e+01 7.144358580676944825e+01
9.918894598666114689e+03 1.327204040558675331e+02 1.619385407388485874e+02 5.379568750944599032e+01 7.085192131686365258e+01
9.919457648015597442e+03 1.329183234562337077e+02 1.608779001645629876e+02 5.465326608737361624e+01 7.033892296103338992e+01
9.919989334620751833e+03 1.328406636555840805e+02 1.603632061838713128e+02 5.560046594083037519e+01 7.003230183010863641e+01
9.920489329723937772e+03 1.327955334024103990e+02 1.596674616980829740e+02 5.654023080846357630e+01 6.969218905334919612e+01
9.921004418322758283e+03 1.329016756958596090e+02 1.587177435456501939e+02 5.751862980383697987e+01 6.949958411039199291e+01
9.921579343469298692e+03 1.328004249602262803e+02 1.580995905435954114e+02 5.850569958177937480e+01 6.933929297372465328e+01
9.922128365267171830e+03 1.327482305649229772e+02 1.571309741182807045e+02 5.949545863904975818e+01 6.919677136255241123e+01
9.922628694300594361e+03 1.328762391023114162e+02 1.565272185741237081e+02 6.049041209967289490e+01 6.924927325386988741e+01
9.923127245935984320e+03 1.326164263355514947e+02 1.563604793003642328e+02 6.147926738203494779e+01 6.913259911866524021e+01
9.923661627235134802e+03 1.321657258803960246e+02 1.564660751497544595e+02 6.247696109330597380e+01 6.908677358840061800e+01
9.924185751203143809e+03 1.315576745769195668e+02 1.567138656507280245e+02 6.347301784754591836e+01 6.916343794264264488e+01
9.924678257175073668e+03 1.316232374868062891e+02 1.561645566839916057e+02 6.446651783596038854e+01 6.908172845087243275e+01
9.925164701776693619e+03 1.317002491445205408e+02 1.553078905773856491e+02 6.546445766451911652e+01 6.902308134608108503e+01
9.925677314694548841e+03 1.313409910667690497e+02 1.541505623576465780e+02 6.645134746279852322e+01 6.886894796349886860e+01
9.926206834438406077e+03 1.314356988676491369e+02 1.532022315473392950e+02 6.743325842007892845e+01 6.867970993874945407e+01
9.926707636252422162e+03 1.319033073774557181e+02 1.526230368142333873e+02 6.842933462581171966e+01 6.861023142572864231e+01
9.927179323312320776e+03 1.324123313427519690e+02 1.522890747796647020e+02 6.941757437680344367e+01 6.846409873873290053e+01
9.927663530914665898e+03 1.325169134819275598e+02 1.523259889866518222e+02 7.040896212145197808e+01 6.833414277645611890e+01
9.928161048351035788e+03 1.320415266500378948e+02 1.519983831605578644e+02 7.138740319438946358e+01 6.813082293782028387e+01
9.928641398436855525e+03 1.316989112089070488e+02 1.512270906921889662e+02 7.235565727450102713e+01 6.788124124703099938e+01
9.929106102703934084e+03 1.316689080337641542e+02 1.508211561882756939e+02 7.334074736929248672e+01 6.771390913543733348e+01
9.929550778577629899e+03 1.317010006959305883e+02 1.506739158755025016e+02 7.433290679913542931e+01 6.758945349846628403e+01
9.930040048020075119e+03 1.317587420830093663e+02 1.506598616938268833e+02 7.533098197951676411e+01 6.760530469743133608e+01
9.930541709919298228e+03 1.321151955723061917e+02 1.506007645694500354e+02 7.633054077780263924e+01 6.763441906933999803e+01
9.931031229967646141e+03 1.329470541653298596e+02 1.502970235798187559e+02 7.732802421990015773e+01 6.757467715842230405e+01
9.931486794362708679e+03 1.332782314983730600e+02 1.497227578611268370e+02 7.832391839698080105e+01 6.763998757925082828e+01
9.931967269058912279e+03 1.332728434555344563e+02 1.489033920743258079e+02 7.932284618877579874e+01 6.763038051102427062e+01
9.932448089245142910e+03 1.335103797356092628e+02 1.479481100607157487e+02 8.031574763689182817e+01 6.751731412900245743e+01
9.932904382638538664e+03 1.334106069472234992e+02 1.472757960328849265e+02 8.131246319664450084e+01 6.755322315362595020e+01
9.933356742233261684e+03 1.332981925906117624e+02 1.467016930976709261e+02 8.231198942177627487e+01 6.755106343062338681e+01
9.933864972188841421e+03 1.336318021472484645e+02 1.459398959271892409e+02 8.331159227151289315e+01 6.757369576213150708e+01
9.934368534564591755e+03 1.338339789486685163e+02 1.450089080911326107e+02 8.430899016384645961e+01 6.764362280577316255e+01
9.934844250602554894e+03 1.341141488494277496e+02 1.440612438621116098e+02 8.530646758173831756e+01 6.759764099373005308e+01
9.935319492848309892e+03 1.344570687892817489e+02 1.431324830533712031e+02 8.630605442485632750e+01 6.758020717948431866e+01
9.935816980625169890e+03 1.346854290711717681e+02 1.421546939259998510e+02 8.730604903700874786e+01 6.757775799571518860e+01
9.936296390048217290e+03 1.348220817810154415e+02 1.411766751500529438e+02 8.829858258174118646e+01 6.746576046406185867e+01
9.936789728448293317e+03 1.349937532265076925e+02 1.401485154740467749e+02 8.929713334681177628e+01 6.745222149320896676e+01
9.937246101030350474e+03 1.352333003217336511e+02 1.392247813724060848e+02 9.029099898907772115e+01 6.755502513216232785e+01
9.937725291385757373e+03 1.354302145242696440e+02 1.383181025278949221e+02 9.128939002467076591e+01 6.754611242904033475e+01
9.938186396445154969e+03 1.355200792230404545e+02 1.374492145687705147e+02 9.228928256107236905e+01 6.753492868014332373e+01
9.938613267136584909e+03 1.356246873569925526e+02 1.366097457326658002e+02 9.328398655462542877e+01 6.743950195643567724e+01
9.939062240767305411e+03 1.357540402195349714e+02 1.356699484249281795e+02 9.428007624996730840e+01 6.735177631712603841e+01
9.939521632425181451e+03 1.358304936784453503e+02 1.346805498662536706e+02 9.527867272041275726e+01 6.737693094463195109e+01
9.939946674368171443e+03 1.359207213967106611e+02 1.337769475721615322e+02 9.627826592364148439e+01 6.740441594052504115e+01
9.940380450256048789e+03 1.360339496564163255e+02 1.328350574978747716e+02 9.727809796374855011e+01 6.742255633722454888e+01
9.940835802587365833e+03 1.360574698136816210e+02 1.318403983861480242e+02 9.827722412632505211e+01 6.746310896968516602e+01
9.941272843944689157e+03 1.361158732419480941e+02 1.309051982784256722e+02 9.927651061678103872e+01 6.743943380540794408e+01
9.941702387406068738e+03 1.362666470918103983e+02 1.299597048832667952e+02 1.002758197523379806e+02 6.740227044646434251e+01
9.942182459733568976e+03 1.365002666647734486e+02 1.289174205440082801e+02 1.012756710772304416e+02 6.738821090826371574e+01
9.942662424110652864e+03 1.367589749325807702e+02 1.279062081567870592e+02 1.022753262355052897e+02 6.736281989754016308e+01
9.943138527434015487e+03 1.370155935183842928e+02 1.269025365121189708e+02 1.032728112581919788e+02 6.742281226950990458e+01
9.943627660607564394e+03 1.372219985791849126e+02 1.258505077739424962e+02 1.042723479968176150e+02 6.743968077694545116e+01
9.944107926356678945e+03 1.374174867667468050e+02 1.248221166777249209e+02 1.052702088303709616e+02 6.738052002818625397e+01
9.944565240139880189e+03 1.375656922419823331e+02 1.238340155521427732e+02 1.062693044094501431e+02 6.734004195820476468e+01
9.945004875042821368e+03 1.376806723553474967e+02 1.228898231390196258e+02 1.072499742597369590e+02 6.715507242211316452e+01
9.945473334816586430e+03 1.378746346808350154e+02 1.218740246547076396e+02 1.082277611759255507e+02 6.694547298670462965e+01
9.945940913016451304e+03 1.380328994710212669e+02 1.208255118123586840e+02 1.092210132391184629e+02 6.683781009728475908e+01
9.946406539197660095e+03 1.382202767769393006e+02 1.197873573607359958e+02 1.102097660597338518e+02 6.669025346135055088e+01
9.946879192525591861e+03 1.384693088224469193e+02 1.187643403528924324e+02 1.112067440296263072e+02 6.662232432718644759e+01
9.947361670150618011e+03 1.387140357874885410e+02 1.177237928848109050e+02 1.122064937164973486e+02 6.660556977211930985e+01
9.947842599862839052e+03 1.390544663150024292e+02 1.167400440999291646e+02 1.132056914683913789e+02 6.656723067792050585e+01
9.948303263081312252e+03 1.394550724771106331e+02 1.157938245214703699e+02 1.142015436199817771e+02 6.664360568752695713e+01
9.948731692549154104e+03 1.398838556631251038e+02 1.149481786003523069e+02 1.151986873796110018e+02 6.671858742091498584e+01
9.949196173680775246e+03 1.404862488684258608e+02 1.141521899204578574e+02 1.161895459578489351e+02 6.685106938036450686e+01
9.949631232032050320e+03 1.410710266426402200e+02 1.134166926545233736e+02 1.171303023027742114e+02 6.718099566496631780e+01
9.950048338416190745e+03 1.416494326529061993e+02 1.126855242481845067e+02 1.180681777549044398e+02 6.752791739614271194e+01
9.950487845549416306e+03 1.423412540162775599e+02 1.119334398007678288e+02 1.189931159659811897e+02 6.790772781804835745e+01
9.950894839448288621e+03 1.430612907172546500e+02 1.113021361770165782e+02 1.198598941231338415e+02 6.840393060411429360e+01
9.951279455746429448e+03 1.437769912280679421e+02 1.107698727498382567e+02 1.207052300644255354e+02 6.893808146985804797e+01
9.951698933809861046e+03 1.445610442942449367e+02 1.102138366983619306e+02 1.215499322850793504e+02 6.947331703402790026e+01
9.952139100729360507e+03 1.453527803247128816e+02 1.096334903787049484e+02 1.223314040346755860e+02 7.009576503560479921e+01
9.952578402517287032e+03 1.461122787250774593e+02 1.090798132431513778e+02 1.230841198355841044e+02 7.075401094475348884e+01
9.953029953051001939e+03 1.468927433119712589e+02 1.085343035123372175e+02 1.238407326313054995e+02 7.140786092965282705e+01
9.953473434916220867e+03 1.476088250895598151e+02 1.079788824998110215e+02 1.245364475222300769e+02 7.212530910690354347e+01
9.953915884915131755e+03 1.482289013218587286e+02 1.073242666759876442e+02 1.253295536394819010e+02 7.273113747901986414e+01
9.954358424732852654e+03 1.488480684724284799e+02 1.066107746104204921e+02 1.261783714662807228e+02 7.325909805162126531e+01
9.954805355408856485e+03 1.495342276050359089e+02 1.059816971303675928e+02 1.270607840062495768e+02 7.372907038051339157e+01
9.955259865756574072e+03 1.502909904235929162e+02 1.054707166715790265e+02 1.279540985951894783e+02 7.417846569866134132e+01
9.955719126858808522e+03 1.511286142581541014e+02 1.050095756563971463e+02 1.287337059464698825e+02 7.479978464334084265e+01
9.956189121452134714e+03 1.519949172105286266e+02 1.045446882902120223e+02 1.293953006833232848e+02 7.554774109491329170e+01
9.956675953307461896e+03 1.528499495821506855e+02 1.040175812767690076e+02 1.300558342232494340e+02 7.629851073664558214e+01
9.957146763942126199e+03 1.536239673944471349e+02 1.034622188160400214e+02 1.307636977707677772e+02 7.700447814866578256e+01
9.957638639249822518e+03 1.542151027733576996e+02 1.027382648036159338e+02 1.315380110157090598e+02 7.763638698211482847e+01
9.958174999215736534e+03 1.545139879867507489e+02 1.017106401257959476e+02 1.324766479373970469e+02 7.796257889862813784e+01
9.958728214207585552e+03 1.547218606893735853e+02 1.006427228978934352e+02 1.334667743547349232e+02 7.809104826076907102e+01
9.959258821023162454e+03 1.548435769139016145e+02 9.964443740098107583e+01 1.344372272803633166e+02 7.786844387837791714e+01
9.959766508323200469e+03 1.550090748703208021e+02 9.859602626065594677e+01 1.354317833340814161e+02 7.777329074062599545e+01
9.960265791398447618e+03 1.553575629245546281e+02 9.758426115876066831e+01 1.364310759133075805e+02 7.779734071572457310e+01
9.960781669607467848e+03 1.558558562280733497e+02 9.663630597996059635e+01 1.374229949517647071e+02 7.792174414394747828e+01
9.961279820635116266e+03 1.563860483487109434e+02 9.573729441225603409e+01 1.383831204208032659e+02 7.819882708584637498e+01
9.961764704347506267e+03 1.569333956195158919e+02 9.482829121770764402e+01 1.393662924636355172e+02 7.837961016698722005e+01
9.962269025040295674e+03 1.576235403663444856e+02 9.393731591069648346e+01 1.403361405314508659e+02 7.862272627977949924e+01
9.962741065358273772e+03 1.582869595359805714e+02 9.314221211230868391e+01 1.412650826342016614e+02 7.899176390923371116e+01
9.963193131550693579e+03 1.588046934381818289e+02 9.236084870226908095e+01 1.422166201169165447e+02 7.929883947822968082e+01
9.963687603931291960e+03 1.593176536313517033e+02 9.142786314463748454e+01 1.431755180219801389e+02 7.958255261551981619e+01
9.964210140084616796e+03 1.599545658777284984e+02 9.048614212784090682e+01 1.440949929391518083e+02 7.997492167633036786e+01
9.964726415133369301e+03 1.606786621488001288e+02 8.965538638039024022e+01 1.450170428775364257e+02 8.036198553134234146e+01
9.965235167891414676e+03 1.613679304022518011e+02 8.884744397535617111e+01 1.459004119553214593e+02 8.083029348252840407e+01
9.965765317743753258e+03 1.621262353597595620e+02 8.813478343198234199e+01 1.467838553367911913e+02 8.129883080855556443e+01
9.966366760459863144e+03 1.629404733150799132e+02 8.735610976746544054e+01 1.476598831750379759e+02 8.178108068124394947e+01
9.966955961235787981e+03 1.636953285522743045e+02 8.658082437283084687e+01 1.485209471966608703e+02 8.228954524625601152e+01
9.967529964115970870e+03 1.643351363708063104e+02 8.579612030347593077e+01 1.494153489090628000e+02 8.273663709987876302e+01
9.968077734962862451e+03 1.648423817934660178e+02 8.493937185841298287e+01 1.502959248144078117e+02 8.321051342952976881e+01
9.968602447448314706e+03 1.652743126136330716e+02 8.402882165112606572e+01 1.512628485710239659e+02 8.346339410094743982e+01
9.969159607557194249e+03 1.657893664550535107e+02 8.309594727646022250e+01 1.522286644043592503e+02 8.372209809687875293e+01
9.969703776578622637e+03 1.662999632011544406e+02 8.226536621129334037e+01 1.531380309727443318e+02 8.413755335383659428e+01
9.970282235802780633e+03 1.667178477763058027e+02 8.132012643576248934e+01 1.541070890185242206e+02 8.438380887628346727e+01
9.970832083689516367e+03 1.670043839862813400e+02 8.028262394864883333e+01 1.551000334518684269e+02 8.450011642311415017e+01
9.971361132848736816e+03 1.671294567943868401e+02 7.922904898987441413e+01 1.560984540215126799e+02 8.444495623057846956e+01
9.971889435628687352e+03 1.671601785435241254e+02 7.816674207159823595e+01 1.570912970223853904e+02 8.432553887911778645e+01
9.972384035698836669e+03 1.671055435743350870e+02 7.719695898082082408e+01 1.580837352446962711e+02 8.420794683696216509e+01
9.972884489064641457e+03 1.669843487490298912e+02 7.621669412225138274e+01 1.590389044333429922e+02 8.391190067630016358e+01
9.973407173182949919e+03 1.668565959461963644e+02 7.518005321432615062e+01 1.599981952755723569e+02 8.362948211436741985e+01
9.973928549569798633e+03 1.666110798312345480e+02 7.429111795396389084e+01 1.609507878715868969e+02 8.333047699521203810e+01
9.974530094265284788e+03 1.664466705858545765e+02 7.363200198131801244e+01 1.618078567872370854e+02 8.281579872871995462e+01
9.984079103060366833e+03 1.665774579904628467e+02 7.320926758408923263e+01 1.626251677618942608e+02 8.224900786333454050e+01
9.998892659366045336e+03 1.670270333586848608e+02 7.231660425387833868e+01 1.632571648327005107e+02 8.297471894900844802e+01
9.999599154618215834e+03 1.673439261966286722e+02 7.130894975405496439e+01 1.640481236311414932e+02 8.358637225513784585e+01
1.000024682492788997e+04 1.675908880361866693e+02 7.015687609311035544e+01 1.649859938359693388e+02 8.393263190219171577e+01
1.000083624430404780e+04 1.677231021381839469e+02 6.902207662589083270e+01 1.659707692064213234e+02 8.410596548653367677e+01
1.000136064131183230e+04 1.678678941989497844e+02 6.795022398898534277e+01 1.669334886191172700e+02 8.437599749051034337e+01
1.000185066712334446e+04 1.680057283981192313e+02 6.691832334605271626e+01 1.679212047049246053e+02 8.453134686299178213e+01
1.000231927282921424e+04 1.680607466692351579e+02 6.590972402734462321e+01 1.689202140392886520e+02 8.457569301729628819e+01
1.000277094389661397e+04 1.681263038227822619e+02 6.496900037598005895e+01 1.699178225279284788e+02 8.464072280215228261e+01
1.000322407228254815e+04 1.683139268404733855e+02 6.404419728877263651e+01 1.709140832221484345e+02 8.455527956458564631e+01
1.000366139752731578e+04 1.684488626939636902e+02 6.314666912269543531e+01 1.719140378914202074e+02 8.454840515855187277e+01
1.000411465125429095e+04 1.686352131129328029e+02 6.222698250429094458e+01 1.729133621389799487e+02 8.457585309135323826e+01
1.000457681401573427e+04 1.688677805862794230e+02 6.130355873695447855e+01 1.739068984815721706e+02 8.446368159610481996e+01
1.000504830063391455e+04 1.690635480018755175e+02 6.031541765245458464e+01 1.749067588416365595e+02 8.444758685115098729e+01
1.000551753368430036e+04 1.692613445732216633e+02 5.930342734472110777e+01 1.759059697469955381e+02 8.440811755817627215e+01
1.000603889655322382e+04 1.694912180338770042e+02 5.819677277901018897e+01 1.769055019446581696e+02 8.439780420389394067e+01
1.000656067567038735e+04 1.697432269259222153e+02 5.710569147171008808e+01 1.778953933527398590e+02 8.453942180810997797e+01
1.000707043389692444e+04 1.701711838350382493e+02 5.613537916764138913e+01 1.788892144779109685e+02 8.464696295871968346e+01
1.000758266559727599e+04 1.705895148529513392e+02 5.516578722364475595e+01 1.798583813634320734e+02 8.489333306483625563e+01
1.000811478738080950e+04 1.709631609927702982e+02 5.415375165440973859e+01 1.808234391499111950e+02 8.515384565615869406e+01
1.000867683137857239e+04 1.713295286667216715e+02 5.319941344611837053e+01 1.818148376546460554e+02 8.528285821750790774e+01
1.000924803289654119e+04 1.714966002182995908e+02 5.223759758522533758e+01 1.827882729248564431e+02 8.550064028616392875e+01
1.000986241851154591e+04 1.713719988446645459e+02 5.131473614985070242e+01 1.837783674017797466e+02 8.537353479826001035e+01
1.001062511249254203e+04 1.706357231826343366e+02 5.047486154315948426e+01 1.846797826408545689e+02 8.497706290531338880e+01
1.001127856949353372e+04 1.696741598103578212e+02 4.998999662059065940e+01 1.850836763757018275e+02 8.406574582199087331e+01
1.001184364712251590e+04 1.686545066604914780e+02 4.977964350509029856e+01 1.852487377942634623e+02 8.307949565389492363e+01
1.001237932480316704e+04 1.676835544466842123e+02 4.956544303789782191e+01 1.853794800312305426e+02 8.208854148549441732e+01
1.001291120300545117e+04 1.667154808090325844e+02 4.931716278650400653e+01 1.854312593180428053e+02 8.109074146686508300e+01
1.001343127272876882e+04 1.657588440600018771e+02 4.914426420062558520e+01 1.855963907832176574e+02 8.010519653766458248e+01
1.001394130413386483e+04 1.648015878402713952e+02 4.901396475328827762e+01 1.856346233632226017e+02 7.910667918076551075e+01
1.001447174962289319e+04 1.637899389815161726e+02 4.898064747518041173e+01 1.855680582282990088e+02 7.810954221900608729e+01
1.001499236751767239e+04 1.628233401689734592e+02 4.892874418316159080e+01 1.855907351683677575e+02 7.711132105634244738e+01
1.001551787785960732e+04 1.618081574928385180e+02 4.880111928388782161e+01 1.854611455559784474e+02 7.612042230618233418e+01
1.001605580630574332e+04 1.607623244055282044e+02 4.860117097769025918e+01 1.854370309953346805e+02 7.512072909608431814e+01
1.001656158169225637e+04 1.597710950108283612e+02 4.835608993757994511e+01 1.853975897684434528e+02 7.412151478571966834e+01
1.001708064891885624e+04 1.588098515226830614e+02 4.810573352834201444e+01 1.853939139277550225e+02 7.312410813531747067e+01
1.001761682084622953e+04 1.578778713754633998e+02 4.787778370909251890e+01 1.855756753206189842e+02 7.214356683172400153e+01
1.001817041759810127e+04 1.568669190476158519e+02 4.773320891797905574e+01 1.855415356114770589e+02 7.114415170491095353e+01
1.001870115727307530e+04 1.558171938835729406e+02 4.754209739830072579e+01 1.855233283588032123e+02 7.014625987311464428e+01
1.001922435318706448e+04 1.547993347423394255e+02 4.716880953118170794e+01 1.856649128908739783e+02 6.915786609939422647e+01
1.001972624037541755e+04 1.538198638864729730e+02 4.678672782777872641e+01 1.856751399277675318e+02 6.816067954934548823e+01
1.002019092191632626e+04 1.529309129216232463e+02 4.641581938732012702e+01 1.858829301369070777e+02 6.718324204275599243e+01
1.002064297538825849e+04 1.520169711052011792e+02 4.609535797717337147e+01 1.859749448823396563e+02 6.618785288808928158e+01
1.002111195536112791e+04 1.510084957645431984e+02 4.585931668533294214e+01 1.860016259349573033e+02 6.518872208995649942e+01
1.002154754085437162e+04 1.500350251408478641e+02 4.580555527726149734e+01 1.861059171782000874e+02 6.419484744109831809e+01
1.002196089801272319e+04 1.491209404294637011e+02 4.577097596597995732e+01 1.860931326200900742e+02 6.319569277305355826e+01
1.002241894348044480e+04 1.481295010048343954e+02 4.580854099841953087e+01 1.859800794601581231e+02 6.220250892050770375e+01
1.002284866342975329e+04 1.472031958236330524e+02 4.583287895948378576e+01 1.859288263939095032e+02 6.120515373982705398e+01
1.002327244662542398e+04 1.462601372799948365e+02 4.581484003451110709e+01 1.857274264948424900e+02 6.022577534080830475e+01
1.002372971325656908e+04 1.452123244995774769e+02 4.576599468413933636e+01 1.854967744115035657e+02 5.925366467646822599e+01
1.002418063088043709e+04 1.442072396932646541e+02 4.571113899163092498e+01 1.853845309676450483e+02 5.825998545788929306e+01
1.002460345582624905e+04 1.433219619056090721e+02 4.548969498686334134e+01 1.852871183149160572e+02 5.726513949299823025e+01
1.002505103588276143e+04 1.423723224277655106e+02 4.521538876749829683e+01 1.852760297048139648e+02 5.626540043859139217e+01
1.002551152068442389e+04 1.413790824006761397e+02 4.497784294996440480e+01 1.853078312828557728e+02 5.526662489571677384e+01
1.002597336508248009e+04 1.403472481324908472e+02 4.472751279234019250e+01 1.852495899610100594e+02 5.426944794000968386e+01
1.002640435583422186e+04 1.393906005569691331e+02 4.440947252318984084e+01 1.853338165602332595e+02 5.327331915698552223e+01
1.002683408750775925e+04 1.384685911386506518e+02 4.395481876278520872e+01 1.854900876260826124e+02 5.228561529033489563e+01
1.002726729224432165e+04 1.375235523865276264e+02 4.359109228748796738e+01 1.856711342382101577e+02 5.130277374201290286e+01
1.002766410904744225e+04 1.366304439471448120e+02 4.338136169122799402e+01 1.859356524590714912e+02 5.033916882255511638e+01
1.002807754275289335e+04 1.357195131625881004e+02 4.308634446970217624e+01 1.860837267104895147e+02 4.935061284539014537e+01
1.002851267354511583e+04 1.347884891619385144e+02 4.280969349904462717e+01 1.861568726843924253e+02 4.835342139642544623e+01
1.002892434356455851e+04 1.338774427664463360e+02 4.265919615997608361e+01 1.862667432633479336e+02 4.735975550896554154e+01
1.002934900738914257e+04 1.329657067422173213e+02 4.248551101722235046e+01 1.862939574811849468e+02 4.636120204144545909e+01
1.002983044278498892e+04 1.319697821152286394e+02 4.232803252936529503e+01 1.862079501522335931e+02 4.536604015389954014e+01
1.003030160856086150e+04 1.309971144034013832e+02 4.225124621280600934e+01 1.862486812919987358e+02 4.436702486480136542e+01
1.003074528111343898e+04 1.300763531724377629e+02 4.210859352756252605e+01 1.862294435270600275e+02 4.336765998250039900e+01
1.003124418425377553e+04 1.290397734386459092e+02 4.190548666831762148e+01 1.861450730291778939e+02 4.237258420637003553e+01
1.003172492854212760e+04 1.280196547640620963e+02 4.168110262318140258e+01 1.861960132732886564e+02 4.137424500578572406e+01
1.003216732209829570e+04 1.271696030979786798e+02 4.142962395101733364e+01 1.861835600350103732e+02 4.037483600296909003e+01
1.003271029329662269e+04 1.264896444112591354e+02 4.123817937415281420e+01 1.862612856823222387e+02 3.937786597184818760e+01
1.003384408887081190e+04 1.266699100479446400e+02 4.129101147850536790e+01 1.862359740615055159e+02 3.876637647202664994e+01
1.003527014150521973e+04 1.275827304477403459e+02 4.170435421000987475e+01 1.858625551395670925e+02 3.967942647422693625e+01
1.003606660443347573e+04 1.278900768003086768e+02 4.176266308963027285e+01 1.858318751582418145e+02 4.067385604426263512e+01
1.003688929340739378e+04 1.281313745228447090e+02 4.181650800117920141e+01 1.858396485060978023e+02 4.164087798859073786e+01
1.003867101965415350e+04 1.277185241591265736e+02 4.173771178654113356e+01 1.856994992682255088e+02 4.212340714596263069e+01
1.004055904859039765e+04 1.265612784639338173e+02 4.150549626399892134e+01 1.858201240603876556e+02 4.121503159261305171e+01
1.004185903760902511e+04 1.259063497161493785e+02 4.098722443460584941e+01 1.858424078410137668e+02 4.021909355521113838e+01
1.004535339072854549e+04 1.246708002657124865e+02 4.014467813957325859e+01 1.857255904268318432e+02 3.923393247285105900e+01
1.004642877781303287e+04 1.241798801797809233e+02 3.998104434870599988e+01 1.859356030300303644e+02 3.829682986823657842e+01
1.004749021306573559e+04 1.238223027399350116e+02 3.979366305544034788e+01 1.860756037021125735e+02 3.732634120632157249e+01
1.004942708863016378e+04 1.236354104500690596e+02 3.993719105598807317e+01 1.860363685934398461e+02 3.632761365892006467e+01
1.005093331153405779e+04 1.231378330266971943e+02 3.994391888580088334e+01 1.858463247539126257e+02 3.534790562012429405e+01
1.005186602498404682e+04 1.221305008294060883e+02 3.987342766838807506e+01 1.858870093325725179e+02 3.435573202073864252e+01
1.005253323715550141e+04 1.211545958129054128e+02 3.973205927592312037e+01 1.858269745157126920e+02 3.335989843977048963e+01
1.005315727119253643e+04 1.203473211564133436e+02 3.929305323083287504e+01 1.858140269842470786e+02 3.236057870239514500e+01
1.005380626466290414e+04 1.200537011540478147e+02 3.868670030941290605e+01 1.862485931272379673e+02 3.148221117106395894e+01
1.005538679300939293e+04 1.196404217418076286e+02 3.861718150321095777e+01 1.862736803619120565e+02 3.050726142823759091e+01
1.005657741746287138e+04 1.189759493728135737e+02 3.822073184319823014e+01 1.862978529813307489e+02 2.950827226923150803e+01
1.005752026522566484e+04 1.179768306085891822e+02 3.775893294172305303e+01 1.864963911550465809e+02 2.853002456732316006e+01
1.005826149877841453e+04 1.167483574791658043e+02 3.771291734123958861e+01 1.865245805238922685e+02 2.753307358116437698e+01
1.005887002754422247e+04 1.156199556447255219e+02 3.796189435001080170e+01 1.864066655376166750e+02 2.654091904017969838e+01
1.005945292860111476e+04 1.146156033419109121e+02 3.814967209806560788e+01 1.861942957586739169e+02 2.556414025251333300e+01
1.006006898380265375e+04 1.137891382587847460e+02 3.848967962227018091e+01 1.859893562962940621e+02 2.458538424239328890e+01
1.006069626564503960e+04 1.131948321509455013e+02 3.906343619977014470e+01 1.855387024967250511e+02 2.369726343754886599e+01
1.006134063095562851e+04 1.127696692332838069e+02 3.989148222727800430e+01 1.847479185052886237e+02 2.309700473645099805e+01
1.006198254355559584e+04 1.125700946919387349e+02 4.094633845751840084e+01 1.837865709149162114e+02 2.283538657765709701e+01
1.006256972694184697e+04 1.124293419298365677e+02 4.208598556387040190e+01 1.827879048901466490e+02 2.282768330933941670e+01
1.006307115773916303e+04 1.122112230016038126e+02 4.313251500404809491e+01 1.817905982954136732e+02 2.275596846940251083e+01
1.006352590271782537e+04 1.120386597746090445e+02 4.408111155320574426e+01 1.807932120906882858e+02 2.268371543540643387e+01
1.006401821030848623e+04 1.119886104954221082e+02 4.504946192463673782e+01 1.797951273750984740e+02 2.274044568745655681e+01
1.006452416872693357e+04 1.118726238244984046e+02 4.600898677058665953e+01 1.787956039284758276e+02 2.271416694997160590e+01
1.006499738301624711e+04 1.117701925135602323e+02 4.691209350403246958e+01 1.777956375176537449e+02 2.270691711083082254e+01
1.006550846972456748e+04 1.119296891929328410e+02 4.789037877542853749e+01 1.768002438650625265e+02 2.280123863689208008e+01
1.006600150662327906e+04 1.120474586139872173e+02 4.882387443270817329e+01 1.758083432554597039e+02 2.292815744216931151e+01
1.006652452211585478e+04 1.119415284617055164e+02 4.976574274651120788e+01 1.748297903173316570e+02 2.313373203177595272e+01
1.006708179335193381e+04 1.118902808989779061e+02 5.077579240938563743e+01 1.738306609195153953e+02 2.316352149373140534e+01
1.006757029196072835e+04 1.117663090844817475e+02 5.165685579332379973e+01 1.728309873521042448e+02 2.313887022390109394e+01
1.006807262478811572e+04 1.115079122097060349e+02 5.256808811787202984e+01 1.718322337879092743e+02 2.308906418924412307e+01
1.006860072934807249e+04 1.112783048753224762e+02 5.353635955359566623e+01 1.708419096770824979e+02 2.295079663165746098e+01
1.006910200416690350e+04 1.109729833288006517e+02 5.444246553509233166e+01 1.698422552839658408e+02 2.292952185655221697e+01
1.006959371715780071e+04 1.107339521806159013e+02 5.538375822642555590e+01 1.688444658049926943e+02 2.286328623894063838e+01
1.007008037325844998e+04 1.105928029976472686e+02 5.628733550998756385e+01 1.678574323854155921e+02 2.270308913105175819e+01
1.007060887990288211e+04 1.104107295116365748e+02 5.726125736481561290e+01 1.668664487275146655e+02 2.256913731364246445e+01
1.007116315405128626e+04 1.103794269559205077e+02 5.836510537099564289e+01 1.658665503558273997e+02 2.256365685496761841e+01
1.007163601170030779e+04 1.104237332376266778e+02 5.932063785064688943e+01 1.648714034650659812e+02 2.266161144094837709e+01
1.007210691288713861e+04 1.105283054783127881e+02 6.028463399952164536e+01 1.638868614421175778e+02 2.283663000960321199e+01
1.007259863640778713e+04 1.105948953946167421e+02 6.134011920571892063e+01 1.628873694232552509e+02 2.286596102585691881e+01
1.007309486400335845e+04 1.104311585418570871e+02 6.240198490928260355e+01 1.618892186790577341e+02 2.292672158293382623e+01
1.007360972506378675e+04 1.102391066127252799e+02 6.349697911113094762e+01 1.608892525693574385e+02 2.291911086016495602e+01
1.007406913139510834e+04 1.100833195833996285e+02 6.443221678237564731e+01 1.599037960476499904e+02 2.274938874214821638e+01
1.007461371431602129e+04 1.099408588948229522e+02 6.544545149040955323e+01 1.589038284915579595e+02 2.274142598992966668e+01
1.007515380376904977e+04 1.098068587792819955e+02 6.641123262851435527e+01 1.579038952389394410e+02 2.274842372308528127e+01
1.007569720960636550e+04 1.094818056352186204e+02 6.737323181030548369e+01 1.569101709466944214e+02 2.285895134788017558e+01
1.007626251109141231e+04 1.092275754290751593e+02 6.838387555260091233e+01 1.559124208151177982e+02 2.279290644586745884e+01
1.007677094512485564e+04 1.089646514957459544e+02 6.924877560557769129e+01 1.549128674824459324e+02 2.282233293408475561e+01
1.007737435365470446e+04 1.089741711918369873e+02 7.026280650890200263e+01 1.539166985695407561e+02 2.289701850147922357e+01
1.007809978898049121e+04 1.098035474704246184e+02 7.088342046683754916e+01 1.530253515019445558e+02 2.332220056243319561e+01
1.007869702478258660e+04 1.109694026785992094e+02 7.126874352112641020e+01 1.528596935680991464e+02 2.430821948014838796e+01
1.007919714966714855e+04 1.120466016372952112e+02 7.147137625472346656e+01 1.527812158738394714e+02 2.530480624544989965e+01
1.007967388599141850e+04 1.130260232929461779e+02 7.174001213391228760e+01 1.528139385606434359e+02 2.630392651418877392e+01
1.008018990911284891e+04 1.140446204972039794e+02 7.193648962305790917e+01 1.527232109810558995e+02 2.729964781816613950e+01
1.008069801919163910e+04 1.149806701759301433e+02 7.205948143157043262e+01 1.525618539651408696e+02 2.828574995703247197e+01
1.008117225089950807e+04 1.160896848773940206e+02 7.223542805127206634e+01 1.525786588384661684e+02 2.928557859847025568e+01
1.008161641605401019e+04 1.170672738193615459e+02 7.245602105871687115e+01 1.525567257672364576e+02 3.028521976055263210e+01
1.008210078873338352e+04 1.180986179250431434e+02 7.266089548796331599e+01 1.524710397100231205e+02 3.128114366008789204e+01
1.008250522939789698e+04 1.190099333171644105e+02 7.262233329817563288e+01 1.525137812506436603e+02 3.228022905950334831e+01
1.008290034933945935e+04 1.198516319536003323e+02 7.269537407468158108e+01 1.525644929293365237e+02 3.327888458689466233e+01
1.008336113131742059e+04 1.206940814145569902e+02 7.294714167402878502e+01 1.526677655539415639e+02 3.427338427287306644e+01
1.008381176041552862e+04 1.215227732589019922e+02 7.319855082198192520e+01 1.528410871767887045e+02 3.525747961855307011e+01
1.008426539498926104e+04 1.223420656454174349e+02 7.346646555221661856e+01 1.528373446426203373e+02 3.625744693666563734e+01
1.008475077902713201e+04 1.232261299935093461e+02 7.373635069357422367e+01 1.528049593072985886e+02 3.725677676786405357e+01
1.008521400150159025e+04 1.241794422955422874e+02 7.408302464309019797e+01 1.528423543885676281e+02 3.825553477063645857e+01
1.008566084249833511e+04 1.250605246817802652e+02 7.438726531960681143e+01 1.527318823648244859e+02 3.924941371126543288e+01
1.008610667272990213e+04 1.258733768227028946e+02 7.479667701384545353e+01 1.526258387914208754e+02 4.024376465870025044e+01
1.008661447233614126e+04 1.267973788221412690e+02 7.531686155833304497e+01 1.525349541192004779e+02 4.123933295774124730e+01
1.008709806852978727e+04 1.277576927527949948e+02 7.565243539044465138e+01 1.523447423787725938e+02 4.222043903188212965e+01
1.008755174016339515e+04 1.286004756594092271e+02 7.598415775952383910e+01 1.523123283688181289e+02 4.321989457248149336e+01
1.008802641149825831e+04 1.295078123250403621e+02 7.638258235046616562e+01 1.523065481615799115e+02 4.421987164723879005e+01
1.008851599265949881e+04 1.304202645517122505e+02 7.664215419299809184e+01 1.522934031811660418e+02 4.521910684177472461e+01
1.008894766560201242e+04 1.311437413881802172e+02 7.676065834092840134e+01 1.524385755952071975e+02 4.620837443855821647e+01
1.008939004920235311e+04 1.319702394817221602e+02 7.693760638599209756e+01 1.525068203626509558e+02 4.720585398542024080e+01
1.008986580174691881e+04 1.329640145345308895e+02 7.728543019260493452e+01 1.524926372162319126e+02 4.820567861879523264e+01
1.009032735621095344e+04 1.339796004096025399e+02 7.755253754927376519e+01 1.525219333080594595e+02 4.920429658736414069e+01
1.009076761483332302e+04 1.349220175117906138e+02 7.785230987612186482e+01 1.523654105409280533e+02 5.019193162921124696e+01
1.009124451377928017e+04 1.358346985023452191e+02 7.828770686900605824e+01 1.522507916950412152e+02 5.118516979689537294e+01
1.009172422625381841e+04 1.366731652285432119e+02 7.868782735726958322e+01 1.522077071762743117e+02 5.218373147334713735e+01
1.009219278388005114e+04 1.375326166775723777e+02 7.902716525740028430e+01 1.520340970447217614e+02 5.316836554776519819e+01
1.009265640832906865e+04 1.383773547742703443e+02 7.935756438649481481e+01 1.519435879917248258e+02 5.416412444233395007e+01
1.009319438201797129e+04 1.393293167374693837e+02 7.969158292405479926e+01 1.519176793337802565e+02 5.516356543249273869e+01
1.009375786353551484e+04 1.403230621497375239e+02 7.982802759439434226e+01 1.518154050558529491e+02 5.615709956344733911e+01
1.009430363222564847e+04 1.413291058500702206e+02 8.000144182128613579e+01 1.519107278234008049e+02 5.715242058240171019e+01
1.009484783979163694e+04 1.423366286658069555e+02 8.015548679318415282e+01 1.519393515874959064e+02 5.815196386815242846e+01
1.009541011734530002e+04 1.434059811149247992e+02 8.029610600912408813e+01 1.519408087943380679e+02 5.915079259619897556e+01
1.009596124529717235e+04 1.444408494123065623e+02 8.051146795349534102e+01 1.521217935030295791e+02 6.013350326599912421e+01
1.009647081850568065e+04 1.454319899918826593e+02 8.060203388789786061e+01 1.521589908564397149e+02 6.113256162074303290e+01
1.009697409537578278e+04 1.463947052638471575e+02 8.077031280021390103e+01 1.522809049460257995e+02 6.212509892059215844e+01
1.009751296037903012e+04 1.474363870594501122e+02 8.093830025563484298e+01 1.523853315460127646e+02 6.311920968268147192e+01
1.009805053416939154e+04 1.484772091437519350e+02 8.112719775151204260e+01 1.523862788579846779e+02 6.411898111266667399e+01
1.009857148959431470e+04 1.493358363265761568e+02 8.151933252526397666e+01 1.524431755055912845e+02 6.511389521917229217e+01
1.009911580923355905e+04 1.502423891452455109e+02 8.193481074875170123e+01 1.521926661385249133e+02 6.608044325501950311e+01
1.009958944292218621e+04 1.510042327516677005e+02 8.246909914315476442e+01 1.517646427033554630e+02 6.698420888816951901e+01
1.010009206841898595e+04 1.517247034745256542e+02 8.302866354453094289e+01 1.513182255512259644e+02 6.787770782942953929e+01
1.010058748120526616e+04 1.524031418125341304e+02 8.356425653484498639e+01 1.507290288398796747e+02 6.868558240270694171e+01
1.010107563222614226e+04 1.528491292034910600e+02 8.429462414317806918e+01 1.500962678213393815e+02 6.945922042295056542e+01
1.010157455702156221e+04 1.531547381235130558e+02 8.517470840327695214e+01 1.493742881975601335e+02 7.015004131502998064e+01
1.010203984208393194e+04 1.536387646683536161e+02 8.589171905693066833e+01 1.485768600164269628e+02 7.075254029088142715e+01
1.010252153444768010e+04 1.540749220187913409e+02 8.666064868205359062e+01 1.478537538044245991e+02 7.144284681794046321e+01
1.010308572662420920e+04 1.545803979819811786e+02 8.759508521960738392e+01 1.471748393815870202e+02 7.217524123507199363e+01
1.010360554170432442e+04 1.551845195757040301e+02 8.851144308712949282e+01 1.463878756847812213e+02 7.279220828906761653e+01
1.010409554539430064e+04 1.555820484321989738e+02 8.947623638900851972e+01 1.456060566767418152e+02 7.341460428170864816e+01
1.010461517427655599e+04 1.558562292628380703e+02 9.053916990700471956e+01 1.447501207237512517e+02 7.392937541303895443e+01
1.010513489872402170e+04 1.560207395039643359e+02 9.160309949122503781e+01 1.438288518062610422e+02 7.431811277913847391e+01
1.010564086486287852e+04 1.561111538271445909e+02 9.259025986449042023e+01 1.429188604578631043e+02 7.473195843236003100e+01
1.010615246292999473e+04 1.562903064312240531e+02 9.357964173462389113e+01 1.419791759035734628e+02 7.507393168991259813e+01
1.010666557310606186e+04 1.563449748342439420e+02 9.453969806984463276e+01 1.410315353028566108e+02 7.539306969982897044e+01
1.010724230020612958e+04 1.562645066383499284e+02 9.550196708831239789e+01 1.400700424204062244e+02 7.566336869721503433e+01
1.010785711218243705e+04 1.561531307894877045e+02 9.645958788679028828e+01 1.390779657121317712e+02 7.578763316268079109e+01
1.010848958364670034e+04 1.557788520148400835e+02 9.731854688721254831e+01 1.380861329426963664e+02 7.581215367137434669e+01
1.010917827212570955e+04 1.553789006639942158e+02 9.796176244226583663e+01 1.371599689161944013e+02 7.546103611372558362e+01
1.011030554033448243e+04 1.550099616840798262e+02 9.819262937136215896e+01 1.366336161531473294e+02 7.476148363707949329e+01
1.011430337686904932e+04 1.547837161686760226e+02 9.794953628048540395e+01 1.373657953990881424e+02 7.424659268574188786e+01
1.016897441461437666e+04 1.515439343095886500e+02 9.845418016733128752e+01 1.374139531710999051e+02 7.445149960180852133e+01
1.019825225190259152e+04 1.500749593632600067e+02 9.831135237147493910e+01 1.373299947808227728e+02 7.531292260007317907e+01
1.019967978939733803e+04 1.504836368207028272e+02 9.754552278084588579e+01 1.381343509520823432e+02 7.573371445390019119e+01
1.020058883476747360e+04 1.505269277560543060e+02 9.653860955193033533e+01 1.391278405031374064e+02 7.570675057409899011e+01
1.020127078477449868e+04 1.506185697680950284e+02 9.559568617484222841e+01 1.400473212586034322e+02 7.533080215323498408e+01
1.020197287911225430e+04 1.503672360825419503e+02 9.472176326457216078e+01 1.410048966087046551e+02 7.504671294929441672e+01
1.020260401081815689e+04 1.498590373875061061e+02 9.399795843943925888e+01 1.417378268453371675e+02 7.438408334389374943e+01
1.020319980749615206e+04 1.494287877445057973e+02 9.314187894886818242e+01 1.423404609600685262e+02 7.358712067890991193e+01
1.020376329587493274e+04 1.489027719811892609e+02 9.215003728475824119e+01 1.431847952054563962e+02 7.306321764042515099e+01
1.020437591528013218e+04 1.485259690017292940e+02 9.109133936205770965e+01 1.440244905639899855e+02 7.252035096916912948e+01
1.020492405080306708e+04 1.481351796687766580e+02 9.016175979175773136e+01 1.449494324310807372e+02 7.214398262699458542e+01
1.020540868517679155e+04 1.477413995052253881e+02 8.929716048518076832e+01 1.458339467088336505e+02 7.167849285426572692e+01
1.020597597965703972e+04 1.475890070380255850e+02 8.825000749679053058e+01 1.467004037681304283e+02 7.117930718398343970e+01
1.020650023164332197e+04 1.473540449696119765e+02 8.728196253961434081e+01 1.476326031292931020e+02 7.081988644295275037e+01
1.020700917516437949e+04 1.471761621405571816e+02 8.632891485658254282e+01 1.485322080486036214e+02 7.038393512528423912e+01
1.020756702998605942e+04 1.470022220906082850e+02 8.530962429321202478e+01 1.494559187261350814e+02 7.000125047858364269e+01
1.020816785870926287e+04 1.465838849146774123e+02 8.433083040991938617e+01 1.503929533625341719e+02 6.965211610472593406e+01
1.020884842794400538e+04 1.465750981451128041e+02 8.316610255811778529e+01 1.513170497604803870e+02 6.927009091629579984e+01
1.020944362375334276e+04 1.465858186258217870e+02 8.210931249839472912e+01 1.523114186405274779e+02 6.921563660361674408e+01
1.021006003081134440e+04 1.469035978379695564e+02 8.119393844745314937e+01 1.532873806862837682e+02 6.900320563362546977e+01
1.021073074938405080e+04 1.472089158350799494e+02 8.008819492322464839e+01 1.542740882227670909e+02 6.884161081329180831e+01
1.021128948325682359e+04 1.475377453369330851e+02 7.912939417005198095e+01 1.552486525037372758e+02 6.861821771914122792e+01
1.021190547326401247e+04 1.481644109831206606e+02 7.832122542838831691e+01 1.562469403007021356e+02 6.860450072316402270e+01
1.021252059034839658e+04 1.485870699122240524e+02 7.739895120303286546e+01 1.571793185947152836e+02 6.895434696683066988e+01
1.021316727963506673e+04 1.492386304713318452e+02 7.667017144055444078e+01 1.581614241785251238e+02 6.913584044603588552e+01
1.021381765102523968e+04 1.497081227115643003e+02 7.574625189777671608e+01 1.591302201984396447e+02 6.938288712447611317e+01
1.021441259120759969e+04 1.500416461271763069e+02 7.482385972284292563e+01 1.601283630990228914e+02 6.938892345044807541e+01
1.021502697415097464e+04 1.503848065904194300e+02 7.390615044126012378e+01 1.611214343863418037e+02 6.950260224891617611e+01
1.021566904308103585e+04 1.507793920381507178e+02 7.290200157496200006e+01 1.621022253079237316e+02 6.969683510821117522e+01
1.021629450608919069e+04 1.510895522869712977e+02 7.204107448957222459e+01 1.630978801750439118e+02 6.978612712263736739e+01
1.021696727181593087e+04 1.511276063253515360e+02 7.097161775979141396e+01 1.640880159242585421e+02 6.992558768108463596e+01
1.021758896766193902e+04 1.509361397955788675e+02 6.995573482703883883e+01 1.650568547161954314e+02 6.969095826565452967e+01
1.021820498917526311e+04 1.507665617160895977e+02 6.888494193470027938e+01 1.660334112267763089e+02 6.947583846089402471e+01
1.021880108193699380e+04 1.508890846722290746e+02 6.788082663639636394e+01 1.670193121988922087e+02 6.930880348034433780e+01
1.021943020530824651e+04 1.511014366893019201e+02 6.683646362156319753e+01 1.680185610342124392e+02 6.932168665613636449e+01
1.022011879773399596e+04 1.513903974461445330e+02 6.587000472590973743e+01 1.690040927296784901e+02 6.948875610737435693e+01
1.022085165402164421e+04 1.516389135110351845e+02 6.494268351222521574e+01 1.699964597491438099e+02 6.937437219934182053e+01
1.022154757994590000e+04 1.517588554897278925e+02 6.386254271807389671e+01 1.709948137113879625e+02 6.942622406921721279e+01
1.022220566719143790e+04 1.520918796924191838e+02 6.277564701565710692e+01 1.719917429574153687e+02 6.934962059558129965e+01
1.022287027264788412e+04 1.523652694077672152e+02 6.160404883145637456e+01 1.729758530468770061e+02 6.952611397471864052e+01
1.022352289288572501e+04 1.524560876602441510e+02 6.038746681905381308e+01 1.739753527661031853e+02 6.955556422025331642e+01
1.022416359226197346e+04 1.525393808947325169e+02 5.921767290836934450e+01 1.749674552773364553e+02 6.943070468630988046e+01
1.022482329787960407e+04 1.527774988992083536e+02 5.807496393329380169e+01 1.759671564758093893e+02 6.945465982885509959e+01
1.022548774816595142e+04 1.530931538834015555e+02 5.698249604794155232e+01 1.769666792871272776e+02 6.942857921084390682e+01
1.022611591802680960e+04 1.534381031011956225e+02 5.603222445072011482e+01 1.779609415051208430e+02 6.953195086126437729e+01
1.022669582842925956e+04 1.536218728648313743e+02 5.514767620965524486e+01 1.789570721901723402e+02 6.944416297184640996e+01
1.022732355227797416e+04 1.536435764736851581e+02 5.406638447168072048e+01 1.799504537199560446e+02 6.932956658836260999e+01
1.022792133790294974e+04 1.537669566668085963e+02 5.298904951986508394e+01 1.809485161935479880e+02 6.926755661656689256e+01
1.022853082654507489e+04 1.539287818185544552e+02 5.193124475962274289e+01 1.819478085092305264e+02 6.924450888356957989e+01
1.022913127735244416e+04 1.540817040008123229e+02 5.088952533638488518e+01 1.829374962932529058e+02 6.938774451411551070e+01
1.022974817537172385e+04 1.545787377591701670e+02 4.996479720706686578e+01 1.839219861118995709e+02 6.955074269579426982e+01
1.023037208913751965e+04 1.554337675457229864e+02 4.928271775091671714e+01 1.847971435952464674e+02 7.002718429598236582e+01
1.023097075466886417e+04 1.563813980909480676e+02 4.896524803115989499e+01 1.854379629275931904e+02 7.078835326720717092e+01
1.023164334534597401e+04 1.575070557089020440e+02 4.888598398426404401e+01 1.857359969169968679e+02 7.173924697560524066e+01
1.023221013991239852e+04 1.585546274954175203e+02 4.892973315925621591e+01 1.857869223979681408e+02 7.273782729801466473e+01
1.023277693337094206e+04 1.595193060409926602e+02 4.911021867481989744e+01 1.858749451574742011e+02 7.373343277421196262e+01
1.023339109652641491e+04 1.604960279450479561e+02 4.945562660874816885e+01 1.858443689905401186e+02 7.473098956663210402e+01
1.023403557391114191e+04 1.613443390449891126e+02 5.008585611440817331e+01 1.856078026485500345e+02 7.570023852633774197e+01
1.023473323547017026e+04 1.621439077647773104e+02 5.070545122808808713e+01 1.851828981288870182e+02 7.660545729475485643e+01
1.023566491644809867e+04 1.627636218257759424e+02 5.085978990957115542e+01 1.846959258618575177e+02 7.746622487897572285e+01
1.027069373506582451e+04 1.629563212832297836e+02 5.060067093500796886e+01 1.839983961329580211e+02 7.738920963027868538e+01
1.039814427946464457e+04 1.627459672068924306e+02 5.074303973447608485e+01 1.847450538308472687e+02 7.681012160318117310e+01
1.047372990578991084e+04 1.637596066854935373e+02 5.058058578532808980e+01 1.846303388362844657e+02 7.748071545067578825e+01
1.047542763337009092e+04 1.640470870232966263e+02 5.011515282670300309e+01 1.853834553538208354e+02 7.812865210762412005e+01
1.047652487923175067e+04 1.642534127505950892e+02 4.933246875420068278e+01 1.857869977706385498e+02 7.895063847343655539e+01
1.047790089292900484e+04 1.644811458594198825e+02 4.921202587789760940e+01 1.862576374529070051e+02 7.980039759802654942e+01
1.048061222567364894e+04 1.640028079708248470e+02 5.015414069665601460e+01 1.863669554651746978e+02 7.936265348080870297e+01
1.048137867330568406e+04 1.629680194140801461e+02 5.032949538196400141e+01 1.856340588479175722e+02 7.868894579467315964e+01
1.048193864249295439e+04 1.619309710902630854e+02 5.022668095720800352e+01 1.852967258850836174e+02 7.775162992748107627e+01
1.048243971349123785e+04 1.609609695363024571e+02 5.013842871029976322e+01 1.853068787158861994e+02 7.675215534877455070e+01
1.048290907357182550e+04 1.599746082497929649e+02 5.002572126519577012e+01 1.851943228144553757e+02 7.575852069209427953e+01
1.048336492166933385e+04 1.590399086788105762e+02 4.985950394611694492e+01 1.850689163229061478e+02 7.476661984817948792e+01
1.048389992285362678e+04 1.579977669619150618e+02 4.951684314871836534e+01 1.850181551253760972e+02 7.376803260524074801e+01
1.048440355756331883e+04 1.570090503259619084e+02 4.923026181232810927e+01 1.849238824859903616e+02 7.277489898825454873e+01
1.048487911091166825e+04 1.561143147455834992e+02 4.906946732625009133e+01 1.850894562161432191e+02 7.178953284356379072e+01
1.048539401988253849e+04 1.553058892853309771e+02 4.912803267450613021e+01 1.850677227273881442e+02 7.079819118567677094e+01
1.048598350348734311e+04 1.548795246590730130e+02 4.974184786880037024e+01 1.845382812864142750e+02 6.996813837409926862e+01
1.048663676946208943e+04 1.546129492347642724e+02 5.079558471271545983e+01 1.835945259472945281e+02 6.965078434673317531e+01
1.048716058735318438e+04 1.541017535307366302e+02 5.172490489120700374e+01 1.825955956451836926e+02 6.963824904316838627e+01
1.048765462857595594e+04 1.536377013040732322e+02 5.267950324478743340e+01 1.816095073759442755e+02 6.947202822495007979e+01
1.048813234025943348e+04 1.533287726624187712e+02 5.360224961027250146e+01 1.806222271502675767e+02 6.931446774795213628e+01
1.048867026507336232e+04 1.530500942871615848e+02 5.458139340424274621e+01 1.796263924609817479e+02 6.922501558205087235e+01
1.048920007603865452e+04 1.528490192965462597e+02 5.561442484271481135e+01 1.786369478017325036e+02 6.909049108910569714e+01
1.048967182449127722e+04 1.526900525091119505e+02 5.654264881516780150e+01 1.776383034022163940e+02 6.914234998232451801e+01
1.049014719797671205e+04 1.526159276639454276e+02 5.752224192359468447e+01 1.766406052644327644e+02 6.919844427656268238e+01
1.049064849735253119e+04 1.523850178624312264e+02 5.856532658766688115e+01 1.756431783796422792e+02 6.913175185725837935e+01
1.049112814277788311e+04 1.520392572716166626e+02 5.946868834285525196e+01 1.746438358020982946e+02 6.914494377257663871e+01
1.049161000894456447e+04 1.517952650206277951e+02 6.042809522312727921e+01 1.736489378617289958e+02 6.904409160825265701e+01
1.049210063242947035e+04 1.514431812623463998e+02 6.131956787899800077e+01 1.726540723666613530e+02 6.894549348605777084e+01
1.049266472235661422e+04 1.511179470805053029e+02 6.221993424853722843e+01 1.716699730472584804e+02 6.876801511781899023e+01
1.049333290279152970e+04 1.509787128601342374e+02 6.300985882200335908e+01 1.706889590407741366e+02 6.857722857218433887e+01
1.049490527952753109e+04 1.508966110466016346e+02 6.356994865509609127e+01 1.697257017153274887e+02 6.843521019786373927e+01
1.050127332192923495e+04 1.508364552646663981e+02 6.377991894700656417e+01 1.690248892792507149e+02 6.782749017555104842e+01
1.051019319634681597e+04 1.500093132441533896e+02 6.366748660153899664e+01 1.680984761397105558e+02 6.773898081974242302e+01
