# ts_seconds,x,y,gt_x,gt_y
8.328458983633021489e+03 1.707117985493941887e+02 6.876013533194327465e+01 1.707117985493941887e+02 6.876013533194327465e+01
8.334946558317464223e+03 1.704945099112354399e+02 6.968569148326804452e+01 1.697123054784816816e+02 6.872829823638440416e+01
8.335793097224881421e+03 1.704261305045685333e+02 7.084981453628100212e+01 1.687130993199631916e+02 6.868846154692707273e+01
8.336524040271780905e+03 1.703376587804368398e+02 7.191858551884831741e+01 1.677131244256059688e+02 6.868137564575680187e+01
8.337203599083539302e+03 1.702409449316580208e+02 7.292978458880143933e+01 1.667131736155660917e+02 6.867186962134232431e+01
8.337863023737128970e+03 1.701457096947785885e+02 7.387151431090386211e+01 1.657165735580325929e+02 6.875401879200782673e+01
8.338472134066723811e+03 1.700488982271891416e+02 7.482468222789815115e+01 1.647176801550143352e+02 6.870734758188586966e+01
8.339072601480906087e+03 1.699561963395902922e+02 7.573369649362128087e+01 1.637191530398779094e+02 6.876117665794880907e+01
8.339698947015363956e+03 1.698656268214695331e+02 7.663998378675607626e+01 1.627205101431406433e+02 6.870909860719552853e+01
8.340377296516315255e+03 1.697043549729642109e+02 7.762328519773933522e+01 1.617214936219637025e+02 6.866498577683046278e+01
8.341045763663598336e+03 1.695622494890887424e+02 7.850518482865976466e+01 1.607217428589166843e+02 6.868661788803234458e+01
8.341713078361555745e+03 1.695272720973266871e+02 7.947044718601941327e+01 1.597232269450583146e+02 6.863261280892595551e+01
8.342397973998218731e+03 1.694294986617363463e+02 8.031608783341164326e+01 1.587238972773610044e+02 6.866602388514708366e+01
8.343118428765026692e+03 1.692446805021941145e+02 8.126886596114854910e+01 1.577319953330652993e+02 6.853923967617717494e+01
8.343822814928118532e+03 1.691284315967853900e+02 8.226899951662458932e+01 1.567331599404027429e+02 6.849102303551482862e+01
8.344517048664120011e+03 1.690327625826240308e+02 8.329277107045528794e+01 1.557336246941335673e+02 6.846067047324602584e+01
8.345217809782659970e+03 1.689819255760407088e+02 8.430484646650154446e+01 1.547353996027101459e+02 6.840111897576966271e+01
8.346040808427318552e+03 1.685388159195082096e+02 8.516886034532336680e+01 1.537427042947860514e+02 6.832913399770201579e+01
8.347029849585613192e+03 1.677862683087276139e+02 8.574541956586148217e+01 1.529106394801605404e+02 6.777514039976801996e+01
8.348013371232735153e+03 1.667455664127275838e+02 8.595808236314277906e+01 1.521943477305959220e+02 6.708879596278890745e+01
8.348657677864517609e+03 1.656872778815284448e+02 8.620718262154491640e+01 1.518592605272554579e+02 6.614671830774545924e+01
8.349250403236155762e+03 1.647713126960383363e+02 8.629821076850244310e+01 1.514905662385736491e+02 6.521888689549334117e+01
8.349911510144747808e+03 1.638254000181180459e+02 8.625765061451190263e+01 1.513311041946404032e+02 6.423325145513625500e+01
8.350582941968828891e+03 1.627696905918076027e+02 8.610138630923347591e+01 1.513608147190809632e+02 6.323369907303068516e+01
8.351156303361163737e+03 1.617192463085383451e+02 8.595422514647988521e+01 1.514163709278234080e+02 6.223630346929467549e+01
8.351630183456831219e+03 1.607976537886359552e+02 8.582612272904096073e+01 1.516124317099291545e+02 6.125611782829093244e+01
8.352129980275243724e+03 1.597994594710893352e+02 8.568836735452435960e+01 1.517166208484800620e+02 6.026157222191215368e+01
8.352628364784184669e+03 1.588010180273992944e+02 8.555120353109295195e+01 1.518069240138605380e+02 5.926567482477982907e+01
8.353089999495308803e+03 1.578789413440356668e+02 8.546150681003159377e+01 1.519069136154577109e+02 5.827109652885270208e+01
8.353552546189557688e+03 1.569461890623684326e+02 8.538299725890577463e+01 1.519223961645604390e+02 5.727141349689180316e+01
8.354014685382955577e+03 1.559844397759817696e+02 8.522831140568818853e+01 1.520012252416362060e+02 5.627452629831069686e+01
8.354436948532316819e+03 1.551055693285415487e+02 8.512167333806121405e+01 1.520760376752018033e+02 5.527767514777401203e+01
8.354850168573375413e+03 1.543009706564626526e+02 8.510630615929186149e+01 1.520662167870195844e+02 5.427774493430057845e+01
8.355321231010950214e+03 1.533666133909363509e+02 8.516464885729367040e+01 1.520258805571542382e+02 5.327904212598077294e+01
8.355782421114143290e+03 1.524437624132042686e+02 8.521449274744571767e+01 1.518792370219217389e+02 5.229027657380516558e+01
8.356241231147590952e+03 1.515345271452484042e+02 8.521372015264539357e+01 1.516603662193570301e+02 5.131557863770363070e+01
8.356729655895213000e+03 1.505360367240648145e+02 8.519855623520689392e+01 1.515807479007251573e+02 5.031884810310215528e+01
8.357232628046525861e+03 1.495086545553028259e+02 8.519781599821945406e+01 1.515466374027957954e+02 4.931951447504771835e+01
8.357699652334589700e+03 1.485642641337596217e+02 8.517495864935703764e+01 1.515587525976767722e+02 4.831981926400892036e+01
8.358151882672007559e+03 1.476184684104211442e+02 8.506096716211686726e+01 1.516237490472496177e+02 4.732242598805945732e+01
8.358616361320426222e+03 1.466319982334342171e+02 8.481814733431416187e+01 1.516032516925355367e+02 4.632279222784377026e+01
8.359087689871876137e+03 1.456167135957149128e+02 8.461632923934418216e+01 1.516403846150102765e+02 4.532363449772205399e+01
8.359509720720017867e+03 1.447325831306186501e+02 8.446485976738132706e+01 1.517195221625003683e+02 4.432706589280820708e+01
8.359931837661682948e+03 1.438586455147949721e+02 8.432735235051558220e+01 1.517333111586751784e+02 4.332723134278727173e+01
8.360384554031936204e+03 1.429309929864646449e+02 8.420463048486750779e+01 1.517768237734290722e+02 4.232825264671916443e+01
8.360805922746811120e+03 1.420619942363876476e+02 8.414580665645719648e+01 1.517744331388265948e+02 4.132874273428078737e+01
8.361239071963345850e+03 1.411501713131500821e+02 8.410816741500887872e+01 1.516909113520378583e+02 4.033242982931595577e+01
8.361719981218873727e+03 1.401473904753008810e+02 8.406572312088323429e+01 1.516641181729258108e+02 3.933279786949717760e+01
8.362207152844575830e+03 1.391834890344168230e+02 8.390515724687220711e+01 1.516439560684486025e+02 3.833310988611098935e+01
8.362665362985562751e+03 1.382689372852804297e+02 8.368979094438394384e+01 1.515981437297208743e+02 3.733502602274388948e+01
8.363109373918478013e+03 1.373772328227735500e+02 8.352334124632454859e+01 1.516625204840821652e+02 3.633713877121179081e+01
8.363571616440767684e+03 1.364442703003344093e+02 8.338416912839758766e+01 1.517037109263144146e+02 3.533798902800428721e+01
8.364013316695120011e+03 1.355370272859153999e+02 8.323007164042654438e+01 1.517602159317492010e+02 3.433998218422861015e+01
8.364469934556031149e+03 1.345781680923299746e+02 8.310813135487499892e+01 1.518750651534507767e+02 3.334752060779007365e+01
8.364976940364505936e+03 1.335035241162863997e+02 8.312027172894217131e+01 1.518741321243902576e+02 3.234756186246303855e+01
8.365496904269408333e+03 1.324523404947774168e+02 8.327878387226112977e+01 1.518469945794041678e+02 3.134795133321937044e+01
8.366009734405693962e+03 1.313812569227419829e+02 8.343422555495847348e+01 1.517895310813370315e+02 3.035019372012273209e+01
8.366501154556064648e+03 1.303782428374536835e+02 8.356798548202677068e+01 1.516501003603362108e+02 2.936007789360056108e+01
8.366983693330292226e+03 1.294726848328618871e+02 8.367148361246402999e+01 1.515435778167625358e+02 2.836587214423510517e+01
8.367493100413832508e+03 1.285013602734600227e+02 8.373874050281526138e+01 1.514043078669365912e+02 2.737566684336730916e+01
8.368023671576122069e+03 1.276118760458030579e+02 8.378260630051700275e+01 1.512887603806298102e+02 2.638237032315553066e+01
8.368611471565129250e+03 1.268486640049246859e+02 8.388285743741836598e+01 1.511491341393774519e+02 2.539296198504197477e+01
8.369322507438002503e+03 1.262103289399092745e+02 8.411045488861421404e+01 1.508856151979656772e+02 2.443093265104622702e+01
8.370257443349386449e+03 1.255677012563344164e+02 8.477096460709405790e+01 1.503556154881844407e+02 2.362418670276507981e+01
8.371135852199668079e+03 1.251413695196153668e+02 8.574092786575241121e+01 1.494541890883893984e+02 2.320347433588614905e+01
8.371787593213783111e+03 1.249745777228976209e+02 8.685087776017302019e+01 1.484774426469894024e+02 2.301321672267826202e+01
8.372289554895938636e+03 1.248497885954466113e+02 8.788851657588961075e+01 1.474779678293689074e+02 2.301418546476453741e+01
8.372758290123654660e+03 1.246939266717452028e+02 8.885284822351601974e+01 1.464795972151060539e+02 2.307121759484935097e+01
8.373227673518176744e+03 1.244303283011010137e+02 8.981515343739349078e+01 1.454819029279371421e+02 2.308664139801550519e+01
8.373703934321616543e+03 1.240953798883560495e+02 9.078579783476384080e+01 1.444864988100540018e+02 2.299099699845344702e+01
8.374164992648386033e+03 1.237709762645652347e+02 9.170156318256344719e+01 1.434895906649606729e+02 2.291490174380511746e+01
8.374603273097456622e+03 1.235077103649086894e+02 9.255045420378493759e+01 1.424902899249090638e+02 2.288670602495723116e+01
8.375069020371918668e+03 1.233188863965729922e+02 9.343772068254418173e+01 1.414911620608708915e+02 2.291730904673496028e+01
8.375593367656761984e+03 1.231627093066437766e+02 9.442596800717467431e+01 1.404939284969275377e+02 2.299104165297507407e+01
8.376141287069058308e+03 1.230084876630638462e+02 9.544323095298966564e+01 1.394955513928523487e+02 2.304797783632501407e+01
8.376646709209107939e+03 1.228698848970232689e+02 9.635478122829742631e+01 1.384967496875113682e+02 2.308271241926848205e+01
8.377139522405639582e+03 1.227186157582362540e+02 9.728550513225383156e+01 1.374987092185519089e+02 2.303460534701876483e+01
8.377615883743475933e+03 1.225593739762566514e+02 9.825971254004993227e+01 1.365035728355860556e+02 2.295332448289465788e+01
8.378063541676399836e+03 1.224642543272371142e+02 9.924041788947459963e+01 1.355038709123450076e+02 2.297295912756757374e+01
8.378480407505845506e+03 1.223996836367198995e+02 1.002334439093439045e+02 1.345048315457738113e+02 2.301677976208383214e+01
8.378877863259447622e+03 1.222986130176200561e+02 1.012338433377040730e+02 1.335065985353020608e+02 2.307290032608086250e+01
8.379279006596238105e+03 1.221537873776484275e+02 1.021939749110250801e+02 1.325096026770590072e+02 2.314631987713333316e+01
8.379690624127293631e+03 1.220455480874041427e+02 1.030474408950897072e+02 1.315101180899893336e+02 2.316187681333401827e+01
8.380132552221353762e+03 1.219814181047975410e+02 1.039356807850770537e+02 1.305105748383366233e+02 2.314797557372641990e+01
8.380614308041147524e+03 1.218615455100097762e+02 1.049235119093734738e+02 1.295109008420095051e+02 2.316865485877313446e+01
8.381107737317301144e+03 1.217190229601511788e+02 1.059018936755120421e+02 1.285109959756145486e+02 2.315891011014858591e+01
8.381582074432746595e+03 1.216176642239825298e+02 1.068533708446783805e+02 1.275112875505869710e+02 2.313490358488883203e+01
8.382058639815290007e+03 1.215022458478619569e+02 1.078203306979512774e+02 1.265123104012310904e+02 2.309853150625604101e+01
8.382569221436320731e+03 1.213831144326276927e+02 1.088179683884252427e+02 1.255146975289045344e+02 2.303415299214793066e+01
8.383090222294144041e+03 1.212987576363851190e+02 1.097923587653636446e+02 1.245149054463829970e+02 2.301706689711225451e+01
8.383630855051265826e+03 1.212757105580212169e+02 1.107095132000214477e+02 1.235150256345619226e+02 2.300940434248266087e+01
8.384240247443442058e+03 1.213325397287228498e+02 1.114498232437629213e+02 1.225153537298921833e+02 2.299207130345255479e+01
8.386290092457211358e+03 1.211548191143688484e+02 1.108824269843122750e+02 1.217745517320887245e+02 2.277975995353676097e+01
8.387273943287969814e+03 1.210233490866230994e+02 1.094902289525353183e+02 1.227424375573594091e+02 2.253539275210225767e+01
8.387822167735926996e+03 1.210433134938443231e+02 1.084120913054870243e+02 1.237420530136348020e+02 2.250847296085490612e+01
8.388307906893962354e+03 1.212527460066960430e+02 1.073911758839250297e+02 1.247406556748802444e+02 2.246633727957655680e+01
8.388760329640736018e+03 1.213714658563359592e+02 1.063940074085208494e+02 1.257378598890174572e+02 2.254079387197151263e+01
8.389223261750597885e+03 1.215287578219220563e+02 1.054382633893970649e+02 1.267335114972138399e+02 2.263171654884499517e+01
8.389650939428287529e+03 1.217782217603753878e+02 1.045534565951123938e+02 1.277328615739076128e+02 2.265825412226717361e+01
8.390066338727117909e+03 1.219473947588937648e+02 1.036757694815548660e+02 1.287268407446039760e+02 2.276740481545749972e+01
8.390514831267961199e+03 1.220572123955385138e+02 1.027518459972518485e+02 1.297240531598998245e+02 2.284176564497154160e+01
8.390941080951888580e+03 1.222161896389902154e+02 1.017946253822654370e+02 1.307218463335410377e+02 2.290259614283358403e+01
8.391353441973529698e+03 1.222650326592006707e+02 1.007624849558211224e+02 1.317109384094194695e+02 2.303766020406397530e+01
8.391789321878115516e+03 1.221952812717504457e+02 9.974267410917009613e+01 1.327077926362388496e+02 2.296339724803969062e+01
8.392219734860675089e+03 1.222193207987444197e+02 9.879255092268167004e+01 1.336954367728702096e+02 2.281235683603378561e+01
8.392626191896548335e+03 1.221029925370511364e+02 9.795271717857552574e+01 1.346949042819447300e+02 2.278942249343614179e+01
8.393029352107188970e+03 1.221335190087141314e+02 9.706478704888407094e+01 1.356899544148384393e+02 2.269029781577563298e+01
8.393466728025288830e+03 1.222149761855458934e+02 9.608934026032763143e+01 1.366832477225591447e+02 2.257936028160006359e+01
8.393891499810886671e+03 1.222542338305507883e+02 9.516190032483675054e+01 1.376825247324011627e+02 2.256059321333397705e+01
8.394299682020671753e+03 1.223707848890602179e+02 9.423130401774817244e+01 1.386747741307757735e+02 2.243648864839563117e+01
8.394679313062822985e+03 1.225664980628917107e+02 9.335806698147865745e+01 1.396653622663205851e+02 2.231047220709870516e+01
8.395021253803628497e+03 1.227176498429188172e+02 9.254637362525774336e+01 1.406645469080260682e+02 2.235065550084594577e+01
8.395418168788850380e+03 1.228201882221579950e+02 9.160200129549292569e+01 1.416633228917943370e+02 2.239831661313486322e+01
8.395802701965521919e+03 1.229377347982827473e+02 9.070710066219795920e+01 1.426632911671943589e+02 2.240624237649571171e+01
8.396163274634009213e+03 1.230531605589314665e+02 8.985834199615723605e+01 1.436629845726747305e+02 2.242268747488228442e+01
8.396530699798455316e+03 1.232028710224087007e+02 8.901337382976494439e+01 1.446606112263583555e+02 2.248944867962707050e+01
8.396897325957905196e+03 1.233510243683771392e+02 8.821800979906088003e+01 1.456604961449877464e+02 2.250377458718762824e+01
8.397307397178698011e+03 1.234935620514104926e+02 8.730309426178651222e+01 1.466602636576102725e+02 2.250995297161486519e+01
8.397719479665283870e+03 1.236203135787567646e+02 8.641624371775198199e+01 1.476581442260976473e+02 2.257337676419630412e+01
8.398111253462482637e+03 1.237093362712336528e+02 8.564352550117355634e+01 1.486579618899080799e+02 2.259013883213902929e+01
8.398542786299945874e+03 1.238033148160032511e+02 8.480367833468341132e+01 1.496578976578750826e+02 2.258224747942047017e+01
8.398996333632168898e+03 1.238374059189119549e+02 8.390839363815236140e+01 1.506573829324319433e+02 2.258815968401966501e+01
8.399458201643979919e+03 1.239281727439117446e+02 8.314014773029677485e+01 1.516537086881900791e+02 2.251460897102762004e+01
8.399948368028160985e+03 1.240321522878630560e+02 8.232252202297576105e+01 1.526521977518116842e+02 2.256917094634627574e+01
8.400475745755440585e+03 1.240853648880520979e+02 8.139635389679240518e+01 1.536516227319550296e+02 2.259936878312814557e+01
8.400990688306708762e+03 1.241034629807085423e+02 8.033215043688868207e+01 1.546515222900055733e+02 2.258648589157294850e+01
8.401482093587494091e+03 1.240115009046432846e+02 7.935505499406912122e+01 1.556512704366006119e+02 2.258327120173549218e+01
8.401920826409383153e+03 1.240493065405761968e+02 7.840615980678897756e+01 1.566491659803930929e+02 2.251988668048140241e+01
8.402326626177704384e+03 1.240664410699056361e+02 7.752075010305952674e+01 1.576488718703781728e+02 2.250186788462904985e+01
8.402758312370198837e+03 1.240836587604624839e+02 7.658438141547669886e+01 1.586484811918330706e+02 2.252654794505265556e+01
8.403167811028097276e+03 1.241775919816593756e+02 7.568213858878660005e+01 1.596483305419706085e+02 2.251837690248416024e+01
8.403580470990216782e+03 1.242654000034155501e+02 7.479158226813481747e+01 1.606476293982309471e+02 2.255569631166575562e+01
8.404005733051479183e+03 1.244265292461184771e+02 7.389920226766902545e+01 1.616466812758412743e+02 2.259644938015182802e+01
8.404409768329098370e+03 1.246170922693460028e+02 7.296478621556308042e+01 1.626461829426523025e+02 2.260344279622283636e+01
8.404796655395341077e+03 1.247574959616390800e+02 7.209014160209855504e+01 1.636413786706298481e+02 2.270121666268597593e+01
8.405202016316945446e+03 1.248986194799450686e+02 7.118192482033083479e+01 1.646355870184614218e+02 2.280704008297988850e+01
8.405590092724638453e+03 1.250617273107246632e+02 7.032215522443168254e+01 1.656340935842940496e+02 2.286129373541444565e+01
8.405981795385920122e+03 1.252297087386572514e+02 6.942275059006622939e+01 1.666308965411579663e+02 2.293954883681703194e+01
8.406358480582814082e+03 1.253680685785319042e+02 6.852587817515369295e+01 1.676237790158445762e+02 2.305691095268029400e+01
8.406707859630270832e+03 1.254847099730393580e+02 6.771082908139881340e+01 1.686221403492186255e+02 2.311359916484788002e+01
8.407091120068271266e+03 1.256061839643955125e+02 6.684338874318426349e+01 1.696216018977075350e+02 2.314590183538314250e+01
8.407468281431507421e+03 1.256916520422634278e+02 6.597500597404994949e+01 1.706211501599370592e+02 2.315140336715491287e+01
8.407861790035711238e+03 1.257523013808047381e+02 6.505904853692743472e+01 1.716181147906225704e+02 2.307364562069179215e+01
8.408288735160913347e+03 1.258607970980917941e+02 6.409591991375360465e+01 1.726161180034769131e+02 2.301623641895121608e+01
8.408711135175377422e+03 1.260277352287391039e+02 6.312228457190155240e+01 1.736158518627185856e+02 2.303730721256131631e+01
8.409139269581437475e+03 1.261902672608220826e+02 6.213988716276790569e+01 1.746143174152958579e+02 2.309050475259796187e+01
8.409601031473650437e+03 1.262904598454809530e+02 6.113118926549218912e+01 1.756092796771879705e+02 2.319038711446891909e+01
8.410045314482806134e+03 1.264653412865278170e+02 6.018844161350688182e+01 1.766023793734802041e+02 2.329909750461932560e+01
8.410472839990021384e+03 1.265997184683093764e+02 5.929763954566030293e+01 1.776021972026827029e+02 2.328084943693252384e+01
8.410966455725827473e+03 1.266050056903916072e+02 5.828728069520465027e+01 1.786016232985389536e+02 2.324697884442179330e+01
8.411495360134145812e+03 1.265889051636783336e+02 5.721214282773209447e+01 1.795998818297952084e+02 2.320136655226468037e+01
8.411991291070175066e+03 1.265283543940614237e+02 5.627185886320832253e+01 1.805894199980538417e+02 2.305920002922107059e+01
8.412523678440447839e+03 1.264072741255640295e+02 5.533727147366369792e+01 1.815853140510233459e+02 2.297441523395603014e+01
8.413088553320085339e+03 1.262825793295430259e+02 5.438503094770387492e+01 1.825716289452614376e+02 2.281263933700288149e+01
8.413715770132303078e+03 1.262633704584521297e+02 5.336683897503863960e+01 1.835684080652229966e+02 2.273379131216563209e+01
8.414328038727267995e+03 1.265112974338156988e+02 5.237118795500991553e+01 1.845595347085768196e+02 2.265205467802158168e+01
8.414882402965564324e+03 1.271827029505974309e+02 5.152967513650317244e+01 1.855160342503967286e+02 2.290839127531916475e+01
8.415368344481034001e+03 1.280203608261805641e+02 5.110462200550325207e+01 1.863040097765082805e+02 2.352191892328752232e+01
8.415843010044131006e+03 1.289836806169828947e+02 5.090924694988765253e+01 1.869601023222535900e+02 2.426494623676181916e+01
8.416317763441567877e+03 1.300508317871434656e+02 5.090917570988702323e+01 1.872943018573754728e+02 2.520373250485078032e+01
8.416807441889681286e+03 1.311665159804861389e+02 5.101957010634511391e+01 1.874143686408652911e+02 2.619632224078865335e+01
8.417272745494730771e+03 1.321964861888888549e+02 5.109748959339071206e+01 1.874654680473272208e+02 2.719348783481092724e+01
8.417702631889942495e+03 1.331738391770303167e+02 5.121820646703144320e+01 1.873808636841193902e+02 2.818984099577676972e+01
8.418126528157248686e+03 1.341794463669244521e+02 5.132712689092950598e+01 1.873268589210341872e+02 2.918835849312688069e+01
8.418554865370429980e+03 1.352351161545126388e+02 5.147113849803935892e+01 1.872826493896644138e+02 3.018720542452404842e+01
8.418968646724524660e+03 1.362224114205210128e+02 5.163264323785123366e+01 1.871930407430654384e+02 3.118317173775637841e+01
8.419385176627692999e+03 1.371442706774769249e+02 5.177394447677119871e+01 1.871256762143195260e+02 3.218054015715132010e+01
8.419823642059247504e+03 1.381095686401406226e+02 5.192170822411998188e+01 1.871114084601048830e+02 3.317975734049642256e+01
8.420229763648589142e+03 1.390382718644706017e+02 5.202727799444533474e+01 1.870241240429284915e+02 3.417465272295950030e+01
8.420638356442244913e+03 1.399619275132477583e+02 5.217310314317727915e+01 1.870566166236184529e+02 3.517392364287012185e+01
8.421059245465316053e+03 1.409081417520591515e+02 5.227425728933351223e+01 1.870277955466208368e+02 3.617313639112437329e+01
8.421466671211141147e+03 1.418356344483252656e+02 5.230395188477768187e+01 1.869489865118825946e+02 3.716892732698637758e+01
8.421881997763704931e+03 1.427229866461555616e+02 5.237135164431476397e+01 1.869749676036188362e+02 3.816805564820987229e+01
8.422325873966023210e+03 1.436107060863328400e+02 5.254456132359254639e+01 1.869063226203744819e+02 3.916520095582185235e+01
8.422796964547160314e+03 1.445710840222607203e+02 5.261115715965238593e+01 1.867885088439257970e+02 4.015546494366736852e+01
8.423274960572265627e+03 1.455383608036723899e+02 5.257836598241730997e+01 1.868571352956843725e+02 4.115310712401070958e+01
8.423767966630723095e+03 1.465526491006756089e+02 5.265485738012805683e+01 1.869187609069595339e+02 4.215096462213101347e+01
8.424238260211373927e+03 1.476080147340772726e+02 5.270035388222707695e+01 1.869105959669068966e+02 4.315024770660847508e+01
8.424661376233450937e+03 1.485865420080229171e+02 5.271156730158879355e+01 1.868121721671760440e+02 4.414537460382331346e+01
8.425093529707806738e+03 1.495608716158400284e+02 5.273768417450885693e+01 1.867549324246818401e+02 4.514154410061946976e+01
8.425515948791855408e+03 1.505562114419929571e+02 5.280261105751404216e+01 1.868516341721559115e+02 4.613641854616223270e+01
8.425942221493827674e+03 1.516111517441074739e+02 5.289080888627285049e+01 1.868741023200203131e+02 4.713616581198964184e+01
8.426360931913230161e+03 1.526061387479286680e+02 5.290553700236205259e+01 1.868823547845142912e+02 4.813565659606639713e+01
8.426781049264021931e+03 1.535784811000548586e+02 5.278903295495685910e+01 1.868229628595988459e+02 4.913360257773356210e+01
8.427247833215496939e+03 1.546234844450125365e+02 5.261023890576855422e+01 1.868270142082004384e+02 5.013355966513662310e+01
8.427692909459627117e+03 1.555944445372699363e+02 5.254061241504479796e+01 1.868581842736670637e+02 5.113295095440918203e+01
8.428115037846479026e+03 1.565417341531387763e+02 5.253690366246593868e+01 1.869289899944774618e+02 5.213044049339514885e+01
8.428568017434574358e+03 1.575803129474352033e+02 5.263395660615928051e+01 1.869961348848334524e+02 5.312805610967167524e+01
8.429019102087382635e+03 1.585937821857074255e+02 5.274412424782800457e+01 1.870278801404890601e+02 5.412748790592418402e+01
8.429436192206241685e+03 1.595115241920260587e+02 5.281713415497209496e+01 1.870709010386932221e+02 5.512564964260904077e+01
8.429845955171356763e+03 1.604366462099122543e+02 5.288988126122083600e+01 1.870080924959137860e+02 5.612367244043307579e+01
8.430279047978665403e+03 1.613770610536566323e+02 5.308536355216310909e+01 1.869565622422896070e+02 5.712225313935596205e+01
8.430700547575221208e+03 1.622520198473921198e+02 5.336732392894887766e+01 1.869064936658575107e+02 5.811772762358879874e+01
8.431127220004404080e+03 1.631428384439691115e+02 5.371171895866532964e+01 1.866384300678380725e+02 5.907985590602027060e+01
8.431575258044795191e+03 1.640685680393440293e+02 5.415679862796935851e+01 1.862586886760330458e+02 6.000485890234066488e+01
8.432010890474677581e+03 1.649607146372838713e+02 5.461750765713554756e+01 1.859033233424475213e+02 6.093947719900829441e+01
8.432447482202742322e+03 1.657859265741554111e+02 5.509502899488850147e+01 1.855222832397367654e+02 6.186383389783535591e+01
8.432941001259348923e+03 1.666810265452363922e+02 5.561098693053703101e+01 1.851798721571616113e+02 6.280324897690905317e+01
8.433454146111142109e+03 1.675762532775549118e+02 5.603069792477492683e+01 1.847930130795244850e+02 6.372516009026050909e+01
8.433988578546062854e+03 1.684800209680259115e+02 5.626506742137315342e+01 1.844048699662394313e+02 6.463967535556126620e+01
8.434601118788976237e+03 1.694281549674437315e+02 5.610721286090758042e+01 1.843363438039306459e+02 6.562908103322247655e+01
8.435274647511238072e+03 1.704462951299688598e+02 5.559570610482898445e+01 1.846243059243577136e+02 6.657741325270339416e+01
8.435869942281540716e+03 1.712528646577908944e+02 5.503477446149877750e+01 1.851875768102361803e+02 6.740360135075043502e+01
8.436399299863209308e+03 1.717865486353615552e+02 5.425041036233018588e+01 1.857713746346061612e+02 6.820476584410072007e+01
8.436927407411963941e+03 1.721676409476648644e+02 5.335443389600695951e+01 1.865913040740596216e+02 6.877004836086281614e+01
8.437475971460115034e+03 1.724168910272649669e+02 5.241145741015721171e+01 1.875217642146304513e+02 6.912784498448212389e+01
8.438036170171921185e+03 1.724366756214305951e+02 5.127103447564371663e+01 1.885063118705521958e+02 6.928151617004579066e+01
8.438547042774125657e+03 1.723707297802228311e+02 5.019332352271012354e+01 1.895059940796159310e+02 6.925735525848753582e+01
8.439026908252883004e+03 1.723151568598923973e+02 4.915951372881875159e+01 1.905059479517722991e+02 6.924792313542847921e+01
8.439529559162938313e+03 1.721956643931787880e+02 4.813906400787885076e+01 1.915040168821719817e+02 6.921134295469654774e+01
8.440081068673349364e+03 1.720394701286676025e+02 4.715997786809790426e+01 1.924917609124952946e+02 6.905682675131471626e+01
8.440656397368937178e+03 1.720658863784708501e+02 4.631820497653974655e+01 1.934742516521692437e+02 6.887581365207542206e+01
8.441418646325404552e+03 1.725271482574802917e+02 4.598182894270596677e+01 1.943689638223926295e+02 6.900478642587326306e+01
8.442440366897981221e+03 1.729007278676484418e+02 4.690724933999955937e+01 1.941841707407112381e+02 6.959219914708928911e+01
8.443182694667788383e+03 1.729719071475899455e+02 4.815131369152891949e+01 1.932172974763965385e+02 6.980686520698898789e+01
8.443747304863803947e+03 1.729200396636531423e+02 4.921373527773938150e+01 1.922191794380892418e+02 6.983410268551966738e+01
8.444319271616317565e+03 1.727789203253159371e+02 5.023342035485376300e+01 1.912218967608960156e+02 6.977015636860267023e+01
8.444924594406520555e+03 1.726629149795694502e+02 5.126021944909045658e+01 1.902242459607788589e+02 6.972300719421600945e+01
8.445548243931289107e+03 1.726694409901843130e+02 5.225984415748843048e+01 1.892245033326426551e+02 6.970672286307568299e+01
8.446189936682025291e+03 1.728160396968464454e+02 5.311897223023559178e+01 1.882297383350312145e+02 6.976418935072521776e+01
8.446890737585910756e+03 1.732951775612975212e+02 5.381012404154072470e+01 1.873110695071818839e+02 7.010419728512313498e+01
8.447571839912030555e+03 1.741796009734724180e+02 5.433803196287849602e+01 1.867106913463815943e+02 7.085063782735737448e+01
8.448140858135824601e+03 1.751826783663690890e+02 5.467696638921896124e+01 1.864253768484178977e+02 7.180190395868007158e+01
8.448635427872122818e+03 1.761735961226877123e+02 5.484568354482536989e+01 1.862906329495046975e+02 7.279155944162779690e+01
8.449093295937413131e+03 1.771235246968219599e+02 5.493633349734702165e+01 1.862310875867366633e+02 7.378936909705639380e+01
8.449536451938522077e+03 1.780411941423595863e+02 5.503111649270377370e+01 1.861566631128511631e+02 7.478611493471997562e+01
8.450002632736146552e+03 1.789851570912345835e+02 5.514649273303147226e+01 1.860975169657492643e+02 7.578383065986753309e+01
8.450479104397991250e+03 1.799174262121622405e+02 5.525641323337398347e+01 1.861000905550291975e+02 7.678342310547719762e+01
8.450960784462360607e+03 1.808347878042526986e+02 5.535963635531455651e+01 1.860854184396037851e+02 7.778280003319559910e+01
8.451456020873212765e+03 1.817752902356223785e+02 5.546707719104539791e+01 1.860575338211044141e+02 7.878236112100246658e+01
8.451963820121183744e+03 1.827592892156419566e+02 5.556976944241506544e+01 1.860196949631612711e+02 7.978154141529242338e+01
8.452475175841595046e+03 1.837546910188379741e+02 5.563757086274082297e+01 1.859236796830672631e+02 8.077621789400186003e+01
8.453009336617309600e+03 1.847252672154490654e+02 5.570241871288035895e+01 1.858411591702969474e+02 8.177220384133413233e+01
8.453619190868850637e+03 1.857487126248985874e+02 5.582096401969978672e+01 1.858466839496137766e+02 8.277105700386373144e+01
8.454264556164876922e+03 1.867771108482128568e+02 5.595375657401924485e+01 1.858604967616710439e+02 8.377070128709685548e+01
8.454943609799795013e+03 1.877665070755261922e+02 5.605781222434113431e+01 1.859074296791376923e+02 8.476879958790762259e+01
8.455654886241889471e+03 1.886989297294283574e+02 5.620953419673617901e+01 1.859142510800764398e+02 8.576722252937030078e+01
8.456369010843520300e+03 1.895292206579957224e+02 5.638472631962920900e+01 1.857895484316119621e+02 8.675715982472797805e+01
8.457089098447177093e+03 1.903944814100835856e+02 5.648682395582174820e+01 1.857263140310130325e+02 8.775156749079926044e+01
8.457759605279719835e+03 1.914160379190366541e+02 5.653828226570843185e+01 1.857236297137409053e+02 8.875156141527203602e+01
8.458323572118642915e+03 1.924729994611004997e+02 5.657452061616849193e+01 1.857100256890855121e+02 8.975144625846681379e+01
8.458790330170626476e+03 1.934800280905040211e+02 5.656946212345442859e+01 1.857345684777644408e+02 9.075067015397716830e+01
8.459205780208352735e+03 1.944478261321457353e+02 5.653488075376926503e+01 1.857302880250556427e+02 9.174999850353249542e+01
8.459595746657763812e+03 1.953618792626284630e+02 5.651725701271396218e+01 1.857093880364787140e+02 9.274975750562408905e+01
8.459994981590969473e+03 1.962660264336763305e+02 5.654792961676415786e+01 1.856736234254494775e+02 9.374901971054889316e+01
8.460467281952107442e+03 1.973151125859962747e+02 5.663212950743760388e+01 1.857199965680030118e+02 9.474581377127194060e+01
8.460958610242414579e+03 1.984170269061625902e+02 5.672795320045598544e+01 1.859158413047034344e+02 9.572384504481219381e+01
8.461409585137693284e+03 1.994391547271952732e+02 5.680158580396198431e+01 1.860659087169656232e+02 9.671039232418421250e+01
8.461831601440948361e+03 2.003964484092940097e+02 5.686710414340819142e+01 1.860384087062691094e+02 9.770595381961589965e+01
8.462233012257254813e+03 2.013110006328315080e+02 5.691975545765032507e+01 1.859403757719767896e+02 9.870111395407153054e+01
8.462619251425785478e+03 2.022019706612100265e+02 5.694818410804729325e+01 1.858338867895018609e+02 9.969542430552988321e+01
8.463018017607868387e+03 2.031330478041495553e+02 5.698571039480439993e+01 1.857198545356355908e+02 1.006888938365648158e+02
8.463423978676129991e+03 2.040744154841881652e+02 5.709403249735524355e+01 1.856716777285927833e+02 1.016866994237259405e+02
8.463830291622294681e+03 2.050610821541961002e+02 5.724484437722301777e+01 1.856549687222673981e+02 1.026865593654183328e+02
8.464250135075686558e+03 2.061296673178656818e+02 5.737874131662582755e+01 1.855772042313537042e+02 1.036827035401251891e+02
8.464661955097188184e+03 2.071485340777916804e+02 5.751825242206769673e+01 1.854667712745023493e+02 1.046765791669350278e+02
8.465062367043547056e+03 2.080762184002519462e+02 5.768620431421834382e+01 1.853375390503618974e+02 1.056681357039875877e+02
8.465481728302922420e+03 2.089793638493584922e+02 5.786778327993400239e+01 1.851691252875032774e+02 1.066536205545104679e+02
8.465907908242847043e+03 2.098647442084694603e+02 5.799874341534953004e+01 1.850512904528534932e+02 1.076457422879348655e+02
8.466331826755784277e+03 2.107576356663660135e+02 5.804639590188090637e+01 1.850586861812386701e+02 1.086437049588445944e+02
8.466788547402971744e+03 2.117617869764058582e+02 5.808405816903947994e+01 1.852019635702201299e+02 1.096314640992802509e+02
8.467262668150395257e+03 2.128211459453531802e+02 5.818542950336914288e+01 1.853950579940583054e+02 1.106126214746634702e+02
8.467732985581047615e+03 2.138551594825181041e+02 5.832364704087792262e+01 1.854626629967092697e+02 1.116068195723150609e+02
8.468168461848232255e+03 2.148175506090018416e+02 5.842888485797582376e+01 1.853339288705859929e+02 1.125943720973540110e+02
8.468572525107987531e+03 2.157245883868995975e+02 5.847088704408323423e+01 1.851640202845308352e+02 1.135797826999628057e+02
8.468989691611737726e+03 2.166383872559852080e+02 5.844573758902384242e+01 1.850204380120734697e+02 1.145693390596905346e+02
8.469455955738609191e+03 2.176655289407086116e+02 5.844036049891303009e+01 1.850210552262483361e+02 1.155657360228446180e+02
8.469932358377598575e+03 2.187567632496677561e+02 5.852425138579878450e+01 1.851579821680652742e+02 1.165550072801072474e+02
8.470359588508466913e+03 2.197391281069143361e+02 5.864777075990500066e+01 1.852648671611999873e+02 1.175485901360695209e+02
8.470772936716000913e+03 2.206700445389497816e+02 5.876248894862219885e+01 1.853313998167873251e+02 1.185463142693484713e+02
8.471223630198141109e+03 2.216817985492271532e+02 5.888448282835427250e+01 1.852761883907502352e+02 1.195423803222266343e+02
8.471673148507647056e+03 2.227098357272587918e+02 5.899365384917146571e+01 1.851922757076226560e+02 1.205388235685974934e+02
8.472096537873929265e+03 2.236846419518465439e+02 5.903426116939567692e+01 1.852413346737660902e+02 1.215347640529676738e+02
8.472526724862031188e+03 2.246450950420365302e+02 5.900831068409130609e+01 1.853355259100263481e+02 1.225303180698571879e+02
8.472967047220088716e+03 2.256167340826600309e+02 5.898931175335270183e+01 1.853534781970972176e+02 1.235291664156901987e+02
8.473405519137528245e+03 2.265833654161959032e+02 5.899270513802414229e+01 1.853994177859379135e+02 1.245276241653530604e+02
8.473840816750200247e+03 2.275234500866378085e+02 5.902642681452894635e+01 1.854161969108361347e+02 1.255271142259268231e+02
8.474318878455436788e+03 2.285085335923120624e+02 5.903492556805653635e+01 1.853555084879449737e+02 1.265246443221597588e+02
8.474813127247089142e+03 2.295062148000056936e+02 5.900429481602449044e+01 1.853646235742231454e+02 1.275232813391402971e+02
8.475319558061890348e+03 2.305313936004403104e+02 5.900464798665942823e+01 1.854036270995973155e+02 1.285225203629187831e+02
8.475821381943362212e+03 2.315724259303626695e+02 5.906308054305714705e+01 1.854184856132204402e+02 1.295223157364772817e+02
8.476338541922083095e+03 2.325870000113204981e+02 5.920955781287167952e+01 1.853419513487691290e+02 1.305182624681910113e+02
8.476913349583537638e+03 2.336046713683309690e+02 5.942841364391170345e+01 1.851046599957007572e+02 1.314866721995880425e+02
8.477500009459257853e+03 2.344135933206490563e+02 5.970580729257081742e+01 1.848574573455385632e+02 1.324554583931618481e+02
8.478227138493552047e+03 2.348806150192360747e+02 6.000902056374763305e+01 1.845680791636818299e+02 1.334122050924249550e+02
8.479193700862986589e+03 2.351613593757602132e+02 6.097255522224223512e+01 1.838289469483795244e+02 1.340115152607786797e+02
8.479889615590644098e+03 2.352084216206428664e+02 6.216777734191752813e+01 1.828518889093639359e+02 1.341447066988951633e+02
8.480362500781358904e+03 2.351073813859294717e+02 6.321777020933155455e+01 1.818529554514351219e+02 1.341903010653206820e+02
8.480796350837241334e+03 2.348630753388753476e+02 6.420212011637576666e+01 1.808531406236555483e+02 1.341880655368379394e+02
8.481220926529618737e+03 2.345818440597936956e+02 6.509657837359750943e+01 1.798591306411818209e+02 1.340860316766192284e+02
8.481625599340819463e+03 2.343439301628412750e+02 6.593561735471982388e+01 1.788661731821268859e+02 1.339675602656633941e+02
8.482039043422328177e+03 2.341738013851167182e+02 6.681584926075197473e+01 1.778796571230413974e+02 1.338049950035922961e+02
8.482466628880503777e+03 2.340783230503121217e+02 6.777365072958625092e+01 1.768919531268518313e+02 1.336487802251783705e+02
8.482909987586428542e+03 2.339716357467428054e+02 6.877590088275873370e+01 1.758955931913716029e+02 1.335696756963085932e+02
8.483343674030267721e+03 2.337861112563126085e+02 6.972298859934593906e+01 1.749008979607241656e+02 1.334679484375975846e+02
8.483794749155666068e+03 2.335744788602643780e+02 7.069111304458053269e+01 1.739146046645784907e+02 1.333046280695467374e+02
8.484232581889564244e+03 2.335241484766219457e+02 7.164948885348987062e+01 1.729202661591969559e+02 1.332027738239812322e+02
8.484647312778572086e+03 2.335523892029311810e+02 7.259115871120664565e+01 1.719211663531261820e+02 1.331667002668602606e+02
8.485065456608661407e+03 2.335354810086210193e+02 7.356527035124540248e+01 1.709223636522852132e+02 1.332068081859979713e+02
8.485482589136790921e+03 2.334236815043871616e+02 7.451384388130577463e+01 1.699246483392137748e+02 1.332740577535177806e+02
8.485903041276626027e+03 2.332684088856344715e+02 7.544528895021649362e+01 1.689251029270115509e+02 1.332720803674391732e+02
8.486316582686071342e+03 2.331482588073772604e+02 7.639996856022091265e+01 1.679277537765438524e+02 1.332029702514676330e+02
8.486739928155115194e+03 2.330728791753514031e+02 7.738751138118222173e+01 1.669285157045741244e+02 1.331685677969452399e+02
8.487180001253891533e+03 2.329497343068049418e+02 7.841277208304080659e+01 1.659285688720560756e+02 1.331654985526735118e+02
8.487623208025574058e+03 2.327907454172156463e+02 7.939012833809631786e+01 1.649286156555474179e+02 1.331745735603750802e+02
8.488095194001465643e+03 2.327150048248406904e+02 8.037648976445898086e+01 1.639305018572089807e+02 1.332326752793332503e+02
8.488576160881477335e+03 2.326899451375527406e+02 8.140679253490090161e+01 1.629309929814348266e+02 1.332255710605051888e+02
8.488997518936161214e+03 2.326968213898484805e+02 8.230374911700614859e+01 1.619334388172829904e+02 1.332868670745975521e+02
8.489422562583700710e+03 2.326828037678806993e+02 8.324326265351965048e+01 1.609339557106886787e+02 1.333112002178674516e+02
8.489870744311567250e+03 2.325825946742878045e+02 8.431434124995377033e+01 1.599344558083238894e+02 1.332847596209913377e+02
8.490287621209503413e+03 2.325230033594602617e+02 8.525724551157182418e+01 1.589366658868209470e+02 1.333401868252869633e+02
8.490706347871744583e+03 2.326111803533256648e+02 8.613082004099915423e+01 1.579372765524727527e+02 1.333711152013383980e+02
8.491178154489412918e+03 2.327134848232604725e+02 8.704489235118566626e+01 1.569394757113208811e+02 1.334353379567662614e+02
8.491655588792249546e+03 2.326887886654901649e+02 8.799066353742449564e+01 1.559642346694959087e+02 1.336484788092112410e+02
8.492180685851475573e+03 2.326664754027783317e+02 8.900454333608546165e+01 1.549706268392775428e+02 1.337455216268225229e+02
8.492758624455500467e+03 2.325814961547533812e+02 9.000045081665955138e+01 1.539710385147650982e+02 1.337629320409052411e+02
8.493436927521506732e+03 2.325073399548585371e+02 9.100985187647602004e+01 1.529748158113341390e+02 1.336836174703499864e+02
8.494200323209273847e+03 2.323352349909345378e+02 9.228392195895007433e+01 1.519772087024658731e+02 1.336152316067401102e+02
8.494779818904034983e+03 2.322512696313665401e+02 9.342060263284199095e+01 1.509777634659052126e+02 1.336276676843841074e+02
8.495290805455428199e+03 2.321847491333416258e+02 9.447690070395131556e+01 1.499797398128599468e+02 1.335734648681487329e+02
8.495781195786563330e+03 2.321414680230921306e+02 9.555648477580447775e+01 1.489828600810776322e+02 1.336336738528975729e+02
8.496254896358334008e+03 2.320260848317587659e+02 9.662068437181152092e+01 1.479846239327427213e+02 1.335972038613141137e+02
8.496771629141896483e+03 2.316928905979426929e+02 9.766979253908429826e+01 1.470129772257579646e+02 1.333710448429298197e+02
8.497256336155349345e+03 2.313791608743073027e+02 9.866754806797366939e+01 1.460511250715093468e+02 1.330976003578286395e+02
8.497723693961943354e+03 2.310234881872306971e+02 9.965146431832100404e+01 1.451278078425679894e+02 1.327161106209142076e+02
8.498187569456340498e+03 2.307354295201415653e+02 1.006279301899397609e+02 1.441743604543987658e+02 1.324174610512098695e+02
8.498685794713588621e+03 2.305662065956194056e+02 1.016625387031910890e+02 1.431961302607490722e+02 1.322123760320315284e+02
8.499198974658202133e+03 2.304232126323425405e+02 1.026652438882511689e+02 1.422096222726207486e+02 1.320490944674523917e+02
8.499719856910716771e+03 2.301742340794782251e+02 1.036356148607106462e+02 1.412133848159830052e+02 1.319681017555067228e+02
8.500190253182248853e+03 2.299917317022791110e+02 1.045541358643234275e+02 1.402258743229663480e+02 1.318142037154544823e+02
8.500685820432434411e+03 2.297190564580507441e+02 1.056760438096114001e+02 1.392341646812026283e+02 1.316866742200403451e+02
8.501175705170795482e+03 2.294920369470157482e+02 1.067616667264873200e+02 1.382355605094716680e+02 1.316439687592619521e+02
8.501627147813947886e+03 2.294117439540094097e+02 1.076852413409128246e+02 1.372448492667177220e+02 1.315138152630999571e+02
8.502070311067713192e+03 2.293631920485167655e+02 1.087560328337729487e+02 1.362462830730671612e+02 1.314973765641611294e+02
8.502498859234585325e+03 2.292300261587988643e+02 1.098731361374517519e+02 1.352480413352886330e+02 1.315530022050162984e+02
8.502909221983207317e+03 2.290596741350298373e+02 1.108065999332239926e+02 1.342483291156589473e+02 1.315561783741445936e+02
8.503301333929039174e+03 2.290163161624090264e+02 1.115953279901340807e+02 1.332489545983625874e+02 1.315882015339326472e+02
8.503686448063552234e+03 2.289252505529193229e+02 1.124483440463663015e+02 1.322546141492603624e+02 1.314952472425008807e+02
8.504115895919103423e+03 2.290143831122853157e+02 1.133929571374641512e+02 1.312587775692946934e+02 1.314045209841836197e+02
8.504527643313573208e+03 2.289001226663400814e+02 1.142570990637270398e+02 1.302597100022440770e+02 1.314199425561179169e+02
8.504951840427484058e+03 2.287097392852532494e+02 1.151101330372584215e+02 1.292601820214414943e+02 1.314506634504339502e+02
8.505405663550289319e+03 2.287334754115848057e+02 1.159764594611371251e+02 1.282602997988277309e+02 1.314645259797631525e+02
8.505816351093364574e+03 2.287158965184360682e+02 1.167751683529077269e+02 1.272638450396601542e+02 1.315442424781937518e+02
8.506242448003775280e+03 2.286608246503809596e+02 1.176556373901252499e+02 1.262647576525084787e+02 1.315815375616332119e+02
8.506738975757882145e+03 2.288534258268925043e+02 1.186757441342236774e+02 1.252649983704999812e+02 1.315675663693434956e+02
8.507205456600084290e+03 2.288589832016015748e+02 1.196728887738925238e+02 1.242754737932485511e+02 1.316989807423300647e+02
8.507718891508997331e+03 2.288805113656590891e+02 1.207377287902256597e+02 1.232773288961782612e+02 1.317403761783751577e+02
8.508225633093539727e+03 2.288280648043851500e+02 1.215801815770657868e+02 1.222856620312999922e+02 1.318631983817583659e+02
8.508812017000183914e+03 2.285148637379791410e+02 1.221536810221416971e+02 1.212999063360980756e+02 1.317320123422579172e+02
8.510198878503644664e+03 2.287827980223151769e+02 1.212650602679187699e+02 1.210651101069474436e+02 1.313672939624608489e+02
8.510885303377546734e+03 2.289834833515904791e+02 1.202667645322137986e+02 1.220433738372497459e+02 1.315516194764832676e+02
8.511479275279501962e+03 2.289870726920200354e+02 1.192894193055754357e+02 1.230426250449161216e+02 1.315899475532382326e+02
8.512034031111688819e+03 2.289900897506508386e+02 1.183173377821855325e+02 1.240423032464441917e+02 1.316120531259686857e+02
8.512564886454079897e+03 2.290345074611815051e+02 1.173898656280512398e+02 1.250408021053157910e+02 1.315840389708177440e+02
8.513067290526254510e+03 2.290438657455333669e+02 1.165201366728597350e+02 1.260374235141491965e+02 1.315147929958192208e+02
8.513539487647287388e+03 2.290384351762161828e+02 1.155925230151671457e+02 1.270373162781913834e+02 1.315045705977946113e+02
8.514026717195123638e+03 2.290337816215354678e+02 1.145186958591471296e+02 1.280370608826872854e+02 1.314904514137383842e+02
8.514513054794673735e+03 2.289859370821521907e+02 1.134174279278615529e+02 1.290369485883474567e+02 1.315050365216509931e+02
8.514967066527748102e+03 2.288807107133171144e+02 1.124201190366730714e+02 1.300352309809146902e+02 1.314871992290371168e+02
8.515400619445186749e+03 2.289054201763819947e+02 1.114457827330232789e+02 1.310311756688291496e+02 1.313992128764785718e+02
8.515831652588609359e+03 2.290484932283360990e+02 1.104630570855148903e+02 1.320299293133150513e+02 1.313580249033872462e+02
8.516294376806596119e+03 2.291823627525787970e+02 1.094481845032793785e+02 1.330297679577939789e+02 1.313684524532792466e+02
8.516748779249544896e+03 2.292483705965715615e+02 1.084738863051225337e+02 1.340283144937655493e+02 1.314167532319156066e+02
8.517179632666951875e+03 2.293660973130592140e+02 1.075399603137222186e+02 1.350256518938606405e+02 1.314598000306881431e+02
8.517616475850923962e+03 2.296466839725829914e+02 1.066220106570975332e+02 1.360235246378661600e+02 1.314620097643577310e+02
8.518051532185454562e+03 2.299559383335963787e+02 1.057525170105602541e+02 1.370130075701408998e+02 1.315960770970021372e+02
8.518471933086331774e+03 2.301643925673450326e+02 1.048777721072522127e+02 1.379953156673797139e+02 1.317786242665532370e+02
8.518884298703729655e+03 2.303104429885270577e+02 1.039658793262761378e+02 1.389897314280166256e+02 1.318786899965636508e+02
8.519297296921626184e+03 2.304684066650432896e+02 1.030555260747483999e+02 1.399884329182974341e+02 1.319296002188680461e+02
8.519685367947677150e+03 2.306325200748521809e+02 1.021934921577345534e+02 1.409872105969892004e+02 1.319790004086948727e+02
8.520063891643734678e+03 2.307633106719779335e+02 1.013195220669615395e+02 1.419862617876154331e+02 1.320193613078947408e+02
8.520455676300694904e+03 2.308813513972902740e+02 1.003843748985670317e+02 1.429861394766397495e+02 1.320348639288434072e+02
8.520845184176218027e+03 2.310193250156206943e+02 9.944707854772232736e+01 1.439860425967654578e+02 1.320486659974478698e+02
8.521250772284100094e+03 2.311462832756487558e+02 9.850982400479344392e+01 1.449859397252680537e+02 1.320567931371576549e+02
8.521667920895248244e+03 2.311524038063122077e+02 9.758756788222531497e+01 1.459850716433614650e+02 1.320273968028804461e+02
8.522085587988785846e+03 2.309815963870327948e+02 9.670033092700559507e+01 1.469739335621514442e+02 1.319011033922479328e+02
8.522525262128714530e+03 2.306191108239269738e+02 9.584388346135689574e+01 1.479298875751618993e+02 1.316162827214324977e+02
8.522974623897825950e+03 2.300417467596392100e+02 9.508773497522538776e+01 1.488320142433915123e+02 1.311908264257249641e+02
8.523422949718535165e+03 2.292660682849719080e+02 9.446384086698135718e+01 1.496289220453710698e+02 1.306010920194971447e+02
8.523880866910785699e+03 2.283297075461566408e+02 9.399372657538268072e+01 1.502505185142612163e+02 1.298248214762228656e+02
8.524356997003555080e+03 2.272911551470520521e+02 9.367000494144413381e+01 1.506936624992229383e+02 1.289334507783833601e+02
8.524847147727252377e+03 2.262313776801066467e+02 9.336761293033123366e+01 1.509705951524077818e+02 1.279750174717879503e+02
8.525335880070924759e+03 2.251997361527023429e+02 9.303517478359320592e+01 1.511577472173599972e+02 1.269926887050704636e+02
8.525820724082030210e+03 2.241397402052978691e+02 9.278123066861000723e+01 1.513568614540610611e+02 1.260129149889105094e+02
8.526298804673118866e+03 2.230351133556391119e+02 9.266742813355973851e+01 1.515421825316934417e+02 1.250316979578683458e+02
8.526762215381013448e+03 2.219421736251975119e+02 9.258141721990912743e+01 1.515846359683212086e+02 1.240370326155124161e+02
8.527187886743864510e+03 2.209329663246100779e+02 9.243240405433323303e+01 1.515473344778299065e+02 1.230391869654712451e+02
8.527586742052499176e+03 2.199772870005965615e+02 9.230002292843690270e+01 1.516223130363030691e+02 1.220434856900165101e+02
8.527984280234890321e+03 2.190104397581451110e+02 9.222482337784515494e+01 1.517428539426777263e+02 1.210512299504525231e+02
8.528367398101963772e+03 2.180878830998421734e+02 9.215983597005164540e+01 1.518151576069424209e+02 1.200539343152413352e+02
8.528727226689734380e+03 2.172431854272417127e+02 9.211497175822486838e+01 1.518627174683518888e+02 1.190551182891590116e+02
8.529090697520005051e+03 2.163976863852254837e+02 9.208932014968617352e+01 1.518658959677785845e+02 1.180559162526182178e+02
8.529440006223790988e+03 2.155838212623407628e+02 9.203658644286062440e+01 1.518122094623320777e+02 1.170573912596582460e+02
8.529786396595069164e+03 2.147566235550476108e+02 9.194196292751918520e+01 1.517770437722903125e+02 1.160586723235034157e+02
8.530152996732187603e+03 2.138627571762279160e+02 9.182809701434347005e+01 1.518170549588195115e+02 1.150601528891645842e+02
8.530515101902547030e+03 2.129652035704695834e+02 9.171780268762368848e+01 1.519133988013628027e+02 1.140648837138493974e+02
8.530878155243299261e+03 2.120523617951085100e+02 9.161442689911744708e+01 1.520292678525519250e+02 1.130716309200471272e+02
8.531255284676723022e+03 2.111256193454101719e+02 9.154429563816115945e+01 1.521410525925822412e+02 1.120779813932156515e+02
8.531640309565596908e+03 2.102053029572508365e+02 9.154487615544813650e+01 1.522084003130379983e+02 1.110808919540513529e+02
8.532028497607527243e+03 2.092698293179390134e+02 9.156691686299573973e+01 1.522231963782751336e+02 1.100810478856601122e+02
8.532411525341067318e+03 2.083322877542652805e+02 9.154271453522075319e+01 1.522223990349930318e+02 1.090810577515850781e+02
8.532798476275049325e+03 2.073889320225974586e+02 9.150685070890864381e+01 1.521966408390771335e+02 1.080816890389072142e+02
8.533196313573525913e+03 2.064357186003444440e+02 9.153409841216468124e+01 1.521268306404446093e+02 1.070842698537763766e+02
8.533605026084242127e+03 2.054703155085041999e+02 9.160400358990260372e+01 1.520323856592394520e+02 1.060887503016907232e+02
8.534033678764510114e+03 2.044576689463484058e+02 9.163240744682026673e+01 1.519273423504819220e+02 1.050943017111883506e+02
8.534475328106604138e+03 2.034169315335809074e+02 9.161948591210067150e+01 1.518373222674959777e+02 1.040987724470943760e+02
8.534913395722755013e+03 2.023786840070960693e+02 9.163174955475243166e+01 1.517947669496596177e+02 1.030997852486167119e+02
8.535346187850565912e+03 2.013233194639525152e+02 9.166815191691065934e+01 1.517434168427031125e+02 1.021016745539767925e+02
8.535787218474548354e+03 2.002667964634294719e+02 9.167569744008639532e+01 1.516667252740214735e+02 1.011048357283743115e+02
8.536224068884168446e+03 1.992920827119594946e+02 9.161021965695168490e+01 1.516363790666748059e+02 1.001056215563025233e+02
8.536647207523817997e+03 1.983550680353285998e+02 9.149293937593620285e+01 1.516421949905533779e+02 9.910565451926497360e+01
8.537086532927318331e+03 1.973404366565056591e+02 9.138804964113074902e+01 1.516737730749715070e+02 9.810642301576955049e+01
8.537524578121658124e+03 1.963283107750806380e+02 9.127564224597402642e+01 1.517299871889562155e+02 9.710801718314010600e+01
8.537929369459892769e+03 1.954030780782785257e+02 9.111044536495948876e+01 1.517826971009369004e+02 9.610941319703694319e+01
8.538339364579449466e+03 1.944798636339736504e+02 9.095158139296849242e+01 1.518665440519757226e+02 9.511349304461292320e+01
8.538765811719320482e+03 1.935679203156385313e+02 9.082601698042454075e+01 1.519734972495178909e+02 9.411947689978811127e+01
8.539199005131553349e+03 1.926763071321824441e+02 9.070427494811815450e+01 1.520298464752083305e+02 9.312147820649838081e+01
8.539658758516814487e+03 1.917018124786074509e+02 9.063395572036806414e+01 1.520680201482691700e+02 9.212242424646386496e+01
8.540141329318605131e+03 1.906528993942988279e+02 9.064385766594399740e+01 1.520987976844883747e+02 9.112371234645489437e+01
8.540625375922747480e+03 1.896143506137111387e+02 9.074038863122028431e+01 1.520375944974479694e+02 9.012692715390562626e+01
8.541117397610709304e+03 1.885849842368828035e+02 9.093735725829125727e+01 1.519029070426780947e+02 8.913613044359384219e+01
8.541625827133744679e+03 1.875672560908354569e+02 9.123147362218796275e+01 1.517074086467899576e+02 8.815698499311153569e+01
8.542133588876522481e+03 1.866456690300859123e+02 9.169898896201119953e+01 1.513946171717979325e+02 8.720944687879494950e+01
8.542624645956298991e+03 1.858714629319676988e+02 9.237474899397275863e+01 1.509360787033444637e+02 8.632604921061289360e+01
8.543088904648097014e+03 1.852221625157224878e+02 9.315428893734542726e+01 1.503164462315150729e+02 8.554633333169326193e+01
8.543537021320575150e+03 1.846055011031632489e+02 9.396559624116365228e+01 1.495857936007415958e+02 8.486545700886976817e+01
8.543976791612943998e+03 1.839792312101853327e+02 9.473822854207134014e+01 1.487854905236717116e+02 8.426873845396478657e+01
8.544409867679118179e+03 1.833726719367020621e+02 9.545630409116496651e+01 1.479449846716784691e+02 8.372693640104117208e+01
8.544852827925442398e+03 1.827908203147459290e+02 9.624432817934705042e+01 1.470979514165489945e+02 8.319561498918504583e+01
8.545299737863339033e+03 1.822567288518457929e+02 9.714800525473545179e+01 1.462239668913422577e+02 8.271151515295233025e+01
8.545746075258615747e+03 1.817867608552781462e+02 9.811807627533664800e+01 1.453341600046918245e+02 8.225558557250263902e+01
8.546198561690200222e+03 1.813510730947532750e+02 9.910094224205077751e+01 1.444360245567077641e+02 8.181866540635857632e+01
8.546650884938566378e+03 1.809088394722537601e+02 1.000526065890455669e+02 1.435027465690450867e+02 8.146110543541560389e+01
8.547102742795921586e+03 1.804789083245059089e+02 1.009875229277259052e+02 1.425634297386053220e+02 8.111894533370420390e+01
8.547549125235051179e+03 1.800838965342325935e+02 1.019108934412134033e+02 1.416251922211679073e+02 8.077412537190174646e+01
8.547962205149060537e+03 1.797293511726315955e+02 1.027767517659511185e+02 1.406796977565311977e+02 8.044874475943487369e+01
8.548363807443103724e+03 1.793939509633681268e+02 1.036473488453696064e+02 1.397436173947845930e+02 8.009726819432991363e+01
8.548778494307027358e+03 1.790263272048161127e+02 1.045526145871867811e+02 1.388021203235222458e+02 7.976242525251349491e+01
8.549171962741793322e+03 1.786506333628604182e+02 1.054106217958795639e+02 1.378441715940643064e+02 7.947561963582083422e+01
8.549549942088828175e+03 1.782876876975771836e+02 1.062506925540039759e+02 1.368899991582458426e+02 7.917736580073673736e+01
8.549932833910041154e+03 1.779072041767059318e+02 1.070812262034432933e+02 1.359409433482805696e+02 7.886245640056439754e+01
8.550306080555656081e+03 1.775234893593701884e+02 1.078514212072326188e+02 1.349907125298414883e+02 7.855106512635050819e+01
8.550688289669680671e+03 1.771352508614926364e+02 1.086448008741052433e+02 1.340549289425189841e+02 7.820019576256262894e+01
8.551080183174211925e+03 1.767139540166641325e+02 1.094645919956845859e+02 1.331249565185082986e+02 7.783335943105583965e+01
8.551466936450036883e+03 1.762210997419516616e+02 1.102415021665947279e+02 1.321867022770864537e+02 7.748744737698653751e+01
8.551859843358302896e+03 1.756661726602924603e+02 1.109837812518207443e+02 1.312766537530160065e+02 7.707891931993161450e+01
8.552252485654944394e+03 1.751200452240203731e+02 1.116926472186768251e+02 1.304185075494565922e+02 7.656721525679283502e+01
8.552654819400551787e+03 1.745617499565872208e+02 1.123922252062912719e+02 1.295826404291684071e+02 7.601829078240987769e+01
8.553072889179074991e+03 1.739795700491850141e+02 1.131054407050154254e+02 1.287615626470271195e+02 7.544835567467414705e+01
8.553479285806733969e+03 1.734329453617167474e+02 1.138078019945991031e+02 1.279455108883170311e+02 7.487107936793638885e+01
8.553877727012317337e+03 1.729074247207855421e+02 1.144876457358055859e+02 1.271011386914204593e+02 7.433573862374291252e+01
8.554287042499106974e+03 1.723576419776223076e+02 1.151750968525408325e+02 1.262649258676523232e+02 7.378882814940008927e+01
8.554703147127784177e+03 1.717832978479480914e+02 1.158910978448596438e+02 1.254523885571680211e+02 7.320591993908811901e+01
8.555138679445350135e+03 1.711671084494738011e+02 1.166552639205076787e+02 1.246247687284257779e+02 7.264532790594553546e+01
8.555610850803865105e+03 1.705345653953771148e+02 1.175128441041327108e+02 1.237928265623999522e+02 7.209101245585074480e+01
8.556101178683400576e+03 1.699763690629396535e+02 1.184575619387206729e+02 1.229562110722427803e+02 7.154459727559249416e+01
8.556586597816256472e+03 1.695122939012337042e+02 1.194200080533733654e+02 1.220863379165714520e+02 7.105184736303669979e+01
8.557081055277907581e+03 1.690691888251933506e+02 1.203820932272655995e+02 1.211992141213082448e+02 7.059047740219843092e+01
8.557589506657934180e+03 1.686394151965128287e+02 1.213281189686818067e+02 1.202830242840945942e+02 7.019470349150174115e+01
8.558094008845126154e+03 1.683060509434018002e+02 1.222834766865658196e+02 1.193408946572649967e+02 6.985945917712842856e+01
8.558582386690695785e+03 1.681271052389523106e+02 1.232744659496011366e+02 1.183743698525996138e+02 6.963299613580841196e+01
8.559048180844059971e+03 1.680814468439224356e+02 1.242804922954855442e+02 1.173772436787789388e+02 6.959610670072409278e+01
8.559504369333151772e+03 1.680412987657731207e+02 1.253100638354873126e+02 1.163782054049501937e+02 6.958566451582936452e+01
8.559935666777550068e+03 1.679768283837043441e+02 1.262775161091514349e+02 1.153806399138358501e+02 6.951743569454144733e+01
8.560361234791416791e+03 1.678999876003059910e+02 1.272066676288579146e+02 1.143833342611661834e+02 6.944485274682874376e+01
8.560817626822163220e+03 1.678401634756780254e+02 1.282167139613634390e+02 1.133844694308179157e+02 6.940078489792411176e+01
8.561280957910214056e+03 1.678132216526608715e+02 1.292614707894242656e+02 1.123866165591794015e+02 6.943165216498958614e+01
8.561730843067529349e+03 1.678069215231139992e+02 1.302732127301543699e+02 1.113912884580152820e+02 6.952797979020793662e+01
8.562183453099401959e+03 1.678103457376995777e+02 1.312797367601720850e+02 1.103941446827739981e+02 6.959258581555826595e+01
8.562637818117207644e+03 1.677610830348659476e+02 1.322609275737990231e+02 1.093943496035796699e+02 6.961207470010437248e+01
8.563070307005669747e+03 1.676567587205202301e+02 1.331773840890392364e+02 1.083949713356459910e+02 6.959541428337089997e+01
8.563501055886250469e+03 1.675656186820611424e+02 1.341251249971773802e+02 1.073992743958964837e+02 6.951056825313123966e+01
8.563952399884996339e+03 1.674711398326120957e+02 1.351458309797287711e+02 1.064046866725395120e+02 6.940883889750632818e+01
8.564397510294575113e+03 1.673590540756730718e+02 1.361471724779486863e+02 1.054106552412248163e+02 6.930287798875600913e+01
8.564812488213032339e+03 1.672879715914263841e+02 1.370924335868489266e+02 1.044195979469795930e+02 6.916944819676298550e+01
8.565207717544337356e+03 1.672437936250431676e+02 1.380133025053632423e+02 1.034243579088718690e+02 6.908906308214514524e+01
8.565592326819525624e+03 1.672004811732731753e+02 1.389027307936172235e+02 1.024245636082871016e+02 6.906953519735725422e+01
8.565983333372825655e+03 1.671678010789851783e+02 1.397990887832850149e+02 1.014251097654806131e+02 6.904026207588398734e+01
8.566402008146138542e+03 1.670970497199972726e+02 1.407511323901139519e+02 1.004256992228074523e+02 6.900846698135731572e+01
8.566838237309651959e+03 1.669835161266688601e+02 1.417262742841626562e+02 9.942659720088443009e+01 6.897065518670940776e+01
8.567271472835564055e+03 1.668832725550243765e+02 1.427009886473647668e+02 9.843045456601666388e+01 6.888708580711774232e+01
8.567719867279120081e+03 1.667826757122237495e+02 1.437155107526313316e+02 9.743408491343403455e+01 6.880794875768279439e+01
8.568194270217689336e+03 1.666745879802411139e+02 1.447802686839434330e+02 9.643471729234248357e+01 6.877622451053294128e+01
8.568655825198462480e+03 1.666089547150952228e+02 1.458115779260437819e+02 9.543535034865816158e+01 6.879227944020206564e+01
8.569108965173729302e+03 1.665672862479741241e+02 1.468198661901135722e+02 9.443599390429366736e+01 6.882463527034737183e+01
8.569575837482332645e+03 1.665215175242036878e+02 1.478576605238221475e+02 9.343606623307377390e+01 6.883199342410618726e+01
8.570040419691367788e+03 1.664681691675624506e+02 1.488853729384522069e+02 9.243670853418937838e+01 6.885624432273182549e+01
8.570494550281915508e+03 1.663857208740345754e+02 1.499000752825933205e+02 9.143737047573239352e+01 6.887676267102153815e+01
8.570945575644367636e+03 1.662954082829497793e+02 1.509290207021950039e+02 9.043770231855572206e+01 6.885442590527908635e+01
8.571386108196171335e+03 1.662128861557833943e+02 1.519187070423810439e+02 8.943814697475194464e+01 6.884865978829843414e+01
8.571798332437736462e+03 1.661597890050068429e+02 1.528433327817749046e+02 8.843857696734191620e+01 6.884312608054536042e+01
8.572201215084396608e+03 1.661722514981187544e+02 1.537903833300667031e+02 8.743896284073206004e+01 6.883590600745145593e+01
8.572615974746559004e+03 1.662218465816877710e+02 1.547585491453089048e+02 8.644160275686790840e+01 6.889613785824130332e+01
8.573045108909338524e+03 1.662787441791703884e+02 1.557131059772218293e+02 8.544878205205573352e+01 6.901441306018961086e+01
8.573485802739518476e+03 1.663340214773985792e+02 1.566869990085328652e+02 8.445387577875169427e+01 6.910418111172374722e+01
8.573936678565622060e+03 1.663531805617986379e+02 1.576894901506253461e+02 8.345482630960019321e+01 6.914776276335111049e+01
8.574399490270830938e+03 1.663473240994463538e+02 1.587063983304510089e+02 8.245567408734306980e+01 6.914884610607019511e+01
8.574858629527487210e+03 1.663213266326702637e+02 1.596842620492131459e+02 8.145667641945229320e+01 6.910434496801164528e+01
8.575331855487920620e+03 1.662287285795968899e+02 1.606648051328496649e+02 8.045744561699461883e+01 6.909316823563867160e+01
8.575815400746809246e+03 1.661042528776071094e+02 1.616827483865706938e+02 7.945767976675094246e+01 6.909759674824864817e+01
8.576276924762061753e+03 1.659837592699866491e+02 1.626727904069910835e+02 7.845778909082147834e+01 6.909608149313703507e+01
8.576709732999323023e+03 1.658681782307967580e+02 1.636234628733170098e+02 7.745944854832842452e+01 6.906196110602751048e+01
8.577145824292063480e+03 1.657822385817806889e+02 1.646144021713832046e+02 7.646127620432042704e+01 6.900643491894032877e+01
8.577577424988541679e+03 1.657044208020118674e+02 1.655776581989891270e+02 7.546175444840299917e+01 6.900580492637467955e+01
8.577982683947313490e+03 1.656557152401208839e+02 1.664621080514279470e+02 7.446229200827379202e+01 6.900228653218628949e+01
8.578406121165902732e+03 1.656753863421640460e+02 1.674112196556263825e+02 7.346679041498894946e+01 6.905015445108634253e+01
8.578846209652409016e+03 1.656605742497089295e+02 1.684053986620534147e+02 7.247731796522243997e+01 6.919402026165550978e+01
8.579269130003815008e+03 1.655710451945975592e+02 1.693514887109676295e+02 7.148358336482581876e+01 6.928014197789534023e+01
8.579703013990951149e+03 1.654771840783757568e+02 1.703243573711932584e+02 7.048372136125031773e+01 6.928005021136827679e+01
8.580174121007094072e+03 1.653898651139594733e+02 1.714009275997352688e+02 6.948379144614482072e+01 6.927477985201211652e+01
8.580648458786348783e+03 1.653420693406341684e+02 1.725172123950987100e+02 6.848395402144232946e+01 6.926450815647021386e+01
8.581089339052166906e+03 1.653459926454302149e+02 1.735484168631784598e+02 6.748451442446234694e+01 6.927320737770010339e+01
8.581514708612068716e+03 1.653400110858493122e+02 1.745118342148108468e+02 6.648518851887226333e+01 6.930976369683040161e+01
8.581947394063607135e+03 1.653141427195022288e+02 1.755197910437747453e+02 6.548593643695112121e+01 6.930363642281231762e+01
8.582363982412471159e+03 1.652962477609466418e+02 1.764967096317622861e+02 6.448721827253595507e+01 6.931209968190952964e+01
8.582769036779240196e+03 1.652784252436157431e+02 1.774086801330310266e+02 6.348805473692454626e+01 6.933169306137536125e+01
8.583194003355081804e+03 1.652846911866087396e+02 1.783570505020437054e+02 6.248838439366500097e+01 6.930755685733575433e+01
8.583605315505898034e+03 1.653137684845624733e+02 1.792821413845006759e+02 6.149050009029209463e+01 6.933571633434415560e+01
8.584001109121185436e+03 1.653483584530108885e+02 1.801865753112997481e+02 6.049313654664403828e+01 6.940715282299673561e+01
8.584415258135311888e+03 1.654409869763317431e+02 1.811444673883796668e+02 5.949572781587126968e+01 6.947818345078761126e+01
8.584823872069046047e+03 1.655609512983203047e+02 1.820686829392513459e+02 5.850709044664341008e+01 6.961772505434784364e+01
8.585230657756219443e+03 1.657121463654409013e+02 1.829489010912685387e+02 5.753068489740351765e+01 6.983257893720137588e+01
8.585659868907134296e+03 1.660170071369335574e+02 1.838140733489215677e+02 5.656203580631523664e+01 7.008068212150011789e+01
8.586101260547493439e+03 1.664447950190883319e+02 1.846211814221245788e+02 5.563451184736148036e+01 7.044017638311680685e+01
8.586538171922959009e+03 1.669165309030681783e+02 1.853652401248862702e+02 5.476211277334931538e+01 7.092738692104619247e+01
8.586994293482282956e+03 1.675193587605086520e+02 1.860390103647138744e+02 5.392837697804662866e+01 7.147841223503444041e+01
8.587460924562146829e+03 1.682118129807232094e+02 1.865970691818085925e+02 5.320855114221325266e+01 7.215967345826135215e+01
8.587899155343444363e+03 1.689335882805512199e+02 1.870194945502307462e+02 5.257953653905416758e+01 7.293705117070234678e+01
8.588358325206283553e+03 1.698223829578006701e+02 1.873511333088115123e+02 5.205949512218765562e+01 7.378307845924798869e+01
8.588844295885010069e+03 1.707725073404686498e+02 1.876202527564942670e+02 5.175836627253721645e+01 7.472866782665495577e+01
8.589322763754738844e+03 1.716955594268509913e+02 1.878325817484300444e+02 5.153801220164396568e+01 7.570368449658315058e+01
8.589825121810081328e+03 1.726742746941220616e+02 1.880272199227517547e+02 5.136475687045579974e+01 7.668614106782810325e+01
8.590376069375128282e+03 1.736866623464873669e+02 1.881888792534392110e+02 5.123382532362417408e+01 7.767733394503557065e+01
8.590988513633370530e+03 1.747836587220502906e+02 1.882627027644966233e+02 5.114171454141150974e+01 7.867164424420293756e+01
8.591626966429716049e+03 1.758991427822867024e+02 1.882514023422181992e+02 5.112863585377164810e+01 7.967118399690514252e+01
8.592278212230754434e+03 1.769722910864726657e+02 1.882807040366267302e+02 5.113711469682426980e+01 8.067114142438761348e+01
8.592963183285346531e+03 1.778082808638875179e+02 1.885838224051121301e+02 5.106379880718340303e+01 8.166576580238756833e+01
8.594334610451114713e+03 1.777028406195730668e+02 1.890359329703003084e+02 5.054204336811023524e+01 8.240700322601489347e+01
8.595890522950701779e+03 1.782142290463560812e+02 1.893034400674585527e+02 5.047230783158849476e+01 8.227551156405118604e+01
8.596452713273380141e+03 1.789091599210579204e+02 1.895591066438774703e+02 5.023012441887324542e+01 8.324493450007872752e+01
8.596998066425047000e+03 1.795483539950409124e+02 1.898952274701490808e+02 4.998332200914030210e+01 8.421018000400025016e+01
8.597642367556734825e+03 1.803859714630376345e+02 1.903838495106661810e+02 4.960568738309486747e+01 8.513584977903299489e+01
8.598295216941975013e+03 1.812569213288541050e+02 1.910092115160790911e+02 4.918677593128157355e+01 8.604369841598639823e+01
8.598937093664264466e+03 1.819900813445188703e+02 1.918069205144078921e+02 4.867279550029029167e+01 8.689324027837857045e+01
8.599598703226783982e+03 1.824975365744696489e+02 1.927812727212293851e+02 4.794448509954781912e+01 8.755791189007874209e+01
8.600260843388316061e+03 1.827782292152401169e+02 1.938688870007311777e+02 4.704610624514314310e+01 8.798912193171054241e+01
8.600865646826561715e+03 1.829201874102197962e+02 1.949253527170339737e+02 4.609892692364496725e+01 8.830926838913862298e+01
8.601441957285209355e+03 1.829920794827910981e+02 1.959583611626231630e+02 4.512687714473446476e+01 8.851379084538886843e+01
8.601996544778110547e+03 1.829693705601497982e+02 1.969624725071029729e+02 4.412826132032969184e+01 8.854628976850469257e+01
8.602539513340087069e+03 1.828417327384387363e+02 1.979583655433307001e+02 4.313000795223989314e+01 8.849921304299125779e+01
8.603069547988103295e+03 1.826906197642832694e+02 1.989414791339849842e+02 4.213277152442778117e+01 8.842905619063509448e+01
8.603580469128304685e+03 1.825235687609275033e+02 1.998906305633124418e+02 4.113350050161687221e+01 8.839100551550528451e+01
8.604100990315992021e+03 1.823706745807479592e+02 2.008798164675108637e+02 4.013686617636101772e+01 8.832094285242085618e+01
8.604636234348459766e+03 1.822663154137354979e+02 2.019166743307485206e+02 3.914154950529650279e+01 8.823175156342929881e+01
8.605180827398939073e+03 1.821808152112436971e+02 2.029574104122168876e+02 3.814236261757391588e+01 8.819191004624224206e+01
8.605721689561489256e+03 1.821268343813210322e+02 2.039731924213805314e+02 3.714268802483167775e+01 8.816916542929537570e+01
8.606245892638016812e+03 1.821056415893331462e+02 2.049297596857086603e+02 3.614273275746702296e+01 8.816804776650735676e+01
8.606764757258699319e+03 1.820995843851239044e+02 2.058774211360998549e+02 3.514284112298756924e+01 8.818198861826138568e+01
8.607285692118615771e+03 1.820857242518239332e+02 2.068116291400978639e+02 3.414461928790714040e+01 8.823079531244144391e+01
8.607822707661965978e+03 1.819845742523006322e+02 2.076338154822631736e+02 3.314750692328271953e+01 8.825880907751242432e+01
8.608402470929962874e+03 1.817601379529238841e+02 2.081876909555128634e+02 3.215635962300765271e+01 8.814505265085199426e+01
8.610066005966400553e+03 1.814845385436504728e+02 2.071796698494805469e+02 3.195114580047039965e+01 8.792156923862467011e+01
8.610953237932639240e+03 1.815113302323136111e+02 2.059201514874056897e+02 3.294508838349602087e+01 8.801343317059280480e+01
8.611712733694972485e+03 1.815486558451771373e+02 2.047602032637628611e+02 3.394501499847627457e+01 8.800218641680231713e+01
8.612382316488030483e+03 1.815397201964167095e+02 2.036706118495590374e+02 3.494083964793176023e+01 8.794219783565809223e+01
8.613006323353702101e+03 1.816374609135375806e+02 2.025793331883966744e+02 3.592964756804460080e+01 8.782087777791770122e+01
8.613558064548851689e+03 1.817153044989497630e+02 2.016151985331120216e+02 3.692755391822301192e+01 8.780483138359433326e+01
8.614077105219870646e+03 1.818306375912324881e+02 2.007165869462758963e+02 3.792190618679737213e+01 8.773358365513620072e+01
8.614601483383336017e+03 1.819187560644089672e+02 1.997652868183153032e+02 3.891821538619488052e+01 8.781230220826802224e+01
8.615161142287193798e+03 1.819255883271683842e+02 1.987989529093162844e+02 3.991106246082650699e+01 8.789307215780308979e+01
8.615731010438026715e+03 1.819843175288670807e+02 1.978497320522561154e+02 4.090665226702000723e+01 8.788745890797473237e+01
8.616319833202496739e+03 1.819875788285670808e+02 1.968241622533273869e+02 4.189685135165349550e+01 8.796151998568170427e+01
8.616906148631585893e+03 1.819298536712436203e+02 1.958113356490066792e+02 4.289175961153565453e+01 8.787296820627589966e+01
8.617514792343201407e+03 1.817586699376316801e+02 1.948108944752778768e+02 4.388690554343043715e+01 8.781360947819598550e+01
8.618151457038342414e+03 1.813995041289599044e+02 1.937748793875548188e+02 4.484824869465804653e+01 8.756204036324012918e+01
8.618778710288534057e+03 1.810036245386497455e+02 1.927772516535908949e+02 4.575892097814754322e+01 8.714932288608250133e+01
8.619347250571645418e+03 1.805459226788027252e+02 1.919464043485641298e+02 4.665082658864491805e+01 8.670861280857194231e+01
8.619868991725990782e+03 1.800562704272903716e+02 1.912298124397654533e+02 4.747247101513322320e+01 8.613921565125860980e+01
8.620380759601468526e+03 1.794838516218117093e+02 1.905528206476041646e+02 4.830109554405380834e+01 8.558130098631633587e+01
8.620934818134141096e+03 1.788023678862042516e+02 1.898700441369369116e+02 4.906188058106682348e+01 8.493512822263110706e+01
8.621517414052370441e+03 1.780909655179825393e+02 1.891388265783135409e+02 4.977448985022098782e+01 8.423467347046486964e+01
8.622111453807330690e+03 1.772286964285073907e+02 1.884553499147472735e+02 5.047805657913196598e+01 8.353307537176969788e+01
8.622710737013041580e+03 1.762941220528148278e+02 1.880414361089681279e+02 5.101885523843436232e+01 8.269356104260550921e+01
8.623344706741989285e+03 1.752268156594946902e+02 1.878607346209918774e+02 5.134357921876362951e+01 8.177765963223654921e+01
8.623925198982007714e+03 1.742263910854715903e+02 1.876540365048581691e+02 5.135869657686171763e+01 8.078200230524882386e+01
8.624457097862685259e+03 1.732051514012122482e+02 1.874586473984234090e+02 5.153037237464462095e+01 7.979699274227439787e+01
8.624967550053763262e+03 1.722540585696488620e+02 1.873408422128052564e+02 5.171942161541667105e+01 7.881513430110776142e+01
8.625531482447184317e+03 1.713633861777727247e+02 1.871326186737350667e+02 5.189160757944299718e+01 7.783011912510907848e+01
8.626110761450703649e+03 1.704693359814656901e+02 1.868284169407098716e+02 5.199158404743017314e+01 7.684490150536470310e+01
8.626658771958753277e+03 1.696078702422418303e+02 1.864632064167600731e+02 5.199365018369711322e+01 7.586378568347339524e+01
8.627238861500878556e+03 1.687016878762319152e+02 1.859999464187143019e+02 5.231340047441081254e+01 7.491662127862690568e+01
8.627819904219524688e+03 1.678435964890844616e+02 1.854400367480526484e+02 5.269527276632426549e+01 7.399337126423668565e+01
8.628404663433660971e+03 1.671043381604179103e+02 1.847102915847534916e+02 5.318841452189180075e+01 7.312845369899409320e+01
8.628986490185643561e+03 1.664917949896591551e+02 1.839685284485332772e+02 5.382151816064000371e+01 7.235509741681636342e+01
8.629614717814143660e+03 1.660426775675077238e+02 1.831198025837023522e+02 5.455562349826993795e+01 7.169392237800597911e+01
8.630263338907185243e+03 1.657644713985871761e+02 1.821147586093778443e+02 5.544762617865467291e+01 7.124340706708622406e+01
8.630866175342414863e+03 1.656516093103965943e+02 1.811546743361033975e+02 5.637808688220054165e+01 7.088233149038525482e+01
8.631496843815128159e+03 1.655981399278649064e+02 1.801931454251906928e+02 5.734815052751014974e+01 7.064527999550243464e+01
8.632116047089757558e+03 1.653830502018400637e+02 1.792303139517904356e+02 5.833066258111842473e+01 7.046314612544124145e+01
8.632739903081394004e+03 1.652951776225341689e+02 1.782421036996982480e+02 5.930895285386058902e+01 7.026865872877054642e+01
8.633364148260030561e+03 1.652192254306727932e+02 1.772263758778838394e+02 6.029749051384388991e+01 7.013587230714730936e+01
8.633933676390286564e+03 1.653625825842370318e+02 1.762855384405798986e+02 6.127683907558723320e+01 6.998075180929231465e+01
8.634483534124996368e+03 1.655915645492273143e+02 1.753358011949655122e+02 6.227293698351456186e+01 7.005326189887357202e+01
8.635035651618809425e+03 1.657193172167045532e+02 1.743243428984186778e+02 6.326362563866629785e+01 7.018795405824967304e+01
8.635581073999477667e+03 1.657861167460124250e+02 1.733213169693867428e+02 6.425871168599046257e+01 7.028646648972926414e+01
8.636112646360996223e+03 1.658013743468911230e+02 1.723257459678154646e+02 6.525557987141087324e+01 7.032329371769357351e+01
8.636616027706755631e+03 1.658027974195672130e+02 1.714148572029327511e+02 6.625395052785373196e+01 7.027153122162832233e+01
8.637136507246561450e+03 1.657039546288053486e+02 1.704310180625381292e+02 6.725103281932322830e+01 7.021874633703139068e+01
8.637675649826613153e+03 1.655326878852110042e+02 1.694025260004838174e+02 6.823707973959706408e+01 7.005725042997141827e+01
8.638203544267325924e+03 1.654520737760406064e+02 1.683888989383224839e+02 6.921935196414403890e+01 6.988328187188584195e+01
8.638693214626835470e+03 1.653990223481576720e+02 1.674689957128172182e+02 7.021738225802923239e+01 6.982275757112788028e+01
8.639185386406374164e+03 1.654786398624873129e+02 1.665693790349560004e+02 7.121679606543534646e+01 6.978865357979630346e+01
8.639721950748529707e+03 1.656254336523952588e+02 1.655356416255827412e+02 7.221557785629316584e+01 6.979235305239552645e+01
8.640255844722320035e+03 1.657154439415070613e+02 1.644824976346413621e+02 7.321341872008530061e+01 6.983394725478170528e+01
8.640747988493816592e+03 1.658176441509304198e+02 1.635703981168488497e+02 7.421301333728699490e+01 6.981602386949572292e+01
8.641244204859001911e+03 1.659827961896636737e+02 1.627014362441706510e+02 7.521217274403996100e+01 6.980380387795773345e+01
8.641777008346703951e+03 1.661853492446536507e+02 1.618184503466414697e+02 7.621040249551749923e+01 6.974756998375639228e+01
8.642352745566453450e+03 1.662060048729762229e+02 1.607575256162898540e+02 7.721006607406344813e+01 6.973530657244008069e+01
8.642917582711141222e+03 1.660794784233993084e+02 1.595466013916737040e+02 7.820565965366409955e+01 6.969711716631839238e+01
8.643419332425999528e+03 1.659745329139045964e+02 1.584668230567005480e+02 7.919416398790060896e+01 6.954677225522122797e+01
8.643892456736521126e+03 1.659077746522760890e+02 1.574881533700235821e+02 8.017819157465635271e+01 6.937877781593525128e+01
8.644360189989492937e+03 1.659264000186329042e+02 1.565161408289895917e+02 8.115236811359943658e+01 6.915697510329229658e+01
8.644856108702886559e+03 1.659793551347438552e+02 1.554955281610328370e+02 8.214300082623789478e+01 6.903081376593472385e+01
8.645337489017199914e+03 1.660647474283306053e+02 1.545270010876632227e+02 8.313978501716550795e+01 6.895680308159035121e+01
8.645804504745055965e+03 1.661874285142125700e+02 1.535816270912854975e+02 8.413518263356503724e+01 6.887658674254817015e+01
8.646295602845813846e+03 1.662742531166506694e+02 1.525637594838152893e+02 8.513503768472462241e+01 6.886292768269665032e+01
8.646803711136150014e+03 1.663216957067527062e+02 1.515183802267377473e+02 8.613399967776769017e+01 6.882149996354931432e+01
8.647301178731877371e+03 1.663634439571586086e+02 1.505107574539955237e+02 8.713242746058242005e+01 6.877150072410029225e+01
8.647791996809044576e+03 1.664207013406531246e+02 1.495236667810383722e+02 8.813034848637342122e+01 6.872504214030479375e+01
8.648278311691756244e+03 1.665103332305879178e+02 1.485360287657523770e+02 8.912641564731197263e+01 6.865845684008458250e+01
8.648780152232495311e+03 1.665905215238286985e+02 1.475115951389113604e+02 9.012619039085160466e+01 6.867832867986184908e+01
8.649272072957373894e+03 1.666529253713000003e+02 1.465392520383928741e+02 9.112547988605967930e+01 6.868135660582173330e+01
8.649747895487684218e+03 1.667252664864659266e+02 1.456142016853468135e+02 9.212459416956349401e+01 6.865770196820056981e+01
8.650245501652560051e+03 1.667769260020131696e+02 1.446394624130236934e+02 9.312439879490764838e+01 6.867275166443225487e+01
8.650769576639757361e+03 1.667801278540385965e+02 1.436221877575443671e+02 9.412329430786874696e+01 6.864344050169975731e+01
8.651275000480467497e+03 1.667580455862357951e+02 1.426458892697534395e+02 9.512008820264732378e+01 6.856342918994836566e+01
8.651751618419277293e+03 1.667260179419057522e+02 1.417121091663580330e+02 9.611312871018198223e+01 6.845309329847219715e+01
8.652235917728292407e+03 1.667634747158314212e+02 1.407330507740977907e+02 9.710217197808749745e+01 6.830856997214499415e+01
8.652725719942603973e+03 1.668658895576607506e+02 1.397438224133262565e+02 9.809867344515600962e+01 6.824125932722498078e+01
8.653183547830149109e+03 1.669723442281018606e+02 1.388501739135402318e+02 9.909864998325117824e+01 6.823719394900054169e+01
8.653626668275217526e+03 1.670966816728882804e+02 1.379813256890009256e+02 1.000971142891246330e+02 6.826215830650448879e+01
8.654101321245740110e+03 1.672272654549095989e+02 1.370301441100497470e+02 1.010936537466859448e+02 6.834421545240050477e+01
8.654612419753158974e+03 1.673706491322585066e+02 1.360133047723608399e+02 1.020923142938243160e+02 6.838822991086325942e+01
8.655117199183319826e+03 1.675728083803637958e+02 1.350009441849699101e+02 1.030902003232572497e+02 6.843155899167639689e+01
8.655601385021454917e+03 1.678203706644119393e+02 1.340119075848424472e+02 1.040815000880170373e+02 6.856025838032492459e+01
8.656078692872455576e+03 1.680240404464841220e+02 1.330755396476314161e+02 1.050678586333282993e+02 6.872486599179823941e+01
8.656580303604636356e+03 1.681100365383028930e+02 1.321264816776549083e+02 1.060583676278553042e+02 6.885472161690009330e+01
8.657083972111569892e+03 1.680904786303709670e+02 1.311549169821893202e+02 1.070546377466487087e+02 6.885947469237935081e+01
8.657564086444814166e+03 1.680631651534616822e+02 1.302126957254665456e+02 1.080474942993733976e+02 6.874081106334963920e+01
8.658054933673738560e+03 1.680528635203857561e+02 1.292272251081020045e+02 1.090373670751563679e+02 6.859913393168419304e+01
8.658559499155566300e+03 1.680990134612520990e+02 1.282207136928801106e+02 1.100271051656290524e+02 6.845703430171248272e+01
8.659044027843428921e+03 1.681831463389034695e+02 1.272838746607238676e+02 1.110222889980022956e+02 6.838678006386115271e+01
8.659511517866190843e+03 1.682336294885137136e+02 1.263932358185913358e+02 1.120220909004427625e+02 6.839108972234272699e+01
8.659991587816875835e+03 1.683055844427669001e+02 1.254762118630185057e+02 1.130218234625948384e+02 6.836809199695383654e+01
8.660474708463163552e+03 1.684374234545110767e+02 1.245560573222207807e+02 1.140204741797663246e+02 6.838090133421664518e+01
8.660928370655972685e+03 1.685995356342861555e+02 1.236679039522904873e+02 1.150184227885726926e+02 6.844051570355449599e+01
8.661379145700917434e+03 1.687872474630342765e+02 1.227241810812438558e+02 1.160158206345046636e+02 6.850085601314711425e+01
8.661836773116088807e+03 1.690251404384906664e+02 1.217829853434698322e+02 1.170089621425272810e+02 6.861752921713197395e+01
8.662279428496987748e+03 1.693676525137821613e+02 1.209797304857485898e+02 1.179971682965903028e+02 6.876753717215949280e+01
8.662733126377606823e+03 1.698593413497905260e+02 1.202368765746790871e+02 1.189518001346200151e+02 6.904252399948880736e+01
8.663226333115739180e+03 1.704341652824163305e+02 1.194671701033013420e+02 1.198416765279634433e+02 6.949525200057803431e+01
8.663728567733218370e+03 1.710165302270343943e+02 1.187138779985371713e+02 1.207074736830740420e+02 6.999519541165643943e+01
8.664224914207528855e+03 1.716155252669612707e+02 1.179655079127212218e+02 1.215755242987050764e+02 7.049094380930182524e+01
8.664721017551073601e+03 1.721937869670527164e+02 1.172082808428144887e+02 1.224360342327426991e+02 7.099988124691132896e+01
8.665220761117145230e+03 1.727200175834181550e+02 1.164464415329109102e+02 1.233111726305275226e+02 7.148375187423648924e+01
8.665718816471817263e+03 1.731535656268378034e+02 1.156495535073575951e+02 1.241838618337368416e+02 7.197195799782168990e+01
8.666211914883015197e+03 1.734607422982915637e+02 1.148426309518841890e+02 1.250775819357103273e+02 7.241457693059203393e+01
8.666763408832128334e+03 1.735724207945707747e+02 1.140274435099583457e+02 1.260282616462386613e+02 7.271442757157059589e+01
8.667400792067186558e+03 1.734635965808662093e+02 1.131452126812551029e+02 1.270061416656886877e+02 7.274460214167238803e+01
8.668002311096794074e+03 1.735134230509989379e+02 1.122694345634313180e+02 1.279831423984067698e+02 7.253137855362166420e+01
8.668500837116027469e+03 1.739615430163853773e+02 1.115515507936940196e+02 1.289562600700820951e+02 7.253529811271172889e+01
8.668977002503503172e+03 1.746519684694341947e+02 1.109930532068979545e+02 1.298402120417068204e+02 7.295824897310438928e+01
8.669488682368759328e+03 1.754670413538317177e+02 1.104934079688467818e+02 1.305281253004841346e+02 7.366900881202275286e+01
8.670012539810282760e+03 1.762331167091980433e+02 1.099513409415745855e+02 1.311327159339429613e+02 7.446523716406518645e+01
8.670517894372089359e+03 1.768716389688782442e+02 1.093817752768491687e+02 1.318111648267662872e+02 7.519622547888748443e+01
8.671034971637111084e+03 1.774134548409222418e+02 1.087081245515954748e+02 1.325716357600235824e+02 7.584402747599850159e+01
8.671581050764372776e+03 1.778415641642674530e+02 1.078830406753219648e+02 1.334230898307919517e+02 7.635591235639957119e+01
8.672124082109690789e+03 1.781612051176518037e+02 1.070019229722998233e+02 1.343560457730271196e+02 7.670989352434462205e+01
8.672653839980654084e+03 1.784129441819369504e+02 1.060565435432289263e+02 1.353261229052768613e+02 7.694542314383912185e+01
8.673180531014359076e+03 1.786173573674884665e+02 1.050606969691993839e+02 1.363183350729114238e+02 7.704334138383947561e+01
8.673719601361559398e+03 1.787710011631310749e+02 1.040335941834385238e+02 1.373176010318253475e+02 7.708085914192831467e+01
8.674255398502042226e+03 1.788125773325243415e+02 1.030131783635895033e+02 1.383166039783490646e+02 7.707606975285752071e+01
8.674766951033567238e+03 1.786762279934054618e+02 1.020686530815359987e+02 1.393081278298139978e+02 7.696193298538737793e+01
8.675261283419124084e+03 1.783493514482970284e+02 1.011627292183091242e+02 1.402720316935962614e+02 7.670748076975299057e+01
8.675734502092009279e+03 1.779259656584920322e+02 1.002379702111538649e+02 1.411846177767967276e+02 7.630566796958319742e+01
8.676192519548167184e+03 1.774937570864418603e+02 9.932663306250630342e+01 1.420848026907846418e+02 7.587100059976721411e+01
8.676634895240425976e+03 1.770471935938045647e+02 9.848119264908009995e+01 1.429918393463464668e+02 7.545001043592023393e+01
8.677067814548976457e+03 1.765857516841697645e+02 9.764648815538362214e+01 1.438814841474016077e+02 7.499422743282374881e+01
8.677513229090489403e+03 1.761115386880239271e+02 9.677125393559968813e+01 1.447644527312397429e+02 7.452486220993890242e+01
8.677965133484141916e+03 1.756839368011669080e+02 9.588726166519930416e+01 1.456268540308921047e+02 7.402030479888689740e+01
8.678402018337243135e+03 1.753301952601657376e+02 9.505272591903030843e+01 1.464764481078048277e+02 7.349292742361214437e+01
8.678858570546528426e+03 1.749009190747322862e+02 9.423218773217105593e+01 1.473363454101289562e+02 7.298258214055451276e+01
8.679348955524361372e+03 1.743756125308873379e+02 9.334819470798699115e+01 1.481904696340303929e+02 7.246280546644955223e+01
8.679826426780284237e+03 1.738740723252528255e+02 9.244710782919754877e+01 1.490585244884054248e+02 7.196768700389641538e+01
8.680276070035142766e+03 1.734518283564938486e+02 9.158065906251962929e+01 1.499357158437681790e+02 7.148767968183800292e+01
8.680729555763915414e+03 1.731406238742148105e+02 9.067591584913020597e+01 1.507840138486837134e+02 7.095961019912294887e+01
8.681190993574491586e+03 1.729305616313258724e+02 8.971085322780565718e+01 1.516469746811428934e+02 7.045707592339104508e+01
8.681629110251751626e+03 1.728288584405025858e+02 8.875427942125845959e+01 1.525525367688195786e+02 7.003463896285063583e+01
8.682050854927569162e+03 1.728388189100297438e+02 8.781400573905831664e+01 1.534955197463888226e+02 6.970687790439046694e+01
8.682480941306894238e+03 1.728955881292550885e+02 8.687310024991712964e+01 1.544744986189288909e+02 6.951898460463867480e+01
8.682908267538190557e+03 1.730154740354715273e+02 8.599280911360472146e+01 1.554680622964570489e+02 6.940608316230769503e+01
8.683336575211762465e+03 1.732303797130999214e+02 8.515514563045711327e+01 1.564656059440410161e+02 6.934751772467058117e+01
8.683787781258599352e+03 1.734608531756845196e+02 8.424982564482736791e+01 1.574611752678542587e+02 6.940841805468321013e+01
8.684250889490789632e+03 1.736635663695359142e+02 8.329254559390126644e+01 1.584569578251807229e+02 6.949668860117975555e+01
8.684690858965461302e+03 1.738075905322929486e+02 8.238789990424962184e+01 1.594546532972485693e+02 6.956453914013931694e+01
8.685135387762389655e+03 1.739075289252890286e+02 8.147692232000814272e+01 1.604535663267116092e+02 6.960624578661588657e+01
8.685611815757185468e+03 1.740784020526707820e+02 8.052262858606925988e+01 1.614526519539583660e+02 6.958485147323676756e+01
8.686099047881818478e+03 1.742796379717616730e+02 7.956572803173939690e+01 1.624515786867711142e+02 6.959150354402670757e+01
8.686582433396164561e+03 1.744759805869530851e+02 7.860985666721761334e+01 1.634505879065403349e+02 6.963599490224571298e+01
8.687077547635910378e+03 1.747636938274721388e+02 7.769188809426860587e+01 1.644499568889340253e+02 6.963626453354723367e+01
8.687607256486731785e+03 1.749588495156831129e+02 7.679903167892487659e+01 1.654491774420219201e+02 6.965356561730737894e+01
8.688182020200412808e+03 1.749318166096161065e+02 7.599619826665448841e+01 1.664462394786123980e+02 6.961466563119672912e+01
8.688834017660788959e+03 1.748052756961353111e+02 7.537184573811958899e+01 1.674139210239341082e+02 6.938665239888888436e+01
8.689757698037074078e+03 1.748653044315999523e+02 7.467838156612438638e+01 1.683958223964604883e+02 6.926056050051604984e+01
8.709044259781105211e+03 1.748775381557792912e+02 7.418459141312906979e+01 1.686434593905414943e+02 6.886427520225288390e+01
8.714611659698306539e+03 1.746991603365296157e+02 7.443872050969009990e+01 1.681276909128915804e+02 6.804047276189078275e+01
