# ts_seconds,x,y,gt_x,gt_y
1.395894837768607613e+04 1.703254710627406325e+02 6.958689836186627531e+01 1.703254710627406325e+02 6.958689836186627531e+01
1.397329126456585436e+04 1.703722664887853284e+02 7.117756747794783223e+01 1.693668629781368793e+02 6.932599171683732209e+01
1.397406940918844703e+04 1.704932743368957517e+02 7.263867631862353846e+01 1.683684954825937155e+02 6.937406711301089501e+01
1.397448500130275170e+04 1.705409483175045295e+02 7.378920430774508077e+01 1.673691963714983331e+02 6.934253744019068222e+01
1.397482506705014748e+04 1.705331820012756339e+02 7.480650690069786890e+01 1.663696875435536811e+02 6.937157235096674412e+01
1.397515492977836220e+04 1.705327286496467138e+02 7.584344474374266554e+01 1.653713832171125659e+02 6.942499924004091838e+01
1.397546322725226128e+04 1.705408526160861697e+02 7.682433186972811257e+01 1.643714343516186602e+02 6.941584062605288352e+01
1.397576861686623488e+04 1.705404812870343676e+02 7.779197920623391838e+01 1.633717955020555905e+02 6.942732477556894821e+01
1.397606976087407929e+04 1.705247331179699870e+02 7.872562614039242135e+01 1.623745631179349402e+02 6.949956624651473192e+01
1.397638348460768611e+04 1.705127641988126754e+02 7.962032247602220991e+01 1.613748156622233694e+02 6.952010053362846520e+01
1.397672288940542967e+04 1.704921004258712856e+02 8.044742429648974280e+01 1.603749016763445638e+02 6.952030489121094092e+01
1.397708613860827791e+04 1.704770566327834445e+02 8.113597662063531857e+01 1.593754821877562335e+02 6.955207036967945555e+01
1.397772541928461396e+04 1.704583801369924174e+02 8.171977578462521308e+01 1.583766563492769990e+02 6.953371886578126748e+01
1.397962390372003574e+04 1.704420478130368508e+02 8.237081660205352307e+01 1.573854886746015325e+02 6.940660542054779114e+01
1.398238183849627057e+04 1.704713212086131477e+02 8.292479793112383391e+01 1.563859263278396270e+02 6.939121174195285846e+01
1.398778389947454707e+04 1.709938915157800636e+02 8.475114905926567133e+01 1.553979169382710381e+02 6.949471844493120898e+01
1.398831457217887146e+04 1.716528417050152200e+02 8.589794278362172975e+01 1.544653805154403585e+02 6.985506599074051337e+01
1.398868696946473756e+04 1.723172081592693985e+02 8.681395288279145461e+01 1.535643730099852178e+02 7.028511251723440978e+01
1.398901169756284071e+04 1.729576871612951265e+02 8.765363558871084138e+01 1.527311089483916078e+02 7.083703316099740732e+01
1.398932189642034791e+04 1.735758991743662136e+02 8.848328788579033244e+01 1.519358665914400319e+02 7.144326706453674092e+01
1.398962972144806008e+04 1.741420757542618958e+02 8.934958461437956601e+01 1.511302315503613727e+02 7.203567678522983897e+01
1.398992294768225656e+04 1.746315944835498328e+02 9.019282359916051917e+01 1.503316037155988738e+02 7.263726303709044885e+01
1.399021084133062868e+04 1.751090521039702423e+02 9.100476471488288155e+01 1.495502944451127121e+02 7.326115038706542748e+01
1.399049692049308214e+04 1.756217414154131120e+02 9.179185191972749180e+01 1.487374794601651047e+02 7.384289249574837299e+01
1.399078693841789936e+04 1.761456776571395153e+02 9.259608808286193948e+01 1.478898998030475695e+02 7.437352956239335811e+01
1.399106651757417058e+04 1.766273305139806382e+02 9.338151713664470321e+01 1.470512257739382278e+02 7.491808827544885219e+01
1.399134936129160451e+04 1.771146556774376961e+02 9.417822320301873162e+01 1.462178563788244503e+02 7.547039923422445895e+01
1.399164221529214774e+04 1.775937400333942833e+02 9.502892544616794623e+01 1.453542631733397172e+02 7.597391890977009155e+01
1.399193786731212276e+04 1.779972812572966063e+02 9.593024112304065909e+01 1.444636441161513005e+02 7.642866784834772886e+01
1.399223586074367995e+04 1.783385060448911759e+02 9.686096648711978219e+01 1.435702070142161233e+02 7.687777244223724438e+01
1.399253235327431867e+04 1.786595939762784155e+02 9.778493107893088165e+01 1.426627695278735075e+02 7.729679316526411981e+01
1.399284099620222150e+04 1.789710436191585359e+02 9.875435590723941459e+01 1.417283727906893773e+02 7.765300066805626500e+01
1.399314223828161084e+04 1.792252108060782234e+02 9.970957866361453625e+01 1.407909592760050828e+02 7.800121608302157483e+01
1.399344826461795128e+04 1.794216584346911532e+02 1.006909743533621224e+02 1.398492278410057281e+02 7.833556398185356784e+01
1.399376136682129072e+04 1.795897769893824147e+02 1.017071441460529968e+02 1.388802192904149422e+02 7.858025238105031463e+01
1.399406177132589437e+04 1.797349233656180445e+02 1.026779640413651293e+02 1.378957897719976700e+02 7.875603098715946260e+01
1.399435141861912416e+04 1.798830569555344709e+02 1.035981012402947812e+02 1.369119860215143945e+02 7.893522409874539392e+01
1.399464448321360032e+04 1.800942267644346657e+02 1.045057558946283081e+02 1.359299993851966235e+02 7.912417063424979347e+01
1.399494379935252073e+04 1.803813520511970125e+02 1.054140728766217592e+02 1.349525077331156524e+02 7.933212880593747229e+01
1.399522990674671382e+04 1.806970747466692160e+02 1.062671750253592080e+02 1.340002944844534909e+02 7.963384936121617841e+01
1.399552017052692463e+04 1.810432047645258251e+02 1.071273071893546387e+02 1.330808836040528718e+02 8.002714382669515203e+01
1.399582616077695275e+04 1.814207489330115379e+02 1.080536591146131258e+02 1.321575677144622318e+02 8.041094279959828839e+01
1.399615099139200356e+04 1.818024752365327572e+02 1.090614764718816616e+02 1.312259746122697663e+02 8.077424237545562846e+01
1.399647928848167976e+04 1.821707796879850889e+02 1.100747499237328100e+02 1.303037958094278679e+02 8.116100564499092229e+01
1.399680687076245158e+04 1.825634373851831924e+02 1.110636767945801182e+02 1.293817023275482541e+02 8.154796590502397180e+01
1.399713773129227229e+04 1.829977060071634583e+02 1.120422447203985143e+02 1.284617062400928091e+02 8.193939020003220719e+01
1.399744277224411962e+04 1.833964081772072916e+02 1.129203587337946004e+02 1.275614765810903748e+02 8.237455035021368133e+01
1.399775394451578723e+04 1.837808181590131653e+02 1.138057874918528114e+02 1.266713043338449864e+02 8.282988334185097301e+01
1.399808136211356759e+04 1.841670670393428679e+02 1.147575198678006529e+02 1.257633670077911603e+02 8.324872702667242663e+01
1.399840045431563885e+04 1.845072552543056474e+02 1.157166528770885918e+02 1.248430370947804562e+02 8.363986998267307627e+01
1.399870899150286641e+04 1.848018349799750411e+02 1.166797224858351711e+02 1.239184465972870299e+02 8.402013697803316461e+01
1.399901357819447549e+04 1.850644158227419211e+02 1.176655797623728716e+02 1.229716716758497341e+02 8.434010051498484017e+01
1.399931316190525649e+04 1.852830314995870253e+02 1.186500084126028156e+02 1.220039486568202847e+02 8.459211516440663559e+01
1.399958559613327270e+04 1.854403955428251720e+02 1.195393346151928569e+02 1.210384482637304728e+02 8.485217787460662464e+01
1.399986071369053752e+04 1.855961618943762517e+02 1.204260331959284684e+02 1.200774788839732565e+02 8.512802464248615308e+01
1.400014976486099113e+04 1.857689531869870621e+02 1.213637819072382911e+02 1.191024478428247306e+02 8.534807607546969166e+01
1.400042863975297769e+04 1.858949284040195948e+02 1.222894814682591687e+02 1.181160467936674365e+02 8.551230584569893267e+01
1.400069166637912895e+04 1.859474179164004113e+02 1.231799364202205709e+02 1.171321414385920008e+02 8.569096479460890237e+01
1.400095592396745087e+04 1.859527842468331471e+02 1.240844800328499105e+02 1.161467942494565477e+02 8.585703273481756526e+01
1.400123021709204113e+04 1.859305587028820526e+02 1.250197993816332911e+02 1.151500063864656624e+02 8.593271111628591541e+01
1.400151365900189376e+04 1.858773834720172999e+02 1.259700430988412307e+02 1.141503119670457664e+02 8.595734222611130804e+01
1.400179790263916038e+04 1.858164402374379449e+02 1.269098188988037776e+02 1.131507316097830227e+02 8.598630762428595631e+01
1.400209181298230942e+04 1.857671237842575636e+02 1.278797743300279137e+02 1.121510944961670901e+02 8.601217770756468894e+01
1.400239765031852039e+04 1.857369113209487352e+02 1.288950378250592905e+02 1.111511921714742215e+02 8.602539027792445836e+01
1.400267995974241785e+04 1.857271220871156174e+02 1.298305151889066451e+02 1.101517772580440067e+02 8.605566653401537280e+01
1.400294986882504418e+04 1.857448571249559564e+02 1.307156909027828249e+02 1.091535904343678141e+02 8.611575080646485958e+01
1.400323593703108963e+04 1.857831601586468366e+02 1.316597301186053244e+02 1.081547882275014700e+02 8.616363675974957914e+01
1.400354054674774670e+04 1.857837429348286378e+02 1.326942177279960902e+02 1.071554093696378942e+02 8.619711112935895869e+01
1.400383344131872764e+04 1.857085979089270609e+02 1.337048246791013923e+02 1.061568648960381580e+02 8.625096524934575370e+01
1.400411597793139117e+04 1.855935218015670216e+02 1.346728360278019920e+02 1.051578679233143134e+02 8.628339886338247311e+01
1.400440214972255308e+04 1.855162049399418436e+02 1.356344692743105611e+02 1.041584455002588783e+02 8.625046183303072667e+01
1.400469548744726126e+04 1.854963637808193369e+02 1.365960047486254041e+02 1.031594257321951744e+02 8.621281839411963688e+01
1.400499225887188732e+04 1.855208820903968103e+02 1.375597197852310387e+02 1.021596322417089624e+02 8.622799309534788392e+01
1.400529158953548358e+04 1.855810306170474178e+02 1.385477516089596861e+02 1.011606484768257559e+02 8.627269597877383944e+01
1.400559639662155314e+04 1.856581405871360460e+02 1.395799954780574126e+02 1.001636018984603993e+02 8.634361740544376573e+01
1.400588750054075899e+04 1.857310786168729067e+02 1.405815157754954612e+02 9.917326200708893680e+01 8.648116162632612713e+01
1.400617987815371089e+04 1.858092659578360042e+02 1.415906011099002626e+02 9.818675212056440671e+01 8.664393215580982144e+01
1.400647102527684183e+04 1.858908047964026196e+02 1.426018709721027733e+02 9.719487808931525308e+01 8.677110507184067956e+01
1.400675912245247855e+04 1.859513577021308777e+02 1.436051894320977453e+02 9.620343477026699475e+01 8.690039859925143162e+01
1.400704827968442623e+04 1.859947940598946445e+02 1.445979087265169198e+02 9.521566081120694491e+01 8.705521581924905661e+01
1.400733960054644376e+04 1.860269990145492898e+02 1.455794487321852273e+02 9.422162399353776152e+01 8.716089630905015895e+01
1.400763559947561043e+04 1.860348941773662830e+02 1.465665382209549250e+02 9.322325425496747187e+01 8.721766054727095252e+01
1.400792094981018090e+04 1.860150938287420956e+02 1.475043847044587437e+02 9.222588143267127236e+01 8.728973447281255460e+01
1.400821120774434166e+04 1.859837303757478821e+02 1.484483681751853510e+02 9.122886100359752959e+01 8.736205599040540903e+01
1.400850293455812971e+04 1.859274705591941483e+02 1.493913421617958477e+02 9.022920205727223220e+01 8.736940806909500168e+01
1.400879655778969209e+04 1.858250093106363749e+02 1.503271879088536025e+02 8.923003968662179375e+01 8.732848695786901771e+01
1.400909253685992553e+04 1.857084741424330616e+02 1.512750934923466559e+02 8.823088721750656305e+01 8.728733591233130085e+01
1.400940329156850930e+04 1.856077420100378390e+02 1.522878937285038035e+02 8.723224468903976003e+01 8.723713448545201743e+01
1.400972307943720079e+04 1.855268131444971687e+02 1.533468146362697269e+02 8.623506498035220602e+01 8.716218295374515890e+01
1.401002461238567412e+04 1.854540789370306300e+02 1.543539068879833849e+02 8.523696235889964612e+01 8.710249391205850600e+01
1.401033532491212827e+04 1.853675140849241814e+02 1.553967663405635733e+02 8.423773837408619158e+01 8.706522815946394189e+01
1.401064520262410770e+04 1.852899179795444979e+02 1.564431868923128661e+02 8.323957969047864935e+01 8.700461297801180649e+01
1.401094370941644411e+04 1.852458555914470537e+02 1.574530468634315241e+02 8.224082810844691949e+01 8.695966229468484698e+01
1.401123418839541773e+04 1.852438640529820475e+02 1.584425399277516249e+02 8.124087366242754626e+01 8.696136668189527086e+01
1.401152580234325615e+04 1.852788353439139257e+02 1.594402036127210351e+02 8.024107326184770272e+01 8.698133880510417271e+01
1.401182248973857168e+04 1.853383335233409070e+02 1.604496659750326444e+02 7.924148519576296223e+01 8.700793650130219703e+01
1.401210391853059991e+04 1.854091984442520129e+02 1.613919415122187786e+02 7.824288981093613415e+01 8.706008082403597825e+01
1.401238195164813988e+04 1.854990744883069169e+02 1.623079042945458355e+02 7.724563629705166079e+01 8.713381388198926913e+01
1.401266498521327230e+04 1.855914302719610305e+02 1.632446847843261537e+02 7.624978691896637883e+01 8.722455655470848512e+01
1.401295818589902046e+04 1.856281552089648414e+02 1.642312690569183644e+02 7.525544479089855088e+01 8.733071335360693865e+01
1.401323999147647191e+04 1.855983117304506891e+02 1.651835863673135236e+02 7.426089727725663181e+01 8.743265255539455438e+01
1.401351856707904335e+04 1.855446793402933849e+02 1.661283463723254101e+02 7.326232491235936095e+01 8.747723564901922089e+01
1.401380646394425639e+04 1.854891036291267596e+02 1.671079588229613364e+02 7.226257284253685498e+01 8.745904749658186006e+01
1.401409970339577740e+04 1.854132613890819528e+02 1.680963258095198398e+02 7.126350941638267500e+01 8.741579394488451271e+01
1.401439223923389363e+04 1.853235909821206064e+02 1.690788332150484052e+02 7.026467060266783449e+01 8.736784311260134928e+01
1.401468963460447230e+04 1.852236529851426212e+02 1.700748662447442996e+02 6.926667618898770229e+01 8.730544384749370579e+01
1.401500293089851584e+04 1.851143477867187244e+02 1.711135948453145943e+02 6.826991084007573818e+01 8.722520514256912350e+01
1.401530504421428486e+04 1.850138771971316487e+02 1.720994220397011247e+02 6.727237581515703368e+01 8.715509485031761017e+01
1.401561289574725743e+04 1.849362593626310911e+02 1.730959899894428418e+02 6.627502325548162787e+01 8.708358075788127906e+01
1.401592931062285243e+04 1.848823597127897926e+02 1.741127274677820367e+02 6.527974482591679362e+01 8.698652588388161178e+01
1.401625288410822395e+04 1.848092623726550130e+02 1.751327942284500523e+02 6.428412036971968746e+01 8.689390760932542435e+01
1.401657821949508980e+04 1.846950847353182326e+02 1.761581193913100947e+02 6.328642907255295569e+01 8.682603910185535767e+01
1.401690640818611791e+04 1.845556945507828175e+02 1.771956569751803556e+02 6.228922474768761219e+01 8.675346019998301017e+01
1.401724252180050098e+04 1.843749878463647747e+02 1.782247087532528838e+02 6.129583584238940119e+01 8.663960001284654311e+01
1.401755800204382831e+04 1.841581474202226900e+02 1.791481840570677377e+02 6.030647873159229988e+01 8.649428621272335249e+01
1.401789030701897900e+04 1.838963895096520673e+02 1.800971262672737510e+02 5.932231407974542492e+01 8.631953326487234790e+01
1.401824658988647934e+04 1.836038807888693043e+02 1.810812398904819247e+02 5.834903670460324321e+01 8.608990135879443528e+01
1.401858766249709151e+04 1.832962292313030730e+02 1.819535456140440033e+02 5.737477105065611482e+01 8.586458570991838712e+01
1.401893981411947971e+04 1.829189521692756841e+02 1.827977089783392728e+02 5.640289419085183198e+01 8.563196344961811235e+01
1.401930425732056210e+04 1.824526363043721631e+02 1.836249112685889600e+02 5.545876554260763669e+01 8.530657526618502118e+01
1.401966109561741177e+04 1.819169020518601485e+02 1.843347846125538467e+02 5.454934695573621894e+01 8.489069817678758056e+01
1.402002028242255801e+04 1.813353794592915449e+02 1.848726538801492723e+02 5.364344440255342761e+01 8.446776284711314986e+01
1.402042236721322843e+04 1.807559623674517013e+02 1.852654592527039199e+02 5.278685835586770736e+01 8.396227593710781889e+01
1.402138089292226687e+04 1.805983823846920870e+02 1.852832164720762478e+02 5.213665979163091890e+01 8.323274584760652317e+01
1.402275887096924453e+04 1.812003065128073160e+02 1.844797090920482958e+02 5.242917737729814576e+01 8.331552943783869125e+01
1.402339235608566014e+04 1.817619544346173655e+02 1.835693903286462216e+02 5.321047774666487129e+01 8.392912760122742100e+01
1.402394273136805350e+04 1.822859611443923598e+02 1.825670223295763037e+02 5.406040148125688205e+01 8.445576749048734655e+01
1.402439185004181309e+04 1.825948984217712905e+02 1.815351227569897787e+02 5.490937950473859530e+01 8.498406530126561620e+01
1.402477944220432983e+04 1.827984104528492537e+02 1.804897950601290404e+02 5.581964792088417227e+01 8.538049207620281322e+01
1.402513450288304921e+04 1.830040704084111098e+02 1.794344939801744943e+02 5.678871900929448202e+01 8.562028008321782124e+01
1.402546881267152639e+04 1.831690601717721734e+02 1.783873455152292991e+02 5.777284207497726243e+01 8.579710789263698700e+01
1.402579504113228904e+04 1.832747313057502367e+02 1.773485809226386891e+02 5.876477592184851062e+01 8.591940234817145949e+01
1.402610358368928428e+04 1.833117384809497992e+02 1.763704874989217330e+02 5.976264769204874483e+01 8.597727713118786141e+01
1.402641248129594169e+04 1.832915952211855313e+02 1.753869565198361329e+02 6.076242191845194185e+01 8.598948361359651926e+01
1.402672880461302520e+04 1.832345833312572267e+02 1.743703325436325713e+02 6.176098621024019764e+01 8.594658625699557319e+01
1.402704034986346596e+04 1.831716597286026342e+02 1.733723539528878348e+02 6.275418966550491007e+01 8.583521104402935009e+01
1.402736944725711874e+04 1.831632193771380912e+02 1.723154577325159664e+02 6.374948266012901144e+01 8.574542752161005410e+01
1.402770266328199432e+04 1.832404995592829096e+02 1.712395478880810913e+02 6.474843146875622324e+01 8.574335469944242050e+01
1.402801728457662284e+04 1.833774137438805099e+02 1.702064427170717238e+02 6.574792280194245109e+01 8.577523624851771444e+01
1.402832850573393262e+04 1.835624304064184287e+02 1.691682401505372297e+02 6.674738186747119073e+01 8.580810094480841599e+01
1.402864061420862163e+04 1.837316317981495501e+02 1.681268579901456519e+02 6.774206702026030769e+01 8.590072405759404717e+01
1.402894806829762638e+04 1.838486254707291607e+02 1.671044819749975545e+02 6.873752304018923098e+01 8.599198494570808293e+01
1.402924110614692290e+04 1.839289410154925974e+02 1.661308786670211930e+02 6.973597359863525469e+01 8.604619818585354096e+01
1.402953991570255675e+04 1.840228319896164635e+02 1.651348112374441541e+02 7.073467837947764281e+01 8.609687228133972781e+01
1.402984275720786536e+04 1.841015481755701444e+02 1.641289154939501032e+02 7.173205893669830857e+01 8.616803192512992382e+01
1.403014133534627035e+04 1.841193086818533686e+02 1.631515895064770518e+02 7.273066520959861236e+01 8.621320502210561187e+01
1.403044363101829549e+04 1.840970558099775189e+02 1.621742431819864976e+02 7.373055570852632457e+01 8.622235797162198878e+01
1.403075409377210235e+04 1.840665179415302930e+02 1.611879421825083227e+02 7.473055568549787608e+01 8.622239160187211837e+01
1.403108166120518763e+04 1.840772014258610909e+02 1.601601771486367909e+02 7.572833723188759336e+01 8.616932627862725269e+01
1.403139829877522061e+04 1.841136646845028224e+02 1.591632965410934446e+02 7.672482946653123292e+01 8.608564107116539788e+01
1.403171537501520652e+04 1.841755407123643238e+02 1.581521591570949568e+02 7.772177435335032669e+01 8.600765705518531945e+01
1.403202843381311141e+04 1.842787370991978548e+02 1.571485410877891695e+02 7.872074170257855030e+01 8.598496175006135900e+01
1.403232555016130027e+04 1.843946692409764978e+02 1.561983516337754168e+02 7.972072653243341733e+01 8.599031071194845310e+01
1.403261778880008387e+04 1.845210952696460254e+02 1.552611258396987921e+02 8.071851918854063968e+01 8.604479980370796000e+01
1.403291404508726737e+04 1.846617398509772556e+02 1.543119506570198212e+02 8.170780713161330766e+01 8.618433676532234244e+01
1.403322548231133806e+04 1.848082074397940460e+02 1.533112656490235111e+02 8.269550582527459426e+01 8.634024343437155835e+01
1.403353366993366944e+04 1.849132690703575292e+02 1.523282312688645277e+02 8.368913827205172140e+01 8.644915080849705191e+01
1.403385885639280605e+04 1.849769455845848825e+02 1.513010091667943300e+02 8.468484252112146748e+01 8.654165752458180805e+01
1.403418924283122942e+04 1.850474022507315510e+02 1.502765298787594759e+02 8.568194419280510488e+01 8.661605151737249741e+01
1.403450394449390660e+04 1.851101463436441463e+02 1.493178093413295926e+02 8.668115421674397680e+01 8.662813824874181989e+01
1.403482556841290898e+04 1.851541483478350756e+02 1.483313391347392098e+02 8.768068551039344527e+01 8.664540386975718889e+01
1.403515036978171884e+04 1.852010638582534909e+02 1.473318389448830033e+02 8.867837377746707261e+01 8.670994633698636278e+01
1.403547472511827618e+04 1.852752421558254241e+02 1.463278175524180824e+02 8.967680509506708120e+01 8.676155772066292116e+01
1.403579819711427626e+04 1.853695419215846982e+02 1.453117987020743840e+02 9.067575860821150968e+01 8.680669934350747496e+01
1.403611714476051202e+04 1.854599791413493506e+02 1.442974627371689849e+02 9.166816554362571878e+01 8.692025443428768483e+01
1.403643861615859896e+04 1.855649980688552034e+02 1.432690575104456059e+02 9.266138051868401249e+01 8.703342828729016389e+01
1.403674776402953648e+04 1.856815168002573273e+02 1.422958576017884127e+02 9.365835156620387636e+01 8.711020641710850043e+01
1.403706338740288447e+04 1.858109311463196320e+02 1.413130002774940692e+02 9.465311707405066954e+01 8.720956764352678192e+01
1.403738595651164178e+04 1.859500700339382888e+02 1.403165569068027025e+02 9.564571433686484170e+01 8.733097659008753055e+01
1.403770531218301767e+04 1.860563559151968889e+02 1.393444615355136875e+02 9.664218877764858462e+01 8.740681293220822567e+01
1.403803803450590385e+04 1.861116104135705598e+02 1.383395310850339399e+02 9.764027013204238870e+01 8.746807163423459031e+01
1.403836492005758737e+04 1.861176261553270592e+02 1.373628044225224585e+02 9.863420049098871800e+01 8.757430355860965676e+01
1.403869563309578189e+04 1.861082937252167540e+02 1.363858302552550015e+02 9.963130952467430745e+01 8.761671753850582434e+01
1.403902337084751889e+04 1.860962586878353591e+02 1.354284987959752868e+02 1.006295090361973763e+02 8.756704874037498598e+01
1.403934356477753863e+04 1.860771100485835063e+02 1.344839383929748919e+02 1.016285056984394828e+02 8.753522615716462951e+01
1.403965999701630426e+04 1.860590706329314514e+02 1.335311870899094515e+02 1.026282887922809977e+02 8.751594949893396347e+01
1.403996808319394950e+04 1.860603288998362927e+02 1.325909568756858334e+02 1.036246846395948040e+02 8.743990430599011177e+01
1.404028830465927422e+04 1.860915017267230098e+02 1.315927635782306311e+02 1.046222477073389427e+02 8.737691308226652609e+01
1.404060009300026104e+04 1.861367323701898329e+02 1.306236666116037668e+02 1.056204883344939276e+02 8.740626415884092637e+01
1.404091638073765716e+04 1.861939570269855153e+02 1.296526129256801028e+02 1.066196025263478191e+02 8.744106217321839836e+01
1.404123698339564544e+04 1.862730563394512160e+02 1.286857101370984537e+02 1.076195277031224578e+02 8.745245147172308009e+01
1.404156125274793885e+04 1.863402151591614029e+02 1.277070045483217910e+02 1.086164955088958806e+02 8.751798752925314773e+01
1.404189479821199529e+04 1.863795087233352206e+02 1.266793168296299257e+02 1.096140933923875451e+02 8.758355517207411367e+01
1.404221449374689837e+04 1.863925671496828329e+02 1.256936015000412397e+02 1.106133171192704623e+02 8.757906960678967323e+01
1.404254448441384375e+04 1.863610521210614763e+02 1.246803945288268807e+02 1.116130898328934222e+02 8.757483840539022424e+01
1.404287373702783225e+04 1.862494374902541097e+02 1.236892200879251646e+02 1.126130675959823719e+02 8.758000691954532613e+01
1.404318752008260526e+04 1.860825928024332541e+02 1.227660516600488307e+02 1.136064472316291045e+02 8.748775769860601770e+01
1.404350900571045167e+04 1.858428121860696365e+02 1.218387740472009853e+02 1.145861870202924280e+02 8.729152786393471786e+01
1.404383520751944525e+04 1.855258062106623527e+02 1.209117917301163345e+02 1.155583045520753984e+02 8.705714506288497034e+01
1.404416781487622029e+04 1.851364459391306241e+02 1.199738589323944353e+02 1.164978281371375743e+02 8.672232696877891556e+01
1.404448780193412495e+04 1.847165309554988823e+02 1.190795350400537131e+02 1.174003842029584064e+02 8.629322721670989438e+01
1.404480842665010641e+04 1.842600456098517725e+02 1.181880214494234451e+02 1.183071001784979472e+02 8.587220960178008511e+01
1.404512795634319809e+04 1.837800425304595535e+02 1.173083647508763505e+02 1.192155101332402012e+02 8.545425195525429274e+01
1.404543349583150120e+04 1.833321056866253969e+02 1.164803277893381193e+02 1.200876849332919534e+02 8.496763294422670754e+01
1.404574653836483776e+04 1.829267866850028383e+02 1.156364647479527576e+02 1.209486202325421118e+02 8.445897851471646334e+01
1.404606672951519067e+04 1.825364074365342049e+02 1.147947588960525138e+02 1.218233840865103303e+02 8.397469269146756687e+01
1.404640212614176380e+04 1.821204159058245580e+02 1.139491316915190851e+02 1.226998718737630298e+02 8.349330233295791004e+01
1.404675422528902163e+04 1.816838653255234419e+02 1.130884136020142279e+02 1.235748585447608718e+02 8.300915576533452622e+01
1.404711681804363252e+04 1.812812413911107114e+02 1.121880388789181069e+02 1.244817144375577413e+02 8.259088189899948418e+01
1.404747196796886237e+04 1.809496341637840544e+02 1.112842900905977075e+02 1.254118144738586409e+02 8.222384146981974595e+01
1.404781810778516956e+04 1.806829314293557900e+02 1.103939012560695687e+02 1.263368098884949404e+02 8.184422691228837721e+01
1.404819087383830629e+04 1.804756610975735782e+02 1.093741098290665974e+02 1.272795175519078583e+02 8.151369105275290394e+01
1.404853507009479472e+04 1.804002280118783403e+02 1.083578265636705282e+02 1.282593910500260677e+02 8.133353686925850923e+01
1.404885921906631847e+04 1.804020114238798840e+02 1.073508987102036940e+02 1.292516531412341863e+02 8.120939015300463382e+01
1.404918768223398547e+04 1.804323705987616222e+02 1.063151514695911146e+02 1.302477630326506528e+02 8.112646911020736695e+01
1.404951129833293635e+04 1.804751347333689466e+02 1.052954588918497905e+02 1.312465641531802873e+02 8.113386516511104674e+01
1.404983895714448772e+04 1.805419608933978566e+02 1.042666096746315247e+02 1.322458215918621249e+02 8.117235441766923998e+01
1.405016289224585307e+04 1.805895222972912961e+02 1.032726105986874927e+02 1.332455580950094145e+02 8.119158767810809252e+01
1.405049760566284385e+04 1.805846083335392507e+02 1.022628496024514959e+02 1.342451764754577823e+02 8.121715632561853226e+01
1.405083001242937644e+04 1.805636113456598082e+02 1.012812148319361825e+02 1.352448889836585693e+02 8.124013445800548539e+01
1.405114904521447897e+04 1.805806671507585861e+02 1.003577895410745668e+02 1.362403237677018808e+02 8.116791562440022290e+01
1.405147843612749966e+04 1.806685173650453180e+02 9.938549781151048990e+01 1.372372421716362965e+02 8.109516070570597890e+01
1.405180585181489187e+04 1.808034851114646528e+02 9.841156176186407833e+01 1.382350176590945239e+02 8.112760715328749939e+01
1.405213062875637297e+04 1.809976313615614174e+02 9.745144138160824809e+01 1.392317448667254212e+02 8.120824335776504199e+01
1.405243514463149950e+04 1.812533252517620213e+02 9.655867934210778003e+01 1.402253502402553238e+02 8.131963117402611374e+01
1.405275433725785842e+04 1.816205413702220710e+02 9.561694119165167649e+01 1.412136048052100534e+02 8.147124650522955847e+01
1.405306487967368230e+04 1.820440610146906693e+02 9.470438323259634217e+01 1.421800930904388736e+02 8.172097372633389512e+01
1.405335567878222355e+04 1.824865942574670612e+02 9.385575769393294365e+01 1.431282624003681860e+02 8.203810712072274214e+01
1.405364578556828383e+04 1.829583189419072653e+02 9.301600715903933292e+01 1.440577886389870059e+02 8.240584412215089571e+01
1.405394329767830095e+04 1.834384885358954591e+02 9.216086381645865799e+01 1.449613984738869306e+02 8.283304882933589397e+01
1.405425045511404096e+04 1.839265358271277364e+02 9.128726454170393367e+01 1.458563014795252286e+02 8.327930946794411682e+01
1.405454604526346338e+04 1.843899041722819163e+02 9.045622663890854653e+01 1.467619416342828913e+02 8.370302298333842828e+01
1.405485097643329027e+04 1.848918633533232025e+02 8.961554268871240936e+01 1.476600094420574010e+02 8.414244601295571613e+01
1.405516366945022492e+04 1.854103873357911993e+02 8.878713665615381956e+01 1.485318744103960000e+02 8.463133850075885789e+01
1.405549356941659971e+04 1.859365460572084885e+02 8.794676541069836162e+01 1.494055308855296573e+02 8.511764024264063266e+01
1.405583196266368213e+04 1.864392465680587065e+02 8.709463037931087115e+01 1.502907459472946528e+02 8.558272890353664764e+01
1.405618490013972587e+04 1.869061205121070088e+02 8.617047013024324542e+01 1.511587454371091326e+02 8.607850588882114096e+01
1.405654562553946380e+04 1.873031245599117653e+02 8.518758864726905244e+01 1.520324578879800015e+02 8.656452341764854452e+01
1.405689078896611682e+04 1.876059253141914098e+02 8.423910621552526834e+01 1.529484683346535974e+02 8.696163028374046178e+01
1.405724559105405751e+04 1.878398616077654424e+02 8.323167495648405634e+01 1.538942180631025849e+02 8.728535389072536077e+01
1.405760483159337855e+04 1.879814760148863684e+02 8.217507293194729812e+01 1.548651535359898901e+02 8.751942570326407633e+01
1.405794709638051245e+04 1.880371360535998235e+02 8.118023078766258038e+01 1.558570065606871822e+02 8.763176482873609530e+01
1.405829839707629435e+04 1.880304354097285966e+02 8.017183627494688380e+01 1.568561355682442695e+02 8.766315428082005212e+01
1.405865307169487460e+04 1.879606505020516352e+02 7.917547476712582011e+01 1.578559720243891604e+02 8.765338353558477991e+01
1.405900330393191143e+04 1.878697509347549897e+02 7.821665882597201858e+01 1.588498482852329516e+02 8.755564911394310457e+01
1.405935635071389697e+04 1.877897442794579490e+02 7.722846974092111338e+01 1.598411867004058422e+02 8.742431711311239440e+01
1.405969472587313066e+04 1.877190822390561777e+02 7.624704927408350841e+01 1.608354282693354662e+02 8.731848512663357553e+01
1.406002565729219168e+04 1.876543231401320782e+02 7.526835505121320580e+01 1.618300756169005297e+02 8.721530669613021303e+01
1.406033873199133814e+04 1.876010239530229740e+02 7.432759356834647235e+01 1.628229126435290084e+02 8.709611278138969226e+01
1.406065811862157352e+04 1.875581578991475453e+02 7.333939746990569120e+01 1.638175154734158241e+02 8.699337335925766013e+01
1.406097521729782238e+04 1.875291560707287033e+02 7.235424526775581455e+01 1.648146263277033654e+02 8.691837660995658155e+01
1.406128055706552550e+04 1.875203936740041968e+02 7.140754217091094347e+01 1.658101865698709503e+02 8.682577265282277779e+01
1.406158568674864182e+04 1.875285903077782166e+02 7.044707402781590133e+01 1.668070988908973789e+02 8.674933597120310935e+01
1.406188888989366569e+04 1.875236690279129164e+02 6.948727104019737055e+01 1.678064264348508061e+02 8.672220461541422765e+01
1.406218849946844239e+04 1.875086202074932373e+02 6.854757102537450919e+01 1.688059045052156080e+02 8.669237949995554970e+01
1.406247198811435373e+04 1.875026441356044415e+02 6.766901955244996714e+01 1.698037801358018726e+02 8.662934714867755304e+01
1.406275933506799993e+04 1.875102335552372779e+02 6.677026481646576883e+01 1.708027866961616041e+02 8.659160221782187250e+01
1.406305042899021100e+04 1.875334632929147460e+02 6.585749708097044675e+01 1.718023878342630439e+02 8.660624900320948427e+01
1.406335020096555127e+04 1.875821741633416764e+02 6.492110139680610814e+01 1.728021001128757916e+02 8.662980557990358932e+01
1.406364879666210072e+04 1.876501061329422839e+02 6.400218175760974759e+01 1.738020033198529291e+02 8.664279676778062367e+01
1.406396485134375871e+04 1.877267306314604696e+02 6.303015635268570804e+01 1.748016026486250780e+02 8.666897238313660523e+01
1.406428918669446648e+04 1.878006091806603308e+02 6.204296247117659391e+01 1.758001702116646356e+02 8.672103671001286784e+01
1.406461705434913711e+04 1.878861883193397659e+02 6.105862953052900366e+01 1.767996060428395992e+02 8.674469129997378047e+01
1.406496124404658440e+04 1.879989912528420462e+02 6.003798840831849049e+01 1.777994758649622895e+02 8.676010035625314742e+01
1.406531697070117843e+04 1.881078935933882121e+02 5.899582761861052660e+01 1.787979424037616241e+02 8.681121831023489221e+01
1.406568676029473318e+04 1.881870447435621827e+02 5.791937420067807807e+01 1.797973141481267305e+02 8.683042679071495229e+01
1.406605702523363107e+04 1.882310123268235316e+02 5.684520467675594801e+01 1.807973141410843425e+02 8.683031294346434947e+01
1.406642061776157971e+04 1.882487175034243023e+02 5.579852672122618173e+01 1.817962155268274103e+02 8.686961586051531015e+01
1.406679363398739770e+04 1.881979388307705960e+02 5.480540848353870587e+01 1.827953825235682928e+02 8.686309374900250191e+01
1.406716809274036132e+04 1.879178022575883347e+02 5.402768263189673803e+01 1.837915044432881189e+02 8.678111891673474076e+01
1.406757648499065363e+04 1.873241879017654696e+02 5.344993669639463008e+01 1.847555112426332187e+02 8.653311306629097999e+01
1.406801541325018661e+04 1.865261089872184925e+02 5.298868468514457675e+01 1.855072705027766062e+02 8.591174391064559757e+01
1.406845878209901639e+04 1.856222494456028471e+02 5.267935654424297098e+01 1.860307224389953262e+02 8.506677558662870808e+01
1.406889463539009921e+04 1.846379105060688346e+02 5.255315577784026715e+01 1.864282731666027928e+02 8.415040453526931685e+01
1.406931668816864658e+04 1.836539955415166503e+02 5.249503413917329198e+01 1.865626400694240203e+02 8.316828789143073664e+01
1.406973511406136822e+04 1.826613185520647846e+02 5.247383361145261205e+01 1.865552176622602758e+02 8.216906387202574535e+01
1.407013560321534169e+04 1.816642239183606193e+02 5.253984531963338611e+01 1.865088851774910665e+02 8.117018540789598546e+01
1.407052188768347878e+04 1.806988802409790651e+02 5.267561438408611707e+01 1.863712740872868494e+02 8.018075401295892846e+01
1.407092272470555508e+04 1.797023255072016070e+02 5.285929256699041900e+01 1.862083874149909093e+02 7.919410946937996698e+01
1.407132922610168134e+04 1.786791062049734364e+02 5.303119103680249680e+01 1.860492563946693565e+02 7.820685444199567371e+01
1.407172889138244136e+04 1.776658527122960152e+02 5.311643422344407384e+01 1.858629015514375737e+02 7.722448885463987267e+01
1.407213815288605474e+04 1.766409865046594234e+02 5.318227371380557855e+01 1.857394118625106216e+02 7.623285534479289538e+01
1.407253699726142077e+04 1.756642613015879704e+02 5.327622178501938777e+01 1.856865871468012017e+02 7.523460685328896602e+01
1.407292817762656159e+04 1.747124367152491971e+02 5.331722447316701619e+01 1.855702879733007933e+02 7.424220064661881224e+01
1.407331499118111606e+04 1.737285461561016291e+02 5.329860729150930609e+01 1.854760651925296031e+02 7.324689616738173470e+01
1.407366626522741717e+04 1.727684171131516848e+02 5.324213669992266063e+01 1.855044704560015418e+02 7.224890455971483050e+01
1.407398699049104653e+04 1.718648458984181957e+02 5.314073444395953771e+01 1.855539895421372591e+02 7.125013907233002897e+01
1.407427939306696680e+04 1.710226888314982432e+02 5.301239586026797923e+01 1.855692689441752918e+02 7.025038964683898257e+01
1.407457093719493423e+04 1.701461844643695827e+02 5.286033509905754357e+01 1.856267404846696820e+02 6.925237082998887672e+01
1.407485611896844421e+04 1.692715081401289865e+02 5.270308766758799379e+01 1.857436887862855315e+02 6.825951346813715759e+01
1.407513772790233634e+04 1.684065508386861154e+02 5.253806422355757633e+01 1.858598354869243394e+02 6.726630230090211171e+01
1.407540551703558958e+04 1.675823709831343535e+02 5.238409276040085416e+01 1.859547567782211388e+02 6.627085940109205353e+01
1.407567579509428833e+04 1.667435155978906778e+02 5.223616377235970987e+01 1.860620008750694296e+02 6.527666369763525722e+01
1.407594535381519563e+04 1.659096358341141126e+02 5.208743829568153672e+01 1.861931442813098556e+02 6.428535025339743925e+01
1.407621751596441572e+04 1.650823148586285356e+02 5.193054620468078042e+01 1.862977638356027796e+02 6.329096639218145270e+01
1.407649737276474480e+04 1.642514364284581916e+02 5.178555852808406001e+01 1.863750110506289843e+02 6.229400247727532758e+01
1.407678975978575545e+04 1.633971316922625761e+02 5.169379925007999077e+01 1.864746995003879988e+02 6.129907983662042881e+01
1.407707746409415813e+04 1.625639807459504880e+02 5.167043015134026973e+01 1.866122123955099141e+02 6.030870355547884287e+01
1.407736570258713800e+04 1.617246708930257455e+02 5.167469057028962709e+01 1.867039898893936822e+02 5.931329240041624473e+01
1.407765191107649844e+04 1.608796527544643595e+02 5.171095704999729747e+01 1.866801293601116640e+02 5.831486746865217441e+01
1.407795366462124730e+04 1.599870996331195556e+02 5.178536140845804425e+01 1.865984164881558058e+02 5.731834377217663956e+01
1.407825754934474207e+04 1.591081514781633359e+02 5.185403266487725915e+01 1.865082550924809368e+02 5.632241662532214832e+01
1.407855778615971030e+04 1.582444410380670661e+02 5.188617366980147239e+01 1.863920477350662566e+02 5.532927614945906214e+01
1.407887386610148860e+04 1.573049825914650057e+02 5.188871131634258660e+01 1.862360240765734716e+02 5.434166354190313797e+01
1.407921690000274612e+04 1.562690778156888882e+02 5.184838857053027539e+01 1.861321555293369272e+02 5.334752303325431200e+01
1.407955454465430012e+04 1.552714738355527118e+02 5.174969878688430214e+01 1.860661913939988494e+02 5.234976708472043327e+01
1.407988431910750114e+04 1.543074872710186014e+02 5.160019411011734292e+01 1.860274137029080350e+02 5.135057553939248720e+01
1.408023836427746028e+04 1.532551065394597742e+02 5.142471253557550881e+01 1.860662969524542518e+02 5.035196180518753550e+01
1.408058614175026560e+04 1.522169148197888546e+02 5.128415109789474258e+01 1.861399422105578481e+02 4.935471367699504697e+01
1.408092095843505194e+04 1.512253390060778884e+02 5.120465824620873008e+01 1.861810090136011127e+02 4.835571861376102731e+01
1.408126012026937678e+04 1.502180170431678619e+02 5.117671288241712801e+01 1.861970034996326433e+02 4.735587826270997169e+01
1.408159305930393202e+04 1.492267295359532966e+02 5.116950393171792655e+01 1.861829856170471373e+02 4.635605777605812250e+01
1.408192192323928612e+04 1.482360025041045049e+02 5.116050877125820762e+01 1.861105705120449727e+02 4.535900763830154148e+01
1.408224275709397261e+04 1.472529886401965484e+02 5.113769493715777514e+01 1.860293177931806383e+02 4.436231559528881263e+01
1.408257589790013117e+04 1.462374998366081513e+02 5.109752127569638702e+01 1.859981315303925271e+02 4.336308800346880332e+01
1.408290780292140880e+04 1.452616239574510644e+02 5.104457316628595009e+01 1.859845379587101490e+02 4.236318464893486180e+01
1.408323003683721072e+04 1.443349596125578387e+02 5.098325010592338202e+01 1.859911898783808795e+02 4.136324845379481019e+01
1.408356944981816923e+04 1.433446331641550557e+02 5.095653109807038561e+01 1.859959909567204477e+02 4.036326458197383005e+01
1.408389210767056647e+04 1.423929709489403876e+02 5.098694823151203792e+01 1.859378084035972734e+02 3.936539464586335413e+01
1.408420334964052745e+04 1.414719468440750063e+02 5.104673110525596513e+01 1.858558218398226813e+02 3.836877205368806898e+01
1.408451622642655639e+04 1.405470907920277455e+02 5.112161024782365359e+01 1.857530781577369225e+02 3.737410407257637956e+01
1.408483773458342694e+04 1.395967258296223292e+02 5.116402622344107698e+01 1.856690654945050767e+02 3.637770043098988992e+01
1.408515487095175740e+04 1.386507424045209405e+02 5.115071936439576916e+01 1.855885702548013398e+02 3.538094578414079194e+01
1.408545843656542820e+04 1.377373469806259152e+02 5.108542448385042434e+01 1.855071253903520869e+02 3.438426797081983466e+01
1.408577368018950438e+04 1.367935086787541650e+02 5.098153773756585849e+01 1.854781256755383652e+02 3.338500482030289618e+01
1.408608221876785137e+04 1.358842958963876981e+02 5.087614456987199674e+01 1.855280429124493082e+02 3.238675867053071045e+01
1.408638590504509375e+04 1.349901904840322402e+02 5.077032296848300774e+01 1.855933146180784945e+02 3.138889114790836743e+01
1.408669307614305217e+04 1.340888817236597674e+02 5.066450548181992275e+01 1.856460588075485134e+02 3.039030097229042937e+01
1.408702027183864266e+04 1.331460675446824951e+02 5.057028461298024524e+01 1.857329943436116650e+02 2.939424226559362197e+01
1.408735092701663598e+04 1.322309094633400548e+02 5.050361746488469805e+01 1.858183381156312635e+02 2.839790182082309400e+01
1.408769051822417896e+04 1.313385712386096884e+02 5.051696151870761753e+01 1.858521440441224115e+02 2.739874561521527951e+01
1.408807568929813897e+04 1.303825004636691176e+02 5.071584219118627601e+01 1.858491446079629270e+02 2.639882431932684170e+01
1.408847509967827682e+04 1.294974136346748139e+02 5.114962534720068277e+01 1.857045870189094217e+02 2.541142333602759251e+01
1.408887251044807817e+04 1.288306918370554399e+02 5.179465156178765994e+01 1.852877272117790426e+02 2.450968983923887023e+01
1.408929854910442191e+04 1.284205101535477240e+02 5.267828515794699484e+01 1.846603439087520542e+02 2.373570772583005706e+01
1.408973675746791560e+04 1.282276183487888659e+02 5.371894579743085529e+01 1.838224273203585142e+02 2.320353618613190605e+01
1.409014814482330439e+04 1.281714120118512312e+02 5.477289668317656179e+01 1.828556292116209079e+02 2.297059869461219606e+01
1.409054127070413233e+04 1.282279974790832284e+02 5.585435526540497619e+01 1.818623543050112801e+02 2.285935650709370748e+01
1.409089767765376564e+04 1.283175258969367292e+02 5.689195320934070565e+01 1.808631323162312867e+02 2.286415100874424411e+01
1.409122719387454526e+04 1.283509949422695229e+02 5.788858067311112165e+01 1.798688904356974945e+02 2.296681298740345412e+01
1.409155845971460622e+04 1.283492008585817530e+02 5.889771150754951634e+01 1.788720608962375138e+02 2.304528847396459312e+01
1.409188470205291014e+04 1.283733884176034792e+02 5.985955896848398794e+01 1.778731188606599005e+02 2.309002782144456134e+01
1.409221448480050276e+04 1.284118023406592215e+02 6.080826403694356941e+01 1.768755422122541461e+02 2.315883876728078050e+01
1.409254562117093519e+04 1.284481184998302297e+02 6.177788445190724076e+01 1.758792236229644459e+02 2.324443293056950566e+01
1.409288386747645927e+04 1.284713268225798117e+02 6.280011602245087943e+01 1.748826871881222189e+02 2.332757585620588969e+01
1.409321315664201029e+04 1.284585708253741814e+02 6.380803096460350332e+01 1.738895173144786952e+02 2.344360102316802852e+01
1.409353014159664235e+04 1.283956431234651063e+02 6.477458911312852763e+01 1.728946712896401721e+02 2.354474742576031332e+01
1.409385663570878387e+04 1.283320319817814266e+02 6.576338704809197111e+01 1.718953328799268547e+02 2.356918472566094636e+01
1.409417866189701817e+04 1.283137717831542375e+02 6.672274389225897551e+01 1.708954308871877004e+02 2.358318272276392236e+01
1.409450206226065711e+04 1.282959461602991666e+02 6.766738848849662702e+01 1.698960131337946677e+02 2.361656681007114500e+01
1.409483743054988554e+04 1.282548567056856541e+02 6.863363113674043348e+01 1.688961671379078098e+02 2.360887983787496935e+01
1.409517526107845515e+04 1.282027056853246734e+02 6.959412479822285036e+01 1.678968225133037606e+02 2.357355340677490219e+01
1.409551386703917342e+04 1.281488197937040354e+02 7.053707802247225800e+01 1.668970681321057157e+02 2.358614124130905765e+01
1.409585256234320514e+04 1.281212468656622150e+02 7.145159166893240865e+01 1.658972951208435234e+02 2.356920795184272066e+01
1.409619839207810946e+04 1.281496084395726882e+02 7.238540495347189108e+01 1.649007756645242750e+02 2.348850358124599680e+01
1.409654108943421670e+04 1.281964756050005008e+02 7.332621728174470377e+01 1.639012230796171821e+02 2.348464277203940753e+01
1.409687197586251932e+04 1.282061171115274760e+02 7.424249978782852111e+01 1.629023083876685405e+02 2.352930464248029452e+01
1.409720872279360992e+04 1.281912366097496090e+02 7.517621819876285372e+01 1.619027192181054886e+02 2.351213084855525892e+01
1.409755453772574765e+04 1.281809019095007613e+02 7.612444029319884464e+01 1.609027708883315313e+02 2.351518199477675353e+01
1.409791208523373462e+04 1.281686121552216377e+02 7.708907717616074251e+01 1.599037417816598463e+02 2.355750954940431541e+01
1.409828198574989437e+04 1.281691284984061951e+02 7.805261371629420353e+01 1.589043458821932404e+02 2.353254854510766947e+01
1.409865876094910163e+04 1.281856674483846348e+02 7.899086090137632254e+01 1.579044076759683435e+02 2.352594567494392663e+01
1.409906128965597964e+04 1.281867939931750300e+02 7.991352566045799222e+01 1.569059839659916520e+02 2.357885552648083305e+01
1.409952516600718445e+04 1.282219572220544421e+02 8.083513217498072834e+01 1.559064250936682754e+02 2.356269050819088307e+01
1.410003298259403891e+04 1.283317521735106368e+02 8.170463547701501739e+01 1.549071698117477354e+02 2.359629342679774311e+01
1.410059535895886074e+04 1.286360218835998239e+02 8.243729623782569149e+01 1.539261900369747593e+02 2.378480539019812667e+01
1.410127362989688118e+04 1.294113229639491749e+02 8.294670675545825134e+01 1.530636786258477571e+02 2.428135687114120955e+01
1.410187292151046677e+04 1.303986832256991306e+02 8.314277637784998376e+01 1.526881738389200791e+02 2.520134186856341785e+01
1.410234316771591693e+04 1.313784295763872763e+02 8.322433348701832756e+01 1.525425293238794495e+02 2.619067549052288157e+01
1.410276983269053380e+04 1.324136728517539154e+02 8.328781935290177785e+01 1.524264778742026749e+02 2.718387088692140097e+01
1.410316141672870253e+04 1.333922884773072610e+02 8.335462401660655019e+01 1.524105488115658034e+02 2.818373470341855480e+01
1.410353150326037940e+04 1.343626706575387004e+02 8.340578959382195023e+01 1.523521063152740851e+02 2.918201174135763054e+01
1.410388811037094456e+04 1.353745206593537205e+02 8.343086496538350616e+01 1.522504518944604683e+02 3.017677885787101744e+01
1.410422447132721027e+04 1.363707316701491550e+02 8.344288329406842308e+01 1.522353720009969891e+02 3.117665479067594703e+01
1.410455182220722963e+04 1.373736254743284064e+02 8.345840243705744399e+01 1.522557461117326341e+02 3.217643501500862158e+01
1.410487795963936151e+04 1.383811668523671017e+02 8.346027124538370856e+01 1.522374665438175043e+02 3.317626408643972979e+01
1.410518489302584385e+04 1.393029585761563851e+02 8.345945368035090439e+01 1.522421324423911813e+02 3.417620799967659195e+01
1.410549159950944886e+04 1.402103321907823386e+02 8.347907029720647643e+01 1.523186397138659345e+02 3.517325775216899331e+01
1.410580262863198186e+04 1.411310506791388093e+02 8.347730691493792676e+01 1.523487400897369071e+02 3.617280444687898466e+01
1.410611940941107241e+04 1.420789044713394276e+02 8.343949703441909094e+01 1.523850745490401835e+02 3.717205748570251700e+01
1.410643369075576447e+04 1.430493904075215994e+02 8.337767343806673637e+01 1.525094152672502332e+02 3.816429534275223290e+01
1.410675431093623229e+04 1.440778407791540872e+02 8.331874515570848416e+01 1.526199134909195152e+02 3.915811311990684374e+01
1.410707518547777545e+04 1.451193416345518585e+02 8.330617255695094059e+01 1.526605040804307691e+02 4.015728530576802768e+01
1.410737432443635043e+04 1.460810361158023341e+02 8.334154123025112426e+01 1.527189401269764062e+02 4.115557357352419388e+01
1.410767107324331300e+04 1.470348282803089432e+02 8.341344904984698871e+01 1.527902666195542167e+02 4.215292387117201400e+01
1.410796994696790534e+04 1.479928116026955820e+02 8.350290633332809875e+01 1.527701461400965286e+02 4.315269412839548835e+01
1.410827251807722496e+04 1.489659108389566029e+02 8.360346758148732249e+01 1.527070466430132001e+02 4.415065686776078024e+01
1.410857210799083441e+04 1.499228836517980312e+02 8.369039060548102782e+01 1.527015999451924699e+02 4.515062821921813452e+01
1.410888019638298647e+04 1.509096507576497004e+02 8.373981476108114919e+01 1.527264026216171544e+02 4.615030681271474577e+01
1.410919851702026972e+04 1.519334843518630294e+02 8.374149717653232017e+01 1.527201269599884768e+02 4.715028712052903614e+01
1.410950202787496164e+04 1.528901489415197830e+02 8.371937134084755883e+01 1.527140505496531659e+02 4.815026764205704524e+01
1.410980475545791160e+04 1.538203550837018554e+02 8.375960241417057262e+01 1.527145758959590864e+02 4.915021328784300181e+01
1.411011343681214385e+04 1.547620325473691310e+02 8.384998533283183519e+01 1.526527815407776245e+02 5.014827756021812633e+01
1.411041909275923535e+04 1.556856720104677265e+02 8.395794836831275632e+01 1.525516029767302371e+02 5.114313649995191469e+01
1.411071659544794966e+04 1.565381899708102935e+02 8.406863663339346715e+01 1.524769110541132022e+02 5.214028824210561908e+01
1.411103631086853784e+04 1.574030845396602274e+02 8.419000898983391323e+01 1.524611476277697193e+02 5.314015185975879518e+01
1.411137852032303635e+04 1.583108422334402690e+02 8.426160874199622697e+01 1.524176959586255578e+02 5.413920709689895006e+01
1.411171572863489200e+04 1.591700397559316968e+02 8.425276268505790256e+01 1.523807143288334203e+02 5.513844817238945240e+01
1.411207184530308405e+04 1.599827346867506606e+02 8.415973711503254151e+01 1.524097233000373706e+02 5.613802100011935892e+01
1.411244205256344503e+04 1.607971476527697234e+02 8.399329002362300400e+01 1.524210158231944661e+02 5.713792358585472897e+01
1.411282926187467456e+04 1.616799340815000789e+02 8.381393179366429536e+01 1.524819483114830518e+02 5.813561541512333264e+01
1.411322285635590742e+04 1.625576461647125939e+02 8.355961766932691148e+01 1.527009069047797709e+02 5.911113649093894651e+01
1.411364683705668540e+04 1.633838360838873314e+02 8.311611153154312603e+01 1.530203646487302080e+02 6.005850801522407778e+01
1.411408967683979972e+04 1.641632324375685243e+02 8.255212498111885111e+01 1.534421000242475941e+02 6.096431218311766997e+01
1.411453126142823203e+04 1.649043502195739279e+02 8.201089599043092448e+01 1.540335419399947909e+02 6.177047528315986114e+01
1.411500501214558790e+04 1.656431179339998039e+02 8.139316387275508191e+01 1.546887105367214019e+02 6.252547079267630892e+01
1.411549719769321200e+04 1.663306458875222518e+02 8.079830438500893308e+01 1.554311576552447036e+02 6.319523841568547340e+01
1.411606509169382662e+04 1.670718958950785407e+02 8.045277760284820090e+01 1.561972975419311354e+02 6.383415550318765241e+01
1.411681785035405846e+04 1.678838652535620781e+02 8.021145501658075716e+01 1.567417976531600345e+02 6.467160686037651374e+01
1.411812404522317775e+04 1.684954447058123890e+02 8.029287227825096807e+01 1.570983194341053775e+02 6.559074662062963057e+01
1.411938778290551454e+04 1.694878745320686448e+02 8.063873246831570896e+01 1.568703632339047829e+02 6.656325580806102948e+01
1.412019472533619410e+04 1.702899625218829271e+02 8.079820959515413392e+01 1.565467063845724169e+02 6.750939184510374957e+01
1.412107377478711533e+04 1.710550732402657843e+02 8.078260159932918327e+01 1.563195591250123186e+02 6.846865373792239495e+01
1.412212207105336529e+04 1.716935246643888604e+02 8.092850486312451608e+01 1.563015083536911334e+02 6.943224985309255715e+01
1.412308406435157121e+04 1.722274611558864308e+02 8.200231249791345078e+01 1.556544887646379607e+02 7.013155569955900148e+01
1.412367110841747126e+04 1.726486109006832805e+02 8.298007857718569369e+01 1.547441827556425551e+02 7.054476841542047794e+01
1.412416526410032020e+04 1.730279120705949651e+02 8.389539326009546016e+01 1.538353378153297228e+02 7.096024272302028635e+01
1.412464830637902196e+04 1.734778083891851850e+02 8.483964137263781424e+01 1.529068495073655072e+02 7.133160369606470397e+01
1.412510695431306158e+04 1.739419981984689514e+02 8.574111782491465306e+01 1.520252090804044940e+02 7.178691988485668674e+01
1.412552933377267982e+04 1.743441132909402995e+02 8.655099344004028694e+01 1.512106347610333614e+02 7.236655884577449172e+01
1.412595064247070877e+04 1.747921560226518238e+02 8.730034852232940068e+01 1.503617721151009050e+02 7.289331487412026434e+01
1.412637496557065242e+04 1.752727157801751048e+02 8.798501955116192619e+01 1.495119328527243283e+02 7.341632723633094315e+01
1.412682709116517435e+04 1.757275744924832281e+02 8.863787926251768567e+01 1.487293262569294825e+02 7.403710643550955695e+01
1.412736211982907116e+04 1.763612897060532987e+02 8.920531278540575215e+01 1.479788873900487829e+02 7.469799560704596786e+01
1.412791008021755806e+04 1.772171934457742282e+02 8.947575389495892750e+01 1.473536788210843724e+02 7.545077960627197911e+01
1.412844612129382949e+04 1.781398710484882599e+02 8.934672147901432027e+01 1.470942463025631639e+02 7.639600682204638815e+01
1.412898627004171249e+04 1.790301730777029832e+02 8.887227612927540576e+01 1.472348231801293252e+02 7.736530736573587319e+01
1.412949959801393561e+04 1.797311644682032465e+02 8.826520989923835714e+01 1.477424806476574588e+02 7.820737589492659936e+01
1.413001816619206693e+04 1.801110804357836059e+02 8.753607758938902350e+01 1.484718160347023286e+02 7.888732350218718636e+01
1.413057642635142292e+04 1.801846301329131279e+02 8.678163091858944256e+01 1.493468410951789735e+02 7.930344870733941320e+01
1.413178570879007020e+04 1.806506303914155751e+02 8.640316765317739112e+01 1.502329240471215996e+02 7.968412026252707392e+01
1.413994970882826783e+04 1.811884312375177899e+02 8.647183445071421204e+01 1.503885490798887190e+02 8.051594946995827229e+01
1.422852577802263113e+04 1.803865562204705100e+02 8.697309784743195848e+01 1.499340885307314863e+02 8.018595487194134819e+01
1.423204275340969798e+04 1.807842626760224221e+02 8.788034115773261590e+01 1.489916508334065952e+02 8.014590006634018948e+01
1.423284516629184691e+04 1.818329618139351567e+02 8.822311615449038413e+01 1.484671802266682619e+02 8.098918316313709909e+01
1.423357057854771847e+04 1.824935427087649487e+02 8.826123746087556299e+01 1.482267892873329060e+02 8.195932552228747170e+01
1.423458647567551452e+04 1.835880301348676369e+02 8.822087490244777541e+01 1.479989716920703415e+02 8.290237496832445174e+01
1.423546797934130336e+04 1.847247646713655627e+02 8.743881462173895613e+01 1.484071034544955978e+02 8.381077304637696557e+01
1.423613126124730843e+04 1.853874817450689250e+02 8.668579875278491897e+01 1.490396545401000026e+02 8.457803735675898338e+01
1.423675821235474177e+04 1.860383632393904634e+02 8.587433631749308915e+01 1.498539170154052727e+02 8.515796083741939526e+01
1.423727896553260507e+04 1.866599177606548210e+02 8.515513935681588009e+01 1.506832996600782337e+02 8.571227327531747164e+01
1.423771995434249766e+04 1.871476349194461193e+02 8.450565086002308135e+01 1.514292214145944229e+02 8.637675337671612397e+01
1.423821446666762495e+04 1.875789451020117156e+02 8.396504026509524010e+01 1.522410243543978368e+02 8.696067244614496872e+01
1.423904045105603291e+04 1.878602097355058049e+02 8.351934991347056325e+01 1.530761772597551840e+02 8.750385814820762675e+01
1.424071009962282369e+04 1.878278456396058971e+02 8.305570200528322289e+01 1.540189475654400724e+02 8.781297633462622798e+01
1.424333647442379151e+04 1.874998748258039711e+02 8.238403477790865281e+01 1.550167578337783993e+02 8.787160089412739694e+01
1.424846788469767853e+04 1.873218667016551819e+02 8.167038560582741979e+01 1.560166371655848252e+02 8.786525794031548742e+01
1.424990418033637980e+04 1.871850031515808723e+02 8.011144158902992274e+01 1.570161408442176025e+02 8.784655790730060687e+01
1.425043332630875921e+04 1.870543732516530326e+02 7.894601924120374292e+01 1.580157324893954467e+02 8.786124635119784898e+01
1.425093830608253484e+04 1.870132431527457300e+02 7.786713079474924371e+01 1.590139162861216278e+02 8.781199871947487168e+01
1.425141199496704212e+04 1.870617191078372059e+02 7.684746476952955163e+01 1.600084348799921941e+02 8.774038794112566109e+01
1.425184797662229357e+04 1.870579340610769918e+02 7.587385253787788031e+01 1.610065417363585993e+02 8.778764072085466807e+01
1.425226352417137605e+04 1.870665476226164969e+02 7.492560183239159244e+01 1.620060855027761875e+02 8.775837621423471546e+01
1.425269371346537991e+04 1.871063635779179322e+02 7.400881918359080203e+01 1.630038577401441557e+02 8.775139775706796286e+01
1.425312408798036813e+04 1.871184713394068808e+02 7.312650179746638912e+01 1.639987209962700945e+02 8.783756994304530963e+01
1.425356979301035426e+04 1.871729263954954092e+02 7.220096227120670562e+01 1.649986688590824144e+02 8.782975445809930193e+01
1.425403209740345301e+04 1.872281883350760552e+02 7.127596362139804853e+01 1.659975725497988321e+02 8.785532474446019080e+01
1.425448963980185545e+04 1.872209313332083411e+02 7.039329123121306964e+01 1.669937117247614822e+02 8.792154850018884815e+01
1.425495320544427341e+04 1.871972494036881756e+02 6.950684547116958356e+01 1.679906551949552238e+02 8.785759496297491467e+01
1.425543768179171457e+04 1.872232922274874909e+02 6.862060925373691589e+01 1.689823907051168135e+02 8.774537032514076884e+01
1.425592553869981566e+04 1.872878595163644206e+02 6.778756727227940360e+01 1.699818655460841512e+02 8.776207938430056288e+01
1.425643334320703434e+04 1.874544140229811262e+02 6.693872999105708743e+01 1.709800896553429084e+02 8.781191105481677539e+01
1.425694086225675892e+04 1.877591545707365412e+02 6.608793982362458053e+01 1.719742824231031193e+02 8.785539404221336213e+01
1.425742761832350334e+04 1.879713772062065118e+02 6.523338840607208056e+01 1.729501464927752181e+02 8.807362347776316369e+01
1.425797309239646165e+04 1.880330342544334314e+02 6.443997593533502766e+01 1.739336818876516304e+02 8.821794112913644881e+01
1.425872936001008020e+04 1.878316681612650996e+02 6.382957444653405332e+01 1.749271533006066193e+02 8.812702058073317346e+01
1.425988460020256571e+04 1.873730671422687806e+02 6.292689957485926300e+01 1.758597769037306477e+02 8.781567286328022703e+01
1.426072191351322181e+04 1.873635274390295251e+02 6.180398925169019009e+01 1.767193814209504410e+02 8.742321740600070257e+01
1.426135470816938687e+04 1.872755032501410710e+02 6.079335203941298715e+01 1.777161117977184688e+02 8.746967526001500914e+01
1.426197993755829884e+04 1.873042507825902590e+02 5.984314991137219408e+01 1.787132480767395464e+02 8.746552988363576731e+01
1.426265848837827616e+04 1.872693843375180904e+02 5.898039412657340819e+01 1.797088835617774407e+02 8.755168696666603978e+01
1.426350920191332625e+04 1.872829260870860253e+02 5.811407911972203522e+01 1.807047581036053998e+02 8.762184667366534541e+01
1.426444237247883575e+04 1.875327996071576706e+02 5.705474341900566770e+01 1.816775733478805819e+02 8.783667778716431940e+01
1.426508819794791452e+04 1.875282529642606448e+02 5.608868443376172763e+01 1.826397597388149165e+02 8.804689825925578361e+01
1.426565214059090795e+04 1.872623247473481172e+02 5.526760300911982426e+01 1.836318921194192910e+02 8.795862954091434460e+01
1.426625227646422172e+04 1.868404383020063051e+02 5.446671787204551407e+01 1.845881560697706902e+02 8.768205428558242431e+01
1.426686973030362424e+04 1.862895250108751952e+02 5.387103955766175289e+01 1.854871702055185381e+02 8.724764928626265714e+01
1.426769236912426095e+04 1.856018057294614607e+02 5.346921933053955200e+01 1.862702986170249346e+02 8.664714586906605120e+01
1.426892413589686112e+04 1.848531872521996036e+02 5.336337855348580206e+01 1.868089466839149395e+02 8.582164797497490838e+01
1.427595772373729960e+04 1.840698153721685912e+02 5.350192213707661182e+01 1.870514340097670356e+02 8.485900281760694952e+01
1.428114311515663030e+04 1.829934120175676071e+02 5.376324557221535372e+01 1.867571518152700207e+02 8.395945233251956097e+01
1.428197276987967962e+04 1.818759046475036314e+02 5.397734749615868566e+01 1.865898921562690305e+02 8.300917815536548972e+01
1.428268196445625108e+04 1.808894402110495037e+02 5.409698338803998041e+01 1.865779155028517096e+02 8.200935316075823778e+01
1.428346932009553711e+04 1.798686562916306286e+02 5.413497345834861108e+01 1.865499368170502805e+02 8.100975335932287180e+01
1.428424271933928503e+04 1.787873416662334307e+02 5.423247671102810585e+01 1.865483389396223401e+02 8.000996005959707702e+01
1.428503223813143086e+04 1.777561170855962587e+02 5.428418606840530458e+01 1.864964952475825442e+02 7.901226310699948385e+01
1.428582903048467233e+04 1.767685018675433923e+02 5.435576366994265385e+01 1.865359227328353597e+02 7.801614208277592866e+01
1.428659109263397295e+04 1.757709557632185238e+02 5.427865286047858717e+01 1.864402206761903926e+02 7.702704710846666103e+01
1.428723005946471130e+04 1.748321560323049937e+02 5.415510151482700252e+01 1.865682361272529590e+02 7.604829846705906959e+01
1.428785497072281760e+04 1.738863249675597160e+02 5.407125187039488878e+01 1.867047462266836533e+02 7.505865181905826944e+01
1.428859578311457881e+04 1.730634643935503902e+02 5.405624332137750798e+01 1.867391969088620272e+02 7.406016108054939195e+01
1.428961547272114331e+04 1.724184759325216305e+02 5.395038113778674926e+01 1.868657755017127897e+02 7.307022414512955777e+01
1.429933710311437608e+04 1.728449922544769208e+02 5.366013374497082822e+01 1.873152179580783354e+02 7.270082885982850485e+01
1.430425613960464216e+04 1.724296698827003240e+02 5.423559105159191063e+01 1.870747799695382412e+02 7.260068345530690692e+01
1.430569878373495703e+04 1.713333995323138197e+02 5.533713951272079612e+01 1.866051922817569277e+02 7.176805853625945986e+01
1.430625441560845502e+04 1.707574097543932510e+02 5.619752441400806475e+01 1.859683380348745345e+02 7.099916023554250444e+01
1.430671738658239519e+04 1.704848055329144643e+02 5.713168715770584072e+01 1.851469581925084924e+02 7.043127338625095035e+01
1.430718144069365553e+04 1.704199739333306240e+02 5.818071388529951093e+01 1.842305015251336897e+02 7.003265050590951546e+01
1.430761748829612043e+04 1.703786415140857002e+02 5.919565229203352885e+01 1.832434956796984693e+02 6.987821890376558542e+01
1.430802184716739430e+04 1.703446223765514276e+02 6.013796271333035293e+01 1.822442985738584014e+02 6.984113248885428504e+01
1.430842422513351812e+04 1.704238882328923239e+02 6.110086920806171662e+01 1.812488825661951068e+02 6.974584936989323580e+01
1.430881877107121727e+04 1.705331857657616013e+02 6.205458025746820283e+01 1.802492954228726205e+02 6.971866427526785515e+01
1.430923307680703147e+04 1.705850721893342552e+02 6.301389287125449812e+01 1.792512956859488895e+02 6.978101570677441146e+01
1.430967142334873461e+04 1.706856867602841135e+02 6.401945902366577457e+01 1.782517710890230944e+02 6.981160036386161494e+01
1.431009027055650404e+04 1.707820220914530864e+02 6.500781592500818817e+01 1.772539882481271150e+02 6.987802329091258002e+01
1.431052161932190575e+04 1.707708699011223814e+02 6.602904291582534313e+01 1.762587580068249054e+02 6.997552233707959601e+01
1.431096777756019583e+04 1.707345414310593412e+02 6.706816391554694690e+01 1.752588223890368795e+02 6.998132302111157799e+01
1.431139138626639215e+04 1.706789776889235384e+02 6.801550993821537361e+01 1.742588685294242055e+02 6.997181188983705624e+01
1.431184410519560879e+04 1.706606621858904589e+02 6.895393089048322111e+01 1.732590624784690192e+02 6.995213874836740331e+01
1.431234402212540044e+04 1.707138883533810088e+02 6.990047010173614694e+01 1.722602823940894723e+02 6.990282636706092489e+01
1.431293953868549215e+04 1.706996871230377906e+02 7.063155404251887148e+01 1.712664502071477841e+02 6.979206097288097510e+01
1.432340916343273420e+04 1.706493636656705917e+02 7.062961934613423409e+01 1.704348317196993605e+02 7.020697904148919122e+01
1.432812542258819485e+04 1.703731257090928466e+02 7.088462841119562086e+01 1.695907488474703939e+02 6.975825368927259262e+01
