# ts_seconds,x,y,gt_x,gt_y
6.063613132805321584e+03 1.681853859008994050e+02 6.811352544048730806e+01 1.681853859008994050e+02 6.811352544048730806e+01
6.070671493956876475e+03 1.681869156780467449e+02 6.951189584325035753e+01 1.671901607150688562e+02 6.801668538140998521e+01
6.071385641822048456e+03 1.680819747754646869e+02 7.062843821739126327e+01 1.661912524159414204e+02 6.806339725645398175e+01
6.071944679773494499e+03 1.680173501030935199e+02 7.163917282728014868e+01 1.651922101426250720e+02 6.810617309554851317e+01
6.072444301596499827e+03 1.680303939340752208e+02 7.260468935047202876e+01 1.641996624687585609e+02 6.822696018248731775e+01
6.072942061578331959e+03 1.679060522902322532e+02 7.357328522759145528e+01 1.631996740389319882e+02 6.822216252603877251e+01
6.073442558165544142e+03 1.678115347504749764e+02 7.453721409436755607e+01 1.621997071732627091e+02 6.821520084617374380e+01
6.073903663365550528e+03 1.677465624016997765e+02 7.541351978909695219e+01 1.612000213305178988e+02 6.823960588245722647e+01
6.074375386467489079e+03 1.675824275282421638e+02 7.627934535698578600e+01 1.602002003633541847e+02 6.822073840720199200e+01
6.074897472782980913e+03 1.674539812921628936e+02 7.716832295232713079e+01 1.592006446828315518e+02 6.819095029261389129e+01
6.075439135342739974e+03 1.673912094698741271e+02 7.799954685868951287e+01 1.582013534736681777e+02 6.815330917121315224e+01
6.076075541345068814e+03 1.673286704164282526e+02 7.865715830913904938e+01 1.572019490345518875e+02 6.812085937184943418e+01
6.077737232226080778e+03 1.671058370290249968e+02 7.926303722482307990e+01 1.562035398114365421e+02 6.816624521779269230e+01
6.079951711340084330e+03 1.666299951848414196e+02 8.011337865645816692e+01 1.552278201154525448e+02 6.796008992820729588e+01
6.080523741075575344e+03 1.661397466784943617e+02 8.072484807731366629e+01 1.543612826920625878e+02 6.746201527931192743e+01
6.081121495244216931e+03 1.653416248642036521e+02 8.116701094441053499e+01 1.535832457266240851e+02 6.683897583409448373e+01
6.081677924117379916e+03 1.643442374079114359e+02 8.144332303495623648e+01 1.530401948836021404e+02 6.600126684319707238e+01
6.082143229013733617e+03 1.634621899240833613e+02 8.163465871018493658e+01 1.526724507593662850e+02 6.507147686207215997e+01
6.082653754015827872e+03 1.625704568733813176e+02 8.190945305055844017e+01 1.523468698849478358e+02 6.412638375892534270e+01
6.083257485171254302e+03 1.617910139266810461e+02 8.219112217331789338e+01 1.519242576217192209e+02 6.322070914479334647e+01
6.083846219588985150e+03 1.609643961736356630e+02 8.226425274783331076e+01 1.514278963680597201e+02 6.235470021155683895e+01
6.084406648927492824e+03 1.599038064777612931e+02 8.241005659879488121e+01 1.511074601338822845e+02 6.140799695184774976e+01
6.084968392872825461e+03 1.589342573944238097e+02 8.270477768725523049e+01 1.508761271103055606e+02 6.043512763957124889e+01
6.085531414897885952e+03 1.579765825432701831e+02 8.280363459234408197e+01 1.506498822112602340e+02 5.946189973817902796e+01
6.086106020580006771e+03 1.569703508518078934e+02 8.270168111799017652e+01 1.505466470111964554e+02 5.846760014734494604e+01
6.086679016995236452e+03 1.559636828192811322e+02 8.272699746594598480e+01 1.505132519268167357e+02 5.746822350184144312e+01
6.087244100587840876e+03 1.549666611534863421e+02 8.289955668007216616e+01 1.504462086929493125e+02 5.647048701209976684e+01
6.087803257390423823e+03 1.539753393038790534e+02 8.308265167024903519e+01 1.503756566645933788e+02 5.547343926968457595e+01
6.088366702574088777e+03 1.529871100302926266e+02 8.312717715729792189e+01 1.503973882149797703e+02 5.447392366102230454e+01
6.088928812569608453e+03 1.519927162857463543e+02 8.301016771259173765e+01 1.504796810386043830e+02 5.347731555135015213e+01
6.089522919645796719e+03 1.509981163733993412e+02 8.277178127182071421e+01 1.505675392237999120e+02 5.248125620985585726e+01
6.090174623322954176e+03 1.499118794187910453e+02 8.246982296930137579e+01 1.506787905292866583e+02 5.148777276451412632e+01
6.090820712242629270e+03 1.488070863861172768e+02 8.230042264642047201e+01 1.507159312917110583e+02 5.048865913392369720e+01
6.091397860476414280e+03 1.478595978792367873e+02 8.219090389371866934e+01 1.507052643156039267e+02 4.948880155736492270e+01
6.091963016070124468e+03 1.469069124924141079e+02 8.204970061442374174e+01 1.507332634877372755e+02 4.848924716948224756e+01
6.092593580781142919e+03 1.458814516259034235e+02 8.187887095884705957e+01 1.507852645408866294e+02 4.749064267973514575e+01
6.093290401913876849e+03 1.448884908798928848e+02 8.171744722528751481e+01 1.508105148367625361e+02 4.649097990562784588e+01
6.093982967115119209e+03 1.439659933825013240e+02 8.156560382314893332e+01 1.508354833012234337e+02 4.549216358440334318e+01
6.094602434772559718e+03 1.431197046231303602e+02 8.142865753454127287e+01 1.509519925937568416e+02 4.450012488941971611e+01
6.095184467352843967e+03 1.422592654005666475e+02 8.137956464528193123e+01 1.509225424182112079e+02 4.350195042478775065e+01
6.095775572700232260e+03 1.413433689544202707e+02 8.138659656348134774e+01 1.507988567445999308e+02 4.251153364597929141e+01
6.096337995348257209e+03 1.404759162626325235e+02 8.144995928032990662e+01 1.508027100033880856e+02 4.151190188964611849e+01
6.096855004704760177e+03 1.396804227831985372e+02 8.150785027198377009e+01 1.507441914780033585e+02 4.051362510273899886e+01
6.097380180089944588e+03 1.388787990589570427e+02 8.146002150370453876e+01 1.507124922566395639e+02 3.951708923882325308e+01
6.097900457411768002e+03 1.381365380200375341e+02 8.137810696050381409e+01 1.508469214660454156e+02 3.852619031320397625e+01
6.098404661431689419e+03 1.374244520750154379e+02 8.136519803571688669e+01 1.509733918727044681e+02 3.753532151067679479e+01
6.098950672535417652e+03 1.366419878266326577e+02 8.144685901267274630e+01 1.509971212575592858e+02 3.653567421381332991e+01
6.099498664225757238e+03 1.358270882913480193e+02 8.149899863413716616e+01 1.510001850362306470e+02 3.553571342500119101e+01
6.100002780329285997e+03 1.350317465085475419e+02 8.147213656927851844e+01 1.510300706623528697e+02 3.453635936236201331e+01
6.100525033428565621e+03 1.342956974656591740e+02 8.142146381655186360e+01 1.511134989263507009e+02 3.354017197568075659e+01
6.101104614716215110e+03 1.335639704062138264e+02 8.140008035282657772e+01 1.512252473059294289e+02 3.254766321713314881e+01
6.101700534487198638e+03 1.327571133000621160e+02 8.139454609446700317e+01 1.512225229279622738e+02 3.154801079450689727e+01
6.102280770297554227e+03 1.319291947327892274e+02 8.134132906929812634e+01 1.511788571749424932e+02 3.054923175945245717e+01
6.102892797690065890e+03 1.310353883521588330e+02 8.133783342504537472e+01 1.511554593175571881e+02 2.955083741232580508e+01
6.103490026143321302e+03 1.301120078188909019e+02 8.147370201832292480e+01 1.510171615878837486e+02 2.856073829027470268e+01
6.104071762947856769e+03 1.292043285970613624e+02 8.151834506698983773e+01 1.508684738522984219e+02 2.757432951935165022e+01
6.104703540592979152e+03 1.282849196617649454e+02 8.137489469043312340e+01 1.508753678500011688e+02 2.657511807232457102e+01
6.105412669894492865e+03 1.274126258795582913e+02 8.113643468557442873e+01 1.509898955706622701e+02 2.558376820016265896e+01
6.106244168620030905e+03 1.267020543562374968e+02 8.065680835486860190e+01 1.512753283047086086e+02 2.463054784034099853e+01
6.107239331454597050e+03 1.262832364722381300e+02 7.970646653166942031e+01 1.518167356987792118e+02 2.381451926860151858e+01
6.108210196455621372e+03 1.261335538508791956e+02 7.853308793435601842e+01 1.526795330534452830e+02 2.333853001865819010e+01
6.108985449772871107e+03 1.260807520871328933e+02 7.750850371656149207e+01 1.536608149090113216e+02 2.317616825171630168e+01
6.109678765264872709e+03 1.261043472700073238e+02 7.657667797670629284e+01 1.546596214331559338e+02 2.314961870198489535e+01
6.110362452011580899e+03 1.261707410528661057e+02 7.562701829552968036e+01 1.556560431987361710e+02 2.306559951867677682e+01
6.111043353797872442e+03 1.262302136737327487e+02 7.464939111697685803e+01 1.566542686921105201e+02 2.302384304610379928e+01
6.111718622231722293e+03 1.262986395535482558e+02 7.371935148328692833e+01 1.576536034176662042e+02 2.302117555355833289e+01
6.112403843036078797e+03 1.263709919513975706e+02 7.284033101136792254e+01 1.586522145531669707e+02 2.299485371230262487e+01
6.113104507552512587e+03 1.264120835056464927e+02 7.195527271992104090e+01 1.596516238009173492e+02 2.302212317745708603e+01
6.113787210738588328e+03 1.264112479227907215e+02 7.100677975872052627e+01 1.606514791313254022e+02 2.301030623820674137e+01
6.114433909603765642e+03 1.263609497529355679e+02 7.003208783159448103e+01 1.616511838466693405e+02 2.299054838907862219e+01
6.115034553739339572e+03 1.262861881124950116e+02 6.913053930158646665e+01 1.626508966097649136e+02 2.297739768582839304e+01
6.115611456922597426e+03 1.262184196825889728e+02 6.828338168000475150e+01 1.636455084609133053e+02 2.300441526274954285e+01
6.116211925387494375e+03 1.262280900244726212e+02 6.745823122999235011e+01 1.646294006800337684e+02 2.318288767783087678e+01
6.116878612747876105e+03 1.262013472018715987e+02 6.653932681813174099e+01 1.656168762340636817e+02 2.329629289965178529e+01
6.117588257847485693e+03 1.259230035635875424e+02 6.559808448532432124e+01 1.666161493991370719e+02 2.325817378631840882e+01
6.118294123361403763e+03 1.255360047452718106e+02 6.487096920613961970e+01 1.676128595764585327e+02 2.318882952231189520e+01
6.118986057129503024e+03 1.253900506190957316e+02 6.417071519959431214e+01 1.686062701830162780e+02 2.314007271863987469e+01
6.119733631211156535e+03 1.253639789892425398e+02 6.325562958372874789e+01 1.696013259447254313e+02 2.315414652585547373e+01
6.120561849319947214e+03 1.252325799598227292e+02 6.241676980543761033e+01 1.705829154158282961e+02 2.297940171874914839e+01
6.121387903589062262e+03 1.250510827407658638e+02 6.183559143478895237e+01 1.715608940969958098e+02 2.280202135013961495e+01
6.122117923286217774e+03 1.249688771474834255e+02 6.095972886666211110e+01 1.725568132080462078e+02 2.282887669006845144e+01
6.122738337980737015e+03 1.251144426902460225e+02 6.001130101010127760e+01 1.735290136894023192e+02 2.304046870734171293e+01
6.123321928061949620e+03 1.252178746248020360e+02 5.917654563055650385e+01 1.744884405729774528e+02 2.314598475758937468e+01
6.124011056159293730e+03 1.253696065734831819e+02 5.832026891896881438e+01 1.754767438943040077e+02 2.300964866256409636e+01
6.124729373456070789e+03 1.254763102698820774e+02 5.741110869188626964e+01 1.764718067710792582e+02 2.303831132183657004e+01
6.125358170780807086e+03 1.254307934925915333e+02 5.660217602406174819e+01 1.774556398327962086e+02 2.299122564451943163e+01
6.126008251168997049e+03 1.254228739140311149e+02 5.576849479198076409e+01 1.784433716612151386e+02 2.289826897672016415e+01
6.126737084620410315e+03 1.252811813844539444e+02 5.480385866731368338e+01 1.794211532959753583e+02 2.276198357955738416e+01
6.127486052382840171e+03 1.251938700257251043e+02 5.375585662471109316e+01 1.804013311085627720e+02 2.260974119309895869e+01
6.128320852539956832e+03 1.251235842864269756e+02 5.257954499828778694e+01 1.813929104644678887e+02 2.249943905692944313e+01
6.129176713480643230e+03 1.252575241134706943e+02 5.151479132451765963e+01 1.823856228957797043e+02 2.244753002875809855e+01
6.129946970893581238e+03 1.253378054830742769e+02 5.087283526360701558e+01 1.833330030139717906e+02 2.270250121059520509e+01
6.130988217394355161e+03 1.256474310315848442e+02 5.050702814795445050e+01 1.841547673241308587e+02 2.325550961408218953e+01
6.132170933826021610e+03 1.265270857494097214e+02 5.025754200348536926e+01 1.847492019194550892e+02 2.403901708963951833e+01
6.133151924594941192e+03 1.272236081177150879e+02 5.023112401257132831e+01 1.850592329595133663e+02 2.497816720041959826e+01
6.134064203046206785e+03 1.279051588814092071e+02 5.029722592470596254e+01 1.850862855531915443e+02 2.596814890817687882e+01
6.135011072799962676e+03 1.289057465459678440e+02 5.011682305914408175e+01 1.851196371707227115e+02 2.696185493499914188e+01
6.135954034360452169e+03 1.299736029308420768e+02 5.010103782113919380e+01 1.851693746329707722e+02 2.795859945639435651e+01
6.136758381581232243e+03 1.309729700450575933e+02 5.017539022930456127e+01 1.852128997119372684e+02 2.895684195039638809e+01
6.137443250822790105e+03 1.318857064767189513e+02 5.020216231854755051e+01 1.852673720135675239e+02 2.995516615350327783e+01
6.138178062602983118e+03 1.327770653867838746e+02 5.030997831305413115e+01 1.853305998085410238e+02 3.095293720279503091e+01
6.138987407100105884e+03 1.337478096033793804e+02 5.049407784761590534e+01 1.852969452820611309e+02 3.194778461874717479e+01
6.139798934480754724e+03 1.347983297978879875e+02 5.066915198366098849e+01 1.852802465524732725e+02 3.294444902795400054e+01
6.140530570303012610e+03 1.358079151745820354e+02 5.078744121864914263e+01 1.853159810574245796e+02 3.394374721265783279e+01
6.141223005866902895e+03 1.368375104382361940e+02 5.085509725191532482e+01 1.853397581131956144e+02 3.494346204838821279e+01
6.141894472702702842e+03 1.377800921267346155e+02 5.095569385606845003e+01 1.853842416483019520e+02 3.594229926032330980e+01
6.142656560800494844e+03 1.387269876053778432e+02 5.118270177429119627e+01 1.853831340377894037e+02 3.694106629366371664e+01
6.143466810058210285e+03 1.397078767987760841e+02 5.146441521696918642e+01 1.854275699529281383e+02 3.793772325409543100e+01
6.144228273124593215e+03 1.406977586195863523e+02 5.173921631035797475e+01 1.853413885669918670e+02 3.892392397888991695e+01
6.145040696745954847e+03 1.417931721500535787e+02 5.201997316384582604e+01 1.852468514940611328e+02 3.991660366600245879e+01
6.145877649513269716e+03 1.428411080688584605e+02 5.222664101845059292e+01 1.851908781069558358e+02 4.091494861232566649e+01
6.146739793779383035e+03 1.439258647351261118e+02 5.231965573405271641e+01 1.852185129893628641e+02 4.191213832408170958e+01
6.147561494203833718e+03 1.449790956377983377e+02 5.240778618376167941e+01 1.852909403822941670e+02 4.290949807445939967e+01
6.148389234645472243e+03 1.460120930671057806e+02 5.250802291674519751e+01 1.853344589448792590e+02 4.390837933662157866e+01
6.149234360569309501e+03 1.470225866781101729e+02 5.265297251739502116e+01 1.853703331712898432e+02 4.490772594040890908e+01
6.150099880914430287e+03 1.480159391542483718e+02 5.286816087009843557e+01 1.853297578492865796e+02 4.590531318450687337e+01
6.151039096735207750e+03 1.490152702789338548e+02 5.314947190593549919e+01 1.853041160689764126e+02 4.690427770312050626e+01
6.151965583014447475e+03 1.500575308245207680e+02 5.343153730005030155e+01 1.852204492214098650e+02 4.789923531905863996e+01
6.152839481503848219e+03 1.511274294905884403e+02 5.367053382863900879e+01 1.851455957639398662e+02 4.889601018134558075e+01
6.153730513277612772e+03 1.521899992678768285e+02 5.378199575816537248e+01 1.850406079812764517e+02 4.989004366509339405e+01
6.154638052787009656e+03 1.532251207909420714e+02 5.364551019036866109e+01 1.851534414089112488e+02 5.087476517207885962e+01
6.155447549297889964e+03 1.540947575984451987e+02 5.354575447481229844e+01 1.853534420039146369e+02 5.185453424553621460e+01
6.156204209865669327e+03 1.549034001217580112e+02 5.365307918406808341e+01 1.854017176321224838e+02 5.284948471927022240e+01
6.156947501801077124e+03 1.557115482839818412e+02 5.384728832846251123e+01 1.852611850337565329e+02 5.383706396408627626e+01
6.157761518228744535e+03 1.565535896852383928e+02 5.404136991644944743e+01 1.852527300583261081e+02 5.483394696037247940e+01
6.158622913643392167e+03 1.574435222559226872e+02 5.432770458767747357e+01 1.851742392824612295e+02 5.582962264354646464e+01
6.159470283902705887e+03 1.584766701349428217e+02 5.449975086168226568e+01 1.851882279074327471e+02 5.682810057249589875e+01
6.160170529442349107e+03 1.593354320921247620e+02 5.457619176553145479e+01 1.851857853234501761e+02 5.782794924701498473e+01
6.160825435777142957e+03 1.600802819370098291e+02 5.482671122232173389e+01 1.849855525515567365e+02 5.880536787718463643e+01
6.161564573484527500e+03 1.609474670424252736e+02 5.521732856364968711e+01 1.847639944820525670e+02 5.978051471999719269e+01
6.162341625450862011e+03 1.619491625276304489e+02 5.550887997060144841e+01 1.845410962526720198e+02 6.075535627361350066e+01
6.163074413781427211e+03 1.629666751999614291e+02 5.568615575313720711e+01 1.844869825127380238e+02 6.175219983583551198e+01
6.163803236773946082e+03 1.639663492814451899e+02 5.588469732407488522e+01 1.843952579243174625e+02 6.274780730146107288e+01
6.164520311960679464e+03 1.649740806985288373e+02 5.596108522038178990e+01 1.843761543763977215e+02 6.374733842781511584e+01
6.165189862350377553e+03 1.659020766685804062e+02 5.595182842559702152e+01 1.844672509820205164e+02 6.474281664381069845e+01
6.165876497416058555e+03 1.668252043557567958e+02 5.601045749891856929e+01 1.845600344863296982e+02 6.573850199587344889e+01
6.166637499344741627e+03 1.677438193612018438e+02 5.618374898786129990e+01 1.846584701263554678e+02 6.673364422398876172e+01
6.167527349072215657e+03 1.688556331126000885e+02 5.641412810274417922e+01 1.847040199745206905e+02 6.773251379661789429e+01
6.168393168338491705e+03 1.699417954948740146e+02 5.664350104475739300e+01 1.848241044417318903e+02 6.872507917466568017e+01
6.169212633285707852e+03 1.710283855895316663e+02 5.683121302985804846e+01 1.848315487281015521e+02 6.972462975026029142e+01
6.169976674491177619e+03 1.721350736923212992e+02 5.692063702272729131e+01 1.849338221881317281e+02 7.071911988366325374e+01
6.170697105695348000e+03 1.731827943386783772e+02 5.717327066807801117e+01 1.848690271617607550e+02 7.171643058222174716e+01
6.171412833843020053e+03 1.741826526481138728e+02 5.747526804764608954e+01 1.847228609581058834e+02 7.270563626190423179e+01
6.172196863104540171e+03 1.751087231205808337e+02 5.775812914303480028e+01 1.844831750965794299e+02 7.367640419111879169e+01
6.173091026898675409e+03 1.762091467184266946e+02 5.781180408889667888e+01 1.844513910890692330e+02 7.467557636119293818e+01
6.173891577311056608e+03 1.771037568994240416e+02 5.781613101246722408e+01 1.844519025033640958e+02 7.567557550313532033e+01
6.174686261440607268e+03 1.778609110636841422e+02 5.764281085318199160e+01 1.844352017066300959e+02 7.667542447506141912e+01
6.175497893073013984e+03 1.787105359332899184e+02 5.768113294683487879e+01 1.844874666811457473e+02 7.767404920026272919e+01
6.176376807176821785e+03 1.798599839242117753e+02 5.783426372466913534e+01 1.844844705149726565e+02 7.867399453228935613e+01
6.177197726361788227e+03 1.805562303423800188e+02 5.805912797579157569e+01 1.846078588084446608e+02 7.966630543802112641e+01
6.178043495369462107e+03 1.813509977687790240e+02 5.801762655512384015e+01 1.846269378861640291e+02 8.066601207600908197e+01
6.178871642112662812e+03 1.821675789613146890e+02 5.815965308015226753e+01 1.847910777317221687e+02 8.165221609550967230e+01
6.179865449936362893e+03 1.832577857595008197e+02 5.812194314696444764e+01 1.847697897190602134e+02 8.265133329346409141e+01
6.180804812363126075e+03 1.843800682685019012e+02 5.806219515124864472e+01 1.850239426318574374e+02 8.361780996735113547e+01
6.181597455109648763e+03 1.853091147226146234e+02 5.813562648232690577e+01 1.850339538796150123e+02 8.461775976035514191e+01
6.182382305949374313e+03 1.862088772002001633e+02 5.837667136316684235e+01 1.850338882802517162e+02 8.561667568433210818e+01
6.183204286267122370e+03 1.869939358013002959e+02 5.858485627302308529e+01 1.847588098494386202e+02 8.657524632117477381e+01
6.184039250472661479e+03 1.879123323083372838e+02 5.871811217499907798e+01 1.849006173036312930e+02 8.756321684624897728e+01
6.184850964966123684e+03 1.887231588964137075e+02 5.887474654444510236e+01 1.847413341739231214e+02 8.854758528089767822e+01
6.185627421713218610e+03 1.895829505554825971e+02 5.883567804714374461e+01 1.849297515311205018e+02 8.952720662776832228e+01
6.186422420227949260e+03 1.903240416852499095e+02 5.905054339889801440e+01 1.848063691619161091e+02 9.051939510561047086e+01
6.187226616498352996e+03 1.912426886402371622e+02 5.907074500198380207e+01 1.847580849102483853e+02 9.151799401515714294e+01
6.188235312332793910e+03 1.922355308433248240e+02 5.967697324535773618e+01 1.846046789010575537e+02 9.250497909289580889e+01
6.189143544080139691e+03 1.930974705979412249e+02 5.970465323523162482e+01 1.843153263540336866e+02 9.344393533560257481e+01
6.189904529470502894e+03 1.934807815987300614e+02 5.971774220826677038e+01 1.845647455284954219e+02 9.440185775470959584e+01
6.191257086796754265e+03 1.942018387106425621e+02 5.978785322435719252e+01 1.844901440988996058e+02 9.538293739284961248e+01
6.194818063181665821e+03 1.947541186237044144e+02 5.977017976242797914e+01 1.847948784333782726e+02 9.632995387259653342e+01
6.199074342626357975e+03 1.955766798376907047e+02 5.958690382718104672e+01 1.849267121444115389e+02 9.731958989663785076e+01
6.200117140128379106e+03 1.967348177819825423e+02 5.958796095870238929e+01 1.851362918092368659e+02 9.829627218570979608e+01
6.200917114525574107e+03 1.978032472418135796e+02 5.955220565605534233e+01 1.852375340346451082e+02 9.929011747861000003e+01
6.201618793899930097e+03 1.986496016728694940e+02 5.970551420950149435e+01 1.851858410948211144e+02 1.002801721530825603e+02
6.202503250054389355e+03 1.995905846935316674e+02 5.971055561819525082e+01 1.849915819507472463e+02 1.012459838224897624e+02
6.203509006476179820e+03 2.005859129084341816e+02 5.993898120793626560e+01 1.850189840514867967e+02 1.022325642545735320e+02
6.204348664909242871e+03 2.016193512297784025e+02 5.989980661931063821e+01 1.848698137317904298e+02 1.032009220738576118e+02
6.205116234707514195e+03 2.025381598689021700e+02 6.014308125572291175e+01 1.849483945449887017e+02 1.041729590792923403e+02
6.205843027994967088e+03 2.034268308305313724e+02 6.015651632075257282e+01 1.847889520983314355e+02 1.051297109964706777e+02
6.206486249155434052e+03 2.042641658218788336e+02 6.012089870388371082e+01 1.849615755956728265e+02 1.061065366261770322e+02
6.207179243818511168e+03 2.052417380438935197e+02 6.024110191884894761e+01 1.849318352466594035e+02 1.071060310841816516e+02
6.207869733340610765e+03 2.062245271839639145e+02 6.035737600894132271e+01 1.849469142737380594e+02 1.081049743698026617e+02
6.208586746206626231e+03 2.071340368103669789e+02 6.043655110451751966e+01 1.850142601583396527e+02 1.091021667999257829e+02
6.209329939424906115e+03 2.079723862903048541e+02 6.042218135534393753e+01 1.850916534985367150e+02 1.100935058531347011e+02
6.210132213615614091e+03 2.088116595570136838e+02 6.047684562232702632e+01 1.852194220772520339e+02 1.110662944206790996e+02
6.210976729608613823e+03 2.096232235207467340e+02 6.056906810944028763e+01 1.851567166109584832e+02 1.120481471334390307e+02
6.211823156904479220e+03 2.105906074063209985e+02 6.045813194067521579e+01 1.853412307793600746e+02 1.130299028872674825e+02
6.212631123975973424e+03 2.115824111989012408e+02 6.044682115157115021e+01 1.854477352714473000e+02 1.140241357320457638e+02
6.213452112072367527e+03 2.125833597912433390e+02 6.052607009284793804e+01 1.854823563674432592e+02 1.150202845694302027e+02
6.214316159778060864e+03 2.134965356788091242e+02 6.076836955224093373e+01 1.854065399540648400e+02 1.160172089834326812e+02
6.215207964489271944e+03 2.143751747601469333e+02 6.089061914820164390e+01 1.853758238243607934e+02 1.170164808505566043e+02
6.216108800662013891e+03 2.152841901423612683e+02 6.108455687641330201e+01 1.853875590348309856e+02 1.180163401076157470e+02
6.217047793528057809e+03 2.162353499197015481e+02 6.118488254337950139e+01 1.854188990219083735e+02 1.190158470210883479e+02
6.217979287635915171e+03 2.171456635528910226e+02 6.132104191466663679e+01 1.854607004661654628e+02 1.200149094336524769e+02
6.218885392865065114e+03 2.179508653586390778e+02 6.135111044227560484e+01 1.855412812536561944e+02 1.210111805613362179e+02
6.219726411121499041e+03 2.188083072456043965e+02 6.135836848597461568e+01 1.856294205216075568e+02 1.220062664279191580e+02
6.220555563227467246e+03 2.198201400999403177e+02 6.132266329610048672e+01 1.857607354563905062e+02 1.229910045762869544e+02
6.221379836534243623e+03 2.208706045680423529e+02 6.132861912483119937e+01 1.859569485204746115e+02 1.239691949139159419e+02
6.222186631419829610e+03 2.218792383291366832e+02 6.133894548059494412e+01 1.861294754672684064e+02 1.249528765799846042e+02
6.223018358574064223e+03 2.228337241969845763e+02 6.139237876553269047e+01 1.862881627675162690e+02 1.259377241968050640e+02
6.223888669259336893e+03 2.237521902361614536e+02 6.144506076726100474e+01 1.863681645161312019e+02 1.269344933724089373e+02
6.224824675386122180e+03 2.246939521577268692e+02 6.147253244733284561e+01 1.864385021116243877e+02 1.279320137965505211e+02
6.225796879281566362e+03 2.257622610265629248e+02 6.160952279057282510e+01 1.864822357543540079e+02 1.289307449062172566e+02
6.226649365370908527e+03 2.268567889755589704e+02 6.199927166013574720e+01 1.863769058956580409e+02 1.299168935726346774e+02
6.227355144443025893e+03 2.276185171463224890e+02 6.261509123586606762e+01 1.859772159233170896e+02 1.308174436194646262e+02
6.228056196737714345e+03 2.279514657418220906e+02 6.333703085548931000e+01 1.852662216933867398e+02 1.314847110318276577e+02
6.228784163800305578e+03 2.280201152259480750e+02 6.418357514305525058e+01 1.843329573131040036e+02 1.317924947782275638e+02
6.229504983265317605e+03 2.279262636292273783e+02 6.516816054734258046e+01 1.833400032292220203e+02 1.318157885997193830e+02
6.230269263279226834e+03 2.278131731086477600e+02 6.635397351610735939e+01 1.823418452548373523e+02 1.317563814615232616e+02
6.231028109394449530e+03 2.277097092633974569e+02 6.751285832681065813e+01 1.813447740979992204e+02 1.317926930870355875e+02
6.231672758948218871e+03 2.275660222409514404e+02 6.840763457713435969e+01 1.803583380125362794e+02 1.317051204756034792e+02
6.232233607127199321e+03 2.274734955367666771e+02 6.923209120705885766e+01 1.793909747491829023e+02 1.314551044153057830e+02
6.232850753208920651e+03 2.274978600075178576e+02 7.020883266926293231e+01 1.784074665569674210e+02 1.313012842429873785e+02
6.233531795831785530e+03 2.276364041560210580e+02 7.118087185252745996e+01 1.774148615509116951e+02 1.313611454323073247e+02
6.234200138722241718e+03 2.277173586392546270e+02 7.207269107355922699e+01 1.764336701455640082e+02 1.315503495226242592e+02
6.234841579647419167e+03 2.277671026004247210e+02 7.296914448930040464e+01 1.754418619207812640e+02 1.316161613695956589e+02
6.235526139332175262e+03 2.277882189051792352e+02 7.387894222591963000e+01 1.744683973606950076e+02 1.317987447370690859e+02
6.236237270976026593e+03 2.276477522512671783e+02 7.465365978181031892e+01 1.734836704822301101e+02 1.319544423001326550e+02
6.236958055393003633e+03 2.279603530964168101e+02 7.508698173109969787e+01 1.724851332933131971e+02 1.319906100714822230e+02
6.237730709127898990e+03 2.289678795756381078e+02 7.544841720673711905e+01 1.714957692693701858e+02 1.321208739430771288e+02
6.238447038732309920e+03 2.295991734394082471e+02 7.620122886971391551e+01 1.705078565074730363e+02 1.320432662767148884e+02
6.239081868376542843e+03 2.296242254527710429e+02 7.712983655076277500e+01 1.695109137620619038e+02 1.320384813711414154e+02
6.239760875401013436e+03 2.297645956842806925e+02 7.768093812834315770e+01 1.685349169585608422e+02 1.318538448699538890e+02
6.240532241143224383e+03 2.300878979494456757e+02 7.824828987741746289e+01 1.676208693440376010e+02 1.321529322598442491e+02
6.241237681292791422e+03 2.301858137152910899e+02 7.923768499948053545e+01 1.666376056338766318e+02 1.321660083588666623e+02
6.241933698561285382e+03 2.305304382211617735e+02 8.055790290671694720e+01 1.656473566023064734e+02 1.320294388742042599e+02
6.242577662850403613e+03 2.308266838754246919e+02 8.148720456769972031e+01 1.646595202719458086e+02 1.321500600015819202e+02
6.243190439936151961e+03 2.304803166109739436e+02 8.233099650515153201e+01 1.636662873962183369e+02 1.322652196005424230e+02
6.243901601600040522e+03 2.299881518504724625e+02 8.347485947626388736e+01 1.626675500839947404e+02 1.323095887350195881e+02
6.244812200922865486e+03 2.299553062247494495e+02 8.473576137621995485e+01 1.617040739379499428e+02 1.320621824575712822e+02
6.245671320795210704e+03 2.299276168591969451e+02 8.589083333217175209e+01 1.608842406541668026e+02 1.325615941357536371e+02
6.246350918986427132e+03 2.297601712240417271e+02 8.684553148730935845e+01 1.599045187727483039e+02 1.326653042339888771e+02
6.247080334587349171e+03 2.298565560800953733e+02 8.795400548621128678e+01 1.589479425280741225e+02 1.329470354367963978e+02
6.247778032501948474e+03 2.298323420151854179e+02 8.899620774375104304e+01 1.579668992608239932e+02 1.331371297468763544e+02
6.248541450000899204e+03 2.299629343153026753e+02 9.012527045488857880e+01 1.569762203757923373e+02 1.332726461261523241e+02
6.249284835133226807e+03 2.299392959927681659e+02 9.123245149802001208e+01 1.560410590493632128e+02 1.336198093223332535e+02
6.250075101438066667e+03 2.296858229504914846e+02 9.225215297083589405e+01 1.550472992314934402e+02 1.336413447224227014e+02
6.250965717653248248e+03 2.293314512698063083e+02 9.264038260954696113e+01 1.540779365397470713e+02 1.334058205642512291e+02
6.252038342653755535e+03 2.284831718154879070e+02 9.302909856191585902e+01 1.534774587692135412e+02 1.326218376139721045e+02
6.252912490665446057e+03 2.276368623266027953e+02 9.311864032010264225e+01 1.529883254364972629e+02 1.317500124951367297e+02
6.253732647940489187e+03 2.266853356234664716e+02 9.294672740105781372e+01 1.531276525231835706e+02 1.307623075867623754e+02
6.254541272718059190e+03 2.257369466399768214e+02 9.274028167021050706e+01 1.532121637086813450e+02 1.297659074207720664e+02
6.255414093106703149e+03 2.247957662004632198e+02 9.277034926273007898e+01 1.534076465678808461e+02 1.287863490328382738e+02
6.256184279352340127e+03 2.239091497029184268e+02 9.279569021261487194e+01 1.532144280127335776e+02 1.278052500031410972e+02
6.256922156384953269e+03 2.231419396431075199e+02 9.268600423082500583e+01 1.531065258730322398e+02 1.268110910765678767e+02
6.257665387256074609e+03 2.222595802419399149e+02 9.268340818108845269e+01 1.530173131568400038e+02 1.258150822460175533e+02
6.258440387234697482e+03 2.213591868786079431e+02 9.248322622950901462e+01 1.529535715790312622e+02 1.248173754088922323e+02
6.259160799272258373e+03 2.205341042159391804e+02 9.238929486566830462e+01 1.530310123021628215e+02 1.238209815366515727e+02
6.259869497914651220e+03 2.197609552397217954e+02 9.224735671810321946e+01 1.529370262393834992e+02 1.228265782084586135e+02
6.260577461022341595e+03 2.186761747112105638e+02 9.203567531086230247e+01 1.530519926370835151e+02 1.218336619680983119e+02
6.261287977550074174e+03 2.175868039035084109e+02 9.195931150295241707e+01 1.530425415497617223e+02 1.208337792400994459e+02
6.262027183643524040e+03 2.163650482566695246e+02 9.217584315384060289e+01 1.530698019046726870e+02 1.198356990180055135e+02
6.262746135195545321e+03 2.150729835639667726e+02 9.272552831960624076e+01 1.528678423800216422e+02 1.188563756892453682e+02
6.263332441002587075e+03 2.140934279749487246e+02 9.309388641254778918e+01 1.526518093582823781e+02 1.178833314525999896e+02
6.264012892158875729e+03 2.131224794474613873e+02 9.324059549674259983e+01 1.526673410833883509e+02 1.168835951867151124e+02
6.264746728283950688e+03 2.121537133874953440e+02 9.325077056023005184e+01 1.526454733540549569e+02 1.158844220761274642e+02
6.265489151189622135e+03 2.111686222443497059e+02 9.336649014968520532e+01 1.527071436262141333e+02 1.148873057180172026e+02
6.266289928569669428e+03 2.100280369124944855e+02 9.354774687345505413e+01 1.526271263069431541e+02 1.138912075172128482e+02
6.267034553208094621e+03 2.089938366650328305e+02 9.362671401360741186e+01 1.524736533312030531e+02 1.129040692620407640e+02
6.267780433293073656e+03 2.081187612149011557e+02 9.368207019590212781e+01 1.524140023622935303e+02 1.119060268256418595e+02
6.268626653689124396e+03 2.070580812063990663e+02 9.344479219084523436e+01 1.523614470694045906e+02 1.109127918094016820e+02
6.269446711087519361e+03 2.058769032172151014e+02 9.300388481958906084e+01 1.525115777676165010e+02 1.099248617990726586e+02
6.270260292822259544e+03 2.047952724291346271e+02 9.285399153426926944e+01 1.525516952562098822e+02 1.089274670595518870e+02
6.271271148453733076e+03 2.040296941779915301e+02 9.315687511348814098e+01 1.524234286269420124e+02 1.079410005742876848e+02
6.272245357037266331e+03 2.035143380385323155e+02 9.356015035305112804e+01 1.520683139468391971e+02 1.070084456929541119e+02
6.273218076878172724e+03 2.029367491998644653e+02 9.387015324100951830e+01 1.515783930608826893e+02 1.061386983430180351e+02
6.274286245781739126e+03 2.020047319643655612e+02 9.399514623008073499e+01 1.511584683863952137e+02 1.052785865946052581e+02
6.275065668746373376e+03 2.011549155434630904e+02 9.366655119430438958e+01 1.513317067776714850e+02 1.043061624975681383e+02
6.275734005979704307e+03 2.003338948040594119e+02 9.330991528353588649e+01 1.516097938707161745e+02 1.033589905717736031e+02
6.276570714357724682e+03 1.992617286504908805e+02 9.302711741005859380e+01 1.515875975412577361e+02 1.023652085564536236e+02
6.277375566579071346e+03 1.986099814467183933e+02 9.273390918282113660e+01 1.515018696208894369e+02 1.013752176694844991e+02
6.278157791965275464e+03 1.982120316325336660e+02 9.277794050646713231e+01 1.516735006098076610e+02 1.004008032195071110e+02
6.278862891716379636e+03 1.973651694228483962e+02 9.285890979112650712e+01 1.519382508670779544e+02 9.944502350005228664e+01
6.279546666314298818e+03 1.962264811202403791e+02 9.265282275344279128e+01 1.520505013979294517e+02 9.845145241210268239e+01
6.280214750307924078e+03 1.951484686622273159e+02 9.246935486740028409e+01 1.520576509352755465e+02 9.746472124846918916e+01
6.280755415224673015e+03 1.942618602097164171e+02 9.217623225133752385e+01 1.520185484754774450e+02 9.648900113648079468e+01
6.281297586210072041e+03 1.933738469752000526e+02 9.174463998831367917e+01 1.521852008194099426e+02 9.550793768855920973e+01
6.281907358331081014e+03 1.923972521811205922e+02 9.142349542371114524e+01 1.522160229976024652e+02 9.450847524189225624e+01
6.282491256609440825e+03 1.914974849410709510e+02 9.123846373681945465e+01 1.522844085347616669e+02 9.351314151837274835e+01
6.283108436134445583e+03 1.905814674276201401e+02 9.112003393869974843e+01 1.523126721594856576e+02 9.252749493701172412e+01
6.283734871004539855e+03 1.896965632247897986e+02 9.109092768972685406e+01 1.521758814506760018e+02 9.153910263283802351e+01
6.284392073667315344e+03 1.888389963719564832e+02 9.112385531374805225e+01 1.521044995745166375e+02 9.054197847898315388e+01
6.285091425643467119e+03 1.878788706046620405e+02 9.128798608069365628e+01 1.518987670659846287e+02 8.957269029809826577e+01
6.285772723881995262e+03 1.869307405125996127e+02 9.140678914622148454e+01 1.516054958618797741e+02 8.862276028137841877e+01
6.286430954245489374e+03 1.860815129428413854e+02 9.167129121920754642e+01 1.512739384149564046e+02 8.770931003265953052e+01
6.287113058927462589e+03 1.853545719681812329e+02 9.224705892627891046e+01 1.506194261905757230e+02 8.695786419781265408e+01
6.287822799263229172e+03 1.847424168584207393e+02 9.298017478374595157e+01 1.498319919161749567e+02 8.635280172270388732e+01
6.288508033495990276e+03 1.842905562321934667e+02 9.376638095033595732e+01 1.489404000354657569e+02 8.590265009721640865e+01
6.289122362633238481e+03 1.840010898085536439e+02 9.455626990323560221e+01 1.480770052340681389e+02 8.541606779857994525e+01
6.289721567349501129e+03 1.835889489903498770e+02 9.531413467483133672e+01 1.472890627040929132e+02 8.480066387684971119e+01
6.290350251688993922e+03 1.831770306135551891e+02 9.613065843553320633e+01 1.464974619823835553e+02 8.419010674212347567e+01
6.290986242666957878e+03 1.827784831243860140e+02 9.702911321661480315e+01 1.457001597578114058e+02 8.358865624999585009e+01
6.291630319654472260e+03 1.823194136825806027e+02 9.799246398837581751e+01 1.448366947204752080e+02 8.308959541360681555e+01
6.292219721744639173e+03 1.818532611326662618e+02 9.882835891445667187e+01 1.439816828337782795e+02 8.258540514534864485e+01
6.292742344036912982e+03 1.813487805810731857e+02 9.950745359919041277e+01 1.431637003381268869e+02 8.201746044045125927e+01
6.293374195749223873e+03 1.807909897661074865e+02 1.002546702943054981e+02 1.422724536131887874e+02 8.156501651537895725e+01
6.294071857393845676e+03 1.802129363319528181e+02 1.010574085535988615e+02 1.413624787222786381e+02 8.115038463307291750e+01
6.294772568663576749e+03 1.796741260403548210e+02 1.018756737999471227e+02 1.404137087798475250e+02 8.089510215988062214e+01
6.295454063887083066e+03 1.793647478029620288e+02 1.026924727450601864e+02 1.394453530173087756e+02 8.071085065995066543e+01
6.296152633497245006e+03 1.791805919239220088e+02 1.036580672484648176e+02 1.384999876214876622e+02 8.039167128630050740e+01
6.296864498708555402e+03 1.788967815724812453e+02 1.046415968508669181e+02 1.375316003098683382e+02 8.014224226807272089e+01
6.297554683073853994e+03 1.785575369666585459e+02 1.055666904184155896e+02 1.365776209938514398e+02 7.984670500677316340e+01
6.298191477450245657e+03 1.783112399907213899e+02 1.064882858843952107e+02 1.356150086585103338e+02 7.960943157637736078e+01
6.298798310841675629e+03 1.781475303106454930e+02 1.073638032605138193e+02 1.346237215221269707e+02 7.948280306845322229e+01
6.299414728847467813e+03 1.779599276642646828e+02 1.082246286003604183e+02 1.336346670254152968e+02 7.933723005897431335e+01
6.299997555098359953e+03 1.777247473509629572e+02 1.090379276634008505e+02 1.326411466319667056e+02 7.922373976477547330e+01
6.300545562423751107e+03 1.775283646362665024e+02 1.098333140078896264e+02 1.316537059574858120e+02 7.907352197816965145e+01
6.301136686818244925e+03 1.774081420547875041e+02 1.106772891843155691e+02 1.306661534533690769e+02 7.899140876607194173e+01
6.301727637122871784e+03 1.774381467276344893e+02 1.115137279708061016e+02 1.296791820342191954e+02 7.913031153351349190e+01
6.302273353846468126e+03 1.775673156174714222e+02 1.122771893726793451e+02 1.286953870274799669e+02 7.929781847200766265e+01
6.302810822671731330e+03 1.777588791019229575e+02 1.130635752733380741e+02 1.277118311774756449e+02 7.946345506629684508e+01
6.303301618231566863e+03 1.780104006635746146e+02 1.138319409892225451e+02 1.267609367444384532e+02 7.976546654476621256e+01
6.303812495676139406e+03 1.783779520004343908e+02 1.145283065906787385e+02 1.258549212743860721e+02 8.018486231963308342e+01
6.304397014203844265e+03 1.789199464254883196e+02 1.151595960691358584e+02 1.249917899074949901e+02 8.068854247678339675e+01
6.304974559851900267e+03 1.794933279011500247e+02 1.157558878197332319e+02 1.242093709282266190e+02 8.130268579174978072e+01
6.305595593349047704e+03 1.799630760080652578e+02 1.164284838444907564e+02 1.234682125409072171e+02 8.197279663649851500e+01
6.306297915180661221e+03 1.804169803662610718e+02 1.171268105278458904e+02 1.227211301168790669e+02 8.263659912690177123e+01
6.307023187230176518e+03 1.807954666923629361e+02 1.178455071873056568e+02 1.220074175685016229e+02 8.333691274617675049e+01
6.307757319493756768e+03 1.810415584888974365e+02 1.185161729584111328e+02 1.212084702329663770e+02 8.391674374213766896e+01
6.308609910339327143e+03 1.813163597511194780e+02 1.192388051216753411e+02 1.203410209108044597e+02 8.441187106200180779e+01
6.309517436201676901e+03 1.816390967714945646e+02 1.201089350187372418e+02 1.194659722088409382e+02 8.489171385046671503e+01
6.310407923611242040e+03 1.819058596682255029e+02 1.209870379677808359e+02 1.185551148450888093e+02 8.530420236687363911e+01
6.311360147484439949e+03 1.820312712584996859e+02 1.218905043717024341e+02 1.176087286872737963e+02 8.561344142496669463e+01
6.312338997160176405e+03 1.820186666251768202e+02 1.229038812226637702e+02 1.166266805218640457e+02 8.579857038068166730e+01
6.313285708118394723e+03 1.818666084034504422e+02 1.240451174517087480e+02 1.156399557023318039e+02 8.596068236878711843e+01
6.314156308185816670e+03 1.818054375695797944e+02 1.251315532654173950e+02 1.146456585101919217e+02 8.601703497012172761e+01
6.315001163796999208e+03 1.817825599372119143e+02 1.260975437266596657e+02 1.136626978441078535e+02 8.616239357296531409e+01
6.315895394687426233e+03 1.816994235917846368e+02 1.270968209987464519e+02 1.126730843698122442e+02 8.629167527119427916e+01
6.316810856299666739e+03 1.816201279973402336e+02 1.281742113055828156e+02 1.116811309769409348e+02 8.641612449294397891e+01
6.317756503093260108e+03 1.814524096862180613e+02 1.292487718258695111e+02 1.106868915245614602e+02 8.638987364711104533e+01
6.318696506542162751e+03 1.812034554370767694e+02 1.302901518111555106e+02 1.096944054423157411e+02 8.626891285160118628e+01
6.319662937752584185e+03 1.810376101053884099e+02 1.313970962098343875e+02 1.087015518408873191e+02 8.614986324225827730e+01
6.320623078105631066e+03 1.807535058995502766e+02 1.324157715823839965e+02 1.077055265463014848e+02 8.617416122729011363e+01
6.321541065395361329e+03 1.805428177998154808e+02 1.333591616647233025e+02 1.067086817048544845e+02 8.613626937912221138e+01
6.322409830430445254e+03 1.802492825450177065e+02 1.343665631303196903e+02 1.057101775366951841e+02 8.608411745852323804e+01
6.323347918142215349e+03 1.800193329272464098e+02 1.354680560413523835e+02 1.047354724265009764e+02 8.588148080213622393e+01
6.324361882555348529e+03 1.800163744212833592e+02 1.365591301239437030e+02 1.037535938941065154e+02 8.594162378810104030e+01
6.325209201719797420e+03 1.800671022661676375e+02 1.371878290601206913e+02 1.027645826739447443e+02 8.586251672846452720e+01
6.326108647698971254e+03 1.801027268039662772e+02 1.379305532698450349e+02 1.017955507889790141e+02 8.604987173503020870e+01
6.326950378152664598e+03 1.799643736455454643e+02 1.388139580291271784e+02 1.008035057175059848e+02 8.603155897378027817e+01
6.327818351812384208e+03 1.799345854803893587e+02 1.397147853454315793e+02 9.980758175553256706e+01 8.610155118271956098e+01
6.328595523634081474e+03 1.797381075374360364e+02 1.405796967905300505e+02 9.881445166003967984e+01 8.600907296359358156e+01
6.329554195839322347e+03 1.797169412722654158e+02 1.416611091145893511e+02 9.781936833691746358e+01 8.591036676485784085e+01
6.330414286035806072e+03 1.795912357622624995e+02 1.427664746851095572e+02 9.682217835003420703e+01 8.596123820491922629e+01
6.331315154929404343e+03 1.796319626296295837e+02 1.437230744086780589e+02 9.582322061640604716e+01 8.593417553439337553e+01
6.332063892396815390e+03 1.794756484984583835e+02 1.444506084425021015e+02 9.491459426243834230e+01 8.631919284901259459e+01
6.332824800205176871e+03 1.791847592304315242e+02 1.451486152402448226e+02 9.395483656517548354e+01 8.615057847765780252e+01
6.333882262293328495e+03 1.790395868044043937e+02 1.459559915314867737e+02 9.298737465584908080e+01 8.634783066166747290e+01
6.334929983514827654e+03 1.789862682537477667e+02 1.464592825551357862e+02 9.203806754337514917e+01 8.608954907740023543e+01
6.336120813900508438e+03 1.790092301599468385e+02 1.472307207068346884e+02 9.104891547992680501e+01 8.615473609935355626e+01
6.337041678899661747e+03 1.786500758050512161e+02 1.479481444200173144e+02 9.007756285987292699e+01 8.594109551471670727e+01
6.337958614990142451e+03 1.785251544324432018e+02 1.487885821548740921e+02 8.908095695398759517e+01 8.595483920008260270e+01
6.338850964213332190e+03 1.783201824136899347e+02 1.497110906926069163e+02 8.808216858962185825e+01 8.600394590774230608e+01
6.339813237216858397e+03 1.782894182982478242e+02 1.506963382727349767e+02 8.708363472399666705e+01 8.605806219746486363e+01
6.340786896846815580e+03 1.780123361577244623e+02 1.517706462244707097e+02 8.608571682460627983e+01 8.612248784387034561e+01
6.341735036200698232e+03 1.777834567134221686e+02 1.528656851295541230e+02 8.509374843013711143e+01 8.600636423625648774e+01
6.342659403386024678e+03 1.775349045449684695e+02 1.539298632395979212e+02 8.409432063021685622e+01 8.599013179337823942e+01
6.343577076099739315e+03 1.773431218530521392e+02 1.548409762146424100e+02 8.309829587503438120e+01 8.590319163633881772e+01
6.344452534244676826e+03 1.773348266722201174e+02 1.555297973149693007e+02 8.209879359455392489e+01 8.592224418127459273e+01
6.345401589190017148e+03 1.773345993247511387e+02 1.563877405614583722e+02 8.109995960167785256e+01 8.587626308266109731e+01
6.346320190583096519e+03 1.773527828437590301e+02 1.574614399652069210e+02 8.010287706793525331e+01 8.594968482210168759e+01
6.347182813235726826e+03 1.772242282584236079e+02 1.584207397933076606e+02 7.910937984145901680e+01 8.583803134762075615e+01
6.348000824437424853e+03 1.771335955698970110e+02 1.592138101834188433e+02 7.810974082364246840e+01 8.581278718930366267e+01
6.348867382798361177e+03 1.773847113359349521e+02 1.600226781289408677e+02 7.710989431707852759e+01 8.582980738907984630e+01
6.349824752961803824e+03 1.775419509868730472e+02 1.607869655690038257e+02 7.611563689008603717e+01 8.593668196342588317e+01
6.350849196069973004e+03 1.773595571008584955e+02 1.618533351121061798e+02 7.511567045211627658e+01 8.594486788317340142e+01
6.351881038183738383e+03 1.771331230193678437e+02 1.629843437280290743e+02 7.411601684219600372e+01 8.597118620893644447e+01
6.352867887895765307e+03 1.769887690153478275e+02 1.641087424665970218e+02 7.311648013779081623e+01 8.600154392211682364e+01
6.353850559694215008e+03 1.768085229021319833e+02 1.650631115500410999e+02 7.212014555071782240e+01 8.591646097492282763e+01
6.354951528399657036e+03 1.771299593276771134e+02 1.662190926659788772e+02 7.112041546249618307e+01 8.593925772001007601e+01
6.355999991303229763e+03 1.778339817092642079e+02 1.671152449477048378e+02 7.012191380010796138e+01 8.599217187339604607e+01
6.357050598745162461e+03 1.779860807023360962e+02 1.674901527371046654e+02 6.913000059430130761e+01 8.610957957472955115e+01
6.358161444305182158e+03 1.778027324208148059e+02 1.682603158886665824e+02 6.813520367686857071e+01 8.601611912667148374e+01
6.359102813792345842e+03 1.777267733695257448e+02 1.693202474600846301e+02 6.713583816730491094e+01 8.605037393277494573e+01
6.359900258293100705e+03 1.776360287614534741e+02 1.703944706205454054e+02 6.613587387506787252e+01 8.605791917483659859e+01
6.360714055411537629e+03 1.776467657842937342e+02 1.712954473032109206e+02 6.513587683251296312e+01 8.605589827222114252e+01
6.361714235211229607e+03 1.778605398512353872e+02 1.719121568195389216e+02 6.413634633493066417e+01 8.603945904444185544e+01
6.362632188151453192e+03 1.780670442617483786e+02 1.728500826418188865e+02 6.313930510083826420e+01 8.596264923489394505e+01
6.363523716595124824e+03 1.780585124437806144e+02 1.738665705718585457e+02 6.214230129457450147e+01 8.589662343081980111e+01
6.364477474792358407e+03 1.781547234079834539e+02 1.749455416695231520e+02 6.114558790822404433e+01 8.594954963548516957e+01
6.365466730065076263e+03 1.782743502293763811e+02 1.763003378046398666e+02 6.016123308680398907e+01 8.609947905337247676e+01
6.366315147157328283e+03 1.781809649603389119e+02 1.772023861328410703e+02 5.916259233016155861e+01 8.605230075648516674e+01
6.367149533604565477e+03 1.779716991201435405e+02 1.779598853020727915e+02 5.816619236460085318e+01 8.601705743108604452e+01
6.368124863255849959e+03 1.776764027172375506e+02 1.787803862066628824e+02 5.718281975962924690e+01 8.586546729514175524e+01
6.369135252273472361e+03 1.773666906204252314e+02 1.796827942935269107e+02 5.618818892630255135e+01 8.587049419231337311e+01
6.370131253896728595e+03 1.771600435152965645e+02 1.806662095163237609e+02 5.520649200322083772e+01 8.574222137333063642e+01
6.371188714991943925e+03 1.772005418812159121e+02 1.815063452389035774e+02 5.422311396231697955e+01 8.578773002354805044e+01
6.372501463337361201e+03 1.772584509533774906e+02 1.821255009733345105e+02 5.325924649781157427e+01 8.564946755387083499e+01
6.373642725494614751e+03 1.771234065677674892e+02 1.827072633358300209e+02 5.229274088623240857e+01 8.574311701489665438e+01
6.374638123431787790e+03 1.770718837278375020e+02 1.832428661643745897e+02 5.131991543012733814e+01 8.555887541733056878e+01
6.375699925760275619e+03 1.774170771182483577e+02 1.838609267649891024e+02 5.032024621916945506e+01 8.558330874542782851e+01
6.376834065420260231e+03 1.776118389891788638e+02 1.844705757687343066e+02 4.933219338534448184e+01 8.569373506282862252e+01
6.377669820911349234e+03 1.773316067945661985e+02 1.853931172916780383e+02 4.836961513768528675e+01 8.577280058048521028e+01
6.378415560306710177e+03 1.772405146256604951e+02 1.862320525148382160e+02 4.739873835859037854e+01 8.561499679795291229e+01
6.379269547116195099e+03 1.772780732913862494e+02 1.871140077562599799e+02 4.640257468011289177e+01 8.570248718381527908e+01
6.380247414704886069e+03 1.773552197945467412e+02 1.879549469551266156e+02 4.544263385139511513e+01 8.591626148436698429e+01
6.381523867262680142e+03 1.775722749675134651e+02 1.887683714228348322e+02 4.451155942465938864e+01 8.622062583738944852e+01
6.382957187611033987e+03 1.776737523660933675e+02 1.898475224443454010e+02 4.351381146361002550e+01 8.628298740298521352e+01
6.384179957512860710e+03 1.776815145025096569e+02 1.908830665986584165e+02 4.251699092651247014e+01 8.632851101502103575e+01
6.385504836769267968e+03 1.776509506007265031e+02 1.920951896155663690e+02 4.152085280022908620e+01 8.625327490278148446e+01
6.386823033561183365e+03 1.775507270589925781e+02 1.933860393433641320e+02 4.053594276223678605e+01 8.625728974981433339e+01
6.388068948765783716e+03 1.776042026218317460e+02 1.947682881011822928e+02 3.955110071602690880e+01 8.636440519164058571e+01
6.389219879043820583e+03 1.776341710064396295e+02 1.961913371385931555e+02 3.855357053062150641e+01 8.636653345553891370e+01
6.390275150544411190e+03 1.775907355196623314e+02 1.974156641277467656e+02 3.755571670408614438e+01 8.641438838492300079e+01
6.391291295385588455e+03 1.774845201507971808e+02 1.984511905166536678e+02 3.655660908757359095e+01 8.643866863084544150e+01
6.392264154708387650e+03 1.773206335027865634e+02 1.994381939798277017e+02 3.555788707408191129e+01 8.648260295827969912e+01
6.393196705751075569e+03 1.771407953451369224e+02 2.004162877548981214e+02 3.456045575262079694e+01 8.644476182161717759e+01
6.394126018644673422e+03 1.769320094092369970e+02 2.013778149999770335e+02 3.356383373597818576e+01 8.638229224355042390e+01
6.395063508918739899e+03 1.766930419986835830e+02 2.023259309915781046e+02 3.257188651321272488e+01 8.629912135681024665e+01
6.395941838534005910e+03 1.763698059793806010e+02 2.032754831368205259e+02 3.158380510778354733e+01 8.615491722128761864e+01
6.396711044925934402e+03 1.760254491850008094e+02 2.040904855063701291e+02 3.058617267769637493e+01 8.608942543116855006e+01
6.397566185388342092e+03 1.759253291486789976e+02 2.043630787565422509e+02 2.961101321514664875e+01 8.591482425888884222e+01
6.399253630216025158e+03 1.763114540440347753e+02 2.032674196654029402e+02 2.963017448852275137e+01 8.572162942231663862e+01
6.400152331467984368e+03 1.765345358364994865e+02 2.023590129094766610e+02 3.062617384527479558e+01 8.570097420116293563e+01
6.401108959124831927e+03 1.765586578618423630e+02 2.014445449512436426e+02 3.160252267384008817e+01 8.586190790958566765e+01
6.401958447813261046e+03 1.765529548847709123e+02 2.006082257320353790e+02 3.258678999944330457e+01 8.570401777953790656e+01
6.402760184500144533e+03 1.767187413178228894e+02 1.997655615916335421e+02 3.358664131891049465e+01 8.569860049035831651e+01
6.403541644814114989e+03 1.768807514338008389e+02 1.989309708382462532e+02 3.458492098525080394e+01 8.569382437217629445e+01
6.404378606321662119e+03 1.772012234261808317e+02 1.980117244444668358e+02 3.558031053511093944e+01 8.578824164965732280e+01
6.405221781380052562e+03 1.774391222149520502e+02 1.971335186474812815e+02 3.657837016702404753e+01 8.582386783971543309e+01
6.405989556432782592e+03 1.776537290400806057e+02 1.963060864750320036e+02 3.757346147299779204e+01 8.582112932378726100e+01
6.406717329100780262e+03 1.776444023453030070e+02 1.955931198309669696e+02 3.855701777052480139e+01 8.590906100323879002e+01
6.407489591711020694e+03 1.775270292035035880e+02 1.948339515091681733e+02 3.954161735850654935e+01 8.573912928944054102e+01
6.408396718109678659e+03 1.774266612463815989e+02 1.938308466870211646e+02 4.053410837997465421e+01 8.562082590823814598e+01
6.409277485489698847e+03 1.775462068480684081e+02 1.928889089731654565e+02 4.152064898017543726e+01 8.552985077575132777e+01
6.410199017355907017e+03 1.777511838550908578e+02 1.919103093791580932e+02 4.250690421227519522e+01 8.557498278296927197e+01
6.411081660234071933e+03 1.776613117128460715e+02 1.909363384830202506e+02 4.348768194404241427e+01 8.544183414232296059e+01
6.412000611462820416e+03 1.779416934258870242e+02 1.897677865531360908e+02 4.445711579269947578e+01 8.539505902818504524e+01
6.412973328975290315e+03 1.781143490697328673e+02 1.887422923489012021e+02 4.538457852027934081e+01 8.512882357895823304e+01
6.414031320964964834e+03 1.783886190690922717e+02 1.878145926498387723e+02 4.635194492713615233e+01 8.511030053819685293e+01
6.415033560911537279e+03 1.785804885136387554e+02 1.867433746355965809e+02 4.729226957353407812e+01 8.481869919270522473e+01
6.416509823558202697e+03 1.792342298148231521e+02 1.858559050209710790e+02 4.827904054331357031e+01 8.488791868342835301e+01
6.422072614099455677e+03 1.803373772765872616e+02 1.848673137719469537e+02 4.924539524169735927e+01 8.500183783456544973e+01
6.429929687912886038e+03 1.814605520547144693e+02 1.835926133558433264e+02 5.023095008359481284e+01 8.488563967650574682e+01
6.430590206384583325e+03 1.816557764551042737e+02 1.826846801481352998e+02 5.122792905694370091e+01 8.495706565561356172e+01
6.431157075380764581e+03 1.821338350609111956e+02 1.819633085387335143e+02 5.219220049662396121e+01 8.517733171564157146e+01
6.431774079598508251e+03 1.823909978412461328e+02 1.811350967389132336e+02 5.313464936928676252e+01 8.548093252725576008e+01
6.432442521600540204e+03 1.824816725564877231e+02 1.802162199083200562e+02 5.412369641090180750e+01 8.549247033153110920e+01
6.433059903553775257e+03 1.826313339869434458e+02 1.794155784810006082e+02 5.511269761481272411e+01 8.542303936187758495e+01
6.433699084350652811e+03 1.828173724379944929e+02 1.785888159695522006e+02 5.611010008907378932e+01 8.547744836233917454e+01
6.434412709470550908e+03 1.829498227262328953e+02 1.774969433924877649e+02 5.710986637971451074e+01 8.546160678186629411e+01
6.435071274050821557e+03 1.830771602156054030e+02 1.763846569998666496e+02 5.809177808977332091e+01 8.532272923667034092e+01
6.435625782748925303e+03 1.833835572644033505e+02 1.754686636259059753e+02 5.906174164413827299e+01 8.509170294834956394e+01
6.436166840852894893e+03 1.837784533492547325e+02 1.746875040796427356e+02 6.005518158890267699e+01 8.503215396430294959e+01
6.436698668485027156e+03 1.841096609179998040e+02 1.739671862756450196e+02 6.105306927817684937e+01 8.509649660175793429e+01
6.437270834644489696e+03 1.843777168065606986e+02 1.731807972155201298e+02 6.204004166049659119e+01 8.523704159348125131e+01
6.437900387847315869e+03 1.844424169383976277e+02 1.723507751157081316e+02 6.302349674478217878e+01 8.539641412742697923e+01
6.438518528030582274e+03 1.845429335037107705e+02 1.715361844441198684e+02 6.402239862563118322e+01 8.542223951345619071e+01
6.439108396387302491e+03 1.847542284047945316e+02 1.707193328557140717e+02 6.501970169419104195e+01 8.545795084309879996e+01
6.439718988766555412e+03 1.847988499217720744e+02 1.698577423515848182e+02 6.601410260536766827e+01 8.547579363162694222e+01
6.440373983657681492e+03 1.847597445695969611e+02 1.690231072411864375e+02 6.701055398646370520e+01 8.539446122838815256e+01
6.441006841543938208e+03 1.848230903920861863e+02 1.682588036690058004e+02 6.800787069636069759e+01 8.532313269437261738e+01
6.441596946061007657e+03 1.850798355495094256e+02 1.674505728264610696e+02 6.900549618847321653e+01 8.526346710625122682e+01
6.442198738062436860e+03 1.853272735040806651e+02 1.665863242913426916e+02 7.000366173156265859e+01 8.529110763023949460e+01
6.442824402023093171e+03 1.855806569906885102e+02 1.656840336067810995e+02 7.099678445385586656e+01 8.527122991653770612e+01
6.443453058285641418e+03 1.858579834667019099e+02 1.648042355533058014e+02 7.199038338140111648e+01 8.522536706886826607e+01
6.444085037183872373e+03 1.859468795664115532e+02 1.638678485398190219e+02 7.298891953506225150e+01 8.523852202747771400e+01
6.444717402466513704e+03 1.860834598595075420e+02 1.628456589508511740e+02 7.398686312329212456e+01 8.517750217635145304e+01
6.445344083680773110e+03 1.862658649535795803e+02 1.617592145691025394e+02 7.498131867333842138e+01 8.519978517001766249e+01
6.445961947197920381e+03 1.863448773694625231e+02 1.606846654432933974e+02 7.597622296063762803e+01 8.522194897908555333e+01
6.446570867923169317e+03 1.864779029101114531e+02 1.596778042278073428e+02 7.697467037529879974e+01 8.520431906137072531e+01
6.447177947156830669e+03 1.865468475492566256e+02 1.587423416782895913e+02 7.797433528286232729e+01 8.521151526764421646e+01
6.447781741283479278e+03 1.865509241930012081e+02 1.578900125425482202e+02 7.897297221900265640e+01 8.516667741003054459e+01
6.448380912484504734e+03 1.865070319287169696e+02 1.570487936032811263e+02 7.997084093546654060e+01 8.516671988408988625e+01
6.449007998709097592e+03 1.864278154281038837e+02 1.561405674877166803e+02 8.096995434128503177e+01 8.518846251206760201e+01
6.449650677665952571e+03 1.864887708572959468e+02 1.552490007857954879e+02 8.196883654238027361e+01 8.521737312960243571e+01
6.450307806399118817e+03 1.866968224732348460e+02 1.544187224331178925e+02 8.296717931024052461e+01 8.527463850874192985e+01
6.451009101303779062e+03 1.869952724927973406e+02 1.535369572890047323e+02 8.396470856038173736e+01 8.534321871511399138e+01
6.451733524176229366e+03 1.873916980976269429e+02 1.526250729310720544e+02 8.495960874551431630e+01 8.544289187024881471e+01
6.452420662740932130e+03 1.878674961331904001e+02 1.517634430221349930e+02 8.595549224797045440e+01 8.545152771291365923e+01
6.453071961086505326e+03 1.882591606210411328e+02 1.509012026561766788e+02 8.695421463234826831e+01 8.544038377517372851e+01
6.453736683753563739e+03 1.885036677585781320e+02 1.499829468405118007e+02 8.795376194506656020e+01 8.543623322101726103e+01
6.454456687842846804e+03 1.887261606332604060e+02 1.490239263479073770e+02 8.895357412118410423e+01 8.542621770728617037e+01
6.455211025759158474e+03 1.889287062747029040e+02 1.480572415873087095e+02 8.995356075167708809e+01 8.543131859558401686e+01
6.455909300722112675e+03 1.890903637304148219e+02 1.471431622054369086e+02 9.095355270401509529e+01 8.543485149634368270e+01
6.456577647774682191e+03 1.891568212919607106e+02 1.462327443986132778e+02 9.195351396349551010e+01 8.542886395602799610e+01
6.457299386049587156e+03 1.893157148396239791e+02 1.452337091505607134e+02 9.295054962575325419e+01 8.536409584701446818e+01
6.458075100536661921e+03 1.896632045700472702e+02 1.441838348423493983e+02 9.394402778803522835e+01 8.540791215494533617e+01
6.458852073721750457e+03 1.899551187272157904e+02 1.431611830419703040e+02 9.494091338285292636e+01 8.547481469706677615e+01
6.459598875698055053e+03 1.900550642063019779e+02 1.422035793248544735e+02 9.593998485994782754e+01 8.551758694825279861e+01
6.460308198995070597e+03 1.900564594042752731e+02 1.413158764714204949e+02 9.693931011108215046e+01 8.551379190959285381e+01
6.460985537033521723e+03 1.902065686297074478e+02 1.404568896577555392e+02 9.793758500281190038e+01 8.545781867389426623e+01
6.461694765653533068e+03 1.904047330055987004e+02 1.396148928723960410e+02 9.893623842902977117e+01 8.546666851095694994e+01
6.462462821432952296e+03 1.905858339988509442e+02 1.387200303907819148e+02 9.993381952856496753e+01 8.542504705386021158e+01
6.463211290510198523e+03 1.907180695896623206e+02 1.378185423676450512e+02 1.009328242352561915e+02 8.541107252554490969e+01
6.463877727077161580e+03 1.907780638127459838e+02 1.370259491331604806e+02 1.019327617364862135e+02 8.542210109292597053e+01
6.464570759801954409e+03 1.909777318522515088e+02 1.362041953797987617e+02 1.029326191517221645e+02 8.543847241695540617e+01
6.465350463036576912e+03 1.912325752654451492e+02 1.352616011785165711e+02 1.039314315911669411e+02 8.548422680185876743e+01
6.466167914849841509e+03 1.914631933549339919e+02 1.342744278819891690e+02 1.049302128936083847e+02 8.546648269089567407e+01
6.466993629425794097e+03 1.916113125611235546e+02 1.333366632176116298e+02 1.059297687767168270e+02 8.546797400263588429e+01
6.467813844586271443e+03 1.916790521218508445e+02 1.324041638212361534e+02 1.069287180674989202e+02 8.543543735899763192e+01
6.468592636297970785e+03 1.917936704068595191e+02 1.314905663252804686e+02 1.079279693480114588e+02 8.544524444963512622e+01
6.469326100505438262e+03 1.919449491302868580e+02 1.306716102049971937e+02 1.089255846996594101e+02 8.551138931319739811e+01
6.470083018832805465e+03 1.921031500451432237e+02 1.298097685304125264e+02 1.099235490781434095e+02 8.557461759644549204e+01
6.470893180683913670e+03 1.922321041848219636e+02 1.288593199505925497e+02 1.109202170082085246e+02 8.565517316773603795e+01
6.471708838131797165e+03 1.923786203999540305e+02 1.278683378049417598e+02 1.119187916617123761e+02 8.570334820781057772e+01
6.472508098268587673e+03 1.924580009233947067e+02 1.268748432095518268e+02 1.129180342008388465e+02 8.574219779668602825e+01
6.473254104471066967e+03 1.925642846907594219e+02 1.259224370293442377e+02 1.139142107316264969e+02 8.567845733874926850e+01
6.473973026791045413e+03 1.927477671116875513e+02 1.250361762346048664e+02 1.149107199731268310e+02 8.571411672495167977e+01
6.474702141698815467e+03 1.930532034177519165e+02 1.242541066489103514e+02 1.159068508920574345e+02 8.566150163430749842e+01
6.475496963334750035e+03 1.933621956724045106e+02 1.234987191707659377e+02 1.169027996550560715e+02 8.557157953539753237e+01
6.476233202526817877e+03 1.934872018132851395e+02 1.230934767641946053e+02 1.178258347511325752e+02 8.521261211822769610e+01
6.476908883258084643e+03 1.934196643858085736e+02 1.230225465505190385e+02 1.186449556156982510e+02 8.464365013264600179e+01
6.477655802248247710e+03 1.930183773570898893e+02 1.230264920574547176e+02 1.194730008817069802e+02 8.408331490891828253e+01
6.478503665635555990e+03 1.926885936361227607e+02 1.228786861577683851e+02 1.204410154829490409e+02 8.389997133007045704e+01
6.479318694854343448e+03 1.920151059088984482e+02 1.222593370512196316e+02 1.212463709036949666e+02 8.333884354795031868e+01
6.480110507256124947e+03 1.918066161405000400e+02 1.211499084111706281e+02 1.220797366711056497e+02 8.278700894114481912e+01
6.480775035951434802e+03 1.911086897147337424e+02 1.206235420790936530e+02 1.230479244424405891e+02 8.256191212320857176e+01
6.481322467832814255e+03 1.907323216425284329e+02 1.200906367963122676e+02 1.238669593040204973e+02 8.200219566726367759e+01
6.481983171620871872e+03 1.906293239761989184e+02 1.191029977455784064e+02 1.247941666965790546e+02 8.163667785793407461e+01
6.482692484961768969e+03 1.902435941092493863e+02 1.182207627149619213e+02 1.256886502794012586e+02 8.119094077656949082e+01
6.483383648461091070e+03 1.904377854299213197e+02 1.173130009573655599e+02 1.266188034821687012e+02 8.082504649844241840e+01
6.483988315015813896e+03 1.900761940633281029e+02 1.165017483849094759e+02 1.276103594185993160e+02 8.072351543963293352e+01
6.484502256933966237e+03 1.899591686401005575e+02 1.157267835936006719e+02 1.285448445193032967e+02 8.037748979423507478e+01
6.485134953340849279e+03 1.902375274302519017e+02 1.148089484414123547e+02 1.295305625908293337e+02 8.022311028662306853e+01
6.485810552037333764e+03 1.903580359106246078e+02 1.139832777269643316e+02 1.305290571971358986e+02 8.024935990513519357e+01
6.486412597943863148e+03 1.904745531098245976e+02 1.131581989210562966e+02 1.315190601761647144e+02 8.011787082054287623e+01
6.487076059151508161e+03 1.905312829689719365e+02 1.121854758638035179e+02 1.325167040287502971e+02 8.005379451980027739e+01
6.487809000511218983e+03 1.906357170406809587e+02 1.112315375309163983e+02 1.335165129184378543e+02 8.003862037217768943e+01
6.488450760356685350e+03 1.908661024790880276e+02 1.104418492699296053e+02 1.345153513398051359e+02 8.008380083791473680e+01
6.489050415354337019e+03 1.910289258596731656e+02 1.096459881025377143e+02 1.354989894433370807e+02 8.026005615793151549e+01
6.489651940812172143e+03 1.912386445480146051e+02 1.090011198168117517e+02 1.364968418772564576e+02 8.031220227135035827e+01
6.490384634406786063e+03 1.915867873133112198e+02 1.082594400190162389e+02 1.374961653659601382e+02 8.034896190719868514e+01
6.491037705528525294e+03 1.917055380138818066e+02 1.074468587012843415e+02 1.384631650559328477e+02 8.059629674630107843e+01
6.491589910587711529e+03 1.918125232098108199e+02 1.067367779737659532e+02 1.394530065081026748e+02 8.073358064067602413e+01
6.492292755143384966e+03 1.920481434408543464e+02 1.057983230343209868e+02 1.404396036309720444e+02 8.089642883278730778e+01
6.493076111218993901e+03 1.923793848446951529e+02 1.049570490366945990e+02 1.413896919867505630e+02 8.120561362131367389e+01
6.493865771515970664e+03 1.926126903504034544e+02 1.040640925986163410e+02 1.423562479360868736e+02 8.146136412985349295e+01
6.494728058251508628e+03 1.927274866974193515e+02 1.030463788075784066e+02 1.432916554406304499e+02 8.181367968405538704e+01
6.495417047778689266e+03 1.926656538952152005e+02 1.023364381070826852e+02 1.442812718538547188e+02 8.194218292602560894e+01
6.496117656469081339e+03 1.928500007511457000e+02 1.014261847078972778e+02 1.452288942813621873e+02 8.225681667766177441e+01
6.496864080218858362e+03 1.932705536432243889e+02 1.005514260858154643e+02 1.461803868110352482e+02 8.256443232843341207e+01
6.497568090336868408e+03 1.935723272557782479e+02 9.971124416743484176e+01 1.470780631854160845e+02 8.300349698787736941e+01
6.498223422220111388e+03 1.938022157913878516e+02 9.890897621221552072e+01 1.479865863146110598e+02 8.342123962376487611e+01
6.498819124187422858e+03 1.942681827986242808e+02 9.825733292806938834e+01 1.489314791229345190e+02 8.374768808647608864e+01
6.499444330201977209e+03 1.947534971791730811e+02 9.793203654150849502e+01 1.497859536542903527e+02 8.426445234815574281e+01
6.500102116249477149e+03 1.953017517633129785e+02 9.748773950186622983e+01 1.507008862169886356e+02 8.466663380135265982e+01
6.500756786722608012e+03 1.962279292342965675e+02 9.713108999070021810e+01 1.514476580224135205e+02 8.532806959168289040e+01
6.501354704305678752e+03 1.970246719324706248e+02 9.672218796746749092e+01 1.520887400046974847e+02 8.609499835615442009e+01
6.501926733541913563e+03 1.978556545558740254e+02 9.670625026868076191e+01 1.526559083300865893e+02 8.691838899574938182e+01
6.502507071655277286e+03 1.986274423422518396e+02 9.688242221415998756e+01 1.528111598324809677e+02 8.790366261686793337e+01
6.503095472843192510e+03 1.993920661204877831e+02 9.700906086305592169e+01 1.528302715700814076e+02 8.890328621430413136e+01
6.503611529429869734e+03 2.001064139050765505e+02 9.711569079100547697e+01 1.528747805061186398e+02 8.990228529809530755e+01
6.504181510453024202e+03 2.008851981380312850e+02 9.728099244692180037e+01 1.528781934511036411e+02 9.090225827579577356e+01
6.504849619652867659e+03 2.017531977951792896e+02 9.750750418490240179e+01 1.528467266068320498e+02 9.190174929034955653e+01
6.505487260712864554e+03 2.025327936774255306e+02 9.766792310419830869e+01 1.528397727128383679e+02 9.290171749780421351e+01
6.506202727570605930e+03 2.033879466956269084e+02 9.772092776523361124e+01 1.528091854803982130e+02 9.390124298877672970e+01
6.506960828164419581e+03 2.044712849571781703e+02 9.765494658396326599e+01 1.530916580101283841e+02 9.486004663091273414e+01
6.507743810263717933e+03 2.055281979745006140e+02 9.803648416048972081e+01 1.532168664564679830e+02 9.585147944147155386e+01
6.508363370283856057e+03 2.064363480165269777e+02 9.817649053191128417e+01 1.530246379305712310e+02 9.683268355956582241e+01
6.509001554452596793e+03 2.073893679731798443e+02 9.833106562335917999e+01 1.529689113512083622e+02 9.783111873773222555e+01
6.509742446650698184e+03 2.085004048659842510e+02 9.841059083437374966e+01 1.528764282137967143e+02 9.882681088438263828e+01
6.510396926872465883e+03 2.094430851267722176e+02 9.838744656952603407e+01 1.528393129870864300e+02 9.982601477066232576e+01
6.510990935118208654e+03 2.102116606115866091e+02 9.837607531176590214e+01 1.529129937411630351e+02 1.008232832103113026e+02
6.511655690696739839e+03 2.111202925062370923e+02 9.842823440737986118e+01 1.530265745945970082e+02 1.018167818000168978e+02
6.512356490552733703e+03 2.120987781159085444e+02 9.857723987291188905e+01 1.531864600122327147e+02 1.028030935706154168e+02
6.512981596007003645e+03 2.127219281392901564e+02 9.866740636724797753e+01 1.531118207342906032e+02 1.038002652164544344e+02
6.513610393772735733e+03 2.132379770285757843e+02 9.846099873497412602e+01 1.531015229710436358e+02 1.047984459092685086e+02
6.514229023610694640e+03 2.140940437588437248e+02 9.832700056436959812e+01 1.533264975490130553e+02 1.057715192597545695e+02
6.514848228285012738e+03 2.149763229276463790e+02 9.850507907248773165e+01 1.533551040742939620e+02 1.067710980096650673e+02
6.515465781808224165e+03 2.157798065902420319e+02 9.876622281771565781e+01 1.533651471710531666e+02 1.077710453345020909e+02
6.516096278220596105e+03 2.165876575292650159e+02 9.908538240005592002e+01 1.533771943250881407e+02 1.087707159625832674e+02
6.516725458749671816e+03 2.174780794994034068e+02 9.922495016702558246e+01 1.533157760615279130e+02 1.097682201810511202e+02
6.517400739595310370e+03 2.184086327962749294e+02 9.933279311485976848e+01 1.533738029405470797e+02 1.107664588397809808e+02
6.518121386729562801e+03 2.194254103723386606e+02 9.940523861085328861e+01 1.533914625420523237e+02 1.117662460906011006e+02
6.518804682058600520e+03 2.203847268984055745e+02 9.944608003132229612e+01 1.534425085838664984e+02 1.127648417919575508e+02
6.519454937804316614e+03 2.212260844586857047e+02 9.962302031239708811e+01 1.534289825312075095e+02 1.137635959952468596e+02
6.520097703640022701e+03 2.220057025771192798e+02 9.978469784491261407e+01 1.532873088450922978e+02 1.147513640257858469e+02
6.520813733751861037e+03 2.227928546888818460e+02 1.000146852310890466e+02 1.533468255775693194e+02 1.157494915074739623e+02
6.521512896002208436e+03 2.236077135006783294e+02 1.002370766062198584e+02 1.534421660047496516e+02 1.167448055702880652e+02
6.522112676916257442e+03 2.243636308900445613e+02 1.003032445304238252e+02 1.535088017430586262e+02 1.177414351694886250e+02
6.522799840090920043e+03 2.252875205737575754e+02 1.002998985067451514e+02 1.536994459158182735e+02 1.187229138835943587e+02
6.523514507305896586e+03 2.263004409531359045e+02 1.003474730434971605e+02 1.538360453197232971e+02 1.197135063113876186e+02
6.524158811634860285e+03 2.271073137382503546e+02 1.005261509493671070e+02 1.539457014827752062e+02 1.207073932039945277e+02
6.524813638496059866e+03 2.276337013176824087e+02 1.009076921328253178e+02 1.540162684946749039e+02 1.217048337017461250e+02
6.525604992893208873e+03 2.280356701901758356e+02 1.012750028302956480e+02 1.540623637574744009e+02 1.227036697242686927e+02
6.526570275315565596e+03 2.285954220950501394e+02 1.015105599112126100e+02 1.541220062444579071e+02 1.237005465936379238e+02
6.527493119611140173e+03 2.292208761869592308e+02 1.017801637219833708e+02 1.540475108153225676e+02 1.246973797337995791e+02
6.528233331946228645e+03 2.299458951088472247e+02 1.020930927644104145e+02 1.538891800037151825e+02 1.256838445990000679e+02
6.528919721765114446e+03 2.308812289431143085e+02 1.025254549396963313e+02 1.536314719648487142e+02 1.266499318935212557e+02
6.529601040458723219e+03 2.317705907422844689e+02 1.029194446019498059e+02 1.533308088772489839e+02 1.276034520785439099e+02
6.530261303598398626e+03 2.326587111097034608e+02 1.031207847152250707e+02 1.530748715299770595e+02 1.285569930060123625e+02
6.530852621068597728e+03 2.334687583166042373e+02 1.033757553397692561e+02 1.530726691074322332e+02 1.295537948488971267e+02
6.531477859482210079e+03 2.341212906882291804e+02 1.036610156399756164e+02 1.529717268685647014e+02 1.305457940393975491e+02
6.532346823631852203e+03 2.346679930408067491e+02 1.037255754169227089e+02 1.532635205259205975e+02 1.314175854679217252e+02
6.533294288315195445e+03 2.352601942323124717e+02 1.034731189125941597e+02 1.541064496723685977e+02 1.319155888751659518e+02
6.534182370979106054e+03 2.356389085111028407e+02 1.028119741430092517e+02 1.550686442205762319e+02 1.319742147076755998e+02
6.534954409233272600e+03 2.358020262055993328e+02 1.019631865949264267e+02 1.560445006835469712e+02 1.317582961333726814e+02
6.535609300845049802e+03 2.359908892209162445e+02 1.012038443957150946e+02 1.570337755107542534e+02 1.316192778792449758e+02
6.536249391245963125e+03 2.359906156347005890e+02 1.003386243263720843e+02 1.580289484842383274e+02 1.315212750641915136e+02
6.536894342422500813e+03 2.358081294210552414e+02 9.938885334047583342e+01 1.590236771271929683e+02 1.314187355894358689e+02
6.537510915062937784e+03 2.357931999815001518e+02 9.847666801044688611e+01 1.600200198501690636e+02 1.313354732021004452e+02
6.538128201467467989e+03 2.358908896177972565e+02 9.753777559492837668e+01 1.610181022608612125e+02 1.313317484689885930e+02
6.538752177811201364e+03 2.359580847168847413e+02 9.656812701573196023e+01 1.620144238997488628e+02 1.313111984233910334e+02
6.539382370530336630e+03 2.360180033334818859e+02 9.555931616752377522e+01 1.630115376838322163e+02 1.312595647841842208e+02
6.540028851320587819e+03 2.360229343656030210e+02 9.449454553414659586e+01 1.640115138888430977e+02 1.312662416444596545e+02
6.540690339282042260e+03 2.361759777079640799e+02 9.352753855192098342e+01 1.650106536928450396e+02 1.312416085077945525e+02
6.541425833782680456e+03 2.365402248916363703e+02 9.265745082774124342e+01 1.659987257755173005e+02 1.313164586505924092e+02
6.542255544537046262e+03 2.368320052132183378e+02 9.177060594623588941e+01 1.669861393980974356e+02 1.314600015640911579e+02
6.543115063274410204e+03 2.369570902673418402e+02 9.079502874108131039e+01 1.679665579029272635e+02 1.316331893607046197e+02
6.543900693691651213e+03 2.369732385767343033e+02 8.981909586014779734e+01 1.689482250398041856e+02 1.317229455819276609e+02
6.544596272836652133e+03 2.367859927500528556e+02 8.887604515656916249e+01 1.699445446289677193e+02 1.316381337656088988e+02
6.545286837224445662e+03 2.366352406244197653e+02 8.809059883857882767e+01 1.709350748855731865e+02 1.315052055377678641e+02
6.546019860566427269e+03 2.369538555432920646e+02 8.765835172626297833e+01 1.719189870387315295e+02 1.313270126638619786e+02
6.546723607806551627e+03 2.373158952458387319e+02 8.711582515344726119e+01 1.729041794159528820e+02 1.311565445988275656e+02
6.547404031334491265e+03 2.377338115136905969e+02 8.631594423173405062e+01 1.738790919505327111e+02 1.309416905723261948e+02
6.548088341230902188e+03 2.382351617652411448e+02 8.563033320800767001e+01 1.748566694252453146e+02 1.308951152941928626e+02
6.548753346192394929e+03 2.385736269236463158e+02 8.503709673371223232e+01 1.758500204517665111e+02 1.309121386385699282e+02
6.549485073163771631e+03 2.388732856810797784e+02 8.434341159688898415e+01 1.768481296120604327e+02 1.308568890033670868e+02
6.550241976613036059e+03 2.390850066620239716e+02 8.364346247486980701e+01 1.778410321950985349e+02 1.309305034066720737e+02
6.550967934492455242e+03 2.392534723053594803e+02 8.283819323129625900e+01 1.788356258093783424e+02 1.309995233465477611e+02
6.551613247269093335e+03 2.393673112372581215e+02 8.197645053906396129e+01 1.798199660760779466e+02 1.311316126562586248e+02
6.552199296311036960e+03 2.395853155446824587e+02 8.120229616818781437e+01 1.808055588230873809e+02 1.312846800961494296e+02
6.552854827988539910e+03 2.399308118340899227e+02 8.041450991267186055e+01 1.817831956655972192e+02 1.314754951043318840e+02
6.553654088730892909e+03 2.401334604689099592e+02 7.944268019835521955e+01 1.827676592062607028e+02 1.315896993197517588e+02
6.554444488435550738e+03 2.401949955903191665e+02 7.851137457359025973e+01 1.837470929035362701e+02 1.314370703399343370e+02
6.555278539480003928e+03 2.399057569152201950e+02 7.774152980461170159e+01 1.845934522189708673e+02 1.309500860053536826e+02
6.556093347685676235e+03 2.392929614415684796e+02 7.734423470338207096e+01 1.850642533601939590e+02 1.301164159828854565e+02
6.556820380854324867e+03 2.384074927436206224e+02 7.728188689952889945e+01 1.851651578320956162e+02 1.291313037089268789e+02
6.557548346778193263e+03 2.374418876037961752e+02 7.726631526122920945e+01 1.850103855601839768e+02 1.281504398261390349e+02
6.558333427682769070e+03 2.364026585940011103e+02 7.712355713834153903e+01 1.848109224833560233e+02 1.271716074472518443e+02
6.559066037655014952e+03 2.353958806485807145e+02 7.698380484307043048e+01 1.847160704304179717e+02 1.261777182044789640e+02
6.559750373325429791e+03 2.344210604146067567e+02 7.690840016627196007e+01 1.846335239240344777e+02 1.251815583423141618e+02
6.560463082915297491e+03 2.333674473588640126e+02 7.684538006128487098e+01 1.846432978898998272e+02 1.241863704604901528e+02
6.561147863384588163e+03 2.323772281203189323e+02 7.680681103599611959e+01 1.846596382755141690e+02 1.231884606275442593e+02
6.561816533439304294e+03 2.313900832239093859e+02 7.668791123092351825e+01 1.846509117572567504e+02 1.221887543024077161e+02
6.562469181878542258e+03 2.304211476787859851e+02 7.656897111714945936e+01 1.847245922542039978e+02 1.211928860441250748e+02
6.563073693280218322e+03 2.295299254406385501e+02 7.644125148798291036e+01 1.847637480846906897e+02 1.201958072306425152e+02
6.563707167407648740e+03 2.286512654721658180e+02 7.623667667244987456e+01 1.848141134444448141e+02 1.191985749666214929e+02
6.564425675449968367e+03 2.277093711729311849e+02 7.605020219592294950e+01 1.848670250820512706e+02 1.182006145292144623e+02
6.565146579111538813e+03 2.267825076966103950e+02 7.587730655373960076e+01 1.848962325488209046e+02 1.172010532943951802e+02
6.565880867893134564e+03 2.258550642607407326e+02 7.578228751893659876e+01 1.850061295484986772e+02 1.162091616427038048e+02
6.566583696474557655e+03 2.249573728495641944e+02 7.582595773488982616e+01 1.849766831301469097e+02 1.152220763799172261e+02
6.567259914009729073e+03 2.240868771362865459e+02 7.587360717594962978e+01 1.848942608591596581e+02 1.142274474300520239e+02
6.568021995707737915e+03 2.231086100309013034e+02 7.596006269905757335e+01 1.847798968383908971e+02 1.132363449447266817e+02
6.568787452416499946e+03 2.221642272158198637e+02 7.589687554696550364e+01 1.845914956749484759e+02 1.122543756379822355e+02
6.569524485884096066e+03 2.212692641345280720e+02 7.575309620322794046e+01 1.845182230425810133e+02 1.112624457052548053e+02
6.570258973850137409e+03 2.202775013616641786e+02 7.564107622906885808e+01 1.843835452999175288e+02 1.102783751932163341e+02
6.570979382481584253e+03 2.192838801425827455e+02 7.548978250044496008e+01 1.842388637023733509e+02 1.092911147402015644e+02
6.571689186520322437e+03 2.184238942906479224e+02 7.530193120209200686e+01 1.842547004663207133e+02 1.082949322019645848e+02
6.572371554379015834e+03 2.175909856602529544e+02 7.504333568180693703e+01 1.843396862563525929e+02 1.072985504963014733e+02
6.573095832689697090e+03 2.166736927461145399e+02 7.470262493859536335e+01 1.844664138811213547e+02 1.063071486479130101e+02
6.573872934908230491e+03 2.156699433759812905e+02 7.439565907797594946e+01 1.845139241443964124e+02 1.053116627511300010e+02
6.574644721019712051e+03 2.145975417699015679e+02 7.423361860208615326e+01 1.845825362908791192e+02 1.043162161371555925e+02
6.575387293223424422e+03 2.135236467444794073e+02 7.414806675260386726e+01 1.845065433871394589e+02 1.033301284671128002e+02
6.576122140435908477e+03 2.124734294782251141e+02 7.385761316606638616e+01 1.844762695096256380e+02 1.023375759463623496e+02
6.576803497163014981e+03 2.114888923592420440e+02 7.362702842586686813e+01 1.846822943268516610e+02 1.013651847353067694e+02
6.577452125629297370e+03 2.105980455145188444e+02 7.340559761980175324e+01 1.848416236346291726e+02 1.003821565908883429e+02
6.578100043643788922e+03 2.097116666421731850e+02 7.338265941146772775e+01 1.850229023235871466e+02 9.940056771576902861e+01
6.578797545930777233e+03 2.088564704800168670e+02 7.363866310690632133e+01 1.849064310638479185e+02 9.843145417469226288e+01
6.579532328374538338e+03 2.080108673641164216e+02 7.362621303234925563e+01 1.847132725940002445e+02 9.745114772534662961e+01
6.580231964063489613e+03 2.071411133139730509e+02 7.362563150908351872e+01 1.846652098847047228e+02 9.645509699075404342e+01
6.580891038943584135e+03 2.062418826323125245e+02 7.366362883507258630e+01 1.845415160125593275e+02 9.546556837314265920e+01
6.581572809490253348e+03 2.053335509292117251e+02 7.359365969534695751e+01 1.844810647057742301e+02 9.446952332600834268e+01
6.582305941986352082e+03 2.043872510852792459e+02 7.340520899823985701e+01 1.844504331459349942e+02 9.347000700613895674e+01
6.583026275718638317e+03 2.034213405709136282e+02 7.333415472870125029e+01 1.845249628526492813e+02 9.247486157303278276e+01
6.583769338240976140e+03 2.023681138394695722e+02 7.343491795287191337e+01 1.845319492298754938e+02 9.147684134787154164e+01
6.584470555357854209e+03 2.014051249705281350e+02 7.337043602759010241e+01 1.843704978493461226e+02 9.049250564987809753e+01
6.585143302163178305e+03 2.006609197304290717e+02 7.324585799740185621e+01 1.843788617724989365e+02 8.949760568284317230e+01
6.585936523194498477e+03 1.999850476866631936e+02 7.323100545934332217e+01 1.842340326313389198e+02 8.851278257869670085e+01
6.586881438140434511e+03 1.992923191076477281e+02 7.320681998094441667e+01 1.840568071467521634e+02 8.752863046207430386e+01
6.587835311809852101e+03 1.987270994371644974e+02 7.297018262501993036e+01 1.841063186809946899e+02 8.653439640341782990e+01
6.588906027460533551e+03 1.978867485643246482e+02 7.240456749326062891e+01 1.842480595575402162e+02 8.554474112617437243e+01
6.589917343208344391e+03 1.968414537139796892e+02 7.179688363592082112e+01 1.844025896172222474e+02 8.455675413451236011e+01
6.590717755412038059e+03 1.961949876516324878e+02 7.147153405945557836e+01 1.845463517546599519e+02 8.356715347724534126e+01
6.591948303415621012e+03 1.958411839463894921e+02 7.118359584348642954e+01 1.845241105854217381e+02 8.256967810341781444e+01
6.593351917498887815e+03 1.950818521561962768e+02 7.087522013762877293e+01 1.842740743075814009e+02 8.160352468112316160e+01
6.594249069325219352e+03 1.940992288692323768e+02 7.072183542537452183e+01 1.841781380049018537e+02 8.060945070237113441e+01
6.594949095178775679e+03 1.931641307956104470e+02 7.060267644440195056e+01 1.841530065460263472e+02 7.960989811628635948e+01
6.595600922717550020e+03 1.927333986703003461e+02 7.055398155383741710e+01 1.841679533797175452e+02 7.861006167728446314e+01
6.596288261867159235e+03 1.927274331401027609e+02 7.039047659529440182e+01 1.841131072651812701e+02 7.761178553265864366e+01
6.596968035867321305e+03 1.924305078796500368e+02 7.042229797245019540e+01 1.840992952600355750e+02 7.661196808026605254e+01
6.597603669789525156e+03 1.923831303298105695e+02 7.046763796764996357e+01 1.841260074041201733e+02 7.561237391150250176e+01
6.598273185139357338e+03 1.924614939239733360e+02 7.034466516108409451e+01 1.841634338356005287e+02 7.461307683484065478e+01
6.598934249080523841e+03 1.916208795510788434e+02 7.020134992252118877e+01 1.842298946898164047e+02 7.361531632654333634e+01
6.599585923088146046e+03 1.909101017064120640e+02 7.012588815604533465e+01 1.842897120318455109e+02 7.261710961586581448e+01
6.600308364943545712e+03 1.906182697809495608e+02 7.010934529422149808e+01 1.844311137267174274e+02 7.162739889939665261e+01
6.601117936111435483e+03 1.901356966421110712e+02 6.995808143087465680e+01 1.842542662665939872e+02 7.064672254012776875e+01
6.602083707875743130e+03 1.896627782968236033e+02 6.989133432387870926e+01 1.835767996056614493e+02 6.991401486395294285e+01
6.603687665630464835e+03 1.894919308980743153e+02 6.999011696295875140e+01 1.826451424477027956e+02 6.955840760484286989e+01
6.605205263762197319e+03 1.893716599926854940e+02 7.074608179429013433e+01 1.816460425248297383e+02 6.956108498665319928e+01
6.605951816494487502e+03 1.891464634549425625e+02 7.173166844368897443e+01 1.806618221242343054e+02 6.938738379639920595e+01
6.606489142968610395e+03 1.888352289105189072e+02 7.270515264745652928e+01 1.796626828855464737e+02 6.934874035124613556e+01
6.606942693240366680e+03 1.884291327152169231e+02 7.347012927486356659e+01 1.786629677305609789e+02 6.936003497074666768e+01
6.607341302485098822e+03 1.882084073301901412e+02 7.411644058262214685e+01 1.776654846252558855e+02 6.929030118935249050e+01
6.607762088108221178e+03 1.882841277411639851e+02 7.468501298128315113e+01 1.766718582261456731e+02 6.917971043430510747e+01
6.608192535271826273e+03 1.882805842212465848e+02 7.526836619007420381e+01 1.756727144538859307e+02 6.915856819389796328e+01
6.608706214792786341e+03 1.881186896836587437e+02 7.601483045150007456e+01 1.746781262447194649e+02 6.925974827492949260e+01
6.609197309001277063e+03 1.878671684699787932e+02 7.679900343535906870e+01 1.736783474170489683e+02 6.927899682265881154e+01
6.609674472463135317e+03 1.875556977834382621e+02 7.759945104049096187e+01 1.726795332095119875e+02 6.932127473654180960e+01
6.610144174814477083e+03 1.874478729025329358e+02 7.844143538616943090e+01 1.716812602944421826e+02 6.927030490757141479e+01
6.610628054442961002e+03 1.874018268522901565e+02 7.910586005299006729e+01 1.706923519091757555e+02 6.912255060017147912e+01
6.611204118037152512e+03 1.870873274615155992e+02 7.948160970372778422e+01 1.696988901052698679e+02 6.901540367127114450e+01
6.611923249941290123e+03 1.867961427561253629e+02 7.965526375087812028e+01 1.687336196227837490e+02 6.875967984806636935e+01
6.614139123133616522e+03 1.865117860067386459e+02 7.962716136747400242e+01 1.678266652398560268e+02 6.833871966841972778e+01
6.624947415249984260e+03 1.861179834712475838e+02 7.867236978209442100e+01 1.668619993142704629e+02 6.822238012975572019e+01
6.626713737294800922e+03 1.864209879667040752e+02 7.862446247989124970e+01 1.659695668702873377e+02 6.786671733342019763e+01
