# ts_seconds,x,y,gt_x,gt_y
4.585233867495177037e+03 1.687743626996333433e+02 6.921592954385772600e+01 1.687743626996333433e+02 6.921592954385772600e+01
4.600690969734562714e+03 1.679128109910562046e+02 7.092185083698404924e+01 1.678112535017284586e+02 6.895057686520902962e+01
4.601271308201363354e+03 1.676801768107724797e+02 7.226114060080890056e+01 1.668139647507208849e+02 6.888300523844758061e+01
4.601702234978632077e+03 1.675586509227854890e+02 7.333652701273858554e+01 1.658154451272699532e+02 6.893538534333266909e+01
4.602096491420801613e+03 1.674553912208435520e+02 7.433066074004734958e+01 1.648169433517468860e+02 6.893993894031272873e+01
4.602479484840058831e+03 1.673361444636803697e+02 7.529915364442824455e+01 1.638413882721240498e+02 6.915962583645209349e+01
4.602869994007200148e+03 1.672351974542575306e+02 7.629622594071945230e+01 1.628605786810011864e+02 6.935392352342771005e+01
4.603227010017006251e+03 1.671202025741010573e+02 7.718656325781347505e+01 1.618706175115582937e+02 6.949234214595435333e+01
4.603597073725029986e+03 1.669425496567833704e+02 7.802292196370294164e+01 1.608999984191840440e+02 6.972961821400249960e+01
4.604030130913500216e+03 1.667039592223769375e+02 7.892782438859646277e+01 1.599035224939006810e+02 6.980802902150698230e+01
4.604509057817495886e+03 1.664307783648497718e+02 7.986281862322994129e+01 1.589040810506695607e+02 6.977849789823406468e+01
4.605049708597093741e+03 1.661239213537354260e+02 8.080788275829603151e+01 1.579056383809646888e+02 6.979219201707138609e+01
4.605641202300254918e+03 1.658722875780090931e+02 8.176320135472275297e+01 1.569207525104294234e+02 6.962141124430338834e+01
4.606271257059783238e+03 1.656252794727560342e+02 8.280815630429093233e+01 1.559234357605477044e+02 6.954889897787272446e+01
4.606835893805847263e+03 1.654143137303883293e+02 8.382824402677867681e+01 1.549288597097924765e+02 6.945191920912361638e+01
4.607413567852970118e+03 1.653467005347260113e+02 8.490546347006635131e+01 1.539301197024869339e+02 6.949371353810238361e+01
4.607960218074346813e+03 1.654310332996663533e+02 8.599336747679467408e+01 1.529405257796329920e+02 6.963633942684298006e+01
4.608482009420580653e+03 1.656848567324476846e+02 8.711281311605192457e+01 1.519716100588209713e+02 6.986865567281685685e+01
4.608900320316006400e+03 1.659790875073602194e+02 8.803497291946320047e+01 1.510961241008894831e+02 7.035185970021071000e+01
4.609323083469572339e+03 1.663803404982967891e+02 8.895845467248189209e+01 1.502175695820801309e+02 7.082803138475389915e+01
4.609758320594051838e+03 1.668012759917816084e+02 8.989178564643617619e+01 1.494041488192175962e+02 7.140938523900244661e+01
4.610155550093748388e+03 1.671749733215057745e+02 9.074042905219896227e+01 1.486222104247357265e+02 7.203224014461596880e+01
4.610581904146541092e+03 1.676256461135472478e+02 9.163261969268920382e+01 1.478022879243064267e+02 7.260341072573785937e+01
4.611043635993577482e+03 1.680992091198774290e+02 9.254568218008823521e+01 1.470542265810064180e+02 7.326703968387538168e+01
4.611505683801554369e+03 1.685141851342584971e+02 9.337818596596677878e+01 1.462986566148609882e+02 7.392154866622306031e+01
4.612016736159195716e+03 1.689429197798309019e+02 9.420372910857282989e+01 1.455000434318271800e+02 7.452234238691636392e+01
4.612569355449132672e+03 1.693794508077237992e+02 9.498763640999283098e+01 1.447631561684364385e+02 7.519801395734414484e+01
4.613227213832253256e+03 1.698612453731122116e+02 9.580708423229417292e+01 1.439916453136885082e+02 7.583360331315222425e+01
4.613954257817020334e+03 1.702433485734837859e+02 9.663904889041083379e+01 1.432637007935133511e+02 7.651769926231142449e+01
4.615046085643059087e+03 1.705131521841871631e+02 9.745434840995083903e+01 1.424405845133013884e+02 7.708241306810492688e+01
4.618104688139304926e+03 1.706923699068673272e+02 9.807585234051337864e+01 1.415408571332618237e+02 7.751687127487784323e+01
4.622560402090774005e+03 1.708551982706727870e+02 9.873814315835639377e+01 1.406788489334751944e+02 7.796826164566878958e+01
4.624909537325087513e+03 1.705394658909080476e+02 1.001605881275414731e+02 1.396885085815805496e+02 7.786814980194722580e+01
4.625815789153076366e+03 1.703798715335905740e+02 1.012422906682541708e+02 1.386911765078228029e+02 7.793900278605642029e+01
4.626538075643134107e+03 1.702677249036655667e+02 1.022376949629256586e+02 1.376921589880478507e+02 7.798266594076699221e+01
4.627289567062488459e+03 1.700855138208279698e+02 1.031973416222549105e+02 1.366934688711101273e+02 7.802075047730235724e+01
4.628133662831874972e+03 1.699529471410544090e+02 1.042277638713749752e+02 1.356983026518850863e+02 7.805008962803006511e+01
4.630469944733242301e+03 1.700566562999763960e+02 1.052001863184296298e+02 1.347437393078361936e+02 7.831658469922923871e+01
4.636102384650429485e+03 1.705045165908239255e+02 1.063826166837753675e+02 1.338801369722732488e+02 7.882019827033340675e+01
4.638399178416886571e+03 1.708870452720571222e+02 1.076626173942151325e+02 1.330537501437408991e+02 7.938166505722250577e+01
4.639002673674594917e+03 1.709522443015115414e+02 1.086726906447843390e+02 1.321900737195269642e+02 7.985763855502649733e+01
4.639592804924824122e+03 1.708228898384977299e+02 1.096005069229197488e+02 1.312244672882448526e+02 8.011024935828017135e+01
4.640206254372239528e+03 1.704141507961975321e+02 1.104106000056612231e+02 1.302555167710403907e+02 8.007994320121528631e+01
4.640858983208368045e+03 1.697611965625424659e+02 1.111879783169906517e+02 1.293578238964165905e+02 7.966056693228176755e+01
4.641462916323898753e+03 1.690672417696474099e+02 1.118005429241614905e+02 1.285074215847816390e+02 7.913579473027853339e+01
4.642073901477795516e+03 1.683647680486515981e+02 1.123361093679935578e+02 1.277163571509975526e+02 7.854172676034829692e+01
4.642710982697384679e+03 1.676817026903962642e+02 1.128586010792147363e+02 1.269596334713749570e+02 7.789714884308017417e+01
4.643468740100076502e+03 1.669567440970480732e+02 1.131576666145510899e+02 1.262656241618932853e+02 7.720875218683350738e+01
4.644724740835873490e+03 1.666019836446031945e+02 1.126145560915574322e+02 1.263680362388862761e+02 7.649380737027911437e+01
4.645825107249145731e+03 1.669166121206684466e+02 1.114840697998139092e+02 1.272772326752231322e+02 7.646791157589763088e+01
4.646512330073451267e+03 1.674328984372829439e+02 1.105654658356371698e+02 1.282353828973408554e+02 7.675417077969036939e+01
4.647146199948264439e+03 1.680239644664571017e+02 1.097274231825061435e+02 1.291517013295054710e+02 7.714533577996876090e+01
4.647759431939748538e+03 1.686358269492896511e+02 1.089235975134717052e+02 1.300528295494115127e+02 7.757864249963328973e+01
4.648337432685151725e+03 1.692068735498059198e+02 1.081499210441671153e+02 1.309365767421713826e+02 7.804520728547204556e+01
4.648919135664734313e+03 1.697292559095925526e+02 1.073528628062961019e+02 1.318225507848629547e+02 7.850836243624908661e+01
4.649497166237744750e+03 1.702730601226379292e+02 1.065500660172097156e+02 1.327438512770271757e+02 7.889397590063701671e+01
4.650063739758761585e+03 1.707898893561846307e+02 1.057278773157866425e+02 1.336629689326312018e+02 7.928662656473140657e+01
4.650648348243425062e+03 1.712463960989539657e+02 1.048410463402535555e+02 1.345984830273932005e+02 7.963625116410199212e+01
4.651264932406103071e+03 1.716427105683596608e+02 1.039080512097717133e+02 1.355503320785317669e+02 7.994274523844816827e+01
4.651907572371039350e+03 1.720084788986891340e+02 1.029510066205400278e+02 1.365192025812220891e+02 8.018640156814858244e+01
4.652504246437492839e+03 1.723595859290676628e+02 1.020616006596413285e+02 1.375015999884061557e+02 8.037214596485550544e+01
4.653048831859726306e+03 1.726086659324307959e+02 1.012332904892263343e+02 1.384709570695355012e+02 8.061270584466478795e+01
4.653602749566113744e+03 1.727960178570591552e+02 1.003493638183140462e+02 1.394541033151809586e+02 8.077833130400073003e+01
4.654188217489228919e+03 1.729553696594098255e+02 9.937230879392134852e+01 1.404501424782245067e+02 8.086541509739393518e+01
4.654791922224420887e+03 1.730737274228183651e+02 9.835278619245499954e+01 1.414491468681998469e+02 8.087894871835734989e+01
4.655392282703113779e+03 1.731674946923379537e+02 9.736264069952019895e+01 1.424457537940525924e+02 8.080636285846289013e+01
4.656005937234061093e+03 1.732238681256347093e+02 9.636521052575587021e+01 1.434424579165694809e+02 8.072628054612226833e+01
4.656627217961323367e+03 1.732351664093357897e+02 9.535822349415172994e+01 1.444301511709029455e+02 8.057852997787472304e+01
4.657265140094423259e+03 1.731306929364956204e+02 9.432719003031834859e+01 1.454115597184086255e+02 8.038672217873602222e+01
4.657888398708937530e+03 1.729359712745180673e+02 9.332733911004090999e+01 1.463575602891148151e+02 8.007248295930419602e+01
4.658502833979796378e+03 1.727012394623446880e+02 9.234955367963047479e+01 1.472864586499982522e+02 7.970217670721245895e+01
4.659169589482079573e+03 1.725353723933498884e+02 9.131623896710297572e+01 1.482215890502284878e+02 7.934811857448717376e+01
4.660026046105997921e+03 1.727003636432362157e+02 9.036946771686012880e+01 1.491992330025995557e+02 7.916939156149405221e+01
4.662195767928833448e+03 1.733376723866674638e+02 8.997886089829933098e+01 1.498627827698055341e+02 7.973898843815733528e+01
4.682309942815589238e+03 1.732761085827414718e+02 9.007799262746820546e+01 1.495586958112614866e+02 8.059441121148124410e+01
4.684858823861902238e+03 1.728378633617000730e+02 9.097965091733468057e+01 1.486299961265395950e+02 8.025915650642475896e+01
4.686074219378820999e+03 1.730203496324957086e+02 9.172490724189668754e+01 1.476516296504249794e+02 8.041215431761902721e+01
4.688806703475254835e+03 1.742174482790699699e+02 9.197824398517376210e+01 1.472224905718849755e+02 8.105761121322525753e+01
4.690007876224562096e+03 1.755206177500754166e+02 9.172466066146768071e+01 1.477221109263164749e+02 8.191949179626843147e+01
4.690507503642790653e+03 1.765362929355843562e+02 9.123499377645555342e+01 1.483241270887627081e+02 8.271794163686600143e+01
4.690942306396575077e+03 1.774581399535041157e+02 9.072135883504402898e+01 1.489815675895333413e+02 8.346655517275858926e+01
4.691331278187614771e+03 1.783376009546978764e+02 9.028801185510494065e+01 1.497191462307231404e+02 8.414178780986988215e+01
4.691726124859266747e+03 1.792989669356301192e+02 8.994177231618388646e+01 1.504039958113054354e+02 8.486569421146826642e+01
4.692104325240039543e+03 1.802652542200893322e+02 8.973318976857295581e+01 1.509961903326281174e+02 8.567126784030261888e+01
4.692475742056835770e+03 1.812592620805376669e+02 8.963571392515306968e+01 1.515057753206418454e+02 8.652658309679426907e+01
4.692867270725368144e+03 1.823371407387744227e+02 8.961858442613123543e+01 1.518251179636039296e+02 8.746742435586932629e+01
4.693234711763230735e+03 1.833232602263348099e+02 8.973323652825588681e+01 1.520083616568521734e+02 8.845048320855258339e+01
4.693571624275670729e+03 1.840796315853439467e+02 9.013269422972820166e+01 1.521681641407859615e+02 8.943694394415967963e+01
4.693912029296335277e+03 1.845711564183926043e+02 9.087807002284532132e+01 1.522351159047173041e+02 9.043294762178905444e+01
4.694248729394289512e+03 1.848550051804697318e+02 9.178032746402895725e+01 1.522317002981052383e+02 9.143292454101175792e+01
4.694585272684023948e+03 1.850918026118059743e+02 9.271235291501822928e+01 1.522433429948381445e+02 9.243281021486598092e+01
4.694920117217509869e+03 1.853360467751750491e+02 9.363631519040360729e+01 1.522168704475744505e+02 9.343042037147492351e+01
4.695266089155859845e+03 1.856074909982819747e+02 9.457076676392767922e+01 1.521146312555725899e+02 9.442515994250940992e+01
4.695630833189480654e+03 1.858996067692667111e+02 9.553017879675786617e+01 1.520535464287883940e+02 9.542241354060676883e+01
4.695981310466129798e+03 1.862093605407017662e+02 9.645435398703948238e+01 1.520221028386919784e+02 9.642149676836098138e+01
4.696336821436357241e+03 1.865764293972040946e+02 9.741395817841295468e+01 1.519573104421145047e+02 9.741938747537390952e+01
4.696686523571202088e+03 1.869647312147364744e+02 9.837578596059292124e+01 1.519365362922373208e+02 9.841797092490094201e+01
4.697009254846800104e+03 1.873613129325510442e+02 9.927927483786584162e+01 1.519824709367005369e+02 9.941689429088296492e+01
4.697333339390230321e+03 1.878025752761652711e+02 1.001946329139840941e+02 1.520202558774400359e+02 1.004159716735475314e+02
4.697643135546300982e+03 1.882413480584714875e+02 1.010573527992173695e+02 1.520607912803057502e+02 1.014145177902644122e+02
4.697951802461482657e+03 1.886843670764770025e+02 1.019040432041559825e+02 1.521638601433980398e+02 1.024089322644259568e+02
4.698266846168625307e+03 1.891504123291205701e+02 1.027824054534525828e+02 1.522685120719828546e+02 1.034028756990197166e+02
4.698582128302450656e+03 1.896172001404151501e+02 1.036815531970775339e+02 1.523580157812558582e+02 1.043983029583804267e+02
4.698903175306279081e+03 1.900516068742652180e+02 1.046156608137467572e+02 1.525107186264011148e+02 1.053861945928071435e+02
4.699211331731609789e+03 1.904262795537076727e+02 1.055459686642764012e+02 1.526537679337523343e+02 1.063744040848724524e+02
4.699521701144054532e+03 1.907873024469009238e+02 1.065059863715531776e+02 1.526972875118129593e+02 1.073726601231306574e+02
4.699823724203274651e+03 1.911079885819938227e+02 1.074355081329222656e+02 1.527107738149724980e+02 1.083722764835342076e+02
4.700115655315180447e+03 1.913984547654851838e+02 1.083332396229281187e+02 1.527346712885780562e+02 1.093716947462080924e+02
4.700424181461120497e+03 1.917205461857595310e+02 1.092810508550126372e+02 1.527087135925027042e+02 1.103710599490311211e+02
4.700726686761280689e+03 1.920580524433320591e+02 1.101921128622257271e+02 1.526866147113792067e+02 1.113699237861513751e+02
4.701027676423585945e+03 1.924262636090569742e+02 1.110767342747816429e+02 1.527178149799962057e+02 1.123694361742537637e+02
4.701321861536745928e+03 1.928165156604032120e+02 1.119242820586602249e+02 1.527201998633543099e+02 1.133687294753188723e+02
4.701628889384307513e+03 1.932317270320535556e+02 1.127974846532978859e+02 1.526961235636113372e+02 1.143681370431227009e+02
4.701950899661247604e+03 1.936720308732722629e+02 1.136962624477717725e+02 1.527402933066055084e+02 1.153660641343296476e+02
4.702262540098539830e+03 1.941145697199044946e+02 1.145739308863083039e+02 1.528274673563709598e+02 1.163620925904126864e+02
4.702580741362516164e+03 1.945634751023332001e+02 1.154907019583634451e+02 1.528772351165092687e+02 1.173606783242548630e+02
4.702883360397328943e+03 1.949566205358011075e+02 1.163634710174476936e+02 1.529434848400121325e+02 1.183572903221790966e+02
4.703177102852589996e+03 1.953181285627767920e+02 1.171963354410948170e+02 1.530477488156495838e+02 1.193514759145274979e+02
4.703483820362956976e+03 1.956805700227458544e+02 1.180519608152781501e+02 1.530791530382782639e+02 1.203497785790452923e+02
4.703802156776314405e+03 1.959982173116388253e+02 1.189135237791102355e+02 1.530827716085563850e+02 1.213489861304314417e+02
4.704142490142936367e+03 1.962817442645927883e+02 1.198069288634684852e+02 1.531351748732907652e+02 1.223476120920675214e+02
4.704479390763384799e+03 1.965380822012621707e+02 1.206875935812009288e+02 1.531256903348268850e+02 1.233446665450708792e+02
4.704835491598226326e+03 1.967682038811834104e+02 1.216062595441668037e+02 1.530266720483905658e+02 1.243397431429441156e+02
4.705217945147613136e+03 1.969402283118074877e+02 1.225903053157814497e+02 1.529369412180561483e+02 1.253356962492706401e+02
4.705591734096004984e+03 1.970673789482374900e+02 1.235721022173579797e+02 1.527985433312889825e+02 1.263237721263439681e+02
4.705964447050068884e+03 1.971475472105969686e+02 1.245394416571328549e+02 1.525644000726371985e+02 1.272958029377005289e+02
4.706348385845799385e+03 1.971643683344902342e+02 1.254819782742562069e+02 1.523151754261676274e+02 1.282642154872057461e+02
4.706739308178692227e+03 1.971417787527821588e+02 1.263611756512096207e+02 1.520186161897687782e+02 1.292164851064251252e+02
4.707151625474638422e+03 1.970771739023430200e+02 1.271581333923467696e+02 1.516426085925664893e+02 1.301430877389211673e+02
4.707652135951950186e+03 1.969770688073363374e+02 1.278351300974473332e+02 1.512522316973671934e+02 1.310633657311029481e+02
4.709819350033438241e+03 1.971244746972137136e+02 1.281522598892185272e+02 1.513640909629009457e+02 1.317910536765173504e+02
4.712992574228570447e+03 1.982111960931865156e+02 1.285164775896694778e+02 1.521851553819168430e+02 1.323536628327575499e+02
4.714306199228710284e+03 1.994363313517350775e+02 1.290779864645776058e+02 1.529603409188913190e+02 1.329853932644968779e+02
4.714934824518387359e+03 2.004595468003493863e+02 1.293208680991825474e+02 1.537368200360040476e+02 1.336155296865179594e+02
4.715486626831315334e+03 2.014243240311786849e+02 1.291331432942101856e+02 1.546149139198752209e+02 1.340685583102494718e+02
4.716041422797938139e+03 2.023713196095753801e+02 1.285867397797264857e+02 1.555893845219552816e+02 1.342505540810222726e+02
4.716545816545806701e+03 2.032249963392916356e+02 1.279334551109341760e+02 1.565616038745185961e+02 1.340924699528528947e+02
4.717013591174287285e+03 2.040294859437642003e+02 1.272686439744736191e+02 1.575214342524082838e+02 1.338118899491994398e+02
4.717478804115975436e+03 2.048399385460258202e+02 1.266118109446708644e+02 1.584701283689304887e+02 1.334967111495511460e+02
4.717925719678595669e+03 2.056157627421304994e+02 1.259924812348861280e+02 1.594203239904648512e+02 1.331854481703205124e+02
4.718366755084030046e+03 2.063819049038490334e+02 1.254143952130036723e+02 1.603903462324963982e+02 1.329466085974923146e+02
4.718824396456397153e+03 2.072642462498959617e+02 1.249202171312785339e+02 1.613617701897037762e+02 1.327101106879389079e+02
4.719303388519592772e+03 2.083200042504529392e+02 1.245615807413050078e+02 1.623474524870057394e+02 1.325557791433577393e+02
4.719753096513928540e+03 2.093631818718017996e+02 1.243639399933140339e+02 1.633432622804061509e+02 1.325777946353140919e+02
4.720179647584001032e+03 2.103686158342520685e+02 1.242205046035389984e+02 1.643342172999774959e+02 1.327079522336528328e+02
4.720609720941228261e+03 2.113935684295686315e+02 1.240281872049571916e+02 1.653127499169071655e+02 1.329110293486072294e+02
4.721041924777517124e+03 2.124028176937268313e+02 1.238041843889408824e+02 1.662976229477254719e+02 1.330796266229361038e+02
4.721457067732376345e+03 2.133654874495545357e+02 1.235883722683081629e+02 1.672871811738656049e+02 1.332237523478930825e+02
4.721876081117669855e+03 2.142958824760658842e+02 1.233307626393707608e+02 1.682627152274382070e+02 1.334384380497158133e+02
4.722324250715650123e+03 2.152243159912627561e+02 1.229913095970617292e+02 1.692484660893826742e+02 1.335956194616721007e+02
4.722776015880056548e+03 2.161346785114902218e+02 1.225749011587519703e+02 1.702458136868929728e+02 1.336585980848382746e+02
4.723228861503305779e+03 2.170243987189560926e+02 1.221145635178827007e+02 1.712453816012819061e+02 1.336536733171579101e+02
4.723687459318404763e+03 2.179231612310281889e+02 1.216466274561199867e+02 1.722340949093712084e+02 1.335214577310972572e+02
4.724150435135937187e+03 2.188695815151876047e+02 1.211792116204940157e+02 1.732239476576016841e+02 1.333815290576968380e+02
4.724585752115090145e+03 2.198119322854746542e+02 1.208188100502185165e+02 1.742155512842516885e+02 1.332522586815895806e+02
4.724998049637718395e+03 2.207450192600003618e+02 1.206053946581367029e+02 1.752102090795509923e+02 1.331508823254966671e+02
4.725408498232372040e+03 2.216905478678339421e+02 1.204412491424028104e+02 1.761995231347926278e+02 1.332433273466137109e+02
4.725807962681210483e+03 2.226141557691159107e+02 1.202709714388350761e+02 1.771874687908111241e+02 1.333980528562955783e+02
4.726187921525749516e+03 2.235045379686561944e+02 1.200985932953489908e+02 1.781804058263315937e+02 1.335146800888189489e+02
4.726578700172151002e+03 2.244214693043467435e+02 1.198771321003932542e+02 1.791667897084846004e+02 1.336752962757704779e+02
4.726975876533180781e+03 2.253266663673474568e+02 1.196123863525574365e+02 1.801598887411878991e+02 1.337833702687536288e+02
4.727377387350345998e+03 2.261869273149104629e+02 1.193001785962534456e+02 1.811588206771357932e+02 1.338221558818799224e+02
4.727811405208657561e+03 2.270308385333647152e+02 1.188791459859761517e+02 1.821561405773950355e+02 1.338903645332322867e+02
4.728289552548312713e+03 2.278113256812544591e+02 1.183257194438619990e+02 1.831462361671366352e+02 1.337968913028848874e+02
4.728819823017787712e+03 2.284708855634461031e+02 1.175935124842194881e+02 1.841025083386785184e+02 1.335139771946131191e+02
4.729394037729036427e+03 2.289885531663554161e+02 1.166615379015776597e+02 1.849997745643498206e+02 1.330779134120725189e+02
4.729954371580980478e+03 2.291951162113480223e+02 1.156151422165274312e+02 1.857606730644751849e+02 1.324381445899464609e+02
4.730500374740951884e+03 2.290940628335782208e+02 1.145031632355042177e+02 1.863476377522495966e+02 1.316342495949109264e+02
4.730996873927759225e+03 2.288048622559743990e+02 1.134778477918436010e+02 1.866341523735975727e+02 1.306863031265569930e+02
4.731449726756150994e+03 2.283768965710127645e+02 1.125382289731505097e+02 1.867500044903534899e+02 1.296943915663318307e+02
4.731867992019293524e+03 2.278831876471957401e+02 1.116688631182994129e+02 1.867260354500081121e+02 1.286961745394605714e+02
4.732261218310461118e+03 2.273609678238487106e+02 1.108485609121728430e+02 1.865860073663200467e+02 1.277068925462496480e+02
4.732646045353144473e+03 2.268406096428666956e+02 1.100169920051512236e+02 1.864698217122986534e+02 1.267138581755375952e+02
4.733020550733474010e+03 2.263899189293455265e+02 1.091749866588238689e+02 1.863198245631089378e+02 1.257253657638543842e+02
4.733406412303207617e+03 2.259690706967577398e+02 1.082837619148474744e+02 1.861810057083779384e+02 1.247350900420254476e+02
4.733806001068627666e+03 2.255633407514001192e+02 1.073592261440945066e+02 1.861729396236628418e+02 1.237367144002333106e+02
4.734197942070819408e+03 2.252106827858354734e+02 1.064708629770431685e+02 1.861794855476259443e+02 1.227367463878807854e+02
4.734603882097130736e+03 2.248368012495011783e+02 1.055715297010169138e+02 1.861592056612281851e+02 1.217370109002540062e+02
4.735037005702606621e+03 2.244395033959453940e+02 1.046273078648987962e+02 1.861476024001867700e+02 1.207370953720019315e+02
4.735469537974834566e+03 2.241364139621353502e+02 1.036657516011712801e+02 1.860759372430737812e+02 1.197400410538988922e+02
4.735897912649709724e+03 2.239022980449985312e+02 1.026689873493116920e+02 1.860721132438140160e+02 1.187406473062224421e+02
4.736318860741689605e+03 2.236554730831850861e+02 1.016872076729122512e+02 1.862028665134860717e+02 1.177505006758797634e+02
4.736723952228636335e+03 2.233754540272270788e+02 1.007589743310289663e+02 1.863117318730309080e+02 1.167566073638722912e+02
4.737113551062256192e+03 2.230300024037614719e+02 9.988681902814776947e+01 1.863948822233131466e+02 1.157600994121208231e+02
4.737516698259405530e+03 2.226109109863922981e+02 9.901763225911746247e+01 1.864227203294060757e+02 1.147607215294947309e+02
4.737924998147941551e+03 2.221594034006193965e+02 9.815205421490318827e+01 1.863263113658439920e+02 1.137664986072465183e+02
4.738317789561052450e+03 2.216940817980724034e+02 9.733429820935211296e+01 1.862451055606224486e+02 1.127699006592933557e+02
4.738717096185500850e+03 2.212456178797807809e+02 9.650651813351957742e+01 1.861483162346515314e+02 1.117746325848995639e+02
4.739121096451526682e+03 2.208449027095430779e+02 9.564259680638856764e+01 1.859925775648540878e+02 1.107870798718569461e+02
4.739519463094648927e+03 2.204755748141444656e+02 9.474707281087792410e+01 1.859298470442305984e+02 1.097898562447379049e+02
4.739916067698308325e+03 2.201313561461084021e+02 9.381801735734470071e+01 1.859295232599172039e+02 1.087900189872011651e+02
4.740310432143420257e+03 2.197978113009173740e+02 9.288909445204498638e+01 1.859040591445535995e+02 1.077904197550007268e+02
4.740691309280703535e+03 2.195086535409948567e+02 9.198436281200946496e+01 1.859411639408718031e+02 1.067914449578050977e+02
4.741072484063762204e+03 2.192998177266662481e+02 9.105355931532953662e+01 1.859938179618898459e+02 1.057928343813452869e+02
4.741485070397576237e+03 2.190953845589570221e+02 9.006391827995834376e+01 1.860498697713072431e+02 1.047944070003730843e+02
4.741923064684438032e+03 2.188096220835663246e+02 8.906427069282899822e+01 1.862396014268258568e+02 1.038138652650949041e+02
4.742343191442532770e+03 2.184761657810177837e+02 8.813054184626325593e+01 1.863590571861558658e+02 1.028215757532447299e+02
4.742767571244653482e+03 2.180501515025259778e+02 8.719477437925230845e+01 1.863341535264453626e+02 1.018229194814904446e+02
4.743197877405785221e+03 2.175220572191049655e+02 8.626803554704193289e+01 1.862935202515472781e+02 1.008237453553081195e+02
4.743597439765943818e+03 2.170128693739459607e+02 8.544264722464261297e+01 1.861441969555992841e+02 9.983566720003024386e+01
4.743999674971759305e+03 2.164864937276555281e+02 8.460928914066992945e+01 1.859590132964961811e+02 9.885299419620646688e+01
4.744425586200585713e+03 2.159100093309296540e+02 8.369244818154569998e+01 1.858256951206147392e+02 9.786208777715663132e+01
4.744834367660370845e+03 2.153688750377253314e+02 8.281669747374111523e+01 1.856207422275365957e+02 9.688366035538467713e+01
4.745234559621371773e+03 2.148526422628106047e+02 8.196599454480870861e+01 1.854371708873798070e+02 9.590070323356404458e+01
4.745654945433871035e+03 2.143742300138450787e+02 8.103375827696477529e+01 1.853391670228944577e+02 9.490586650507657396e+01
4.746076908264392841e+03 2.139687511839209151e+02 8.008504548884259577e+01 1.851998925950347257e+02 9.391573862071622614e+01
4.746489730334217711e+03 2.136026043529949163e+02 7.917289785507060174e+01 1.851752340462749657e+02 9.291674982248589743e+01
4.746918185298392928e+03 2.132845204506421339e+02 7.826513155536021316e+01 1.852279654331677534e+02 9.191832600223570182e+01
4.747361401393320193e+03 2.130368909840852609e+02 7.735220567120474300e+01 1.852293451164500198e+02 9.091846470525962332e+01
4.747817899955998655e+03 2.128261088991585268e+02 7.639608795770689653e+01 1.853379338372422467e+02 8.992491295907102256e+01
4.748273862329487201e+03 2.126654948188889023e+02 7.539224499833844106e+01 1.854683005750834184e+02 8.893345309940747256e+01
4.748713111916438720e+03 2.125192771412034745e+02 7.439556195874769173e+01 1.855864711941239591e+02 8.794046640173279172e+01
4.749137058421805705e+03 2.123076999128780074e+02 7.346298698583275666e+01 1.858395735341155444e+02 8.697376398014081644e+01
4.749556383644037851e+03 2.120264800362497795e+02 7.260449997576907322e+01 1.860117720579895888e+02 8.598900462759165464e+01
4.750016519625054570e+03 2.116444817524546238e+02 7.180664153969289032e+01 1.860612116496317867e+02 8.499062699879540617e+01
4.750567829681939656e+03 2.111918856720805309e+02 7.100380963836754233e+01 1.860657796378334581e+02 8.399067956874648644e+01
4.751156901863190797e+03 2.107733331797119547e+02 7.014784324825095041e+01 1.859821742557157620e+02 8.299439514938782736e+01
4.751761051148317165e+03 2.103034011714087512e+02 6.918944774916209894e+01 1.859656492341021305e+02 8.199467747649357818e+01
4.752314991806359103e+03 2.098942863876666252e+02 6.819361396171588297e+01 1.858427336454830083e+02 8.100258000009142734e+01
4.752814550098011750e+03 2.095121909883046953e+02 6.720764885263017163e+01 1.858086148671270621e+02 8.000335132184306985e+01
4.753307999968806143e+03 2.090941017578922754e+02 6.622816358819953564e+01 1.858523082541582028e+02 7.900439071374361788e+01
4.753786221975379704e+03 2.086905263562731818e+02 6.528021040626047977e+01 1.858193712720524218e+02 7.800502887448797651e+01
4.754241945859123007e+03 2.083066185306177260e+02 6.434872060091501567e+01 1.858527633452945054e+02 7.700565630439504616e+01
4.754682188195983144e+03 2.079608089370975961e+02 6.340219914638455379e+01 1.858312233628338106e+02 7.600593144143692825e+01
4.755139045311721929e+03 2.076474626294853181e+02 6.238016678778622293e+01 1.858268828521796934e+02 7.500594493848629440e+01
4.755602475403581593e+03 2.074190078697734521e+02 6.133870614776981256e+01 1.859424433705150079e+02 7.401280152173441707e+01
4.756043108997024319e+03 2.074536922658699609e+02 6.039962615904840249e+01 1.860992334930820391e+02 7.302518494908643731e+01
4.756497142111679750e+03 2.078726368344137825e+02 5.963394202367866370e+01 1.865387484030130167e+02 7.212810386202966129e+01
4.756974606482315721e+03 2.086317500788027530e+02 5.901367621744682168e+01 1.873040581185538542e+02 7.148525352439810376e+01
4.757453006475524489e+03 2.095464117171767953e+02 5.852498067415235283e+01 1.882039929064424939e+02 7.105139926457682975e+01
4.757917011044220089e+03 2.104343813106948744e+02 5.808543409675598923e+01 1.891923289089590980e+02 7.089911187472294785e+01
4.758360566448604004e+03 2.112330203682737420e+02 5.768760558370666303e+01 1.901813507888948038e+02 7.075141286509017391e+01
4.758842261349897854e+03 2.119801919146973717e+02 5.725387010354323536e+01 1.911734483075695437e+02 7.062603952115996719e+01
4.759430190767560816e+03 2.125000112497226894e+02 5.673082559108266310e+01 1.921614126752340326e+02 7.047242110393521841e+01
4.760642054638647096e+03 2.126102458975151990e+02 5.649706249207316944e+01 1.930549398640956724e+02 7.023909463850139900e+01
4.762207724057700034e+03 2.112781001403972425e+02 5.703737130220205387e+01 1.920554134119763035e+02 7.022563805038383578e+01
4.763139329434670799e+03 2.099063157551539121e+02 5.771752060855882149e+01 1.910563439621152213e+02 7.018250940510144176e+01
4.763610104001284526e+03 2.088561605276298394e+02 5.805847790253268670e+01 1.900645086901940317e+02 7.007574697002681319e+01
4.763964354389120672e+03 2.079850721950932382e+02 5.818283969665444744e+01 1.890825452624313527e+02 6.988684003643415110e+01
4.764311548476318421e+03 2.071355178027197326e+02 5.820322616419711181e+01 1.881086664148753300e+02 6.966186000867654116e+01
4.764681536667594628e+03 2.062644197309415404e+02 5.809644592714775513e+01 1.871785665911400827e+02 6.931089446026341250e+01
4.765092282954431539e+03 2.054227790058292840e+02 5.778897015824327354e+01 1.863181274205900877e+02 6.880462894442540289e+01
4.765544328947972645e+03 2.046723106489185113e+02 5.717201036785468915e+01 1.855731814332424676e+02 6.815126302939167147e+01
4.765998897872857924e+03 2.040558515355623399e+02 5.633808704829656477e+01 1.850980634316132978e+02 6.729664974866308569e+01
4.766412796342839101e+03 2.036098164381792515e+02 5.550037310631465459e+01 1.848663992653258106e+02 6.632519346839087859e+01
4.766801518337094421e+03 2.032673850686589958e+02 5.467579584060813147e+01 1.847089141201740858e+02 6.533795327433584532e+01
4.767173270473765115e+03 2.029745120360304611e+02 5.392844596986828520e+01 1.846526432097982990e+02 6.434278241450756752e+01
4.767559283844871061e+03 2.027567986178867443e+02 5.332881882434475784e+01 1.846605549404975193e+02 6.334302416565270732e+01
4.768146484670995960e+03 2.026363391236595248e+02 5.244138091268247592e+01 1.848058114927929978e+02 6.236787614002341229e+01
4.768780170888810062e+03 2.025634622384064585e+02 5.124917608520971157e+01 1.851228571396789846e+02 6.141946593878607530e+01
4.769233367865605942e+03 2.024419847789063738e+02 5.019104232296248824e+01 1.854343120287169029e+02 6.046922180626406629e+01
4.769638017060588027e+03 2.022341029043610376e+02 4.924524991017006670e+01 1.857547019627197358e+02 5.952206666906272403e+01
4.770019149829460730e+03 2.019802850083829071e+02 4.840382701368455542e+01 1.859799822932068594e+02 5.855478701516258866e+01
4.770414365605528474e+03 2.016425608666490348e+02 4.754837892698871826e+01 1.860563195065349475e+02 5.755824458389502496e+01
4.770826787075849097e+03 2.011965536483165238e+02 4.664727411033184978e+01 1.860910867891269902e+02 5.655888248272630392e+01
4.771209067403660811e+03 2.007580293263445697e+02 4.581857813745121888e+01 1.860281233510031313e+02 5.556512343057219283e+01
4.771591958295254699e+03 2.003141111965335028e+02 4.498915214891145808e+01 1.858856215266412448e+02 5.457545069903352442e+01
4.771982862116929937e+03 1.998393073896473879e+02 4.413504335867051509e+01 1.858129762839144519e+02 5.357965006889622828e+01
4.772350495107939423e+03 1.994117170269744861e+02 4.331591549230142135e+01 1.857358418718297912e+02 5.258465582117746351e+01
4.772733810091710438e+03 1.989938223782393436e+02 4.243220774418077923e+01 1.856171486781329349e+02 5.159202397798266304e+01
4.773123451692448725e+03 1.985734590820957521e+02 4.152695154759224749e+01 1.855799610056745905e+02 5.059441440738558526e+01
4.773491828608664036e+03 1.981962538446267388e+02 4.067239027162224119e+01 1.855622845319063288e+02 4.959542965325913144e+01
4.773876831625348132e+03 1.978250848545347367e+02 3.977253111837178778e+01 1.855291950118327975e+02 4.859636763348945010e+01
4.774275007526570334e+03 1.974113633409830300e+02 3.886791907182779937e+01 1.855837805841360932e+02 4.759970611213263680e+01
4.774656179478062768e+03 1.969714683227521732e+02 3.803029934152428382e+01 1.856116541704166991e+02 4.660429098233019829e+01
4.775054073077762951e+03 1.964733815612186731e+02 3.713628775725752007e+01 1.855384885418747558e+02 4.560699758244464874e+01
4.775469440585763550e+03 1.959687177047704836e+02 3.618809287697536092e+01 1.854815676704904490e+02 4.460891645250951143e+01
4.775854385161831487e+03 1.955761238791987466e+02 3.530707148702691711e+01 1.854093552991520824e+02 4.361239176323709188e+01
4.776240740457164065e+03 1.952022547714276470e+02 3.440220432051889787e+01 1.853671601806332774e+02 4.261607268936305104e+01
4.776652336196319993e+03 1.947925249381849255e+02 3.343122008090446684e+01 1.854168002303256344e+02 4.161742843785532386e+01
4.777035590127016803e+03 1.944151636780985939e+02 3.254716226734699092e+01 1.854277422679742244e+02 4.061907303943771552e+01
4.777404218076801953e+03 1.940046033808033314e+02 3.172685883443654831e+01 1.854136416973948940e+02 3.961973915617677022e+01
4.777796729893134398e+03 1.935641664721447341e+02 3.087586667020707765e+01 1.854125712946333238e+02 3.861998460317497717e+01
4.778183424268425370e+03 1.932128471969105874e+02 3.006036712196913996e+01 1.853208463213689754e+02 3.762666769941270672e+01
4.778586080118652717e+03 1.928778480748160860e+02 2.922302328605290711e+01 1.852405360734121871e+02 3.663357018406742327e+01
4.779038798080474407e+03 1.925051367609342776e+02 2.826594336432149035e+01 1.852611072253008047e+02 3.563387667969205097e+01
4.779482079705324395e+03 1.921806242198154848e+02 2.730380523533799320e+01 1.852599718386503866e+02 3.463455379197969108e+01
4.779903425291186977e+03 1.918434305429521203e+02 2.639340196944786854e+01 1.853020416926399605e+02 3.363889904773495232e+01
4.780341883112338110e+03 1.914499824067711415e+02 2.545564435816440607e+01 1.853771607547265603e+02 3.264316077747100309e+01
4.780781603308354534e+03 1.910648069382217216e+02 2.449573282335029845e+01 1.853878012375779178e+02 3.164326771452649112e+01
4.781198704764553440e+03 1.907089704950659268e+02 2.357309525923371041e+01 1.854729935828125917e+02 3.065072648330971461e+01
4.781597634634833412e+03 1.904054526198215740e+02 2.268169327853707884e+01 1.855809117907035670e+02 2.965890557530736160e+01
4.782019221780819862e+03 1.901089848812584364e+02 2.171438974065433314e+01 1.856289856346359670e+02 2.866010921633834485e+01
4.782466968844887560e+03 1.897497711363853341e+02 2.069763349877680625e+01 1.857295654283383897e+02 2.766614297899283414e+01
4.782900596615649192e+03 1.893554970305806648e+02 1.979188641232933676e+01 1.857899647320633676e+02 2.667173928677648931e+01
4.783340866871552862e+03 1.888693170200173199e+02 1.898943639900331704e+01 1.857679067715115764e+02 2.567200095396215787e+01
4.783826891211375369e+03 1.882159185389980678e+02 1.827953402261593752e+01 1.856466336152337817e+02 2.468530560943334962e+01
4.784352786131285939e+03 1.874653448290548852e+02 1.771633287413219549e+01 1.852931796893009277e+02 2.375940409744808335e+01
4.784964092595712827e+03 1.866330737514781219e+02 1.735415423249151701e+01 1.848099619005061527e+02 2.288391306677500125e+01
4.785951033318451664e+03 1.853156646216632737e+02 1.766245789347744832e+01 1.841165963065473647e+02 2.222821270042132724e+01
4.786847391794373834e+03 1.839131672749000757e+02 1.835664558924840151e+01 1.831671875693576794e+02 2.197708160938305610e+01
4.787335779964591893e+03 1.829084557350755631e+02 1.891638524135326094e+01 1.821695564748551703e+02 2.197285572483401239e+01
4.787756932197278729e+03 1.820056382666305410e+02 1.945154767740909563e+01 1.811732765535066676e+02 2.205642422097933064e+01
4.788142456817040511e+03 1.811547571624445538e+02 1.994323231205364522e+01 1.801763140302860506e+02 2.212794031683684182e+01
4.788521993284388373e+03 1.803264045842622636e+02 2.041085436850196899e+01 1.791819398883335452e+02 2.222163396820689485e+01
4.788903225322595063e+03 1.794919324145767234e+02 2.086400328788442238e+01 1.781891920918042729e+02 2.233992144173530647e+01
4.789279447203919517e+03 1.786610937485898489e+02 2.132273913434767465e+01 1.771915044061306901e+02 2.239201944206922335e+01
4.789666573974659514e+03 1.778141963323280095e+02 2.179424314666385598e+01 1.761946767214784018e+02 2.245456818333919458e+01
4.790056230892530039e+03 1.769633014471477281e+02 2.223684996726194285e+01 1.752007306936924920e+02 2.256443519636999895e+01
4.790441595758909898e+03 1.761286543925657497e+02 2.264816202186980121e+01 1.742036638843594574e+02 2.262348234239306066e+01
4.790849869962318735e+03 1.752417815131211682e+02 2.305311271933598150e+01 1.732046209505379863e+02 2.266081750175674614e+01
4.791276053471244268e+03 1.742994277460201431e+02 2.345374765245558635e+01 1.722058850446852034e+02 2.271030567363312969e+01
4.791692293871925358e+03 1.733958408785792642e+02 2.386610224246413381e+01 1.712065605802898176e+02 2.271246876523371583e+01
4.792093665805085948e+03 1.725392316070809500e+02 2.426840254090751614e+01 1.702073586856550662e+02 2.272161795539653895e+01
4.792504986815451048e+03 1.716444937513581692e+02 2.467181782337396001e+01 1.692078464069255119e+02 2.274192659238106629e+01
4.792910699611577002e+03 1.707628312836987163e+02 2.506837408479037421e+01 1.682085730270814850e+02 2.271321706470486390e+01
4.793301009953072025e+03 1.699121349533265004e+02 2.543193765538515194e+01 1.672093320638046521e+02 2.270048511809434544e+01
4.793713407804462804e+03 1.689836444540057414e+02 2.585190685792805709e+01 1.662098494885275386e+02 2.268967667968439272e+01
4.794120120013066298e+03 1.680655425462845187e+02 2.633138320143407896e+01 1.652131616184450706e+02 2.261528433291677942e+01
4.794500918998566704e+03 1.672228934617306209e+02 2.678230654453637527e+01 1.642171244981017253e+02 2.260699569731118075e+01
4.794887373435649351e+03 1.663611970628580536e+02 2.721453009278818769e+01 1.632188838146844603e+02 2.266458586700021982e+01
4.795270429401547517e+03 1.655000121666365089e+02 2.763425899495632265e+01 1.622196528280219354e+02 2.270342971923968634e+01
4.795642217833941686e+03 1.646599283167121825e+02 2.800862182245929333e+01 1.612235304015383122e+02 2.278158359472071481e+01
4.796022086706691880e+03 1.637840386187716888e+02 2.835299873078559685e+01 1.602271140581648865e+02 2.280786341238723480e+01
4.796406320298214268e+03 1.628927247149878781e+02 2.868765616139637586e+01 1.592327019778830106e+02 2.271212284925178082e+01
4.796799259295493357e+03 1.620059047304456499e+02 2.902840393487312198e+01 1.582369368841487471e+02 2.264051812425211807e+01
4.797233885066128096e+03 1.610699028072740191e+02 2.943131706354646937e+01 1.572370833609922158e+02 2.262363619782008684e+01
4.797706976181534628e+03 1.600963017127860155e+02 2.988200866257052368e+01 1.562371326261163347e+02 2.261531428819329292e+01
4.798183917567642311e+03 1.591611378738703308e+02 3.033135539198334385e+01 1.552376860437991866e+02 2.263854940037917274e+01
4.798636962323531407e+03 1.583453359956861561e+02 3.081684289086242501e+01 1.542410622103940057e+02 2.260023643381691016e+01
4.799112309262553026e+03 1.576136784465853111e+02 3.140101719454269613e+01 1.532452733649118102e+02 2.260352931188065639e+01
4.799662799067469678e+03 1.570360803191279899e+02 3.219098709569444594e+01 1.522670087010872919e+02 2.278991394751025723e+01
4.800273459127890419e+03 1.567769056296512531e+02 3.327712791004650228e+01 1.513986430115008375e+02 2.324948419143496992e+01
4.800815527804250451e+03 1.568592091323320119e+02 3.437132983291104438e+01 1.507975381217542008e+02 2.402215326666610196e+01
4.801285693467838428e+03 1.571745061110983386e+02 3.536872997977905442e+01 1.504163837644086072e+02 2.494279047584551634e+01
4.801721259860662940e+03 1.576036234134602410e+02 3.632126709248289131e+01 1.502617332110231416e+02 2.592245163307745059e+01
4.802139398862104827e+03 1.580855586724052557e+02 3.727269057358690674e+01 1.502187835534101907e+02 2.692144833194410225e+01
4.802532212094640272e+03 1.585631859780956177e+02 3.818292672676437149e+01 1.502090853780866837e+02 2.792124124936165686e+01
4.802906621024697415e+03 1.590312281376307624e+02 3.904631035491039626e+01 1.502570981110454511e+02 2.891953638544194050e+01
4.803288044587760851e+03 1.595225031820888546e+02 3.991763414910796115e+01 1.502749430267495825e+02 2.991852666986821063e+01
4.803664952915454705e+03 1.599907672701898491e+02 4.076942318298148393e+01 1.502804900668079995e+02 3.091841503836823435e+01
4.804030479914745229e+03 1.604343585177358307e+02 4.158937053935501638e+01 1.503553212382361721e+02 3.191464982879346479e+01
4.804410135924817041e+03 1.608934462032313206e+02 4.244194507142246664e+01 1.504213242539927364e+02 3.291199856820270497e+01
4.804783954061829718e+03 1.613006574333856520e+02 4.326661731798010635e+01 1.504561718462008457e+02 3.391137131577671937e+01
4.805153854004035566e+03 1.616575006409941011e+02 4.407717936284316096e+01 1.505058547470305257e+02 3.491003214756590012e+01
4.805544722340857334e+03 1.620465245624991155e+02 4.495877821050808620e+01 1.505201778621976985e+02 3.590935127219482581e+01
4.805929130071389409e+03 1.624563038483134960e+02 4.583996879477834341e+01 1.504963444921712608e+02 3.690902104921346449e+01
4.806297527505080325e+03 1.628547397965816401e+02 4.668973416933593512e+01 1.505195615110843619e+02 3.790796433376586094e+01
4.806666985531969658e+03 1.632477753488110181e+02 4.755001150790477737e+01 1.505375326904785993e+02 3.890748642352826892e+01
4.807036638439308263e+03 1.636564130290854564e+02 4.839597703834299125e+01 1.505074533217725161e+02 3.990680013402386095e+01
4.807416522881298079e+03 1.641097812689343982e+02 4.923219294867033824e+01 1.505251216657496229e+02 4.090557503255830341e+01
4.807811760324218085e+03 1.646099776283531924e+02 5.008236515767075758e+01 1.505951027562154820e+02 4.190303081909789285e+01
4.808209521020636203e+03 1.651124801574596859e+02 5.092918291442143186e+01 1.506715033027271318e+02 4.290010492065317038e+01
4.808610054519713231e+03 1.655896618029695730e+02 5.178083296534183688e+01 1.507967955467950958e+02 4.389154029287277581e+01
4.809028133601560512e+03 1.660627576229463216e+02 5.267758147243118572e+01 1.509069847404937832e+02 4.488499131939137499e+01
4.809442305936171579e+03 1.665108669957149630e+02 5.355890100396517539e+01 1.509556349977510195e+02 4.588339856645791315e+01
4.809851244161453906e+03 1.669382478952159090e+02 5.441907685802825512e+01 1.510277609002734778e+02 4.688030369765455418e+01
4.810281740264281325e+03 1.673750115490324504e+02 5.532060210863604510e+01 1.510732558848120846e+02 4.787866270247953793e+01
4.810713823754717851e+03 1.677738668506920590e+02 5.622201365353503633e+01 1.510823114732682200e+02 4.887858697984832901e+01
4.811140887281116193e+03 1.681295227747756371e+02 5.710768711702127121e+01 1.510885427000264940e+02 4.987856519860572035e+01
4.811577758768286003e+03 1.684748054856897284e+02 5.800180939753859377e+01 1.510193219353785423e+02 5.087470302424509327e+01
4.812019319207519402e+03 1.687819885238470476e+02 5.888123975888161254e+01 1.509271483168164707e+02 5.187039109392203784e+01
4.812484243488722313e+03 1.690814162524085020e+02 5.977890861961945035e+01 1.508475470837929038e+02 5.286721100936902928e+01
4.812982488811841904e+03 1.694349514888072292e+02 6.072640728488827477e+01 1.507668576919105305e+02 5.386394703136608797e+01
4.813482335360143225e+03 1.698264762161764168e+02 6.166331262210397313e+01 1.507533752136866383e+02 5.486272672122842664e+01
4.813985455869979887e+03 1.702815876184490094e+02 6.256979105967899102e+01 1.507648916252697404e+02 5.586264636957708518e+01
4.814489316854085700e+03 1.708065345407377151e+02 6.345051779199107500e+01 1.508217087653586646e+02 5.686046105793255379e+01
4.814971444344006159e+03 1.713367829070311927e+02 6.430356400621762702e+01 1.509307578435934545e+02 5.785429821236363779e+01
4.815451021591888093e+03 1.718981665982352922e+02 6.516047806131624043e+01 1.510369015098974899e+02 5.884858609166568044e+01
4.815933779879354006e+03 1.724724016626298351e+02 6.603518358618053696e+01 1.511900560747044153e+02 5.983609088261107445e+01
4.816400705234847010e+03 1.729893694543112304e+02 6.691553561692387575e+01 1.513107118853546638e+02 6.082802009407762966e+01
4.816857320583199908e+03 1.734616853083726937e+02 6.779242915336078568e+01 1.513683678425880430e+02 6.182605071850405665e+01
4.817307679601400196e+03 1.739240487512538493e+02 6.865816402616634662e+01 1.514336945923989788e+02 6.282378596720025143e+01
4.817764272989358687e+03 1.743916386731914372e+02 6.953128600071836729e+01 1.514777948671744809e+02 6.382258990095645856e+01
4.818233821320774041e+03 1.747886501599675739e+02 7.039922421868313052e+01 1.515556184663958561e+02 6.481905471229951843e+01
4.818726284025097812e+03 1.750948153327898922e+02 7.126228379855575668e+01 1.515859746941966080e+02 6.581757874259261598e+01
4.819234697751969179e+03 1.753582911212827469e+02 7.213228542474732308e+01 1.514579780410735736e+02 6.680604276275273889e+01
4.819770293468811360e+03 1.754929036760978249e+02 7.306449349302978646e+01 1.513046068490684206e+02 6.779408341930853510e+01
4.820352953001440255e+03 1.754014340230075391e+02 7.405233396018988401e+01 1.510150786416135702e+02 6.874662392659047327e+01
4.820952351430011731e+03 1.750619229328066808e+02 7.500106432083153152e+01 1.505323861550713218e+02 6.961774944225969364e+01
4.821579612836428169e+03 1.745236245733999567e+02 7.601116442050430067e+01 1.498369547299830913e+02 7.032473470886634459e+01
4.822139937856378310e+03 1.739840319478533672e+02 7.702635286827141670e+01 1.489987816942906136e+02 7.086475557421790938e+01
4.822603015597936064e+03 1.735046947849699848e+02 7.798049577483666894e+01 1.482081872950834907e+02 7.147369505061087125e+01
4.823017831649249274e+03 1.730618965020607902e+02 7.888099323298078502e+01 1.474110899842394247e+02 7.207715987050141848e+01
4.823403059275198757e+03 1.726382141496905263e+02 7.971440807385718585e+01 1.465878378423726929e+02 7.264458018091963254e+01
4.823797035638195666e+03 1.721980261798452432e+02 8.057812211647656397e+01 1.457877968505643480e+02 7.324402364318780201e+01
4.824205860042761742e+03 1.717549532173416083e+02 8.147799327582305295e+01 1.449748848177765979e+02 7.382615276782233593e+01
4.824604965696292311e+03 1.713019296326996255e+02 8.233699298288617285e+01 1.441840975799282774e+02 7.443780666874269514e+01
4.825020017978610667e+03 1.707821427234359817e+02 8.322438536688538591e+01 1.434119264253268682e+02 7.507315498575049162e+01
4.825455359083828625e+03 1.702012376845969186e+02 8.415041597082421276e+01 1.425693997023445547e+02 7.560813404441088892e+01
4.825866286369194313e+03 1.696265518619716204e+02 8.500628096993514760e+01 1.417058140766305314e+02 7.611232693381491288e+01
4.826280055067917601e+03 1.690376366348887984e+02 8.586752485435678750e+01 1.408450968224223345e+02 7.662139841888678404e+01
4.826721124462175794e+03 1.683941732295638189e+02 8.678887838008769506e+01 1.399550277452559044e+02 7.707619619607189065e+01
4.827153161375232230e+03 1.677109988738451989e+02 8.768257294116850176e+01 1.390681305900473603e+02 7.753803603599637029e+01
4.827554875759758033e+03 1.670231269998779169e+02 8.850629691526648912e+01 1.381603201926194515e+02 7.795663694229972407e+01
4.827949326642037704e+03 1.663179884452696342e+02 8.928770162779809993e+01 1.372143126598704441e+02 7.827783723543194583e+01
4.828343187379507981e+03 1.656245366700304373e+02 9.003093838372093671e+01 1.362714644947355964e+02 7.861070476389311068e+01
4.828732263701800548e+03 1.649797075723210185e+02 9.075960434480541039e+01 1.353253811274583427e+02 7.893453133625833118e+01
4.829140337142932367e+03 1.643308492459968306e+02 9.154256688979094747e+01 1.343848660782494733e+02 7.927414926855406918e+01
4.829555589987737221e+03 1.636663017864475478e+02 9.234923042701606732e+01 1.334813398009756042e+02 7.970065781964764540e+01
4.829971090820527024e+03 1.629807431719546571e+02 9.315186817296266497e+01 1.325626712974663803e+02 8.009487556966823263e+01
4.830390867169543526e+03 1.622573281368395044e+02 9.393621637751449782e+01 1.316236785572061763e+02 8.043825431541510795e+01
4.830816212059527970e+03 1.615087662597261158e+02 9.473966958905255353e+01 1.306836804205661906e+02 8.077942121652144181e+01
4.831239370595018045e+03 1.607869391385051756e+02 9.556628989830507237e+01 1.297262623569256448e+02 8.106693473314861365e+01
4.831636541485183443e+03 1.601495010902806939e+02 9.632986385339290791e+01 1.287841955215962457e+02 8.140122177053449093e+01
4.832032515983498342e+03 1.595786692433147209e+02 9.710370668514019599e+01 1.278671037998275466e+02 8.179912844699060770e+01
4.832432323403060764e+03 1.590843151681658583e+02 9.792691783913517156e+01 1.269477543048587194e+02 8.219250646372843505e+01
4.832808589450801264e+03 1.586724772759992845e+02 9.871866035154594954e+01 1.260861571799787555e+02 8.269691475730286356e+01
4.833193541652466592e+03 1.582571028305574998e+02 9.954090709592946951e+01 1.252975384145249365e+02 8.331011586958405246e+01
4.833585248585977752e+03 1.577982059176751761e+02 1.003772139253670019e+02 1.244823383915705222e+02 8.388866396420905858e+01
4.833951781189804024e+03 1.573218722872491355e+02 1.011318886953421554e+02 1.236592634552688708e+02 8.445659632458465182e+01
4.834317612743816426e+03 1.567932056322451615e+02 1.018623166911809079e+02 1.228428108969635417e+02 8.503398721730326315e+01
4.834682902625675524e+03 1.562155858116148011e+02 1.025538157540649991e+02 1.219669339033358000e+02 8.551403061599253874e+01
4.835054911323408305e+03 1.555842687389796595e+02 1.031787269139178278e+02 1.210627181567889892e+02 8.594078963736851051e+01
4.835439093427606167e+03 1.549103506258695688e+02 1.037513569809607077e+02 1.201536863004039475e+02 8.635751243580021708e+01
4.835829724919922228e+03 1.542120946157911021e+02 1.042851023598233411e+02 1.192024259179364662e+02 8.666195644778059659e+01
4.836250374361498871e+03 1.534304842061754073e+02 1.048079898779390078e+02 1.182263899794838835e+02 8.687760947996791572e+01
4.836679650286627293e+03 1.525963242079114934e+02 1.052909543267793424e+02 1.172389772264687338e+02 8.703457739505634549e+01
4.837107296701148698e+03 1.517623468506070594e+02 1.057555102897205757e+02 1.162406758043277932e+02 8.707071546938000495e+01
4.837560413014866754e+03 1.508954129843033343e+02 1.062299001122007240e+02 1.152411978128808698e+02 8.710253787427566863e+01
4.838053773678267135e+03 1.499354423629147846e+02 1.067115600401759536e+02 1.142414494824216575e+02 8.712445775796244618e+01
4.838578263158537993e+03 1.489185969723155836e+02 1.072242482766734497e+02 1.132422002219576029e+02 8.709168544241227039e+01
4.839076360979676792e+03 1.480013426251680357e+02 1.077026141096130800e+02 1.122425681548372722e+02 8.710738654354349819e+01
4.839569282925762309e+03 1.471723152260974246e+02 1.081834387192312192e+02 1.112426346235321262e+02 8.711750824557383055e+01
4.840074447747944760e+03 1.463241167545589576e+02 1.086791196621041991e+02 1.102466603457829279e+02 8.720212035057529931e+01
4.840589535562152378e+03 1.453872948709854711e+02 1.091777223312867449e+02 1.092497866084748210e+02 8.728086090043899503e+01
4.841105325047449696e+03 1.443762509658896249e+02 1.096211953077516768e+02 1.082501919098365022e+02 8.729965419061826992e+01
4.841580647944085285e+03 1.434188177777130591e+02 1.099707105833091276e+02 1.072512163423315599e+02 8.734324074876349187e+01
4.842023763820529894e+03 1.425422557862263773e+02 1.103490025955267271e+02 1.062592254640639595e+02 8.723168625503173246e+01
4.842472722965863795e+03 1.416858424140905015e+02 1.108083221718070348e+02 1.052662410422618251e+02 8.711356469103846223e+01
4.842917823133506317e+03 1.408804056834046321e+02 1.112346686770558506e+02 1.042671862629988766e+02 8.712257551139266809e+01
4.843386396811335544e+03 1.401172985801861728e+02 1.116158199503599491e+02 1.032673340430060875e+02 8.711029997313242745e+01
4.843911047733676241e+03 1.393090931429193802e+02 1.119028136132067601e+02 1.022691006671012133e+02 8.716478831600598198e+01
4.844507101057231012e+03 1.383981000559075198e+02 1.121626558612526594e+02 1.012843982220303758e+02 8.700628607702104489e+01
4.845148069095509527e+03 1.375115232839935970e+02 1.125504544061120527e+02 1.003114271157145367e+02 8.677576173482157174e+01
4.845909220143533275e+03 1.366377469784623884e+02 1.132129602017603105e+02 9.931340328107205551e+01 8.674569110115737658e+01
4.846653631231359213e+03 1.357492346438733364e+02 1.139106213599225015e+02 9.834381314812749508e+01 8.698183321682145674e+01
4.847312314874985532e+03 1.348783224066569062e+02 1.144546867620487660e+02 9.734893899586185739e+01 8.707572654381188215e+01
4.847948900452922317e+03 1.339512393156441306e+02 1.149595097524732950e+02 9.635009607007317811e+01 8.703412172519331591e+01
4.848584598348301370e+03 1.331124676175978720e+02 1.155191300693494867e+02 9.535013332434255062e+01 8.703227907227847027e+01
4.849283988149838478e+03 1.323073725066068675e+02 1.161445081696042081e+02 9.435241059462370572e+01 8.709854914099729228e+01
4.850015625016347258e+03 1.313189666923110224e+02 1.167345665174181590e+02 9.335525323342967852e+01 8.717388582027678012e+01
4.850723998929647678e+03 1.303144374053787828e+02 1.173987724843758400e+02 9.235535985801220704e+01 8.718080971121931100e+01
4.851331174096510949e+03 1.295387795446242194e+02 1.180476045093662236e+02 9.136525273433153416e+01 8.731891763115929450e+01
4.852014532368028995e+03 1.288861666004724498e+02 1.187521613631600701e+02 9.037379090614180654e+01 8.744929713359813661e+01
4.852768721074362475e+03 1.282002561102945890e+02 1.191313506512665157e+02 8.940633245361591719e+01 8.770142483995785199e+01
4.853846291273199313e+03 1.277893451040916659e+02 1.193097219673560545e+02 8.840718739933109305e+01 8.770671318563159957e+01
4.856108950329848994e+03 1.263641508931882385e+02 1.194672591612220884e+02 8.752444233550477293e+01 8.725454572033659417e+01
4.856811417576612257e+03 1.252926296772729273e+02 1.199860617832025866e+02 8.652472521671779759e+01 8.726165078134469866e+01
4.857420838214013202e+03 1.242468665445823461e+02 1.204280174604573119e+02 8.552854009909722777e+01 8.717451575291885035e+01
4.857971938921757101e+03 1.233057200022880266e+02 1.207616074476768091e+02 8.453275016668298747e+01 8.709498744992826857e+01
4.858550354644668005e+03 1.223911406971400737e+02 1.212252408874376499e+02 8.356178895556082864e+01 8.686216987633623887e+01
4.859117213097988497e+03 1.215565651482367144e+02 1.218000269788532108e+02 8.256277101720785083e+01 8.683041968391634668e+01
4.859684484350913408e+03 1.206942782510709407e+02 1.225277437429871981e+02 8.157113067874342960e+01 8.693277165311400267e+01
4.860232468864365728e+03 1.197202356961477534e+02 1.231707567416720934e+02 8.062421371220210631e+01 8.724249103702999264e+01
4.860727818479374037e+03 1.187802624716040896e+02 1.236428390679935205e+02 7.962641703511617663e+01 8.728614763701767743e+01
4.861205816936750125e+03 1.178783643062363495e+02 1.240961442864582409e+02 7.863059440864864769e+01 8.720062730635997639e+01
4.861660048615402047e+03 1.170453122329071505e+02 1.245557244420617309e+02 7.763059933093542497e+01 8.720347578008922085e+01
4.862154030631142632e+03 1.161795857044281064e+02 1.251398393081945102e+02 7.663102406378713738e+01 8.721265947623004422e+01
4.862671390613901167e+03 1.152762555885067997e+02 1.257201690232383271e+02 7.563469467804092972e+01 8.729826176316618103e+01
4.863180551003919390e+03 1.144184708216375981e+02 1.262135958220856509e+02 7.463791419258636495e+01 8.737389104216867963e+01
4.863705411824729708e+03 1.135913322378086150e+02 1.267291312571228872e+02 7.363820646888413535e+01 8.738532179377328646e+01
4.864227963524238476e+03 1.127882349065338730e+02 1.272389230825513806e+02 7.264044346849613021e+01 8.745196635406824726e+01
4.864784703231071944e+03 1.119958487739461361e+02 1.278392179117498699e+02 7.164372365317593960e+01 8.752070958958221070e+01
4.865349713184326902e+03 1.112504809225055880e+02 1.284763734427396571e+02 7.066153336267340990e+01 8.770778299833102665e+01
4.865944550780789541e+03 1.105437259393580973e+02 1.291442623393519114e+02 6.969039233297864655e+01 8.794575894742447986e+01
4.866572824468178624e+03 1.097590291936573266e+02 1.296689109058838199e+02 6.872571120794269461e+01 8.820305571389613419e+01
4.867246068228073455e+03 1.089040219481994711e+02 1.299148241526235950e+02 6.774241525783011753e+01 8.823802417296154488e+01
4.870469543911906840e+03 1.081962574846185134e+02 1.300871697691575264e+02 6.689923314754987871e+01 8.777253641870456136e+01
4.876974268546928215e+03 1.090004264993906844e+02 1.294962394667651608e+02 6.745582998358845828e+01 8.717943209607290100e+01
4.879672848460102614e+03 1.078167686022252525e+02 1.301095991423379985e+02 6.705095106978831154e+01 8.716567838787302946e+01
4.880167959568690094e+03 1.069344436212798541e+02 1.307327664968801173e+02 6.605416009921431453e+01 8.717348325222488370e+01
4.880649205344679103e+03 1.060695615653165333e+02 1.313253467355037856e+02 6.505476591313069434e+01 8.719974998971763114e+01
4.881122977562680717e+03 1.052288985841008468e+02 1.319254788730256394e+02 6.405614671914580072e+01 8.724663097009512569e+01
4.881570305250143065e+03 1.044364520299900647e+02 1.325180195803555421e+02 6.306292378997731873e+01 8.735830870365435885e+01
4.882026089545395735e+03 1.036230262925558918e+02 1.331432677277610708e+02 6.206615533743150337e+01 8.742715696769317901e+01
4.882494658704195899e+03 1.027709534908238567e+02 1.337658311763519237e+02 6.107049670147419818e+01 8.751533031772498816e+01
4.882946624150448770e+03 1.019319891196178816e+02 1.343280970856185377e+02 6.007436813984622148e+01 8.760223196126635514e+01
4.883387267215071915e+03 1.011023312885844092e+02 1.348606487728575303e+02 5.907534707350282588e+01 8.761301484913552429e+01
4.883833224846059238e+03 1.002300958030771199e+02 1.353680814766867115e+02 5.807595307980400889e+01 8.763679480771831720e+01
4.884288646796051580e+03 9.932741943983612032e+01 1.358763267172502651e+02 5.707740466137784097e+01 8.760636692968604677e+01
4.884722875553975427e+03 9.847609614258587385e+01 1.363594572284729907e+02 5.608142043492774320e+01 8.751870796817664200e+01
4.885149347298690373e+03 9.763981581668794263e+01 1.368421079262677438e+02 5.508278345755014982e+01 8.748655343803257267e+01
4.885603167231610314e+03 9.674473187629162396e+01 1.374141304356528508e+02 5.408523055426596926e+01 8.742515981002665626e+01
4.886056600874475407e+03 9.584217710343837382e+01 1.380096911259064711e+02 5.308618857389656398e+01 8.739502276606417297e+01
4.886480705456613578e+03 9.499490432123512562e+01 1.385680150871176011e+02 5.208820009393086536e+01 8.744637485876329208e+01
4.886903722326613206e+03 9.419385489489395979e+01 1.391617399781391384e+02 5.108901043113848317e+01 8.747794702047937676e+01
4.887352056350657222e+03 9.339410920584631981e+01 1.397924097359577615e+02 5.009514085904101677e+01 8.757709722584321810e+01
4.887813370300124006e+03 9.259591371388410153e+01 1.404117429438722127e+02 4.910190051907677145e+01 8.769294840693942206e+01
4.888283749595033441e+03 9.180336175921600272e+01 1.410057155711250516e+02 4.810564718230205727e+01 8.777804581338739354e+01
4.888755458385601742e+03 9.100372229032178950e+01 1.415692630178787113e+02 4.711190561272141508e+01 8.788805777778088668e+01
4.889244552666699747e+03 9.019403356696602714e+01 1.421810777559358883e+02 4.611368942692207185e+01 8.791963224465629878e+01
4.889745743870105798e+03 8.936446751760951202e+01 1.428342873008357685e+02 4.511538621777252445e+01 8.797103379520154931e+01
4.890225360272093894e+03 8.850648158128652199e+01 1.434404669603755735e+02 4.412029201637621867e+01 8.806848419150476559e+01
4.890687718283765207e+03 8.762833693898267029e+01 1.439753879026617653e+02 4.312162217305547074e+01 8.809556617006055035e+01
4.891145079180469111e+03 8.672236240463243462e+01 1.444536612370149271e+02 4.212190148197075956e+01 8.807559082107145798e+01
4.891603106958627905e+03 8.580515549260468333e+01 1.449298991407661390e+02 4.112793203238873474e+01 8.797393358229371074e+01
4.892045989426822416e+03 8.492794353638285543e+01 1.453706957875627097e+02 4.013707386675645239e+01 8.783915216448561125e+01
4.892479004106178763e+03 8.408557898138963083e+01 1.457825388539255300e+02 3.914283052330435453e+01 8.773344735673396144e+01
4.892944365856033073e+03 8.322392922503402701e+01 1.462846175743365791e+02 3.815309060626228899e+01 8.759262267753572928e+01
4.893420501151890676e+03 8.238874387766969676e+01 1.468449006490711213e+02 3.715646906738205502e+01 8.752495356374124924e+01
4.893871112698774596e+03 8.161963553377050573e+01 1.474129000972568804e+02 3.615730400288447299e+01 8.754736781496380615e+01
4.894328962435386529e+03 8.085742721046186432e+01 1.480226557195629198e+02 3.515803263033397741e+01 8.758551804280575936e+01
4.894796189275573852e+03 8.011981815172916299e+01 1.485856290495494818e+02 3.416383337998355785e+01 8.768769880545829665e+01
4.895279595841096125e+03 7.953660142270145172e+01 1.490686037117771434e+02 3.316539434121015262e+01 8.772146513382971023e+01
4.896125681448452269e+03 7.924324728880638702e+01 1.492841275521627438e+02 3.217194147500397605e+01 8.782549243835340747e+01
4.897768711113579229e+03 8.027363057573761296e+01 1.484065293209747551e+02 3.280689852078150892e+01 8.794804290659865842e+01
4.898445852355021088e+03 8.117511232416394762e+01 1.476512832473025014e+02 3.380438288645578382e+01 8.789161741463428257e+01
4.899031635338278647e+03 8.204654375380356157e+01 1.469555719476638274e+02 3.479330103955905429e+01 8.774891483600389108e+01
4.899592373679988668e+03 8.297619173499703038e+01 1.463234211478178395e+02 3.578481695015144481e+01 8.762487513900383362e+01
4.900105853939046938e+03 8.393340369079508889e+01 1.457511232142088318e+02 3.678267012572442241e+01 8.756501492309037360e+01
4.900557260707536443e+03 8.482751257510604148e+01 1.452267994774551596e+02 3.777984658212212565e+01 8.760674681442641543e+01
4.900967239258503469e+03 8.563610923345135006e+01 1.447360557044291625e+02 3.877610627847943903e+01 8.769311922175143081e+01
4.901385112051189026e+03 8.644930333556270341e+01 1.442313365288144951e+02 3.977478281397098669e+01 8.771921846197565742e+01
4.901821849397179903e+03 8.727614798727279322e+01 1.436784343768415795e+02 4.077365570293378738e+01 8.775412939954230751e+01
4.902264755569148292e+03 8.811075243473452190e+01 1.431145101763403318e+02 4.177069869929622570e+01 8.772127423843626559e+01
4.902719098949809450e+03 8.898033939191182640e+01 1.425251828579971800e+02 4.276886315346600043e+01 8.766447522802110370e+01
4.903176328638386622e+03 8.973243804927041367e+01 1.418775428222898825e+02 4.376721835199796118e+01 8.769209126581438341e+01
4.903624873927832596e+03 9.021965843339310709e+01 1.411724448895733133e+02 4.475847567254131576e+01 8.761224863311207400e+01
4.904151911367683169e+03 9.047288885851916973e+01 1.402098578372051350e+02 4.567463347888832459e+01 8.724393281336534756e+01
4.904702235561035195e+03 9.059252980970539681e+01 1.391436754722795683e+02 4.641293952430891068e+01 8.658839874873676479e+01
4.905246281651036043e+03 9.050250038793191720e+01 1.380999452876592670e+02 4.710760778985518726e+01 8.586940240318081408e+01
4.905789195907732392e+03 9.016254980822341736e+01 1.370909882890679228e+02 4.766350033641501938e+01 8.504744028132428468e+01
4.906311275830184059e+03 8.961824296344455831e+01 1.362191494619302716e+02 4.799370498976389854e+01 8.410978214086030391e+01
4.906841672960385040e+03 8.895200341345852735e+01 1.353815916260143126e+02 4.803690493304883802e+01 8.312063276343887708e+01
4.907337864874565639e+03 8.836246026106699958e+01 1.345304395642335180e+02 4.796895029290227797e+01 8.212305155459297623e+01
4.907841316861996347e+03 8.789068042503076583e+01 1.336078711886857207e+02 4.811459565834718433e+01 8.114270264027059909e+01
4.908321899016109455e+03 8.754203610293497206e+01 1.327308617093674457e+02 4.829126384502034597e+01 8.015883818734360489e+01
4.908802490943553494e+03 8.721885477532541131e+01 1.318658701805319140e+02 4.848050055849007833e+01 7.917704538454030683e+01
4.909306156947272939e+03 8.691416953496523945e+01 1.309213220399186071e+02 4.869552264894610261e+01 7.820048324088747904e+01
4.909822430698050994e+03 8.666681718933230627e+01 1.299456827935746048e+02 4.898284051566968600e+01 7.724345599606196799e+01
4.910344710944470535e+03 8.646934821563283435e+01 1.289350247116288699e+02 4.937329030726620260e+01 7.632415881745490083e+01
4.910834840114294821e+03 8.641527161254225575e+01 1.279616392131051867e+02 4.976026754439806155e+01 7.540224572350301457e+01
4.911329764272986722e+03 8.643668834014761160e+01 1.269556005558020360e+02 5.027287111832369959e+01 7.454790420201891266e+01
4.911804565520422329e+03 8.654802573977897850e+01 1.259910323780888888e+02 5.084761449870291727e+01 7.372967587850969551e+01
4.912281734117831547e+03 8.680240952264085763e+01 1.250366488455817517e+02 5.150029453464997431e+01 7.297374465711273217e+01
4.912747142206320859e+03 8.712580365845636265e+01 1.241487139049517197e+02 5.229327236377292110e+01 7.237254062268550570e+01
4.913181066838880724e+03 8.751990000955269977e+01 1.233913808494698969e+02 5.310622983494437932e+01 7.179038840702462210e+01
4.913664501561775069e+03 8.806091785778785663e+01 1.225888071923762226e+02 5.395763643676291110e+01 7.126754566558193460e+01
4.914163817007101898e+03 8.867430477071575012e+01 1.217989365355256268e+02 5.487622369991425586e+01 7.087812488883928097e+01
4.914662274398501722e+03 8.937695285207217921e+01 1.211110195869767097e+02 5.579963558186348394e+01 7.049460555867185008e+01
4.915173604030184833e+03 9.014290159445775430e+01 1.204775637081340420e+02 5.677469141548061771e+01 7.030019375579225027e+01
4.915683291479885156e+03 9.098978885683619922e+01 1.199108845713496692e+02 5.776549752297045615e+01 7.016492798338779835e+01
4.916205811933618861e+03 9.189425852351405410e+01 1.193444347212017647e+02 5.876361427168587426e+01 7.013019227954737289e+01
4.916715062285165914e+03 9.275697153629587888e+01 1.187322803979197801e+02 5.976275366125676669e+01 7.016520412038811116e+01
4.917216460565313355e+03 9.359086623841724872e+01 1.181187930945780664e+02 6.075732195696314619e+01 7.008350769627716659e+01
4.917737221566374501e+03 9.436329956903337290e+01 1.174608054369003582e+02 6.175537500411847702e+01 7.009282240103597417e+01
4.918230655783351722e+03 9.506141924366438900e+01 1.168010053912225885e+02 6.273707624717538067e+01 6.993074699803571548e+01
4.918753806595690548e+03 9.577933577011522459e+01 1.160602392096256068e+02 6.371537280621114263e+01 6.972354632510302963e+01
4.919341313710521717e+03 9.663424543100978781e+01 1.152382982563914737e+02 6.468813389806432212e+01 6.949206430834085779e+01
4.919887304845676226e+03 9.755391563955366507e+01 1.145863123446073075e+02 6.568056421434052083e+01 6.938719218452600046e+01
4.920380663048091264e+03 9.844959046902110344e+01 1.140681275469418949e+02 6.667598719444828248e+01 6.945503050817846713e+01
4.920845112273049381e+03 9.930173034912871799e+01 1.136823570903730030e+02 6.767507628975059220e+01 6.946815336196151236e+01
4.921337562807100767e+03 1.001482002283882196e+02 1.132789587648983343e+02 6.865888500005586081e+01 6.962937155827174251e+01
4.921844933234535347e+03 1.009293987064426972e+02 1.127662396698640777e+02 6.964760929804049283e+01 6.977733395733856980e+01
4.922369430576632112e+03 1.017302177419954745e+02 1.122192423440832130e+02 7.064527676025745961e+01 6.976721953698091738e+01
4.922932709893351785e+03 1.025816864317341555e+02 1.115956479632484388e+02 7.164513228262839561e+01 6.975848418942371154e+01
4.923471501983663074e+03 1.034470358358424846e+02 1.110526162721099865e+02 7.263500995891280354e+01 6.962889504234436799e+01
4.924038503500200932e+03 1.043772433609604917e+02 1.105480447871262726e+02 7.363074674662691166e+01 6.966347778215194353e+01
4.924593060045232960e+03 1.052901098282756038e+02 1.100790672436620810e+02 7.463016226136058151e+01 6.965939007837860686e+01
4.925181614907392031e+03 1.062030142795834422e+02 1.095336849895710998e+02 7.562765738684787209e+01 6.972072904084980394e+01
4.925789211637800690e+03 1.070660626871155046e+02 1.088170830549869521e+02 7.662666293845998666e+01 6.970339700908716907e+01
4.926340521691019603e+03 1.079268274141591775e+02 1.081508764637096220e+02 7.761231258837756286e+01 6.954361224690634913e+01
4.926831947314664831e+03 1.087374505070853701e+02 1.075577646972444512e+02 7.860963759658004335e+01 6.951641987556801894e+01
4.927282027629726144e+03 1.095121645794501575e+02 1.070598312612558800e+02 7.960945105760811202e+01 6.949900340572776258e+01
4.927760461181956998e+03 1.103144247036922252e+02 1.065528425169549394e+02 8.060718428204074826e+01 6.955712187275172198e+01
4.928291411943240746e+03 1.111110133668114344e+02 1.059165445356490380e+02 8.160364549349698393e+01 6.964103675791004378e+01
4.928799810160034212e+03 1.118635835876773399e+02 1.053131356269299204e+02 8.259300256591177458e+01 6.952423440321673809e+01
4.929301680237775145e+03 1.126042037122957851e+02 1.047234138873495795e+02 8.359076996182390928e+01 6.952768947042341097e+01
4.929823792922895336e+03 1.133803838982601917e+02 1.040988832954481182e+02 8.458672081490159655e+01 6.945030885517414276e+01
4.930394277961770968e+03 1.142234114821605289e+02 1.034816129629337667e+02 8.558382134210803827e+01 6.937472406639311373e+01
4.931026210547417577e+03 1.152065658566078810e+02 1.029083449767935576e+02 8.658343343078313126e+01 6.936174695387298073e+01
4.931588479317925703e+03 1.160814155095230547e+02 1.023652217711527612e+02 8.757910067762462347e+01 6.944713623179163164e+01
4.932148851550029576e+03 1.168726847620053064e+02 1.016840460828091750e+02 8.857007467705484771e+01 6.958048916013228791e+01
4.932672905356893352e+03 1.175828353083191331e+02 1.010853950594117521e+02 8.955036688282740442e+01 6.942557324720070255e+01
4.933262284900674786e+03 1.183928338050872071e+02 1.003588016950245105e+02 9.054701470099233518e+01 6.937450921312562002e+01
4.933813612419982746e+03 1.191919489091959292e+02 9.976420268128003954e+01 9.153150796415513923e+01 6.920882233513592041e+01
4.934382582216216178e+03 1.200708046620403024e+02 9.925044922309052708e+01 9.252895569510531004e+01 6.917945027343215258e+01
4.934976754247622921e+03 1.209740155840511733e+02 9.869097788530488913e+01 9.352545223347199510e+01 6.925654489534895220e+01
4.935543124059132424e+03 1.218338176617287303e+02 9.812373277186480891e+01 9.452446916138769950e+01 6.924256147682211804e+01
4.936065274299437988e+03 1.226181448234637230e+02 9.751731838541060426e+01 9.551799451047519085e+01 6.934302723748426445e+01
4.936536747391118297e+03 1.233495289896394240e+02 9.700052138909998689e+01 9.651187106066205956e+01 6.926659896651329973e+01
4.937027841266238283e+03 1.241106460752357350e+02 9.644281810982285208e+01 9.751099753368315248e+01 6.926132987861737433e+01
4.937541401029756344e+03 1.248597178299670531e+02 9.583603257970200673e+01 9.851010098536866622e+01 6.930200075484151512e+01
4.938063954359925447e+03 1.256771246020615251e+02 9.526278014495659363e+01 9.950395771967755820e+01 6.920674835776492273e+01
4.938527646134817587e+03 1.264438464028597906e+02 9.470542065982981228e+01 1.004961480927620414e+02 6.929894015308333621e+01
4.938997205567050514e+03 1.273013189724526626e+02 9.416003920149401551e+01 1.014948320809322269e+02 6.929659820989257923e+01
4.939454860148841362e+03 1.281662835859456777e+02 9.367325678724756699e+01 1.024945700631449341e+02 6.931323503084148285e+01
4.939905846512975586e+03 1.289824660181090223e+02 9.316866152462074524e+01 1.034799532686541284e+02 6.947431993495735014e+01
4.940339090753684104e+03 1.297823554039887597e+02 9.269675205347051872e+01 1.044776206346238041e+02 6.950422566961347570e+01
4.940804259828980321e+03 1.305904562428418672e+02 9.211196813472098199e+01 1.054735411543312296e+02 6.958876975877555537e+01
4.941295415590824632e+03 1.313409051340939868e+02 9.141240680481563174e+01 1.064709215050806961e+02 6.966038327725487989e+01
4.941762167471792964e+03 1.319968711106364481e+02 9.075072703910298344e+01 1.074557765897174875e+02 6.951032408577702881e+01
4.942275668929081803e+03 1.326767017965754007e+02 8.990829337007407673e+01 1.084479884486245567e+02 6.938834292115316771e+01
4.942764090545217186e+03 1.334135490156751018e+02 8.915004736857927981e+01 1.094049497107141491e+02 6.910649037605749356e+01
4.943294447923368352e+03 1.343673619993415400e+02 8.839083370143700336e+01 1.103897895766418173e+02 6.894356856311087256e+01
4.943791984047451479e+03 1.353121741438732215e+02 8.776663423250319340e+01 1.113851991866134767e+02 6.899945046219150413e+01
4.944247992272277770e+03 1.362032505365568511e+02 8.723305698411212461e+01 1.123828173469535301e+02 6.906805140565595025e+01
4.944714559247922807e+03 1.370971294932279534e+02 8.669570702009912111e+01 1.133696463694495264e+02 6.922560821613700455e+01
4.945187575818537880e+03 1.380535368564761143e+02 8.619452962517304684e+01 1.143666343244735799e+02 6.929031486810806939e+01
4.945615481595255005e+03 1.389780488260390428e+02 8.578925036282369376e+01 1.153539085570517386e+02 6.944369586358786250e+01
4.946006487741648925e+03 1.398315216062744071e+02 8.545362551634812576e+01 1.163080391507873657e+02 6.973872056947666920e+01
4.946387705267648926e+03 1.406827784450801175e+02 8.518221730243871548e+01 1.172851705643382729e+02 6.994688685891793511e+01
4.946772922926736101e+03 1.415680092007139308e+02 8.496826701337946020e+01 1.182404885177310518e+02 7.023959136929674685e+01
4.947143131121765691e+03 1.424116216044433543e+02 8.475725059684941698e+01 1.191427671964386832e+02 7.066773534765124509e+01
4.947538296961025480e+03 1.433176400496201381e+02 8.456189713234542182e+01 1.200614080021392880e+02 7.106218464262381929e+01
4.947930140830842902e+03 1.442284035077380508e+02 8.443521756190970962e+01 1.209892602737577363e+02 7.143508862690693206e+01
4.948328745362073278e+03 1.451251865262005651e+02 8.435705414689145698e+01 1.218553468527393591e+02 7.193193660911228449e+01
4.948765329829901930e+03 1.460981216558603535e+02 8.433102278957827025e+01 1.227247128725075953e+02 7.242600383482833593e+01
4.949225361466207687e+03 1.471377439180682529e+02 8.436567916205240181e+01 1.235708090548720008e+02 7.295868885533853643e+01
4.949683865265462373e+03 1.481527331045604399e+02 8.441218815350188720e+01 1.243190629990374276e+02 7.361939641734932138e+01
4.950116358394850067e+03 1.491008609659266995e+02 8.443999823181322029e+01 1.251261705569876597e+02 7.420807066633935278e+01
4.950584191813091820e+03 1.500836622713943029e+02 8.431619300988764110e+01 1.258939450112518301e+02 7.484799926541012383e+01
4.951109472573557468e+03 1.511055342803296355e+02 8.409386906040926135e+01 1.267445133289116797e+02 7.537040302186142071e+01
4.951619181454428144e+03 1.521391182281145404e+02 8.386825926672878495e+01 1.276565298396678969e+02 7.577849615434475083e+01
4.952107621403285521e+03 1.531596082907504126e+02 8.364366195804859672e+01 1.285335853774478778e+02 7.625750578980778016e+01
4.952546679290643624e+03 1.541090476549022696e+02 8.346797411335433026e+01 1.294606912883691336e+02 7.662887338369918666e+01
4.953012140653447204e+03 1.550687334478405148e+02 8.324048470294665947e+01 1.303455745717047591e+02 7.709242465945872880e+01
4.953513827440809109e+03 1.560255750630943794e+02 8.292742282245154684e+01 1.312613907585989068e+02 7.749263605972082303e+01
4.953987315646135357e+03 1.568944826152002463e+02 8.258842643960045393e+01 1.322291307231181747e+02 7.773812363639247280e+01
4.954483779845782919e+03 1.577615207462003752e+02 8.209981273628450538e+01 1.331818589534157979e+02 7.804045696081398376e+01
4.954971069543680642e+03 1.586115282057074580e+02 8.166239797826622748e+01 1.341700193980291260e+02 7.817873613167400038e+01
4.955498257704530261e+03 1.595532979128424529e+02 8.120202988387353571e+01 1.351530890313547388e+02 7.836022228669524736e+01
4.956013958426059617e+03 1.604294022017109285e+02 8.069407063544686309e+01 1.361340064945948427e+02 7.855464190595429841e+01
4.956509211098312335e+03 1.611950209192131354e+02 8.018076893269054040e+01 1.371315519336978355e+02 7.859554609046749363e+01
4.957044008754060087e+03 1.618751646298697153e+02 7.950667883688792870e+01 1.381287188806260531e+02 7.866826168183334289e+01
4.957554340036851499e+03 1.624366417063317556e+02 7.881004713547237372e+01 1.391138379817180351e+02 7.851760083357706321e+01
4.958110072592970937e+03 1.631520787796067964e+02 7.805924491589067316e+01 1.400969116377643218e+02 7.833439317591043505e+01
4.958661358927820402e+03 1.637992231594949146e+02 7.730424929975393411e+01 1.410899417115048493e+02 7.821914491182607776e+01
4.959173253609689709e+03 1.642626791379958320e+02 7.654605066460037222e+01 1.420613381549740382e+02 7.798610185019434482e+01
4.959739608126776147e+03 1.645688818307507120e+02 7.556735656766971942e+01 1.430164372213818069e+02 7.769031928686288779e+01
4.960250175450175448e+03 1.648504642957452404e+02 7.466852974642719687e+01 1.438268105145697575e+02 7.711380409833466842e+01
4.960769707519201802e+03 1.650806322634061303e+02 7.369141761444574001e+01 1.446538978313885764e+02 7.655205434654119756e+01
4.961261324490296829e+03 1.652154537123776095e+02 7.274208933005263589e+01 1.454575224804644904e+02 7.595712872349437816e+01
4.961699007942116623e+03 1.652783553086393340e+02 7.191496387271693891e+01 1.461630953705219724e+02 7.525009954234940324e+01
4.962186560509496303e+03 1.652048498938762577e+02 7.100248906760118928e+01 1.468545852618048286e+02 7.452771531129832283e+01
4.962667978744662832e+03 1.651430077637368470e+02 7.007030872108121855e+01 1.473862304435983503e+02 7.368323606325839137e+01
4.963152963664091658e+03 1.651367508021687911e+02 6.914102139901743271e+01 1.479480643235161779e+02 7.285618214104168544e+01
4.963654236088746984e+03 1.651942392897150569e+02 6.818918763331961941e+01 1.486138969315823317e+02 7.211116807160001940e+01
4.964120827196365099e+03 1.653496402497714826e+02 6.725636175308055442e+01 1.492159009364898452e+02 7.131323976429035838e+01
4.964597229290646283e+03 1.655183717176762741e+02 6.630599930866968350e+01 1.499437117191637299e+02 7.062966581677542877e+01
4.965098036793675419e+03 1.657322940046894644e+02 6.531571897348077016e+01 1.506827927857305838e+02 6.995604954903875239e+01
4.965587664879580188e+03 1.661533751847387350e+02 6.437485724304796975e+01 1.514090904386330863e+02 6.926869264829086603e+01
4.966073980238446893e+03 1.668451891607443827e+02 6.358346589652309433e+01 1.522777769132186734e+02 6.877860351967083830e+01
4.966537336148068789e+03 1.676986169788891914e+02 6.301465794029468981e+01 1.532411620678196300e+02 6.851853930022637940e+01
4.967048267441274220e+03 1.686789493898677961e+02 6.243689156668597207e+01 1.542383283366446562e+02 6.854016082794363740e+01
4.967564527554901360e+03 1.696873053115948267e+02 6.180810061672644196e+01 1.552265869262495528e+02 6.869016302272403607e+01
4.968017203689591042e+03 1.705544017238931360e+02 6.124743335915557196e+01 1.562240966834639551e+02 6.875650708057965232e+01
4.968487528856859171e+03 1.713727944398042666e+02 6.057534156542079273e+01 1.572108495139308957e+02 6.891671164362955437e+01
4.968949845023874332e+03 1.722176652800727084e+02 5.987509491105096515e+01 1.582090779970071424e+02 6.888273108195969030e+01
4.969414856419403804e+03 1.731117149620893372e+02 5.914080802305442575e+01 1.592062702133688106e+02 6.880816998324083045e+01
4.969844932486065773e+03 1.739298105387964313e+02 5.844866708937126987e+01 1.602057024421404492e+02 6.883226405388620606e+01
4.970255212462046075e+03 1.747185034208599461e+02 5.780964596733360850e+01 1.612017325777664212e+02 6.874716369862778720e+01
4.970670290790235413e+03 1.754649663285809140e+02 5.713030442066756365e+01 1.622010231797056008e+02 6.877398900315530739e+01
4.971063804448236624e+03 1.761231833766193233e+02 5.653701304887602674e+01 1.631980328862937881e+02 6.885064870383118318e+01
4.971475485533014762e+03 1.767907952482139251e+02 5.599037034276412328e+01 1.641970232270608108e+02 6.881324487680682012e+01
4.971965327350587359e+03 1.775325097026452852e+02 5.536382674653226132e+01 1.651965715137853579e+02 6.883951173172995652e+01
4.972493081044031896e+03 1.781813859451331439e+02 5.487451826713290615e+01 1.661964642645371555e+02 6.882772506331801310e+01
4.973635532315215642e+03 1.786602113023062088e+02 5.459749034625922803e+01 1.671903648772019153e+02 6.893501221614550900e+01
4.982234944990659642e+03 1.792562912103055339e+02 5.424462891806930998e+01 1.680838328690696244e+02 6.925284391272548135e+01
4.989432405841114814e+03 1.792727529599949605e+02 5.424521014865131718e+01 1.675562350837392387e+02 6.982496014268905071e+01
4.991348264698254752e+03 1.792639035390508013e+02 5.424559320163508858e+01 1.669963467584370278e+02 6.917973703095925941e+01
