# ts_seconds,x,y,gt_x,gt_y
7.386133999473717267e+03 1.704701554374878754e+02 6.938354987277378427e+01 1.704701554374878754e+02 6.938354987277378427e+01
7.400074379234984008e+03 1.700497863495070590e+02 7.121701070843114678e+01 1.696602157542790792e+02 6.889926190693407193e+01
7.400547520610912215e+03 1.700509680279706402e+02 7.225780701944229634e+01 1.686615460274875318e+02 6.894456728640992083e+01
7.400971858582310233e+03 1.700430567706138731e+02 7.329837102977583640e+01 1.676618162949794737e+02 6.893491616262156185e+01
7.401404920199963271e+03 1.700123845007262275e+02 7.436337576042697606e+01 1.666626874822868274e+02 6.890555358452338908e+01
7.401791725843251697e+03 1.700254283665150297e+02 7.532517299013574075e+01 1.656631313105689571e+02 6.891088355039418900e+01
7.402184833338576937e+03 1.700892698125153970e+02 7.633053296393531184e+01 1.646640281835415749e+02 6.888418082780323459e+01
7.402607206646734085e+03 1.701892691820673917e+02 7.739032089824119964e+01 1.636681077375001223e+02 6.894997133465700756e+01
7.402973644042501292e+03 1.702412199552600498e+02 7.829096137055627480e+01 1.626807187574377451e+02 6.910546841002205554e+01
7.403347467521426552e+03 1.702263580883921463e+02 7.915941306827606638e+01 1.616849933640719428e+02 6.919311403247024828e+01
7.403758559383203647e+03 1.700507746377564331e+02 7.996172700597222160e+01 1.606859219480756735e+02 6.920675995650448442e+01
7.404188672929939457e+03 1.695485602085754238e+02 8.065933242480616627e+01 1.597124707964997583e+02 6.905373335987005134e+01
7.404686433341242264e+03 1.687446816045407445e+02 8.126855958254878942e+01 1.588648192656151252e+02 6.854529852468903073e+01
7.405178737559595902e+03 1.678308292353535762e+02 8.164109018920461835e+01 1.582111148252828059e+02 6.779412713222257025e+01
7.405613009725853772e+03 1.669233222197056534e+02 8.185397096925633775e+01 1.577537534053593333e+02 6.691515988612933086e+01
7.406012191604374493e+03 1.660557391397271942e+02 8.208006974388852939e+01 1.575049064542988333e+02 6.594661789932708018e+01
7.406433952653749657e+03 1.651658196446827276e+02 8.237464417675950301e+01 1.572213531494457470e+02 6.498940760905234981e+01
7.406830804007779989e+03 1.643668691147933600e+02 8.269099312631193754e+01 1.568551439033141151e+02 6.405904133249201493e+01
7.407262654588262194e+03 1.635134461593474953e+02 8.316026241953881026e+01 1.564885233641494722e+02 6.313008456235247934e+01
7.407717156423251254e+03 1.626434063076426924e+02 8.372777579267932424e+01 1.560025286502349218e+02 6.225969456400850532e+01
7.408146831733872204e+03 1.618375720088413914e+02 8.427540599782116715e+01 1.554105048721446849e+02 6.145388759145632918e+01
7.408582329996633234e+03 1.609763435494196244e+02 8.486647284547797199e+01 1.548211219627708886e+02 6.064670752600075332e+01
7.409019112895923172e+03 1.600314150386208212e+02 8.534975976889683125e+01 1.542125987338352218e+02 5.985483358310260371e+01
7.409436718701858808e+03 1.590867891447408908e+02 8.571645694779806490e+01 1.537258113649712072e+02 5.898670441912751983e+01
7.409847978463662002e+03 1.581622494312910305e+02 8.610988436268857527e+01 1.533662446857745749e+02 5.805408665831415504e+01
7.410285341262270776e+03 1.571501396209919221e+02 8.648689560892705686e+01 1.529572515561757768e+02 5.714155906111272998e+01
7.410726188294672284e+03 1.561313754327528329e+02 8.677955021798413782e+01 1.525615672785463914e+02 5.622385400775321074e+01
7.411131269704894294e+03 1.552229611301974614e+02 8.694703042306346674e+01 1.522390357977483006e+02 5.527786389949275048e+01
7.411551338033526918e+03 1.542515917845230433e+02 8.694917787441950452e+01 1.520288575803118647e+02 5.430544786478716190e+01
7.412008886835097655e+03 1.531567979890324978e+02 8.683275913653072564e+01 1.520326490709757934e+02 5.330873632424531650e+01
7.412446815890944890e+03 1.521251816131306214e+02 8.668488784968036498e+01 1.521536764852844215e+02 5.231641397465201493e+01
7.412865754204752193e+03 1.511813305652214865e+02 8.650667677810662326e+01 1.522566139337808977e+02 5.132247836810409325e+01
7.413304885088882656e+03 1.502027295787211187e+02 8.638534780075659114e+01 1.524206974710104419e+02 5.033603610908755144e+01
7.413724974719121747e+03 1.492619284552773991e+02 8.634302765820757486e+01 1.525407747280210060e+02 4.934537108852307341e+01
7.414121167575988693e+03 1.483338441652812207e+02 8.628782751774797077e+01 1.525488974248415275e+02 4.834546879412775411e+01
7.414541683705192554e+03 1.473100939667326656e+02 8.626088278174482582e+01 1.525141281832951563e+02 4.734686309902807722e+01
7.414944744546157381e+03 1.463461870669776772e+02 8.624060408243198594e+01 1.524155171435759257e+02 4.635173803666122438e+01
7.415335179937124849e+03 1.454040298137916523e+02 8.616521822408166997e+01 1.523495090805421057e+02 4.535514344242616858e+01
7.415726317979971100e+03 1.444372989849281339e+02 8.605818308392476013e+01 1.523777707673208113e+02 4.435579803326850623e+01
7.416090780803135203e+03 1.435286791159672646e+02 8.593047876131066687e+01 1.524298211930115770e+02 4.335737555035557733e+01
7.416444587833516380e+03 1.426482158522097450e+02 8.578428070897884083e+01 1.524789046553583489e+02 4.235987663007292525e+01
7.416843421517615752e+03 1.416429640849468115e+02 8.560895188092450780e+01 1.526244520805258560e+02 4.137079794613481454e+01
7.417230806410133482e+03 1.406754552096994928e+02 8.543316812089153700e+01 1.527858358067896631e+02 4.038452646679301949e+01
7.417585352382183373e+03 1.397942063470484015e+02 8.530071789950149252e+01 1.528907853330899229e+02 3.939004907179002402e+01
7.417965867674768560e+03 1.388343202995070840e+02 8.522136656141377387e+01 1.530018211005357784e+02 3.839629787742937594e+01
7.418342724946693124e+03 1.378920452385367810e+02 8.518592829576579106e+01 1.531070560074105344e+02 3.740262207024584029e+01
7.418713737688065521e+03 1.369652968627789846e+02 8.515769637910250367e+01 1.531396803154868849e+02 3.640327194027332780e+01
7.419114435660788331e+03 1.359487627264374225e+02 8.511610394980944250e+01 1.531628927354591099e+02 3.540385061639651099e+01
7.419491857002626602e+03 1.349962608141923113e+02 8.506227426815712533e+01 1.532182630599191384e+02 3.440546871271338603e+01
7.419842574450565735e+03 1.341155408664179447e+02 8.500372346352835962e+01 1.532562671071918601e+02 3.340620749496171271e+01
7.420201772573708695e+03 1.332213889168298806e+02 8.493032346623012074e+01 1.533187771905748775e+02 3.240846975065415592e+01
7.420553071009668201e+03 1.323513934060968893e+02 8.485320278624845969e+01 1.534294987738453244e+02 3.141471143168868707e+01
7.420918913546967815e+03 1.314236489735936289e+02 8.480404869476841156e+01 1.535466248444991493e+02 3.042190944027781185e+01
7.421278425894747670e+03 1.305014182269603111e+02 8.479739494368190833e+01 1.536213406104366186e+02 2.942471130809111202e+01
7.421633421493565038e+03 1.295971298595316910e+02 8.477916388210721266e+01 1.536790736789506582e+02 2.842653978819214800e+01
7.422009057527078767e+03 1.286349009914565329e+02 8.472932260113762482e+01 1.536919074688247520e+02 2.742695684939299028e+01
7.422370318591759315e+03 1.277198581054670399e+02 8.468296981534470547e+01 1.536785086309660073e+02 2.642735738108954280e+01
7.422736771774284534e+03 1.268182800771124192e+02 8.458091845545972376e+01 1.537127589877203491e+02 2.542801697716212317e+01
7.423128624070892329e+03 1.259383374290883779e+02 8.432109588293094760e+01 1.537753650136895658e+02 2.443008280599691417e+01
7.423522355613970831e+03 1.251844393533542075e+02 8.386848213348359593e+01 1.539315525660248341e+02 2.344908040893434631e+01
7.423946434112303905e+03 1.245913259023642894e+02 8.320436959089867912e+01 1.543548399365330113e+02 2.255692468014395402e+01
7.424389790352453929e+03 1.243085947993466220e+02 8.233289374699747043e+01 1.550626549642689156e+02 2.187087140961117271e+01
7.424848150063000503e+03 1.242828204942827313e+02 8.132285381960643633e+01 1.559769346263053080e+02 2.154560988878219163e+01
7.425305728932905367e+03 1.243717256057015135e+02 8.024098634798265550e+01 1.569715544094978839e+02 2.161414120616460011e+01
7.425734118677140941e+03 1.244440845493203085e+02 7.917420087735233380e+01 1.579593402068719854e+02 2.176372093750920556e+01
7.426130735949683185e+03 1.244571301448582261e+02 7.815340999068602912e+01 1.589558569980539744e+02 2.184687603381897247e+01
7.426502142936265955e+03 1.244798865148570286e+02 7.716267193943210145e+01 1.599538936663784909e+02 2.188809822894178581e+01
7.426875393799277845e+03 1.245366986842408465e+02 7.614951171709221001e+01 1.609535938006607410e+02 2.186376149988712214e+01
7.427235488024189181e+03 1.246298925507872895e+02 7.519333181074507877e+01 1.619525124048425937e+02 2.187492543425953428e+01
7.427597277137973833e+03 1.247364050084833735e+02 7.423912370797719973e+01 1.629501143884220653e+02 2.194339539046819354e+01
7.427965137370941193e+03 1.248229893559085326e+02 7.325448410607643268e+01 1.639491265663741615e+02 2.198178579150616585e+01
7.428321198238494617e+03 1.248588625386047397e+02 7.229510100005904860e+01 1.649490723447277105e+02 2.199128102878326985e+01
7.428688227120638658e+03 1.248822160614435148e+02 7.130079642607147150e+01 1.659489774286608110e+02 2.199875207199270832e+01
7.429049451230644991e+03 1.249019495850295698e+02 7.032368622167780359e+01 1.669484434837434037e+02 2.197441934424089638e+01
7.429396361774104662e+03 1.249220139063265975e+02 6.938248397966803793e+01 1.679474027839459040e+02 2.193442201335831498e+01
7.429766195994850932e+03 1.249700375359835789e+02 6.836339572857727376e+01 1.689467779934594205e+02 2.194844970896464886e+01
7.430123908647087774e+03 1.250353482740763837e+02 6.736919470196895077e+01 1.699455677265217162e+02 2.198964726596499730e+01
7.430470049357904827e+03 1.250916240542309765e+02 6.639179086346102565e+01 1.709452736527724710e+02 2.200559707357929184e+01
7.430821515988477586e+03 1.251445733323549803e+02 6.539608715870822664e+01 1.719438530231627738e+02 2.205709498777289213e+01
7.431151538247872850e+03 1.251925361999918493e+02 6.447527026352290136e+01 1.729421706710527928e+02 2.210607447151502569e+01
7.431481445154768153e+03 1.252246515731693250e+02 6.356270308617690290e+01 1.739421207393624798e+02 2.211469813580540844e+01
7.431832887030229358e+03 1.252601156031207239e+02 6.260580613900840063e+01 1.749408336533943498e+02 2.215351895572234753e+01
7.432188673611452032e+03 1.253258068245890797e+02 6.164483558490975668e+01 1.759368515486939657e+02 2.224248818553149576e+01
7.432545596657087117e+03 1.253598017267919005e+02 6.069346769202756064e+01 1.769323388410352322e+02 2.233733182524790095e+01
7.432896992179768858e+03 1.253092482292019980e+02 5.978419408727122430e+01 1.779283992925950884e+02 2.242597137476004221e+01
7.433264491119326522e+03 1.252242502149488104e+02 5.883822835112400895e+01 1.789258929146674291e+02 2.247452659695711574e+01
7.433645592369117367e+03 1.251128575232621216e+02 5.786732304756369416e+01 1.799241513638442029e+02 2.242636078821518097e+01
7.434015459097396160e+03 1.249509841508244818e+02 5.696337787165312960e+01 1.809198893452783921e+02 2.233430601766194101e+01
7.434412837120760742e+03 1.247975859784744870e+02 5.603882583704318421e+01 1.819152743995809942e+02 2.223953040368077438e+01
7.434845507494648700e+03 1.247386184981960611e+02 5.509557896383869036e+01 1.829081965072032858e+02 2.212083186632863274e+01
7.435302819954366896e+03 1.248036944091301024e+02 5.415311901244938042e+01 1.839018631710084435e+02 2.206757156202512249e+01
7.435785735014652346e+03 1.249767475448428229e+02 5.320264243138917237e+01 1.848937834621336549e+02 2.218546794185424531e+01
7.436302019458810719e+03 1.252712251892489235e+02 5.226003077248025619e+01 1.858750751977104585e+02 2.237749892273996366e+01
7.436855296187837666e+03 1.257680720764099931e+02 5.140404175221353000e+01 1.868296406612637668e+02 2.265795032018552035e+01
7.437422307555176303e+03 1.265789246618774229e+02 5.086270899539649548e+01 1.876826720947897229e+02 2.315919870272113812e+01
7.437976387863064701e+03 1.276206469780574935e+02 5.075328897753446711e+01 1.882529186123609009e+02 2.393753693267238702e+01
7.438492427072616010e+03 1.286308963285723905e+02 5.084285223911233231e+01 1.884242537803305027e+02 2.491172690473966966e+01
7.438981414499857237e+03 1.295739184030809952e+02 5.092213757302022969e+01 1.883780893655977309e+02 2.590954302865317516e+01
7.439477918001941362e+03 1.305649419485867782e+02 5.095150771123812916e+01 1.882593955590571113e+02 2.690231067736779025e+01
7.439956830490764332e+03 1.315582417997212588e+02 5.095222932146263872e+01 1.881569995070177015e+02 2.789594397465836551e+01
7.440414406126925314e+03 1.325322068437687619e+02 5.094427318022027151e+01 1.881256749605979053e+02 2.889531058929314611e+01
7.440863555354363598e+03 1.334297650459030251e+02 5.095219260447425569e+01 1.881084647310551361e+02 2.989513067349714959e+01
7.441305923678704858e+03 1.341845345659521911e+02 5.101318366704462903e+01 1.881034470556366216e+02 3.089476042523485333e+01
7.441834697006273927e+03 1.350339444825811199e+02 5.116648751042369980e+01 1.880849721746193666e+02 3.189301375843949771e+01
7.442465075280336350e+03 1.361303461091910378e+02 5.141521396999004878e+01 1.879406338765290911e+02 3.288003960545611193e+01
7.443021912906174293e+03 1.372647745116843510e+02 5.160396153618648185e+01 1.877227359687929322e+02 3.385592920967175701e+01
7.443473142039855702e+03 1.383162774573571596e+02 5.163208681270420186e+01 1.875547930043506426e+02 3.484079586773798098e+01
7.443903069219105419e+03 1.393348595159541503e+02 5.163114174536848822e+01 1.874864926803121534e+02 3.583674245340335318e+01
7.444344448112758982e+03 1.403574366837476362e+02 5.167714386060344367e+01 1.874774354265862257e+02 3.683661651861726227e+01
7.444792213996392093e+03 1.413676497750951455e+02 5.173817506719469606e+01 1.874061793814210262e+02 3.783252888934669045e+01
7.445226242717093555e+03 1.423371467277534066e+02 5.176712128735318430e+01 1.873094736288988145e+02 3.882668744079103362e+01
7.445663485952519295e+03 1.433075364074584002e+02 5.176493231258154992e+01 1.872837641794430681e+02 3.982621131272966863e+01
7.446107654105001529e+03 1.442550814733474738e+02 5.172530830750407205e+01 1.872650840712593379e+02 4.082591608243055958e+01
7.446554314705270372e+03 1.451737311351853066e+02 5.167013690612149901e+01 1.872575223969047613e+02 4.182528344112086671e+01
7.447032697834129976e+03 1.461873578813334973e+02 5.166199788988613051e+01 1.872721492106258552e+02 4.282493089853646495e+01
7.447516338646005352e+03 1.472530754443470187e+02 5.172289299460582868e+01 1.872092465665801342e+02 4.382113670691738605e+01
7.447956309013193277e+03 1.482475209988163272e+02 5.179950347389054599e+01 1.870967919066783622e+02 4.481450429567023974e+01
7.448380305090521688e+03 1.492365389727942215e+02 5.183314601476487127e+01 1.870141125957741224e+02 4.581107776993651726e+01
7.448803233134162838e+03 1.502417361346276152e+02 5.181647459147504975e+01 1.869537987696464256e+02 4.680899340219940541e+01
7.449212805730576292e+03 1.511889320357618089e+02 5.178900472201519989e+01 1.869562791527738455e+02 4.780811410943232431e+01
7.449614323188357048e+03 1.521057083897308928e+02 5.178540616436836075e+01 1.869798732308007914e+02 4.880733009159799707e+01
7.450024519681659513e+03 1.530447039417311430e+02 5.178577827637093378e+01 1.869524284981272331e+02 4.980681851700340701e+01
7.450434389117092906e+03 1.539548486789890660e+02 5.178805417207509976e+01 1.869290987727715390e+02 5.080619083132664571e+01
7.450865588425267561e+03 1.548941401317847237e+02 5.181716796178032070e+01 1.869054170333614593e+02 5.180526549165798400e+01
7.451322149726443058e+03 1.558887748066939309e+02 5.184383325497021389e+01 1.868132590853518025e+02 5.280052006993537361e+01
7.451769699830456375e+03 1.568691121889901012e+02 5.183788595545822631e+01 1.867198143111027662e+02 5.379535825197327625e+01
7.452233856522223505e+03 1.579147983006934055e+02 5.182010488677545368e+01 1.866871831024255926e+02 5.479466458365965309e+01
7.452727730893175249e+03 1.590567218620835206e+02 5.182447132668550438e+01 1.866837727629721257e+02 5.579460935093653973e+01
7.453204843552252896e+03 1.601723249252536050e+02 5.188841110500930398e+01 1.866867122758527273e+02 5.679458844607199097e+01
7.453645832647160205e+03 1.612191194636374405e+02 5.200647211017970051e+01 1.866337705478902933e+02 5.779159577833307537e+01
7.454068521145785780e+03 1.622422838732852597e+02 5.213540264603054908e+01 1.865003721446026645e+02 5.878248132377078150e+01
7.454488716144034697e+03 1.632525125246273774e+02 5.226606879062045863e+01 1.863575988172533187e+02 5.977214522287152931e+01
7.454910512152345291e+03 1.642354140025917673e+02 5.236523011867472377e+01 1.862019185291508734e+02 6.075942821103378577e+01
7.455324209145074747e+03 1.651793125838554488e+02 5.237531207105918440e+01 1.860432379495557313e+02 6.174603222554579673e+01
7.455747911077646677e+03 1.661536612056356432e+02 5.229680249469511466e+01 1.859973463402048708e+02 6.274186700248965565e+01
7.456176277950515214e+03 1.671602036739969321e+02 5.217006634474996929e+01 1.860526015590397435e+02 6.374023136548513691e+01
7.456584713931852093e+03 1.681328494809411325e+02 5.204951221073338985e+01 1.861458777941143694e+02 6.473557533586571822e+01
7.456989030736540371e+03 1.690996059911076941e+02 5.195102921857742473e+01 1.862640393591795771e+02 6.572856682445369358e+01
7.457389477964687103e+03 1.700547455037321924e+02 5.185717500581341000e+01 1.863566790583844011e+02 6.672393753837167196e+01
7.457782224071517703e+03 1.709897540233243660e+02 5.176864418636106535e+01 1.864347218239080348e+02 6.772076767934457564e+01
7.458188129982810096e+03 1.719694023660046867e+02 5.169725151308646360e+01 1.865317872200151612e+02 6.871604355131340469e+01
7.458594368896555352e+03 1.729565530139761620e+02 5.163610054154649021e+01 1.866042558028757981e+02 6.971296470345541252e+01
7.458987400964525477e+03 1.739069162908166959e+02 5.158062703622999834e+01 1.866607768697626284e+02 7.071118160646808803e+01
7.459384681937293863e+03 1.748665471790819197e+02 5.155207575533776065e+01 1.867454265576896546e+02 7.170756333504124314e+01
7.459781470401097977e+03 1.758255628573816693e+02 5.155561801413348633e+01 1.867994488838363907e+02 7.270516933011398919e+01
7.460174351885957549e+03 1.767697629477236774e+02 5.158774415579161854e+01 1.868050810749347761e+02 7.370515312246969586e+01
7.460574614602493966e+03 1.777232906244476283e+02 5.164700171708932430e+01 1.868022668587050532e+02 7.470511465265148843e+01
7.460979369436972775e+03 1.786856559035259977e+02 5.171666193497062380e+01 1.867524372142981406e+02 7.570300209348403087e+01
7.461384421869486687e+03 1.796480776074232324e+02 5.178555236208029555e+01 1.866670805953680485e+02 7.669928828772890483e+01
7.461797707947414892e+03 1.806284333810400256e+02 5.183963083102201352e+01 1.866066872684110365e+02 7.769736742931992524e+01
7.462210678334357908e+03 1.816182118434134338e+02 5.186976752179914030e+01 1.865460336794049852e+02 7.869538340681674526e+01
7.462616647452206053e+03 1.826077399518279947e+02 5.190209276862221088e+01 1.864928174977661399e+02 7.969356205654919734e+01
7.463026749260387078e+03 1.836128249982520515e+02 5.195418203093912268e+01 1.864770127791479695e+02 8.069341325031646761e+01
7.463431610192738844e+03 1.845921458187098381e+02 5.203535776964329074e+01 1.864393431639243772e+02 8.169218813213181818e+01
7.463837548760808204e+03 1.855252167461470094e+02 5.220643716712218918e+01 1.863628852419255395e+02 8.268925208259857129e+01
7.464274577558760029e+03 1.864362019293332082e+02 5.254942194463647809e+01 1.862192492374820461e+02 8.367647402607114770e+01
7.464724422938753378e+03 1.872146584494375929e+02 5.308252218417589319e+01 1.859012089910288523e+02 8.461781804485170255e+01
7.465175123228933444e+03 1.877373310316597212e+02 5.382557789425545991e+01 1.853751665848531900e+02 8.545993281746720527e+01
7.465658576248237296e+03 1.880313610679984606e+02 5.483374260788632171e+01 1.846121595946195271e+02 8.607010882388465234e+01
7.466138157189391677e+03 1.881467306348051807e+02 5.594552613000473684e+01 1.836721263331163811e+02 8.638658852752709549e+01
7.466577674802246293e+03 1.881565610861647713e+02 5.698972772133379294e+01 1.826841266782678872e+02 8.653145912860027522e+01
7.466997313263354044e+03 1.881227762029811288e+02 5.800767182661702037e+01 1.816870546585910802e+02 8.654694710916103872e+01
7.467413072275580816e+03 1.880929910901919868e+02 5.904132988697141116e+01 1.806881439185272598e+02 8.650152405216535101e+01
7.467818311828330479e+03 1.880975602910149860e+02 6.006478711672995985e+01 1.796890209437702026e+02 8.650935472305963003e+01
7.468224669926600654e+03 1.881147438625144446e+02 6.111616918331785087e+01 1.786900406842742086e+02 8.655446034035473701e+01
7.468637470130914153e+03 1.881306049598458685e+02 6.220097608995504856e+01 1.776917442631970516e+02 8.661132291898904612e+01
7.469027989641925160e+03 1.881413355569114003e+02 6.323204574364368113e+01 1.766950777406899249e+02 8.669216101413333320e+01
7.469408271074010372e+03 1.881400750889056326e+02 6.423926751610507324e+01 1.756974091996383152e+02 8.675459024532260344e+01
7.469791978147381087e+03 1.881367263316768970e+02 6.524896415022854512e+01 1.746984229603685606e+02 8.679893379898774697e+01
7.470153833498827225e+03 1.881422049059783319e+02 6.618999937124149824e+01 1.737006100033405005e+02 8.686383135360324559e+01
7.470507136629291381e+03 1.881628238899951953e+02 6.711094877901899736e+01 1.727020186414090404e+02 8.690285014774205763e+01
7.470864543441646674e+03 1.881995338538543763e+02 6.805155017671053486e+01 1.717020255681224228e+02 8.690633267992218691e+01
7.471220382598495235e+03 1.882281398856304691e+02 6.899749272915937581e+01 1.707035580329065567e+02 8.694759045264838448e+01
7.471594309821566640e+03 1.882331899333330227e+02 6.999558429976674745e+01 1.697053322774785613e+02 8.700422392451181963e+01
7.471971755767413924e+03 1.882071260884845003e+02 7.098874207983273266e+01 1.687056960976425444e+02 8.702351506654898117e+01
7.472345522204128429e+03 1.881338721970682286e+02 7.195557811269749493e+01 1.677057050089150323e+02 8.702126181296944196e+01
7.472740225481388734e+03 1.880284854223475008e+02 7.297267703049642762e+01 1.667082241602541046e+02 8.696706450394016485e+01
7.473133044572779909e+03 1.879423532898052827e+02 7.399532982487002641e+01 1.657148740802742566e+02 8.685303118054766003e+01
7.473513929829762674e+03 1.879165238702742613e+02 7.500009717698705458e+01 1.647193439831814601e+02 8.676800821031588384e+01
7.473901797274321325e+03 1.879565513586389045e+02 7.601285009986139585e+01 1.637200108916539989e+02 8.673323677040420421e+01
7.474278825049228544e+03 1.880366186313712262e+02 7.697628506686913852e+01 1.627201923944393798e+02 8.672869813586827092e+01
7.474638904808502048e+03 1.880998107574636720e+02 7.789524581529454395e+01 1.617236623401719839e+02 8.679519938619137065e+01
7.474993355382244772e+03 1.881076596951523641e+02 7.881144679594308400e+01 1.607282670701036693e+02 8.688946580631494498e+01
7.475349578850162288e+03 1.880797594557865295e+02 7.974606510273777360e+01 1.597299302261971263e+02 8.690891160834590323e+01
7.475714029384820606e+03 1.880404923924693037e+02 8.071259183737308263e+01 1.587305989296170026e+02 8.687270819085478024e+01
7.476069444390936042e+03 1.880026589935195886e+02 8.165072428268814519e+01 1.577317886612372604e+02 8.682441827343683372e+01
7.476421309981930790e+03 1.879663250619762209e+02 8.258054705812789109e+01 1.567358245333066691e+02 8.673923571834087909e+01
7.476778338180723949e+03 1.879094315423378987e+02 8.354098931018330632e+01 1.557393601754321537e+02 8.666080841582120797e+01
7.477132466800206203e+03 1.878096462106970250e+02 8.451418035673376039e+01 1.547400881963939980e+02 8.662533255050807668e+01
7.477502875591505472e+03 1.876463163264890852e+02 8.553887303293608113e+01 1.537449244401009025e+02 8.654342120633640434e+01
7.477874114274812200e+03 1.874229825259320705e+02 8.655279634220354978e+01 1.527561017805844301e+02 8.639515007878533481e+01
7.478232147080000686e+03 1.871573022956782495e+02 8.751446532086642094e+01 1.517733886945055986e+02 8.621110207107355450e+01
7.478605645192534212e+03 1.868649753771943836e+02 8.848756965510312966e+01 1.508095713833774880e+02 8.595027792678824596e+01
7.478983823927521371e+03 1.865748933281250572e+02 8.943377844543361732e+01 1.498580113517590178e+02 8.564281778110388643e+01
7.479365094751618926e+03 1.862618602987579948e+02 9.038237445231143852e+01 1.488981324138282218e+02 8.536355513484512869e+01
7.479768156065809308e+03 1.858724010509596951e+02 9.139060960762527941e+01 1.479356315163317390e+02 8.509257711681813419e+01
7.480158950132197788e+03 1.854226122597381448e+02 9.233519899040456380e+01 1.469798643111410286e+02 8.479866471774795400e+01
7.480535466304186230e+03 1.849076950477902699e+02 9.319378094100453325e+01 1.460418521005243520e+02 8.445427417844167906e+01
7.480931486907958060e+03 1.843129216745037695e+02 9.405826630556866519e+01 1.451523691651561307e+02 8.400321521025661298e+01
7.481320558363028795e+03 1.837286998657195056e+02 9.489343710762273076e+01 1.443039746982000224e+02 8.347424126759379703e+01
7.481687668164421666e+03 1.832020177053262273e+02 9.569811828945324805e+01 1.434599889713554148e+02 8.293794227410505471e+01
7.482057569262388824e+03 1.826963621621731590e+02 9.653155977916603092e+01 1.426102917942091324e+02 8.241067883546419637e+01
7.482422587746282261e+03 1.822261799410745482e+02 9.736467281808459973e+01 1.417490151198940396e+02 8.190285701108679461e+01
7.482788463759208753e+03 1.818013157057972080e+02 9.822331439435666312e+01 1.408644363298905944e+02 8.143735563136762323e+01
7.483171012974410587e+03 1.813950106520963459e+02 9.913644397783761519e+01 1.399659703640008956e+02 8.099832942514206024e+01
7.483547553204915857e+03 1.810004278927380597e+02 1.000385248570043473e+02 1.390591077195593073e+02 8.057715100441716061e+01
7.483918980165228277e+03 1.806195144635427710e+02 1.009467612193956967e+02 1.381341498481243377e+02 8.019821536427822650e+01
7.484301585777506261e+03 1.802569008515507676e+02 1.018777455209199729e+02 1.372046109880855340e+02 7.982971657801594745e+01
7.484679355839923119e+03 1.799197752007715678e+02 1.027708171569722140e+02 1.362829907974224852e+02 7.944171700787099155e+01
7.485058162347614598e+03 1.796009973628812872e+02 1.036691847367826824e+02 1.353470934830997692e+02 7.909204701495175982e+01
7.485456620352577374e+03 1.792737860091945663e+02 1.046038993254403664e+02 1.343892627493221141e+02 7.880588672441633946e+01
7.485858351898616093e+03 1.789324879819127148e+02 1.055030931235354927e+02 1.334238572116329351e+02 7.854515431789243962e+01
7.486264242467344957e+03 1.785825112728460908e+02 1.063970103230461177e+02 1.324550204334503860e+02 7.829763523668138703e+01
7.486683418649753548e+03 1.781925014393926006e+02 1.073095432648454306e+02 1.315010388881619861e+02 7.800220779087514700e+01
7.487080281001994990e+03 1.777614328811631594e+02 1.081313275982012101e+02 1.305754779900986478e+02 7.762530770733779661e+01
7.487466065226610226e+03 1.772746906526064095e+02 1.089061855126327032e+02 1.296585228394366709e+02 7.722637075741933188e+01
7.487877936890635283e+03 1.767178825303081737e+02 1.097200603688125682e+02 1.287364764821795688e+02 7.683934303683275857e+01
7.488281452127818739e+03 1.761640645591718339e+02 1.104831284848358735e+02 1.278038562225037111e+02 7.647904987179289549e+01
7.488691198307235027e+03 1.755682952581027223e+02 1.112366587319344262e+02 1.268577252715239041e+02 7.615582494424407400e+01
7.489145827178870604e+03 1.748349439875901794e+02 1.120369512594018317e+02 1.259319537793771246e+02 7.578271480510598224e+01
7.489596152140117738e+03 1.740339669237297642e+02 1.127570493792573103e+02 1.250672342854103221e+02 7.528578351412933500e+01
7.490017071652178856e+03 1.732418484687919999e+02 1.133903590971942066e+02 1.242726228371909940e+02 7.468131037552529961e+01
7.490457361023006342e+03 1.724384925449400612e+02 1.140787095139770315e+02 1.235139820137878530e+02 7.402986615118435054e+01
7.490910311095189172e+03 1.716568963519739270e+02 1.148220916636092852e+02 1.227294763062988352e+02 7.341116889523361522e+01
7.491366777015787193e+03 1.709498120596014417e+02 1.156012319808906312e+02 1.219082984139970307e+02 7.284089374587409793e+01
7.491855533289046434e+03 1.703619964619665268e+02 1.164750255616098968e+02 1.210431950314500540e+02 7.234244086910855742e+01
7.492360025059898362e+03 1.699528697012570433e+02 1.174185070198503240e+02 1.201165726243743990e+02 7.197556571917544943e+01
7.492893916905096376e+03 1.697069116254222934e+02 1.184251708263578422e+02 1.191506200668389823e+02 7.172014653942626694e+01
7.493475959616030195e+03 1.695437720799830288e+02 1.194509677989770040e+02 1.181649735463613808e+02 7.155960757301178887e+01
7.494068655004030916e+03 1.693940720338730443e+02 1.204336712428848557e+02 1.171679413956202467e+02 7.149875027833383001e+01
7.494684843623937923e+03 1.692660453161991825e+02 1.214365353753805010e+02 1.161712370675288071e+02 7.142832836331245971e+01
7.495374446803627507e+03 1.691675223683236027e+02 1.224702550359329791e+02 1.151764249553931592e+02 7.132661211224618114e+01
7.496107471366199206e+03 1.690682490193005378e+02 1.234830026861886694e+02 1.141796366552551518e+02 7.124867989325142048e+01
7.496802901050173205e+03 1.690328803639760906e+02 1.244098321083602912e+02 1.131804973057037955e+02 7.121452412720390157e+01
7.497524894623027649e+03 1.689726731873770404e+02 1.253809505917356404e+02 1.121830518315929055e+02 7.126338512873066122e+01
7.498279319852474146e+03 1.688145160792577713e+02 1.264391713433736442e+02 1.111857123714048896e+02 7.126522139560157143e+01
7.499001391060782225e+03 1.686932411236511484e+02 1.274552561914925946e+02 1.101897837833054581e+02 7.117822021906603425e+01
7.499703172891695431e+03 1.685557642680876711e+02 1.284571297458196000e+02 1.091923146170482255e+02 7.111625262034628747e+01
7.500345945308773480e+03 1.684092426974386569e+02 1.294317528983725083e+02 1.081931303270336002e+02 7.107613243428616556e+01
7.500986910602622629e+03 1.683094742746013424e+02 1.304204499861691033e+02 1.071938270161425066e+02 7.107923539452110617e+01
7.501658832597550827e+03 1.681514713231305223e+02 1.314048217719810623e+02 1.061952818690380980e+02 7.105253054247198463e+01
7.502297345225310892e+03 1.679933936849654970e+02 1.322790359441996770e+02 1.051979316032501544e+02 7.098010292888034201e+01
7.502984127221468043e+03 1.678681463424248079e+02 1.331771692754558387e+02 1.041994681703040584e+02 7.097296693705236237e+01
7.503723274096459136e+03 1.677308621518347138e+02 1.341894393750941958e+02 1.032015050673942653e+02 7.093897578165318407e+01
7.504422052889343831e+03 1.676613956595804495e+02 1.351870040677480915e+02 1.022025786970019539e+02 7.091427506992661733e+01
7.505071843553073450e+03 1.676204032006904754e+02 1.361714325031114470e+02 1.012054796271210364e+02 7.097683965993442712e+01
7.505678416981346345e+03 1.675731419883744877e+02 1.371102219164762914e+02 1.002073431631121565e+02 7.102778968329857889e+01
7.506312480860991855e+03 1.675290013793799631e+02 1.380109231336386699e+02 9.921191293833000202e+01 7.111228329664271541e+01
7.506995930153875634e+03 1.674111535033395057e+02 1.389689287595609528e+02 9.821442169440503278e+01 7.115768132522138956e+01
7.507612702349051688e+03 1.673034649442508055e+02 1.398606497302226330e+02 9.721803856762447538e+01 7.109104273420715003e+01
7.508233097992397234e+03 1.672486737836026975e+02 1.407645919781744510e+02 9.622001613863460534e+01 7.105915155395842930e+01
7.508904872252890527e+03 1.671123459025367026e+02 1.417148432436171106e+02 9.522446925787608052e+01 7.098591764476719845e+01
7.509566344657948321e+03 1.668848375005221953e+02 1.425877050942298183e+02 9.423935595755557415e+01 7.081811757823172115e+01
7.510227156140158513e+03 1.666429090764355863e+02 1.434533505713029342e+02 9.326172843823771075e+01 7.060809032289209597e+01
7.510924282626033346e+03 1.665046541567397469e+02 1.443690509011097163e+02 9.228387908470224943e+01 7.039888378194730478e+01
7.511590646285099865e+03 1.665097159922899550e+02 1.452073876907401768e+02 9.129567155314803983e+01 7.040675361162998058e+01
7.512318547545335605e+03 1.665939411087661313e+02 1.462088186259692861e+02 9.031697258482499535e+01 7.060427891720974003e+01
7.513032687000466467e+03 1.666311267020986975e+02 1.473020657369784487e+02 8.932891648274889462e+01 7.074251432324984989e+01
7.513687126474115757e+03 1.665345156815206451e+02 1.483747937892647997e+02 8.833240758786195101e+01 7.082579165785986675e+01
7.514283903353772075e+03 1.664294503490506827e+02 1.493580958198866995e+02 8.734045051645463786e+01 7.075339057744494653e+01
7.514818075808499088e+03 1.663941372456451120e+02 1.502302612561226454e+02 8.635093925762033962e+01 7.060893655296837323e+01
7.515397261988983701e+03 1.663761706266701026e+02 1.510724820045495562e+02 8.535451403901494416e+01 7.058459900141198773e+01
7.516032764936283456e+03 1.664192988575562708e+02 1.519612951248315937e+02 8.435485605142426380e+01 7.057677884104758448e+01
7.516638035306265920e+03 1.665285256983073054e+02 1.527748592495928222e+02 8.336684322665298907e+01 7.069742848703802451e+01
7.517276935502897686e+03 1.665934269188224164e+02 1.536660587166269352e+02 8.238344701531667624e+01 7.087889110832522022e+01
7.517940219063908444e+03 1.665662462334243799e+02 1.546002561541227465e+02 8.138934437158307844e+01 7.089355415463504073e+01
7.518580953770033375e+03 1.664737662264167000e+02 1.555518833210551577e+02 8.039075862341024958e+01 7.084039905491850675e+01
7.519181200798265309e+03 1.664081658484776085e+02 1.564775651369910747e+02 7.939679526529367593e+01 7.073586317486562791e+01
7.519725710837672523e+03 1.663051196801725382e+02 1.573705934597803093e+02 7.840129439424444513e+01 7.064354285086901086e+01
7.520266015859101572e+03 1.662349416412093888e+02 1.583422370976726938e+02 7.740258266588385538e+01 7.059719454410861772e+01
7.520796279365352348e+03 1.662142452350242934e+02 1.592991460131381132e+02 7.641226672380246043e+01 7.047150972716011097e+01
7.521290839823052920e+03 1.662345216527810408e+02 1.601837812379012291e+02 7.541880294844371235e+01 7.036267947706205916e+01
7.521823681158847648e+03 1.662639259389459312e+02 1.611788727596846797e+02 7.442003622796234197e+01 7.035268580215581835e+01
7.522357277211803193e+03 1.662603831847366678e+02 1.621601284227101587e+02 7.342055229571771235e+01 7.033292716974256109e+01
7.522822452364175660e+03 1.661738358293229112e+02 1.629947233601253345e+02 7.242162760549969391e+01 7.028701336670958710e+01
7.523321967203632994e+03 1.659553070586288470e+02 1.639225250709696979e+02 7.142239807271231200e+01 7.029743874204260123e+01
7.523848839961032354e+03 1.657678600773863309e+02 1.649144098839531125e+02 7.042278630390676142e+01 7.028908500347431243e+01
7.524316626607428589e+03 1.656184948839391495e+02 1.657813071814594252e+02 6.942404376245366393e+01 7.032309051709626146e+01
7.524817442371181642e+03 1.653583198010795456e+02 1.667519824918323650e+02 6.842855855107532648e+01 7.041540770518149372e+01
7.525328661938520781e+03 1.650536725855360771e+02 1.677925268670110199e+02 6.743021829932057187e+01 7.043389617612240272e+01
7.525786036219263224e+03 1.648059750636797673e+02 1.687467499997756306e+02 6.643098787260770166e+01 7.039699902329367376e+01
7.526268099841532603e+03 1.646465815632741396e+02 1.696821002202868556e+02 6.543193141364533005e+01 7.035358191405124728e+01
7.526765031520422781e+03 1.645709926595316404e+02 1.706111044721587007e+02 6.443654713543526213e+01 7.026244651378762285e+01
7.527224671863607000e+03 1.645402676756226299e+02 1.714556528417475647e+02 6.343823825920284776e+01 7.023720423873450613e+01
7.527719907978765150e+03 1.645226713758081303e+02 1.723495241412471159e+02 6.243937269392882428e+01 7.027957727870820293e+01
7.528243373867984701e+03 1.644941168502832909e+02 1.733303713813434115e+02 6.144110572958632588e+01 7.025144763741167253e+01
7.528695371752824940e+03 1.645081201606547836e+02 1.741809268253367975e+02 6.044273169827997805e+01 7.019447506588859653e+01
7.529190005471267796e+03 1.645192517378643799e+02 1.751165226752810895e+02 5.944529123549999383e+01 7.023481410927143997e+01
7.529698497735010278e+03 1.644030554718454482e+02 1.761546619238281153e+02 5.844791698514248424e+01 7.030718799775343086e+01
7.530121799336406184e+03 1.642835846174828873e+02 1.770443500608365639e+02 5.744891581376566592e+01 7.034790148562701972e+01
7.530587899878449207e+03 1.641601021704625225e+02 1.779325798727053041e+02 5.644956184259550014e+01 7.038363646859585288e+01
7.531157123190670973e+03 1.640416030760242450e+02 1.789450015037313051e+02 5.545225856082490878e+01 7.045426928048060233e+01
7.531689174914855357e+03 1.640555638369595783e+02 1.798064797585090560e+02 5.445756272083721683e+01 7.055643948215909234e+01
7.532309953409630907e+03 1.641475831770005414e+02 1.807956507352839424e+02 5.348743904911560065e+01 7.078702808751445730e+01
7.532993058592874149e+03 1.643575520691368581e+02 1.818471658425376631e+02 5.251441219879003341e+01 7.101584072750206644e+01
7.533649707951170967e+03 1.646390362321358509e+02 1.828037766994957565e+02 5.155371114162745272e+01 7.129058698874115407e+01
7.534281622571230400e+03 1.650025638606325344e+02 1.836577295503275309e+02 5.058223240712730018e+01 7.152429562876233149e+01
7.534901424673686051e+03 1.654771196288854185e+02 1.844547881678101362e+02 4.963482458083024085e+01 7.183770359520102033e+01
7.535600555201383941e+03 1.660572041430854711e+02 1.851518436283787139e+02 4.883936830516050520e+01 7.242136742018426787e+01
7.536290348867702960e+03 1.667576344683211289e+02 1.856746568904911783e+02 4.812286550877271907e+01 7.311853387118713954e+01
7.536965227486291042e+03 1.676121237998790150e+02 1.861344769194705862e+02 4.764521021065269224e+01 7.398196937551684016e+01
7.537628299632574453e+03 1.685658319968835315e+02 1.865449140438345808e+02 4.741008282564261833e+01 7.494899886722096483e+01
7.538300398229750499e+03 1.695851190175953604e+02 1.868380722488662400e+02 4.714807471670079764e+01 7.591292858664962750e+01
7.538908018246670508e+03 1.704620850207193712e+02 1.870088105631679980e+02 4.696657373791997259e+01 7.689438834755775076e+01
7.539499653874951946e+03 1.712612498266582861e+02 1.870815327193253381e+02 4.683577446455819882e+01 7.788575160269017772e+01
7.540199661114260380e+03 1.722012245056899360e+02 1.869695868121586670e+02 4.686121773166750870e+01 7.888179757658126334e+01
7.540927920531305062e+03 1.731881909975403460e+02 1.868667735890441577e+02 4.713484524079127880e+01 7.983671244981985637e+01
7.541573044332430982e+03 1.742376714118490497e+02 1.868647998796120078e+02 4.726244522155383265e+01 8.082124434820491388e+01
7.542097958136061607e+03 1.751385886540419392e+02 1.869295107940073137e+02 4.734244958169900741e+01 8.181798500534193863e+01
7.542691919782904733e+03 1.760615066938146356e+02 1.871695635580949215e+02 4.738201275957661807e+01 8.281686520694954368e+01
7.543322240719874571e+03 1.770147127605721380e+02 1.875800268913791626e+02 4.714381232832494106e+01 8.377655470184794240e+01
7.543888590867372841e+03 1.778340618522591683e+02 1.880597441186379228e+02 4.684701540424831734e+01 8.473139080513499266e+01
7.544506635542034019e+03 1.786864526810237805e+02 1.886500083528334528e+02 4.641280506079663581e+01 8.562790188105054767e+01
7.545145892763877782e+03 1.795047313959688324e+02 1.892878444649016672e+02 4.585167554601800788e+01 8.645386937150045981e+01
7.545799634544579021e+03 1.800612691671460937e+02 1.900131703381429702e+02 4.533194189528472862e+01 8.730703467320952882e+01
7.546530464065156593e+03 1.804901050397093627e+02 1.909669671890954987e+02 4.454984034685246996e+01 8.788948727277502826e+01
7.547175045179437802e+03 1.808196999848900077e+02 1.918423829369476437e+02 4.363766289264624731e+01 8.829556692728746725e+01
7.547919763464688913e+03 1.810265404612119937e+02 1.927939217709076161e+02 4.270415300594990526e+01 8.865391399624107294e+01
7.548680786466386962e+03 1.812132741042034638e+02 1.938700718466528201e+02 4.173758051160326232e+01 8.890344660299136592e+01
7.549362064352799280e+03 1.811648875290453873e+02 1.949225009469431598e+02 4.077889604994754791e+01 8.918559882850459530e+01
7.550012220771680404e+03 1.810226247262001777e+02 1.960185424018033018e+02 3.978964795334542970e+01 8.924003648026882729e+01
7.550627830189147062e+03 1.808924652718449408e+02 1.970826052949311986e+02 3.878968762289906635e+01 8.923570669223406071e+01
7.551263776024564322e+03 1.807475425203795396e+02 1.981374306856707506e+02 3.778974082639687282e+01 8.924474617334736593e+01
7.551923243586474200e+03 1.807330617533776831e+02 1.992258646998815834e+02 3.679139335634073404e+01 8.919717501050877217e+01
7.552559616369786454e+03 1.807157657108792534e+02 2.001949009794238918e+02 3.580393955099220449e+01 8.931874284258610430e+01
7.553240023909427691e+03 1.805562946019992978e+02 2.013110771255442160e+02 3.480742844004865333e+01 8.935816380117677227e+01
7.553871089726155333e+03 1.804018891473828603e+02 2.022913630992663059e+02 3.381209007131699451e+01 8.927320765749277598e+01
7.554562274647732920e+03 1.800839705122247096e+02 2.031241123090388214e+02 3.281393398745514389e+01 8.922076851461466163e+01
7.555581613086734251e+03 1.796241670330994111e+02 2.033612522436577876e+02 3.191024518535865795e+01 8.883678772357488640e+01
7.557249626785230248e+03 1.792713109521111789e+02 2.018567296838760114e+02 3.252172464544300112e+01 8.835849399148949601e+01
7.557997751045105360e+03 1.793132435438817822e+02 2.007543734061135012e+02 3.350740199031877609e+01 8.819061257621734740e+01
7.558694048626635777e+03 1.793003978108126830e+02 1.996526327068172861e+02 3.450733852628177090e+01 8.818457712568344675e+01
7.559268816600026184e+03 1.793193570172354043e+02 1.986814912737165173e+02 3.549117228772239940e+01 8.800556798611503950e+01
7.559810493739591948e+03 1.793847092706437252e+02 1.977090464090376827e+02 3.648369329859323074e+01 8.788352953097485454e+01
7.560381094274232055e+03 1.792813656490896790e+02 1.966044276368365047e+02 3.747898553661946153e+01 8.778842751502554620e+01
7.560876618752096874e+03 1.792013428348753052e+02 1.956608581740338479e+02 3.844028746141488284e+01 8.751294303141163766e+01
7.561358794685689645e+03 1.791739437973146210e+02 1.947478929779340433e+02 3.940749079165637170e+01 8.725905869891693101e+01
7.561893374613229753e+03 1.790732899255174857e+02 1.937221339479451103e+02 4.038810084029977077e+01 8.706365699189457530e+01
7.562403379397069330e+03 1.790441660292984523e+02 1.928175871389516658e+02 4.133966308925669608e+01 8.675669915204466065e+01
7.562919041019420547e+03 1.790458309550816693e+02 1.919798665630871710e+02 4.232310338468789013e+01 8.657554479874687559e+01
7.563529800220328070e+03 1.788733450317195945e+02 1.910751980545623496e+02 4.331122832104117037e+01 8.642510500041299792e+01
7.564276712127575593e+03 1.786420800458835743e+02 1.901862722267690060e+02 4.424762663368273508e+01 8.607471431574377618e+01
7.565183051539238477e+03 1.784445044445442932e+02 1.891670341117284977e+02 4.521827257389831800e+01 8.583446208541536748e+01
7.566112944605288249e+03 1.781249122769801829e+02 1.881925782302965331e+02 4.616537826697833680e+01 8.552202260976143577e+01
7.567036133910162789e+03 1.771929032922583360e+02 1.878313136176836906e+02 4.688179769930974317e+01 8.484218479107397570e+01
7.567688454268180976e+03 1.762666480684687258e+02 1.877077679441311773e+02 4.698291538638000731e+01 8.384733204504802018e+01
7.568308670736239037e+03 1.752805539966427943e+02 1.875391045714858365e+02 4.710453144055200880e+01 8.285478370186915242e+01
7.568915635523911988e+03 1.742652613180021888e+02 1.875929158004923636e+02 4.718037957815852934e+01 8.186000582738334685e+01
7.569486766598760369e+03 1.732964769741163025e+02 1.876969966358437318e+02 4.701951223985845019e+01 8.087303841082555778e+01
7.570049133599593006e+03 1.722835386639224282e+02 1.876302642815953732e+02 4.686121089294999820e+01 7.988717163422630563e+01
7.570617551912351701e+03 1.713005886449470268e+02 1.875515953298395004e+02 4.688523523407727112e+01 7.888747582824277060e+01
7.571140852557660764e+03 1.704708757353338626e+02 1.874663445139161411e+02 4.689425442841437075e+01 7.788758449265849038e+01
7.571625301942712213e+03 1.697097845855080323e+02 1.874373941196818407e+02 4.693846253956263581e+01 7.688862904155949707e+01
7.572235064162964591e+03 1.687416248530238079e+02 1.875803134505813716e+02 4.692175942188508486e+01 7.589162408926392800e+01
7.572854594373199689e+03 1.677741040591047295e+02 1.878710410123267707e+02 4.665368556341707773e+01 7.492829109864707959e+01
7.573425380483384288e+03 1.668829072098479855e+02 1.882100118731984253e+02 4.635026558726514878e+01 7.397543513685552341e+01
7.574002220568948360e+03 1.659626127405500142e+02 1.885949654393089077e+02 4.602744900953123874e+01 7.303050491244938769e+01
7.574560633844772383e+03 1.652109864784112574e+02 1.889824481613469800e+02 4.554597360391978356e+01 7.215406819079869649e+01
7.575148746415718961e+03 1.645995613785454736e+02 1.896846965390852233e+02 4.504663446303030128e+01 7.130265625943981433e+01
7.575735241303455950e+03 1.642373696541702657e+02 1.905427211777222851e+02 4.416776549282798214e+01 7.083003494962341051e+01
7.576416193670488610e+03 1.638610208244200805e+02 1.915096948551761500e+02 4.321310938612371899e+01 7.053323282063327326e+01
7.577188248255438339e+03 1.638167974676683514e+02 1.926045215031818145e+02 4.227588127873723067e+01 7.021772077967037262e+01
7.577950692532384892e+03 1.638504191758740092e+02 1.937174128268532343e+02 4.128419206362307392e+01 7.034403604388498366e+01
7.578666971165752329e+03 1.638731795371996327e+02 1.949159563530566572e+02 4.028622130762213516e+01 7.040397925162660897e+01
7.579207530616091390e+03 1.638433277784068878e+02 1.958667843885154127e+02 3.929335254291341784e+01 7.052099212901342185e+01
7.579845426421456978e+03 1.636162414194960490e+02 1.969864299560315999e+02 3.829632393461572804e+01 7.054524601549297813e+01
7.580409993436839613e+03 1.635384236386641703e+02 1.979354570369825979e+02 3.731385659858631243e+01 7.037474834331116824e+01
7.580966050993504723e+03 1.633120957382808740e+02 1.988221389252452980e+02 3.631715278636229272e+01 7.040557341080095455e+01
7.581618861355804256e+03 1.628337259720017869e+02 1.997889684538024255e+02 3.534291628679682873e+01 7.019032441728103322e+01
7.582233791322622892e+03 1.623085898478690581e+02 2.007136665800757953e+02 3.442538344953848650e+01 6.979427517998932728e+01
7.582828420910732348e+03 1.618196958346325687e+02 2.015343276376584640e+02 3.347993639675917166e+01 6.947640713933489565e+01
7.583443539993257218e+03 1.614257422918514067e+02 2.023851940566103735e+02 3.261202217203279474e+01 6.898378702734906653e+01
7.584040999661184287e+03 1.612385502201299801e+02 2.033540533199156926e+02 3.165947997976143213e+01 6.869348649501515069e+01
7.584678789368347680e+03 1.611364152088084154e+02 2.042887986398866076e+02 3.065996240587076827e+01 6.866493120706937248e+01
7.585645751543854203e+03 1.611928591338851504e+02 2.049780635389842871e+02 2.966183096878559056e+01 6.860691673635774634e+01
7.587605072801719871e+03 1.613291428643072436e+02 2.039617600664726069e+02 2.971825235595972003e+01 6.856508072163529732e+01
7.588487860634061690e+03 1.614620812003174706e+02 2.026740959149458661e+02 3.071191430730133121e+01 6.860361787619659424e+01
7.589120426134664740e+03 1.614859018584873809e+02 2.015889776507111151e+02 3.170498489691767219e+01 6.860575210381293232e+01
7.589685781284525547e+03 1.615247996252762732e+02 2.004994091406957750e+02 3.270175293323860188e+01 6.852857866414856858e+01
7.590220573036383939e+03 1.615629103778313436e+02 1.994334363999638526e+02 3.370091953757583525e+01 6.851471876050105436e+01
7.590724111832545532e+03 1.616268133826372946e+02 1.984231732779125821e+02 3.469773420408962750e+01 6.846422518046550465e+01
7.591222763634466901e+03 1.617925687810824797e+02 1.973821743845726644e+02 3.569495819947165671e+01 6.839757839684864393e+01
7.591701062230546995e+03 1.620283061438499885e+02 1.963952517921024139e+02 3.669195449285930266e+01 6.843704372989348883e+01
7.592133878731241566e+03 1.622915831667355633e+02 1.955732456198041689e+02 3.768895000028059883e+01 6.851215689156504141e+01
7.592608827392490639e+03 1.626213035880978452e+02 1.947374700900718096e+02 3.867531720392670280e+01 6.865823572988810497e+01
7.593110797715702574e+03 1.629506103061151236e+02 1.938646600886651186e+02 3.962711226364177719e+01 6.895538577162697891e+01
7.593591640310400180e+03 1.632656609736861526e+02 1.930226921059309007e+02 4.058231671587748934e+01 6.924503195575876191e+01
7.594116521551748519e+03 1.637180328266725553e+02 1.921250090753322866e+02 4.154610022149002191e+01 6.951084567794589475e+01
7.594625130070137857e+03 1.642633467166523076e+02 1.913070931472269365e+02 4.244923257887226242e+01 6.992426677377467570e+01
7.595083333869626586e+03 1.648207847205517851e+02 1.906271189489605149e+02 4.331236729833167232e+01 7.042922326078443973e+01
7.595590467538907433e+03 1.655114720468928056e+02 1.899258084051086541e+02 4.417339058001896746e+01 7.093778841128154511e+01
7.596102013830473879e+03 1.662786653035949769e+02 1.892671845253117340e+02 4.498224953344952581e+01 7.152120281084548026e+01
7.596589195499022935e+03 1.670704175491169963e+02 1.887429865361430359e+02 4.573444762910283146e+01 7.217954083513414787e+01
7.597135802397480802e+03 1.680260624405827059e+02 1.882720477472426808e+02 4.641579372997328790e+01 7.290881473613960395e+01
7.597665402860279755e+03 1.690061926781961859e+02 1.878937133309177057e+02 4.698460674525270520e+01 7.372795214954696519e+01
7.598128538931049661e+03 1.699100225249692642e+02 1.876905743131740394e+02 4.750177891578376688e+01 7.458382414921535997e+01
7.598597778979603390e+03 1.708615390902459694e+02 1.875629369404883846e+02 4.788801903350678657e+01 7.549971225434107680e+01
7.599052380139901288e+03 1.717786343312276074e+02 1.873976761737938830e+02 4.810422793944399444e+01 7.647332061763397348e+01
7.599520174769209916e+03 1.726938955398495352e+02 1.872045542118152923e+02 4.830449489494574067e+01 7.745260270595966290e+01
7.600051162506428227e+03 1.737025821786555753e+02 1.870279114678334338e+02 4.855197219811527987e+01 7.842130409876698138e+01
7.600583299433234060e+03 1.746718608561401140e+02 1.868547215811441049e+02 4.874582452376971275e+01 7.940094512168707297e+01
7.601120767511867598e+03 1.755738394565288445e+02 1.866624450405164737e+02 4.895608690317038736e+01 8.037768373486363771e+01
7.601727496424198762e+03 1.764722230307971245e+02 1.864113487542198015e+02 4.922964589353257736e+01 8.133921640962631727e+01
7.602394708017161975e+03 1.773153597167803923e+02 1.860273014520035417e+02 4.956449252372132008e+01 8.228087841392826363e+01
7.603093317095789644e+03 1.780572384516998738e+02 1.854775899095368459e+02 5.009125906961195085e+01 8.311988670710132965e+01
7.603814984968678800e+03 1.788260052438403704e+02 1.848012330595696540e+02 5.075057490280600803e+01 8.387041289165179592e+01
7.604535233529080870e+03 1.795929995541573305e+02 1.841578327401618935e+02 5.145751734955845791e+01 8.457730183168496296e+01
7.605305122315910921e+03 1.802109917628217488e+02 1.835623057127185973e+02 5.219452343037049502e+01 8.525292075075093123e+01
7.606242654277039037e+03 1.807348831015275437e+02 1.828012148794449558e+02 5.301989400748067993e+01 8.580949692172048060e+01
7.607259424769117686e+03 1.811618017132120144e+02 1.817462074650855754e+02 5.394316700035599155e+01 8.618136716313622969e+01
7.608115667991240116e+03 1.814552812362886129e+02 1.805363628646761356e+02 5.490921558027607574e+01 8.643657715999425761e+01
7.608795799092809830e+03 1.815869317335202311e+02 1.793702645337952788e+02 5.589708668031440197e+01 8.658095145017689731e+01
7.609393525564642005e+03 1.815945625043389953e+02 1.782365119207765360e+02 5.689268034471963631e+01 8.655301957226561171e+01
7.609910393126164308e+03 1.816621212799377929e+02 1.771952099212066685e+02 5.788442731781236716e+01 8.642724809905132588e+01
7.610394472358263556e+03 1.817675249828383528e+02 1.762117291824719416e+02 5.888044774595947217e+01 8.642552114048442036e+01
7.610849230088003424e+03 1.818039297800380325e+02 1.753024910558783347e+02 5.987782715158538593e+01 8.649710337532570747e+01
7.611304792008436380e+03 1.818420946639218130e+02 1.743786066255921128e+02 6.087520244665105196e+01 8.646867205381251154e+01
7.611772219851202863e+03 1.819458516534056969e+02 1.734013872271215462e+02 6.187278379965118802e+01 8.639916421490805476e+01
7.612203681885956939e+03 1.820399970097577693e+02 1.724765618723550347e+02 6.287206977655090867e+01 8.638882195226831584e+01
7.612614738243713873e+03 1.821199260824971589e+02 1.716162266047238916e+02 6.387078635869851695e+01 8.634934729221836847e+01
7.613036119033408795e+03 1.822608298705143284e+02 1.708202338155177529e+02 6.486665877280692882e+01 8.626045119064784217e+01
7.613500823316515380e+03 1.824137614945565531e+02 1.701660120201088091e+02 6.586525346730968522e+01 8.624121516973843882e+01
7.614409759132197905e+03 1.825222947961413240e+02 1.698337625610368775e+02 6.686381986529018207e+01 8.619861422409019269e+01
7.631785152399280378e+03 1.833698619763190152e+02 1.691259175074728773e+02 6.779245323396693834e+01 8.649855257498401784e+01
7.636412783962422509e+03 1.836963482971708004e+02 1.681152653031458328e+02 6.870306845152609299e+01 8.691175521545194727e+01
7.637275903840925821e+03 1.836027835020265684e+02 1.673186520341630796e+02 6.969277148056934834e+01 8.679603422207939900e+01
7.638313258433516239e+03 1.835150423138451288e+02 1.662773198327531929e+02 7.068266799447061999e+01 8.665425677811244043e+01
7.639307953996443757e+03 1.835668978204186601e+02 1.652470778563237843e+02 7.167965343529618849e+01 8.672436983034873492e+01
7.640378821925419288e+03 1.835875407587319899e+02 1.642130815322723265e+02 7.267874829618699550e+01 8.671088709056954258e+01
7.641458224413243443e+03 1.835378243361519139e+02 1.631432302669048795e+02 7.366785794573466717e+01 8.656394379761377422e+01
7.642422986521382882e+03 1.833654535055862596e+02 1.621205899786452278e+02 7.465425488244034113e+01 8.640086537921354193e+01
7.643316350977650472e+03 1.832528288418051261e+02 1.610583500897126612e+02 7.564914878004653076e+01 8.630559316303093453e+01
7.644049931248435314e+03 1.832269036990757058e+02 1.600021069892854086e+02 7.664806633895828725e+01 8.627459827302703843e+01
7.644684457998174366e+03 1.833204838303208533e+02 1.590201658913445613e+02 7.764263246590634537e+01 8.618560248075358743e+01
7.645295369096780632e+03 1.835378055740367245e+02 1.580955129235282186e+02 7.863953250063674716e+01 8.624546056986449116e+01
7.645882304341869713e+03 1.837353294155743697e+02 1.571929553224506435e+02 7.962550917536270845e+01 8.641114827151167788e+01
7.646547010531248816e+03 1.839477761857374389e+02 1.562108599526303294e+02 8.061731555754528245e+01 8.653820897183456395e+01
7.647275970703673011e+03 1.840745639937009912e+02 1.552125998521457859e+02 8.160702644282234530e+01 8.666459528215516173e+01
7.648070420568321424e+03 1.841012551763211604e+02 1.542569191565873439e+02 8.260681939304232912e+01 8.664769477606702708e+01
7.648974948544509971e+03 1.841799000333699894e+02 1.532263936475212915e+02 8.360629779159317820e+01 8.666722354762917746e+01
7.649835161541183879e+03 1.841589223271428182e+02 1.522039457898195565e+02 8.460402220175043908e+01 8.671314127395999094e+01
7.650644177491677510e+03 1.840631851625433058e+02 1.511605879870207048e+02 8.560248627622129902e+01 8.665805500176907117e+01
7.651427856978578347e+03 1.839529598784837958e+02 1.501210462454778849e+02 8.659810558299827221e+01 8.657240796280559891e+01
7.652191013038064739e+03 1.839209668082845326e+02 1.491199118445900353e+02 8.758791424170064488e+01 8.643964923976336934e+01
7.652884604378843505e+03 1.839859264131057159e+02 1.481338469688295447e+02 8.858640996922018473e+01 8.643577615097514411e+01
7.653524776387722341e+03 1.840062281012230017e+02 1.471491105416866390e+02 8.958251615373366405e+01 8.650766819557603071e+01
7.654195367516283113e+03 1.840144897569100806e+02 1.460617593240892802e+02 9.058223282960592826e+01 8.648387016653703085e+01
7.654795277702472958e+03 1.840097494531438542e+02 1.450560401862930178e+02 9.158202467699079818e+01 8.646464228413152853e+01
7.655327218030683071e+03 1.839879671468544586e+02 1.441469303470115904e+02 9.258106250404540560e+01 8.643880770326786944e+01
7.655917755747685078e+03 1.840692447094705244e+02 1.431199599125185671e+02 9.357776144209152847e+01 8.637501755859629782e+01
7.656489524517178324e+03 1.842055986052615140e+02 1.421165252627416749e+02 9.457617646206290374e+01 8.642122818704423537e+01
7.657027506009934768e+03 1.842974962433704036e+02 1.412090148853964138e+02 9.557186660178791726e+01 8.650952597663135180e+01
7.657625633684217973e+03 1.843563379168997471e+02 1.402935433428898762e+02 9.657049050700219084e+01 8.655797157264446184e+01
7.658286028311600603e+03 1.843425950233509241e+02 1.393402302616437680e+02 9.756741702929980420e+01 8.660944249181274301e+01
7.658964709946794756e+03 1.842636434086837767e+02 1.384232718703006526e+02 9.856332187348402840e+01 8.653034564257676209e+01
7.659672760815451511e+03 1.842273441820454991e+02 1.375263695433774558e+02 9.955383269301664484e+01 8.640012166645144021e+01
7.660734120798453660e+03 1.841611787524783495e+02 1.368563604804955105e+02 1.005447339047700410e+02 8.629700432649033814e+01
7.665195757443102593e+03 1.841522215092053045e+02 1.361984215593927274e+02 1.015209516859889618e+02 8.610252685567625974e+01
7.673470597764226113e+03 1.844108645279398502e+02 1.348542173454895305e+02 1.025177655794410327e+02 8.611513593458694515e+01
7.674573399553270974e+03 1.844105013463877185e+02 1.337100112807123935e+02 1.035106147393350398e+02 8.622644145373685376e+01
7.675711627325222253e+03 1.844711348521830985e+02 1.327105624089186904e+02 1.045046331806296678e+02 8.620216544856053531e+01
7.676911978830838962e+03 1.844740949064983795e+02 1.313971525775785096e+02 1.054907474267907759e+02 8.604757421392788785e+01
7.677559857832195121e+03 1.846918587121699034e+02 1.301082170783599281e+02 1.064855542440517553e+02 8.605472559189055914e+01
7.678030605618127083e+03 1.848766014391533474e+02 1.290473600443731073e+02 1.074749748374683804e+02 8.619635931699662024e+01
7.678435884551625350e+03 1.849999568236296454e+02 1.280571268869221626e+02 1.084711351019053609e+02 8.628319623251736914e+01
7.678833432538745910e+03 1.850893804096298538e+02 1.270021470669139916e+02 1.094690042324251067e+02 8.634796939698260587e+01
7.679204313924930830e+03 1.851769788989039114e+02 1.259901282776339855e+02 1.104680250024482291e+02 8.638333476491442298e+01
7.679560787555556090e+03 1.852683186842910743e+02 1.250131725975217449e+02 1.114680015246473346e+02 8.638273529589122290e+01
7.679929400252674895e+03 1.853096008929156255e+02 1.239854364636703963e+02 1.124679208428502477e+02 8.639490980420796973e+01
7.680281711252020614e+03 1.852892228150039386e+02 1.230021271896407882e+02 1.134665907809174001e+02 8.637995172737208804e+01
7.680632680690126108e+03 1.852234476369309562e+02 1.220483822614588547e+02 1.144621716601093624e+02 8.628626344061429165e+01
7.680994465797827615e+03 1.850646875967901224e+02 1.210945965920140566e+02 1.154562835382733255e+02 8.617814811483690107e+01
7.681356975015699390e+03 1.848160012354574349e+02 1.201682354242912822e+02 1.164417968613708894e+02 8.601967405131551914e+01
7.681732874095028819e+03 1.845368506454261137e+02 1.192579094169141172e+02 1.174019913294229838e+02 8.574380620658938312e+01
7.682109054619298149e+03 1.842208732511285234e+02 1.183870403790275816e+02 1.183422811786143285e+02 8.540344412534172136e+01
7.682487260850868552e+03 1.838197369541713613e+02 1.175408588990895282e+02 1.192703785301655728e+02 8.503340519810721787e+01
7.682876846895651397e+03 1.833709465497711335e+02 1.167059594175912736e+02 1.201634715539804859e+02 8.458498312636210414e+01
7.683248081649961023e+03 1.829360664451653236e+02 1.159215696387079362e+02 1.210295972946653649e+02 8.408519938201690991e+01
7.683621799883794665e+03 1.824746415282267265e+02 1.151208161247427313e+02 1.218861068814128998e+02 8.356924675047623907e+01
7.683994496769694706e+03 1.820303397681701938e+02 1.143128340734140806e+02 1.227285661053059158e+02 8.303057452432055641e+01
7.684360503331625296e+03 1.816454818203874311e+02 1.135138768810858636e+02 1.235684042953855055e+02 8.248792872826994937e+01
7.684759025464542901e+03 1.812356789939612156e+02 1.126609402871513765e+02 1.244295349901534991e+02 8.198037992523786954e+01
7.685163356830995326e+03 1.808281132040409034e+02 1.118308120682975471e+02 1.253077224186026655e+02 8.150225307206467562e+01
7.685574330087038106e+03 1.804784651558134669e+02 1.109757321250620521e+02 1.261789034280408686e+02 8.101135555828969359e+01
7.686013098001391882e+03 1.802105024178069641e+02 1.100216126492529014e+02 1.270704797286582988e+02 8.056124042333793511e+01
7.686455766275792485e+03 1.801078772036621842e+02 1.090496804973271310e+02 1.280060975300784776e+02 8.021247978992646210e+01
7.686910766430381045e+03 1.801885273813945787e+02 1.080596407414609530e+02 1.289791496483562128e+02 8.000009366212945849e+01
7.687398347784630460e+03 1.803573284988921444e+02 1.069837051248172486e+02 1.299761919605362550e+02 7.996382629908082151e+01
7.687869054947949735e+03 1.805303662056870451e+02 1.059261740669933687e+02 1.309740490938065136e+02 8.002899644347095887e+01
7.688309912361552051e+03 1.806583268598521386e+02 1.049097464001771840e+02 1.319711666221078019e+02 8.010479834164954127e+01
7.688746201199508505e+03 1.807428166615013083e+02 1.038672172693878792e+02 1.329688244368311132e+02 8.016912301828823217e+01
7.689173381701977632e+03 1.808081848371127762e+02 1.028311201203767382e+02 1.339684996762533160e+02 8.018867104883202046e+01
7.689572603251487635e+03 1.808496369409970725e+02 1.018655301098075938e+02 1.349684757868809015e+02 8.018254504586039388e+01
7.689968056695991436e+03 1.808817765332487966e+02 1.009217108042926867e+02 1.359677774522532445e+02 8.015455018638590445e+01
7.690374705415620156e+03 1.809754426640828910e+02 9.997750926564738450e+01 1.369663237053144655e+02 8.010375860196062092e+01
7.690778162550981506e+03 1.811377895875234003e+02 9.906230713656118780e+01 1.379650995479927644e+02 8.011287480470069511e+01
7.691189003208256509e+03 1.813271790459203316e+02 9.814146653833985567e+01 1.389613932421647178e+02 8.019829751851379740e+01
7.691605781454722091e+03 1.815301445292412552e+02 9.722930500239662877e+01 1.399564083547766415e+02 8.029802176663925195e+01
7.692024368916170715e+03 1.817397624438316086e+02 9.633158153073857477e+01 1.409489077768608638e+02 8.041709200958521819e+01
7.692463031130622767e+03 1.819420162596185264e+02 9.540880410483337926e+01 1.419358330033936966e+02 8.057821130688856215e+01
7.692926231419875876e+03 1.820706972415557914e+02 9.448655841357758334e+01 1.429227615534106803e+02 8.073911150508563139e+01
7.693417859486505222e+03 1.820129643832021031e+02 9.357356310110854736e+01 1.439151332708084112e+02 8.085118699278440602e+01
7.693937287064279190e+03 1.817165459318114813e+02 9.270108874553706357e+01 1.449046921086567465e+02 8.079553685760288317e+01
7.694503806140759480e+03 1.812063236380699607e+02 9.186100560142737947e+01 1.458524054832238335e+02 8.049067844720831033e+01
7.695121751956319713e+03 1.805945275484470471e+02 9.096851473630236740e+01 1.467365420731230472e+02 8.002713602603397192e+01
7.695748142460062809e+03 1.800915408689720323e+02 9.008936343900147392e+01 1.475890346117540730e+02 7.950466972694034951e+01
7.696478638094243252e+03 1.798248867994506668e+02 8.934136691305623401e+01 1.484925848857473909e+02 7.909904491751875355e+01
7.697808318989736108e+03 1.799919431346213230e+02 8.881849119529390180e+01 1.493515171454356789e+02 7.922936217580215157e+01
7.724074274508199778e+03 1.796754610400279262e+02 8.998186348566262893e+01 1.490081328314888651e+02 7.908485521526179696e+01
7.725155048840852942e+03 1.801473583593107435e+02 9.089678711778712739e+01 1.480524646220485465e+02 7.908428777384720831e+01
7.726060652645731352e+03 1.811427070577136647e+02 9.127397665662988402e+01 1.474307272103369257e+02 7.980126947681672789e+01
7.726900886065491250e+03 1.821753919386772509e+02 9.100142672305157987e+01 1.472640986392406717e+02 8.077906381718165107e+01
7.727779870159921302e+03 1.831044611537038236e+02 9.055637935460632093e+01 1.475951648997661039e+02 8.171218735567974534e+01
7.728733075804330838e+03 1.838627889535896145e+02 8.988749339894428658e+01 1.480398304858465224e+02 8.260767632983721853e+01
7.729769033157136619e+03 1.845187811156520183e+02 8.922021539233823262e+01 1.487175289386231896e+02 8.333979891514749738e+01
7.730722337451340536e+03 1.852428406995702801e+02 8.845225885931994014e+01 1.493052612577646698e+02 8.414830351922250884e+01
7.731707399996937056e+03 1.858648238796601220e+02 8.759466902432799884e+01 1.500214567276076423e+02 8.484521101439349877e+01
7.732490139383697169e+03 1.864359375578875984e+02 8.666472510071000102e+01 1.507744798697437432e+02 8.550314300295369208e+01
7.733080428515549102e+03 1.869072743358243542e+02 8.590574331771986749e+01 1.516018247319559293e+02 8.606433719823213835e+01
7.733765200198136881e+03 1.873749777217133214e+02 8.518246072063830354e+01 1.523940516032418770e+02 8.667443488766991777e+01
7.734604005383319418e+03 1.875952485971526755e+02 8.407983424397367855e+01 1.532605402416694176e+02 8.717294752951495695e+01
7.735386513662182551e+03 1.876318031057014935e+02 8.290829195460312917e+01 1.542496483539929102e+02 8.730163615074596350e+01
7.736055567318848261e+03 1.874927498121886629e+02 8.165804961083907187e+01 1.552466172675133862e+02 8.737919290909982806e+01
7.736566699381085527e+03 1.873532704221614438e+02 8.064822921224961760e+01 1.562398098697238424e+02 8.726666447077798239e+01
7.737055255571993257e+03 1.871826256906607000e+02 7.961205656049919810e+01 1.572289290350145450e+02 8.711961855547065170e+01
7.737567575522710285e+03 1.869641217149783472e+02 7.842219799139655834e+01 1.582194555548076949e+02 8.698230630268759001e+01
7.738009698579980068e+03 1.867980763295976203e+02 7.742797045957104274e+01 1.591964760334847426e+02 8.676948171307735436e+01
7.738422366583342409e+03 1.866163266532416571e+02 7.648263740476794226e+01 1.601809585421922293e+02 8.659410239374030027e+01
7.738876919581642142e+03 1.863691351348452372e+02 7.545396680227446495e+01 1.611684160679774891e+02 8.643623785078854382e+01
7.739292061326372277e+03 1.861525178760050210e+02 7.457580048884815938e+01 1.621377023875199654e+02 8.619067457704223045e+01
7.739713059311467987e+03 1.859843658413569756e+02 7.365981628054950647e+01 1.631207727654945359e+02 8.600771054316984987e+01
7.740150115330127846e+03 1.858250190980390357e+02 7.270106915413354898e+01 1.641099703870920337e+02 8.586121645690188586e+01
7.740583133026684663e+03 1.857672398345239344e+02 7.178541614487313893e+01 1.650981883756571449e+02 8.570816740407310874e+01
7.741015076485015925e+03 1.857656493483588918e+02 7.089170581592149745e+01 1.660974716753944165e+02 8.567473685476481648e+01
7.741497374021607357e+03 1.857594644964239308e+02 6.990846446347818244e+01 1.670967785640331726e+02 8.571067696802481350e+01
7.742033299573701697e+03 1.857251912640585374e+02 6.880905726066218620e+01 1.680962624906004237e+02 8.568009626544299806e+01
7.742539945735717083e+03 1.856466265175415060e+02 6.776043898303683477e+01 1.690961369013232911e+02 8.569446898179728578e+01
7.742986332819801646e+03 1.855065879037704235e+02 6.684158790626848656e+01 1.700941670650859692e+02 8.563271766482587566e+01
7.743520230649003679e+03 1.853389977559293698e+02 6.573850390694472878e+01 1.710746120298855146e+02 8.543685066846866505e+01
7.743998244406610866e+03 1.852216132236908095e+02 6.472648053733286133e+01 1.720662053854391047e+02 8.530783713226909981e+01
7.744438929046391422e+03 1.851329536511073854e+02 6.381714313644128822e+01 1.730540434623348460e+02 8.515240052163113660e+01
7.744966550394769911e+03 1.851284531171393155e+02 6.272010473721057622e+01 1.740446896687198830e+02 8.501597295340575045e+01
7.745496748308710266e+03 1.850565141119824943e+02 6.165099001158226599e+01 1.750423298522569269e+02 8.494798082571468001e+01
7.745918801355503092e+03 1.849811553263579356e+02 6.084550686883052606e+01 1.760401600318090516e+02 8.488214072016261014e+01
7.746495567425555237e+03 1.850163654148715295e+02 5.974599061598944161e+01 1.770343582529230559e+02 8.477473402842281303e+01
7.747064590919497277e+03 1.850995395404798103e+02 5.864488475943324630e+01 1.780261339820746684e+02 8.489859385439521589e+01
7.747500864171236572e+03 1.850883579266193237e+02 5.780579036545089622e+01 1.790216419420530087e+02 8.499316069819390407e+01
7.748057061317536863e+03 1.852457549491155930e+02 5.672479750490825268e+01 1.800194316789251161e+02 8.493016764250437234e+01
7.748586523053005294e+03 1.855766034365070993e+02 5.576704652185468802e+01 1.810010110908676495e+02 8.511819198750762894e+01
7.749008461517957585e+03 1.858108865406785526e+02 5.502309627025454830e+01 1.819420900453335435e+02 8.545581895289845420e+01
7.749656422754435880e+03 1.864704567681816911e+02 5.409132336297182775e+01 1.828908587883405801e+02 8.577177323914571616e+01
7.750216452587369531e+03 1.872504539733770343e+02 5.352527731154372503e+01 1.835907120957154746e+02 8.648351996215200188e+01
7.750676027296707616e+03 1.879124027277266293e+02 5.314677116405002266e+01 1.841838714342298147e+02 8.728842917043937177e+01
7.751334989172101814e+03 1.888640258179850662e+02 5.275771919240826691e+01 1.847248267841782479e+02 8.812944532623360772e+01
7.752044055670728085e+03 1.896284671903378012e+02 5.216540141139521580e+01 1.849875044106552480e+02 8.909362288621193215e+01
7.753084394047365095e+03 1.902085354001781354e+02 5.169581829077761626e+01 1.856164835330402809e+02 8.986960905925896270e+01
7.760656422823031789e+03 1.910007035812075742e+02 5.169390638277616290e+01 1.854903671138320931e+02 9.082568599184313030e+01
7.762842737641702115e+03 1.922872315804271750e+02 5.150271733496245474e+01 1.854369566884539609e+02 9.175926189821913681e+01
7.763668275825697492e+03 1.934104129196548740e+02 5.128756124829439500e+01 1.856690345088353808e+02 9.273166317267397574e+01
7.764190166355216206e+03 1.943579764772036924e+02 5.101886820877440698e+01 1.858371235432773005e+02 9.371669040372054837e+01
7.764682968071394498e+03 1.952583354448073578e+02 5.072676574034623087e+01 1.860620907972075884e+02 9.468783943265555081e+01
7.765160429336406196e+03 1.961700284946091415e+02 5.059387340554060586e+01 1.863515544087243256e+02 9.564502634564574635e+01
7.765632592365799610e+03 1.971217707317923953e+02 5.059775201485526708e+01 1.864991414385706889e+02 9.662664799725436637e+01
7.766049505216986290e+03 1.979715147419257164e+02 5.062455171969460821e+01 1.864987720309144095e+02 9.762589458188786296e+01
7.766457071536306103e+03 1.987973064049577943e+02 5.066605628302417585e+01 1.865035740745068438e+02 9.862539320091225648e+01
7.766888289450062985e+03 1.996759309915227050e+02 5.072430501555380289e+01 1.865040767187708184e+02 9.962507279621831913e+01
7.767303996627159904e+03 2.005325111255518493e+02 5.073905229591554189e+01 1.864579623475833046e+02 1.006237832091305648e+02
7.767708951340699969e+03 2.013619571636394312e+02 5.071948407293169225e+01 1.864529835242165632e+02 1.016225792935354519e+02
7.768136107702478512e+03 2.022581370800531602e+02 5.075315697927665326e+01 1.865071731376123694e+02 1.026209906938535710e+02
7.768586592474919598e+03 2.032410967450662156e+02 5.083547674109956915e+01 1.865064488092603199e+02 1.036194252284847721e+02
7.769001671522734796e+03 2.041449951434358923e+02 5.092970203463869439e+01 1.864798179638007696e+02 1.046189306640601586e+02
7.769429176880425075e+03 2.050671491707542771e+02 5.107635567715580294e+01 1.864676719466225165e+02 1.056188567164838616e+02
7.769874399296336378e+03 2.060402905875382658e+02 5.125377353116112289e+01 1.863818576560107658e+02 1.066132991546775486e+02
7.770300290224466153e+03 2.069661036005021515e+02 5.140987820453086954e+01 1.862272314178119075e+02 1.076011486948098650e+02
7.770755603026014796e+03 2.078871580931210303e+02 5.151512048954769085e+01 1.860981031138929609e+02 1.085922801988486839e+02
7.771228322073490745e+03 2.087678426095197608e+02 5.148792654506571154e+01 1.859118132325191937e+02 1.095724008749511569e+02
7.771726241970077353e+03 2.096449563669318366e+02 5.133579788179709880e+01 1.857506482343976018e+02 1.105571566074928711e+02
7.772306124054187421e+03 2.105723064140379108e+02 5.117716839749100899e+01 1.856947998114933682e+02 1.115546917886300236e+02
7.773052954342616431e+03 2.114885550685436328e+02 5.110668057782538654e+01 1.856150580019137237e+02 1.125504541395041400e+02
7.774379713729031209e+03 2.120588452210100456e+02 5.126509923126639023e+01 1.850451845518485072e+02 1.132528558674612498e+02
7.776267537583482408e+03 2.132637885489727978e+02 5.103238557258818986e+01 1.845626676163237505e+02 1.140787530815146766e+02
7.777238468638283848e+03 2.143649664096559775e+02 5.086876642833274786e+01 1.846979743901950144e+02 1.150397412184584596e+02
7.777890295455802516e+03 2.154007605281597932e+02 5.089123278072590750e+01 1.847230701612329256e+02 1.160327797199266087e+02
7.778425786425629667e+03 2.163935996276456706e+02 5.089481149840298002e+01 1.846400996511875974e+02 1.170290052361238224e+02
7.778975730701789871e+03 2.174488888977686258e+02 5.097217550764841576e+01 1.846012198167523763e+02 1.180278545548846836e+02
7.779469437810360432e+03 2.184412393079290666e+02 5.105454987086189789e+01 1.844670857242471129e+02 1.190173434951882143e+02
7.779930142516670458e+03 2.193771808652224422e+02 5.107360573265194148e+01 1.843148208180597294e+02 1.200056743279569673e+02
7.780445617251863951e+03 2.203841453621593303e+02 5.105532815797270274e+01 1.843077914372179862e+02 1.210031704124859289e+02
7.780942720719326644e+03 2.213214570899048681e+02 5.092282916552179728e+01 1.843229651490126741e+02 1.220030372310762061e+02
7.781419138375071270e+03 2.221883649745404909e+02 5.067162519276889299e+01 1.844396078736192237e+02 1.229948877328861840e+02
7.781979461832761444e+03 2.231816739071661004e+02 5.040639229709059776e+01 1.846925164613623167e+02 1.239607883035214257e+02
7.782499419170009787e+03 2.241309751905316716e+02 5.017000378852877418e+01 1.847986367050261265e+02 1.249515108420277585e+02
7.782946032751651728e+03 2.249956522257514564e+02 4.996889336725918440e+01 1.849013995203669936e+02 1.259460550939262617e+02
7.783450279610053258e+03 2.259765297684759560e+02 4.979865160878172503e+01 1.850604972753669131e+02 1.269330444733190291e+02
7.783923398639561128e+03 2.269115479498960042e+02 4.966078565818597923e+01 1.851294920829158173e+02 1.279294620893391254e+02
7.784396853105387891e+03 2.278445824891328471e+02 4.964353345089474345e+01 1.852128156587772878e+02 1.289258195184993667e+02
7.784910878908736777e+03 2.288114551799059768e+02 4.988224036988340515e+01 1.852376475742484843e+02 1.299249894775458074e+02
7.785365349662545668e+03 2.296193957629090789e+02 5.027130427815439617e+01 1.849440692523643577e+02 1.308700275387844272e+02
7.785806693457971960e+03 2.302790903872219133e+02 5.081704889498617916e+01 1.844103682553773638e+02 1.317108222278657195e+02
7.786295377756621747e+03 2.307774223929172592e+02 5.162356178781881511e+01 1.838041697856795054e+02 1.325058753394859821e+02
7.786758202654734305e+03 2.310412981442953253e+02 5.255739299747739324e+01 1.829722252724764928e+02 1.330401462834242921e+02
7.787203638066808708e+03 2.312291470091999486e+02 5.350373312953535532e+01 1.819956761903403617e+02 1.332023949915613343e+02
7.787639918264671905e+03 2.313642702381860659e+02 5.444792718445658153e+01 1.810129802705974100e+02 1.333847418878821429e+02
7.788092324470275344e+03 2.314238192871716819e+02 5.547118038244715166e+01 1.800264551775197504e+02 1.335477560865960811e+02
7.788549693658129399e+03 2.314744581653138482e+02 5.650698910307712453e+01 1.790296914443657954e+02 1.336197681831218915e+02
7.788971095034060454e+03 2.314535330400558735e+02 5.746184997568261821e+01 1.780334356583659030e+02 1.337054052215430033e+02
7.789406395848854118e+03 2.314041922650656318e+02 5.845664865393311516e+01 1.770342468619186604e+02 1.336998870709066125e+02
7.789834049284646426e+03 2.314153752948013789e+02 5.941273365156356334e+01 1.760417138451462904e+02 1.335842090392185639e+02
7.790218889130306707e+03 2.314449192670423372e+02 6.026998894693932840e+01 1.750435209727580457e+02 1.335344633796283915e+02
7.790669034902000021e+03 2.314177454963572416e+02 6.124909150077019149e+01 1.740441066326940813e+02 1.335002513372761541e+02
7.791101616908556935e+03 2.313797090604086577e+02 6.217493378703052542e+01 1.730477786117281767e+02 1.334170607919839995e+02
7.791545135069273783e+03 2.313732965905276160e+02 6.313235744377956848e+01 1.720536979180714923e+02 1.333086409800756655e+02
7.791979147962310890e+03 2.313282340054448412e+02 6.405092090898362756e+01 1.710553451309022250e+02 1.332566707954552783e+02
7.792402715740334315e+03 2.312037360702661886e+02 6.492072006501888382e+01 1.700587045700005433e+02 1.331762871768988816e+02
7.792859020291328306e+03 2.310585555008910603e+02 6.581373939944589324e+01 1.690667665537843334e+02 1.330505747903530960e+02
7.793256862057951366e+03 2.309191894955189355e+02 6.661384157268371098e+01 1.680734955603811898e+02 1.329349619180565867e+02
7.793703120003554432e+03 2.307452264604502261e+02 6.755152343808643423e+01 1.670906848468638941e+02 1.327525787566986253e+02
7.794118125111897825e+03 2.306549554718007471e+02 6.845299316422041613e+01 1.661166516490908691e+02 1.325265673712130194e+02
7.794553282379849406e+03 2.305783865597962006e+02 6.941204599881319837e+01 1.651278522408825324e+02 1.323815925541139791e+02
7.795018725996881585e+03 2.304718515532867684e+02 7.042151983680498972e+01 1.641382568510670694e+02 1.322378105294713464e+02
7.795424382586948923e+03 2.304180387940751871e+02 7.132277153180686469e+01 1.631526283160532671e+02 1.320691395376105390e+02
7.795873129367556430e+03 2.304296717675070738e+02 7.232502704491146517e+01 1.621546598814465483e+02 1.320474758761559428e+02
7.796358332004666408e+03 2.305148554560387026e+02 7.340501534308340581e+01 1.611549825295007281e+02 1.320241370207098157e+02
7.796797402645554030e+03 2.306249866282194887e+02 7.438617843455899958e+01 1.601550333516686919e+02 1.320197132597849361e+02
7.797222054790664515e+03 2.306872745427582174e+02 7.531709599666550048e+01 1.591573609496090569e+02 1.320830135524577429e+02
7.797716344590259723e+03 2.306855873645252757e+02 7.636058970328637940e+01 1.581612639454556586e+02 1.321710852506946026e+02
7.798182551145668185e+03 2.306981243384199445e+02 7.736576512834486152e+01 1.571626062541140811e+02 1.321457877890607620e+02
7.798637522559553872e+03 2.306893351804847612e+02 7.835053712960547045e+01 1.561634972551737235e+02 1.321035844334991793e+02
7.799152330526573678e+03 2.305983285957933901e+02 7.945965846364651952e+01 1.551637646273112239e+02 1.320818703784186141e+02
7.799624529668399191e+03 2.304997276365886307e+02 8.045344581163851672e+01 1.541720455413285151e+02 1.319598696018618682e+02
7.800056998747784746e+03 2.303229522058021530e+02 8.133483434235951393e+01 1.531816694773499989e+02 1.318214675812056953e+02
7.800551353637598368e+03 2.299086358004434203e+02 8.227325429860948702e+01 1.521937648943053034e+02 1.316665366200443543e+02
7.801027548946308343e+03 2.293389963072653757e+02 8.305832832041140534e+01 1.512858882913443779e+02 1.312587440819122548e+02
7.801481575084657379e+03 2.286372651335210264e+02 8.362537775915116356e+01 1.504908516575774513e+02 1.306561416477579201e+02
7.802019122501885249e+03 2.275976014341530629e+02 8.396101152586929572e+01 1.498966242085360818e+02 1.298569551790359071e+02
7.802503113361780379e+03 2.265239609280598927e+02 8.398576288155909708e+01 1.496035851377858421e+02 1.289062451843697374e+02
7.802929161449787898e+03 2.255432072284908429e+02 8.386026828673675482e+01 1.495259422185104938e+02 1.279110816758591653e+02
7.803385882612454225e+03 2.244903713890268762e+02 8.366255738005068565e+01 1.495887854772040271e+02 1.269138037892009265e+02
7.803811401033250149e+03 2.234916831860630850e+02 8.353609349290681507e+01 1.497490380419688449e+02 1.259270968863283429e+02
7.804202087476791348e+03 2.225848625091306019e+02 8.346012269515800597e+01 1.498877326014528251e+02 1.249368076785134605e+02
7.804636977084315731e+03 2.215878029367285649e+02 8.337639085809580308e+01 1.499588778213137914e+02 1.239395472151225306e+02
7.805057864974710355e+03 2.205730867018399692e+02 8.331896496509139638e+01 1.500599653161520450e+02 1.229447340218264486e+02
7.805469768292493427e+03 2.195409375980622997e+02 8.326465924216357450e+01 1.501339342143917008e+02 1.219475193676159392e+02
7.805856449767401500e+03 2.185854018356302504e+02 8.320920863574306736e+01 1.501650390277436884e+02 1.209480799128508011e+02
7.806242888918804056e+03 2.176313677419795738e+02 8.320348850235522775e+01 1.502164296788689910e+02 1.199494292002025446e+02
7.806638526880044083e+03 2.166482616996283639e+02 8.320819548450084824e+01 1.502059965162020774e+02 1.189496799894445047e+02
7.807001548323442876e+03 2.157564941860225076e+02 8.313547687210828485e+01 1.501283718785510075e+02 1.179528723508736761e+02
7.807346307517068453e+03 2.148905460939568854e+02 8.301563183949238578e+01 1.501503864836201103e+02 1.169536260649952197e+02
7.807689691181542912e+03 2.140131099569209709e+02 8.290363456026453548e+01 1.502790852067448100e+02 1.159623697216944720e+02
7.808017579555420525e+03 2.131769711295281695e+02 8.278711990534125675e+01 1.504061445978209690e+02 1.149704794932629852e+02
7.808378271303642578e+03 2.122656681306463611e+02 8.267587015310027709e+01 1.505165719168839757e+02 1.139766065248095401e+02
7.808727020015172457e+03 2.113589608915550571e+02 8.262129944290211370e+01 1.506406917304983040e+02 1.129843496437272705e+02
7.809088195647372231e+03 2.104047698331072525e+02 8.258215496217107443e+01 1.507049495685876934e+02 1.119865840062310838e+02
7.809448307209839186e+03 2.094818090439203786e+02 8.250977092195604712e+01 1.507245506036985603e+02 1.109868436343187028e+02
7.809799475424168122e+03 2.085718529750771779e+02 8.247528282071037609e+01 1.507871905220211772e+02 1.099889015892735102e+02
7.810153566187635079e+03 2.076331439765253322e+02 8.249201923958671046e+01 1.508272916309661014e+02 1.089897367342391163e+02
7.810475109902439726e+03 2.067795596763821493e+02 8.249544230656672994e+01 1.508156420058156186e+02 1.079899100799266733e+02
7.810807156290949024e+03 2.059002464606566605e+02 8.250914566044956189e+01 1.508065132541302944e+02 1.069899537339305624e+02
7.811145616248937586e+03 2.049983882711246679e+02 8.254748190789101159e+01 1.508459807601968805e+02 1.059908315291101246e+02
7.811507396032109682e+03 2.040276401580816241e+02 8.258129892769134983e+01 1.508566142926466114e+02 1.049909344795060804e+02
7.811887152367970884e+03 2.030147586345259754e+02 8.260837653251502388e+01 1.508189899078050189e+02 1.039917294347324344e+02
7.812262890907218207e+03 2.019959636361033120e+02 8.266209516168936489e+01 1.508139003710081738e+02 1.029917974167858716e+02
7.812637962632738891e+03 2.009729854182981796e+02 8.264303027429643578e+01 1.507613437964197658e+02 1.019932852098843199e+02
7.813025770338895200e+03 1.999510502137021319e+02 8.245948796917970469e+01 1.507491882835663830e+02 1.009934412328878466e+02
7.813411183888190862e+03 1.989498839277438265e+02 8.223549613329763019e+01 1.509321603916296795e+02 1.000117384397714204e+02
7.813793046189535744e+03 1.979703350362523224e+02 8.202650728728710305e+01 1.511922532964889001e+02 9.904631253060668428e+01
7.814186437075426511e+03 1.969865422482479573e+02 8.184277248724505682e+01 1.514422544445392589e+02 9.807807568463994130e+01
7.814579795197507337e+03 1.959870627044064975e+02 8.177786979105397336e+01 1.517019353520625486e+02 9.711238583910693478e+01
7.815024678263805981e+03 1.948454105424314093e+02 8.182265716013949941e+01 1.518445582890117578e+02 9.612312836078166356e+01
7.815484754833634724e+03 1.936608272347233139e+02 8.187851097447108373e+01 1.518587883164700827e+02 9.512371231033787922e+01
7.815915427969231132e+03 1.925275355993873063e+02 8.194232939170858288e+01 1.518507887514421100e+02 9.412375105608212777e+01
7.816346530266859190e+03 1.913937037286665372e+02 8.198464500379601816e+01 1.518185603307550195e+02 9.312428850076362608e+01
7.816801919257297413e+03 1.902473991527290309e+02 8.204733796380122612e+01 1.518209657214325432e+02 9.212433460812455621e+01
7.817235139534828704e+03 1.892105651309112488e+02 8.220182578064397205e+01 1.518017727390028995e+02 9.112453778290201001e+01
7.817634427704187146e+03 1.882814192089879270e+02 8.238267623135999429e+01 1.516645741349443881e+02 9.013443301909447314e+01
7.818079810751243713e+03 1.872633824381543945e+02 8.265585890736488750e+01 1.514463957859196910e+02 8.915870307492531310e+01
7.818551211989138210e+03 1.862713252763556682e+02 8.308159068603788455e+01 1.511518120826681866e+02 8.820325764379413158e+01
7.818993275348891075e+03 1.854273418702582603e+02 8.357168728008457492e+01 1.507501048851457597e+02 8.728787414630978958e+01
7.819420808182265318e+03 1.846683561432884346e+02 8.419076607572755222e+01 1.502783131000871890e+02 8.640633337304799966e+01
7.819859950619218580e+03 1.839095191621133267e+02 8.491325875617877728e+01 1.496517854606011895e+02 8.562804888044057350e+01
7.820267421695801204e+03 1.832108617481352439e+02 8.559363741156285244e+01 1.489590990896608673e+02 8.490702129038179180e+01
7.820661896308686664e+03 1.825242698238524781e+02 8.621377654347584496e+01 1.482753615523155872e+02 8.417730245845444870e+01
7.821077028915504343e+03 1.817462964289845502e+02 8.671009814851369413e+01 1.476054820075825944e+02 8.343484357566680387e+01
7.821492447692172391e+03 1.808849050003575485e+02 8.705291389230777099e+01 1.470358080197727872e+02 8.261345713184900319e+01
7.821904830532550477e+03 1.800135020381065942e+02 8.735160923030873903e+01 1.466632461948639161e+02 8.168647401879351833e+01
7.822337504989667650e+03 1.791868409362724321e+02 8.764261467656631055e+01 1.463484354932011229e+02 8.073737579481174009e+01
7.822811809965146495e+03 1.783678171638439380e+02 8.797181675359050246e+01 1.460052273163912275e+02 7.979813649292566424e+01
7.823314643727841940e+03 1.774845126865310760e+02 8.840472941450860844e+01 1.456411468407795269e+02 7.886677761620816796e+01
7.823841147061694755e+03 1.765099843933168700e+02 8.886567721159181588e+01 1.451498444199827418e+02 7.799614221759760824e+01
7.824386623342958956e+03 1.754131976972644793e+02 8.909361914641989699e+01 1.447183381600668781e+02 7.709412080549208213e+01
7.824871404530106702e+03 1.744643159585539536e+02 8.880622685182424902e+01 1.445273486298693797e+02 7.611315346927081293e+01
7.825347312048167623e+03 1.737235733407240730e+02 8.806894283112681876e+01 1.447076662392901767e+02 7.513586604586078010e+01
7.825776632268815774e+03 1.732086962060435837e+02 8.718990245220473412e+01 1.453854752588754593e+02 7.440251853888052835e+01
7.826161424461972274e+03 1.727816675095561720e+02 8.636695665929526911e+01 1.462094316932310676e+02 7.383587435492604811e+01
7.826535189776008338e+03 1.723706255604356841e+02 8.555439552991833807e+01 1.470428738100151520e+02 7.328349142375756742e+01
7.826920185744207629e+03 1.719143214306666323e+02 8.472972111577639964e+01 1.479116272721210237e+02 7.278828830556042817e+01
7.827282577587566266e+03 1.714132896452544230e+02 8.402566813627002773e+01 1.487904972652021058e+02 7.231174409211213572e+01
7.827671121994936584e+03 1.708658348447453932e+02 8.332513685131304726e+01 1.496191911762398377e+02 7.175242791990777391e+01
7.828098081824500696e+03 1.702918911000239746e+02 8.256028012913795067e+01 1.503986114351613708e+02 7.112592647601421447e+01
7.828526689363544392e+03 1.697470088752523907e+02 8.177777782739478596e+01 1.511782516429411487e+02 7.049969950096658522e+01
7.828972795861159284e+03 1.692667486358447775e+02 8.094411686493825187e+01 1.519634390770180801e+02 6.988081221570458013e+01
7.829440754804039898e+03 1.688747875795172888e+02 8.001794069054257363e+01 1.528019845417725264e+02 6.933646651684323103e+01
7.829889617808887124e+03 1.686303361073387919e+02 7.907191087651737860e+01 1.536885495954641101e+02 6.887445869907983820e+01
7.830352213949546240e+03 1.685414936948204456e+02 7.806067510985853630e+01 1.546178504305764818e+02 6.850907800100367240e+01
7.830836304077080968e+03 1.684817953821514038e+02 7.697969000420017949e+01 1.556029790090022686e+02 6.833828017720065873e+01
7.831256913355443430e+03 1.684325854266303111e+02 7.604131156158490512e+01 1.565973961350786112e+02 6.823279113271435392e+01
7.831662620485001753e+03 1.684842847899184051e+02 7.511791987732787845e+01 1.575912897213315773e+02 6.812758020749373600e+01
7.832092725471579797e+03 1.685670345956185372e+02 7.411006055912933732e+01 1.585909330349000186e+02 6.814574434123437641e+01
7.832492059217953283e+03 1.686343483677133577e+02 7.314678522323141863e+01 1.595875862261504210e+02 6.822623143504284826e+01
7.832905427091613092e+03 1.687724777867853163e+02 7.213339654698069126e+01 1.605867050256114226e+02 6.826406317642437216e+01
7.833320195692572270e+03 1.689457542864089703e+02 7.110049853919923635e+01 1.615812112180517488e+02 6.836757716237963223e+01
7.833701403583408137e+03 1.691064343656660185e+02 7.012215854861773323e+01 1.625694004690135159e+02 6.852070039374910948e+01
7.834086920542293228e+03 1.693253641376502969e+02 6.915015749200568962e+01 1.635598855214965397e+02 6.865780618859035656e+01
7.834480846014570488e+03 1.695596719023488959e+02 6.817065058727264670e+01 1.645435589129496066e+02 6.883740132259983113e+01
7.834864483338146783e+03 1.697207009164906992e+02 6.717956778474132307e+01 1.655209508355809191e+02 6.904782353000680928e+01
7.835247747179358157e+03 1.698480260758244924e+02 6.618484683327351092e+01 1.665108615244114105e+02 6.918930759870056590e+01
7.835623240617508600e+03 1.699393503665951641e+02 6.522619165636480432e+01 1.675041055341417007e+02 6.930533235404003278e+01
7.835997540495228350e+03 1.699655926618017929e+02 6.425736585241725152e+01 1.684986348752196363e+02 6.940686792396458316e+01
7.836396736814397627e+03 1.699884469149063477e+02 6.322145038364907066e+01 1.694984063238674423e+02 6.942745592362398099e+01
7.836798564487939075e+03 1.700253417150774453e+02 6.218951284572396077e+01 1.704983690855426630e+02 6.943187707304076639e+01
7.837211633732878909e+03 1.700504790428963986e+02 6.111890607566938627e+01 1.714980050626539025e+02 6.945657487704009725e+01
7.837648216506454446e+03 1.700964970890265704e+02 5.999060864804276605e+01 1.724979559795486921e+02 6.944833188875944074e+01
7.838088177588570943e+03 1.701510863698330240e+02 5.890060251169729355e+01 1.734978193823315564e+02 6.946097372880456078e+01
7.838524942106757408e+03 1.701886721125357553e+02 5.788718002357403947e+01 1.744967951148628345e+02 6.950603840294633073e+01
7.839005818147614264e+03 1.702379018945206326e+02 5.683611088393406874e+01 1.754962006166701940e+02 6.954002356678965668e+01
7.839540190546765189e+03 1.702213304655127502e+02 5.571636561318670999e+01 1.764949225169277156e+02 6.958516504085612553e+01
7.840100640052633935e+03 1.700659191704947943e+02 5.469288918514335052e+01 1.774941724269565952e+02 6.955194058676912050e+01
7.840699156098987260e+03 1.698339769340141174e+02 5.366916918956528093e+01 1.784897122262306652e+02 6.945760559941470547e+01
7.841252479101756762e+03 1.695734921026208042e+02 5.270057720045419103e+01 1.794842019267639444e+02 6.935412787142301738e+01
7.841794045750676560e+03 1.692759114432605259e+02 5.181275348489478461e+01 1.804702471081636475e+02 6.919049751681168914e+01
7.842410397488974922e+03 1.690737594462496531e+02 5.082089945498647410e+01 1.814402092936333020e+02 6.895110613317856973e+01
7.843067742548733804e+03 1.689859176357809076e+02 4.980724459558180683e+01 1.824343704990785398e+02 6.885441774232464240e+01
7.843915403323496321e+03 1.689870051956139037e+02 4.902107424437942029e+01 1.834247754360709166e+02 6.892580349549261598e+01
7.846021613090070787e+03 1.688412353146903797e+02 4.866872623620942306e+01 1.843429288946221618e+02 6.909356066500245674e+01
7.847613449393476913e+03 1.675704272740723013e+02 4.889875127295937318e+01 1.847315791991276512e+02 6.835194136371544005e+01
7.848511085806588198e+03 1.673782628460033663e+02 4.981016488123629671e+01 1.842566754431568086e+02 6.756515433197264997e+01
7.849348115444505311e+03 1.678714989816014622e+02 5.102437191687062779e+01 1.833380956414070511e+02 6.752245227319457399e+01
7.849960252611789656e+03 1.683818266895632121e+02 5.214398440899952192e+01 1.823968531766097954e+02 6.785156355609578327e+01
7.850458100922678568e+03 1.687501764991877735e+02 5.316879520851873764e+01 1.814764180928169424e+02 6.824232736974458646e+01
7.850918310297565768e+03 1.689880860622705541e+02 5.416267890580346034e+01 1.805453523755799097e+02 6.860645245287030036e+01
7.851374489175338567e+03 1.691613305766117321e+02 5.518316708034182483e+01 1.795790767860592325e+02 6.885475899172733705e+01
7.851828076733899252e+03 1.692831127063490158e+02 5.620414015055682455e+01 1.785977278330515219e+02 6.904677014365287846e+01
7.852288740237274396e+03 1.693304824170576808e+02 5.721724904120272726e+01 1.776077812179968305e+02 6.918470544384361176e+01
7.852754231411515320e+03 1.693138195183837240e+02 5.822223685051531561e+01 1.766097901075711718e+02 6.921766520326514183e+01
7.853216343308321484e+03 1.692238500317509988e+02 5.918250688075409727e+01 1.756105376051436906e+02 6.918464843384229823e+01
7.853690958377517745e+03 1.690781687935858031e+02 6.011323265556746520e+01 1.746208222763830520e+02 6.905259006274346234e+01
7.854174636765907962e+03 1.689664896841872235e+02 6.098921508953373660e+01 1.736407406983888109e+02 6.885497289549795141e+01
7.854728059682456660e+03 1.689410809619663212e+02 6.178449489324273003e+01 1.726622351099121033e+02 6.864876463643905424e+01
7.855665197039730629e+03 1.690070463065999036e+02 6.247112763065008778e+01 1.716685407960418388e+02 6.856740426344344996e+01
7.859731956122724114e+03 1.690807330781448456e+02 6.282884703156256023e+01 1.707484202045706638e+02 6.889483294287303750e+01
7.861301832682873282e+03 1.690938983763722376e+02 6.287457886260970952e+01 1.699027913505151446e+02 6.851726989158275671e+01
7.866537308214382392e+03 1.690698802343282239e+02 6.291310386854907932e+01 1.699994243354820469e+02 6.758273841069450327e+01
