# ts_seconds,x,y,gt_x,gt_y
1.182829748682563149e+04 1.705154825128082337e+02 6.808646329551082488e+01 1.705154825128082337e+02 6.808646329551082488e+01
1.184823558774812409e+04 1.721089906813737116e+02 7.129179096245434266e+01 1.695802942557683650e+02 6.775272664937584466e+01
1.184873720169944863e+04 1.719717246752105098e+02 7.230715406960457869e+01 1.685820469181555268e+02 6.780307375913170631e+01
1.184917734407072930e+04 1.718248286407362002e+02 7.322434030550800799e+01 1.675831894314543433e+02 6.775981680619020153e+01
1.184964668220611566e+04 1.716941848177022507e+02 7.426178569159748122e+01 1.665834099957893670e+02 6.778076683462772678e+01
1.185009742867598106e+04 1.716153690466482260e+02 7.532093434202379001e+01 1.655837007837368162e+02 6.780109251174587826e+01
1.185051832256809939e+04 1.715184915487199078e+02 7.629702979326600598e+01 1.645858503799608741e+02 6.786586285686391307e+01
1.185091470331734126e+04 1.713620885429457985e+02 7.718813019286884014e+01 1.635900385657522236e+02 6.795395747596167269e+01
1.185134176256466162e+04 1.711486879792871889e+02 7.810879001642587127e+01 1.625901800114439197e+02 6.796884430273688338e+01
1.185178901975797089e+04 1.709553128870429646e+02 7.900800950898971564e+01 1.615909089187668428e+02 6.800685735334236881e+01
1.185223615575515578e+04 1.707883567815569847e+02 7.985634912125817664e+01 1.605913378146022410e+02 6.802708377697884146e+01
1.185274333895673226e+04 1.705681731056009767e+02 8.073620852357394995e+01 1.595923123477456045e+02 6.798294630343464462e+01
1.185331012940259643e+04 1.703520737317509486e+02 8.154562141978436784e+01 1.585933078811062273e+02 6.793835672451450591e+01
1.185400089577820108e+04 1.702739016532567007e+02 8.223082077926164857e+01 1.575946835153648635e+02 6.788669110726762312e+01
1.185480661642690211e+04 1.701836243532188746e+02 8.299207246123897619e+01 1.566011326700603377e+02 6.778881542165792951e+01
1.185547233953714385e+04 1.698601437265112111e+02 8.382564198345663442e+01 1.556373212956745249e+02 6.752258302945624280e+01
1.185601419133411400e+04 1.693194291213186489e+02 8.465294186761938988e+01 1.546890031012306110e+02 6.720718701430928377e+01
1.185651753898777679e+04 1.685746476036657100e+02 8.536784334889276238e+01 1.537906414942973754e+02 6.677426705801653384e+01
1.185696088817637064e+04 1.676763751400023352e+02 8.582059101101847887e+01 1.530047701658921824e+02 6.615788775335333582e+01
1.185734975955870868e+04 1.667389180905821888e+02 8.603108929549672723e+01 1.523348433355085376e+02 6.542103687131003653e+01
1.185770940216683994e+04 1.657965330174003782e+02 8.615193036912788216e+01 1.518626515026367088e+02 6.454044353357818409e+01
1.185805793613003698e+04 1.648300585868327062e+02 8.614438208753935555e+01 1.514891826635546010e+02 6.361320769732312641e+01
1.185840492414904293e+04 1.638436911543779502e+02 8.598063319139643568e+01 1.512042477684090613e+02 6.265669757942055185e+01
1.185872607674015853e+04 1.629275558172932676e+02 8.579898865742005398e+01 1.510794112848329291e+02 6.166501374458743356e+01
1.185904443099511263e+04 1.620244680116323082e+02 8.561303025381594978e+01 1.510285958330757410e+02 6.066630590375027765e+01
1.185936415487855265e+04 1.611246843639796396e+02 8.537121108345971265e+01 1.509858884155891872e+02 5.966748550270953189e+01
1.185967303237699161e+04 1.602638342485299177e+02 8.515360164190636283e+01 1.510103642314128365e+02 5.866819366306961570e+01
1.185999147884214835e+04 1.593808147746376278e+02 8.499279364846438511e+01 1.510957791344478949e+02 5.767196608820697890e+01
1.186030791185270755e+04 1.585212818940664761e+02 8.481407967489485600e+01 1.511383469699067064e+02 5.667299809050976478e+01
1.186062310264746156e+04 1.576630791505688762e+02 8.461438453184112518e+01 1.511487841991247763e+02 5.567312431456588939e+01
1.186094681465774920e+04 1.567648752777382128e+02 8.447560189105361417e+01 1.511837730156624673e+02 5.467377232411434562e+01
1.186127228951664074e+04 1.558452118066603020e+02 8.434520679430434598e+01 1.511874695626435994e+02 5.367413765479723509e+01
1.186161064021430320e+04 1.548525100770316385e+02 8.414371938766301184e+01 1.511347484680396462e+02 5.267562983431271562e+01
1.186194417050357697e+04 1.538785051485534723e+02 8.394320473277801398e+01 1.511217358338008694e+02 5.167582827064837403e+01
1.186228574536817541e+04 1.529942018832217343e+02 8.375763134935161247e+01 1.511353015720777364e+02 5.067610707780202262e+01
1.186264374751049763e+04 1.522885590188807896e+02 8.354051074517033726e+01 1.511081503471515362e+02 4.967651791800608407e+01
1.186299333912506154e+04 1.518966141022931993e+02 8.337924357958225130e+01 1.511084279804241817e+02 4.867662006663027086e+01
1.186333952454191422e+04 1.517739915732730083e+02 8.334124232193913429e+01 1.511332111998169125e+02 4.767710986724512878e+01
1.186369456426928627e+04 1.516561996234997878e+02 8.345417190434477561e+01 1.511158645994668461e+02 4.667726826644491211e+01
1.186405309493490859e+04 1.511745545630858487e+02 8.376449501889499061e+01 1.511134549519309758e+02 4.567735903098246553e+01
1.186441891474356453e+04 1.503574439691890632e+02 8.424083782723666047e+01 1.511328811598333459e+02 4.467773128489198342e+01
1.186478584643005343e+04 1.495099277000175846e+02 8.473126085817227704e+01 1.511105376382499799e+02 4.367799036377817856e+01
1.186514008725525673e+04 1.486814425738689920e+02 8.518060913416198332e+01 1.511025915609288859e+02 4.267807427664160258e+01
1.186550691223417198e+04 1.478128944352901897e+02 8.569607306086638232e+01 1.511072317096948154e+02 4.167836970135208929e+01
1.186588155964207726e+04 1.468939787700984425e+02 8.620726975507517409e+01 1.510599915556572341e+02 4.067949630868160682e+01
1.186625032883812491e+04 1.459213631761457748e+02 8.657321345814095537e+01 1.510242018148313434e+02 3.968014123642265645e+01
1.186663276054242488e+04 1.448683181387675631e+02 8.675939632652202249e+01 1.509841015947312997e+02 3.868124161509032888e+01
1.186701641844113692e+04 1.438317548004739876e+02 8.681897925843057351e+01 1.509001391411844111e+02 3.768504403813540193e+01
1.186737990659286152e+04 1.428742943092207724e+02 8.688275543144557389e+01 1.508781244718863377e+02 3.668553526503822582e+01
1.186774893655232518e+04 1.419170868400319421e+02 8.696776091765399030e+01 1.509025919953461141e+02 3.568585275815346591e+01
1.186813638299580816e+04 1.410021104787600450e+02 8.704944243995926456e+01 1.509269456339446833e+02 3.468656948052458233e+01
1.186852372535189170e+04 1.403320365816370270e+02 8.714774908429839684e+01 1.510205224221829496e+02 3.369103037365758269e+01
1.186891054707507283e+04 1.397731105112435728e+02 8.730087437121369476e+01 1.511308183524375579e+02 3.269734918007893043e+01
1.186933927303184464e+04 1.390648008552122974e+02 8.758916427915202974e+01 1.511918495698431286e+02 3.169925322070679741e+01
1.186985920393685228e+04 1.382131282270445922e+02 8.797296342821323378e+01 1.512040165616903948e+02 3.070139248637039131e+01
1.187045176688132960e+04 1.373027658155484971e+02 8.818906919525103660e+01 1.510585414101108483e+02 2.971273886396684816e+01
1.187108617912429145e+04 1.364969401074922075e+02 8.849041305365084042e+01 1.508358158736107555e+02 2.873785861279581155e+01
1.187176140788409066e+04 1.358510949533865073e+02 8.904889726746723966e+01 1.506186372223027092e+02 2.776187826352368404e+01
1.187247769516307380e+04 1.351060766922170728e+02 8.931432915243871662e+01 1.504606113735433439e+02 2.677569686392661907e+01
1.187315647683190582e+04 1.340196549425844523e+02 8.903890873569439179e+01 1.504314497850947987e+02 2.577799411154208542e+01
1.187375621080800738e+04 1.328566415875386326e+02 8.830703097929718126e+01 1.505796692812385800e+02 2.479517624823700572e+01
1.187433130736246676e+04 1.319414709970279773e+02 8.730197592040381949e+01 1.510129306571278960e+02 2.391181865836758291e+01
1.187487338288583851e+04 1.313300106003716792e+02 8.663418965422634699e+01 1.517945356328167748e+02 2.332853290573129001e+01
1.187531341793277716e+04 1.309983541639824693e+02 8.626556877432180670e+01 1.527665706396462326e+02 2.310409808613913185e+01
1.187569231039679653e+04 1.308644889558244415e+02 8.559458406368084127e+01 1.537599207289442518e+02 2.298901931742190641e+01
1.187606172488660377e+04 1.309802579813911905e+02 8.464776464395045252e+01 1.547555496783018327e+02 2.290420082783827738e+01
1.187641675493744151e+04 1.312234958085847722e+02 8.368763268910373654e+01 1.557553562454319831e+02 2.288682898903912744e+01
1.187675647988883429e+04 1.315098647310489355e+02 8.280314130376497417e+01 1.567553479209758223e+02 2.288653849307144483e+01
1.187709982535989911e+04 1.318299609112789597e+02 8.192097354082865479e+01 1.577544884569909414e+02 2.291298883293726618e+01
1.187743605468100759e+04 1.320548648724062275e+02 8.102401273654032821e+01 1.587516885799043962e+02 2.298772193921731954e+01
1.187777103803660611e+04 1.321906977052070147e+02 8.010187103359079686e+01 1.597498957162634383e+02 2.304130627384853369e+01
1.187810486677221343e+04 1.323610941613238481e+02 7.918980761061069984e+01 1.607498443478658601e+02 2.305040755836902733e+01
1.187843116241769349e+04 1.325537711679452855e+02 7.830580572180734578e+01 1.617497290759881139e+02 2.304379023540909088e+01
1.187877381624470945e+04 1.327460410660268622e+02 7.737272667908901269e+01 1.627482036930258289e+02 2.299703456800333257e+01
1.187911376124954222e+04 1.329544589026908739e+02 7.647134624329443398e+01 1.637445487894025291e+02 2.291251142841837662e+01
1.187944418044137819e+04 1.331169562595022455e+02 7.561480408515846818e+01 1.647429029208717850e+02 2.285744364937151829e+01
1.187978901265808781e+04 1.332188329720152353e+02 7.474463338121229583e+01 1.657422891237989688e+02 2.282302218624058554e+01
1.188014076665677385e+04 1.333645358192190997e+02 7.393174499982600878e+01 1.667415712248746047e+02 2.278838240171641161e+01
1.188051260941945475e+04 1.335263379777083799e+02 7.315853345659024853e+01 1.677414618675555573e+02 2.278705038878054623e+01
1.188092810067071696e+04 1.335936217554992993e+02 7.245001438812862204e+01 1.687408570856628103e+02 2.278611673472820698e+01
1.188146192399363099e+04 1.336107350524893320e+02 7.195313403379961414e+01 1.697396538815501685e+02 2.273825938003311364e+01
1.188769106123788515e+04 1.336247434960702094e+02 7.151361464237261600e+01 1.702693842543800713e+02 2.296104720072373695e+01
1.189130313455828400e+04 1.334345571965769466e+02 7.038601467933862921e+01 1.708734858363618798e+02 2.308966156288942884e+01
1.189208829611435613e+04 1.333791473479310525e+02 6.920780039861159594e+01 1.718639757623984679e+02 2.295218143851674242e+01
1.189257922589485133e+04 1.334107109180202144e+02 6.803609194020711470e+01 1.728589013450085190e+02 2.285488158389226854e+01
1.189301549560660715e+04 1.335318068625597618e+02 6.696086649717747719e+01 1.738511292471413014e+02 2.273269162007992250e+01
1.189343070099062061e+04 1.336864231365036062e+02 6.592931386843186203e+01 1.748482243116773418e+02 2.266971411966251182e+01
1.189387412573209258e+04 1.338825290799740344e+02 6.481336346500258117e+01 1.758475537835066973e+02 2.263310883467249113e+01
1.189432204294384974e+04 1.340802278118585491e+02 6.368420248391378635e+01 1.768454028077340183e+02 2.256951598760139532e+01
1.189474492788508542e+04 1.341811149388851447e+02 6.261364070852125963e+01 1.778445540049667670e+02 2.253468235497294359e+01
1.189515404494989707e+04 1.342720634543882454e+02 6.160768337625289348e+01 1.788392119341709758e+02 2.244031378943563126e+01
1.189555552702126624e+04 1.343485761408787482e+02 6.060538782947424608e+01 1.798299252160854849e+02 2.230470716656909502e+01
1.189595922964105375e+04 1.343837857091936883e+02 5.953723067881172426e+01 1.808216678328741409e+02 2.217669056342866085e+01
1.189634690982495704e+04 1.345391252734765999e+02 5.858232419606012087e+01 1.818115530978169829e+02 2.203519470663063018e+01
1.189675183720452151e+04 1.348184104997256156e+02 5.775123367208141190e+01 1.828078099760374187e+02 2.203853997030921619e+01
1.189720244250722499e+04 1.352360374720316827e+02 5.704469332911879320e+01 1.837809761767353791e+02 2.225029840497289157e+01
1.189772224714025833e+04 1.358371541576084098e+02 5.659310495324745460e+01 1.847151166267210840e+02 2.260316972941331315e+01
1.189834207511417662e+04 1.369388972066485337e+02 5.646341045865904107e+01 1.852835936487320794e+02 2.337261525138416474e+01
1.189882910628929312e+04 1.380552243252763844e+02 5.664047795053036793e+01 1.854014205123460783e+02 2.435337913220940109e+01
1.189921117819364190e+04 1.390316564083610729e+02 5.695438200446255195e+01 1.853714974564823876e+02 2.535231847529633242e+01
1.189955422185044699e+04 1.399308784099739569e+02 5.722456868319856227e+01 1.852778825924922614e+02 2.634770771145638690e+01
1.189989941728908161e+04 1.408465621046072727e+02 5.741035541790984809e+01 1.852177543006914391e+02 2.734573306239332879e+01
1.190022974015502223e+04 1.417000317584771381e+02 5.761090664143651452e+01 1.852255630818397094e+02 2.834537337375004284e+01
1.190053823175260914e+04 1.425121317132604020e+02 5.781237402386965130e+01 1.852068880715291925e+02 2.934507224005049508e+01
1.190085097037702872e+04 1.433431940450497279e+02 5.799179887967037672e+01 1.851584176169463660e+02 3.034384894764659180e+01
1.190114904277743517e+04 1.441262426094948239e+02 5.818473772091825680e+01 1.851636183051211901e+02 3.134353391849091608e+01
1.190145468690867528e+04 1.449465230997909657e+02 5.842651575205238856e+01 1.851750113390547767e+02 3.234346741098918443e+01
1.190174537183024222e+04 1.457377336758915192e+02 5.861746008993652168e+01 1.851488732499237813e+02 3.334300459664480343e+01
1.190205898195518967e+04 1.466019790932390947e+02 5.876243302738305374e+01 1.851447420817111436e+02 3.434292293544477559e+01
1.190235473582640407e+04 1.474289794156110531e+02 5.893096706004249086e+01 1.851777363289028244e+02 3.534228695296265244e+01
1.190266583824495501e+04 1.483202234748994783e+02 5.913744854379359595e+01 1.852121465521993002e+02 3.634169309677584181e+01
1.190298185326650855e+04 1.492154433715484458e+02 5.928118263754892325e+01 1.852087204874652002e+02 3.734156469642506693e+01
1.190330100168203717e+04 1.500984738704827066e+02 5.942999520411186865e+01 1.852605847218192423e+02 3.833987712127914449e+01
1.190362467400909736e+04 1.510152965795429907e+02 5.964091512695151920e+01 1.853418313158738613e+02 3.933654110971192353e+01
1.190394187828227950e+04 1.519289756487454213e+02 5.982282358350642681e+01 1.853837671056490137e+02 4.033550082023820949e+01
1.190427185492869103e+04 1.528843761891811255e+02 6.002833191408605273e+01 1.854383984496967059e+02 4.133397131876922970e+01
1.190457538082611609e+04 1.537619796205277112e+02 6.030469320780743203e+01 1.855183209463243088e+02 4.233073053326668145e+01
1.190487890860512016e+04 1.546561613730271745e+02 6.056781781857662850e+01 1.855385881341798040e+02 4.333017008658791269e+01
1.190519150772329522e+04 1.555678941233147157e+02 6.074734335648179950e+01 1.855297499422225087e+02 4.433010290731679248e+01
1.190549735885672089e+04 1.564367657589482690e+02 6.094631318908481887e+01 1.855678922310544863e+02 4.532915571975647140e+01
1.190583219937192735e+04 1.573906329801715174e+02 6.124088817249338490e+01 1.856005484057221793e+02 4.632860470019421228e+01
1.190618388449285885e+04 1.584030711819102635e+02 6.150100090923728402e+01 1.855793952667506801e+02 4.732815193325841108e+01
1.190653268224394924e+04 1.594068891144971190e+02 6.176666995461301468e+01 1.856005184134416481e+02 4.832770166423691904e+01
1.190688797127484213e+04 1.604319446697052172e+02 6.209793782485301250e+01 1.856077912857776369e+02 4.932763073829816136e+01
1.190723655403326120e+04 1.614159846953220949e+02 6.231981546877143074e+01 1.855763649331368299e+02 5.032703274451341002e+01
1.190756651414432417e+04 1.623188207673119337e+02 6.249983695235845005e+01 1.856466612026529788e+02 5.132355937999667361e+01
1.190790868074908212e+04 1.632700663385531925e+02 6.273251079273040176e+01 1.857246540540046453e+02 5.232050337965679887e+01
1.190825324642422856e+04 1.641987994542915601e+02 6.296394700760546215e+01 1.857521236145321666e+02 5.331992611376582403e+01
1.190860284264305665e+04 1.650989562911074131e+02 6.323619122923832947e+01 1.858080290690083132e+02 5.431824933071774808e+01
1.190895669766566971e+04 1.660061099085634737e+02 6.358010459531196545e+01 1.858197586449447840e+02 5.531796858641160242e+01
1.190930425255540467e+04 1.669196715907232829e+02 6.385761101590511402e+01 1.857501634307342329e+02 5.631510005435227129e+01
1.190965175791096590e+04 1.678339778134891560e+02 6.413328441950004333e+01 1.857211122142079773e+02 5.731444768024363157e+01
1.191001602014064156e+04 1.687608339736639778e+02 6.447778824820400700e+01 1.856851601286656148e+02 5.831378110234689416e+01
1.191037692458693164e+04 1.696555515866770065e+02 6.479266783420820275e+01 1.856238751895642736e+02 5.931185866388393180e+01
1.191074163234352818e+04 1.705695247987191578e+02 6.509662633741737636e+01 1.855679724689169632e+02 6.031028801913820558e+01
1.191109428645267326e+04 1.714620991397468686e+02 6.541547047151901495e+01 1.855327027747000841e+02 6.130963572027193464e+01
1.191143691736826804e+04 1.723192178128726653e+02 6.573312824052976566e+01 1.854442940622159313e+02 6.230545795438797541e+01
1.191183149501237313e+04 1.732831010249768440e+02 6.601366631482116532e+01 1.853803051790430061e+02 6.330331531401736100e+01
1.191222808427451855e+04 1.742013113615800250e+02 6.620824767231015073e+01 1.853847643382248407e+02 6.430298255716714095e+01
1.191264219420817062e+04 1.751513855440436487e+02 6.633897773768939032e+01 1.853822160210820300e+02 6.530295515247276228e+01
1.191309093594803562e+04 1.760743775616964228e+02 6.648310959491337258e+01 1.854397407029868816e+02 6.630097804547223461e+01
1.191359298220579876e+04 1.769316298643571486e+02 6.670621631102926585e+01 1.855231133265660901e+02 6.729747655817365626e+01
1.191419211050520425e+04 1.778301680862591923e+02 6.695751588614832883e+01 1.855613696238422676e+02 6.829656103078481522e+01
1.191496305567821764e+04 1.784121431142448273e+02 6.715170437302293749e+01 1.855343447917972810e+02 6.929592919918501082e+01
1.191671235062046253e+04 1.777563721435637376e+02 6.607367007520748814e+01 1.861796669830256405e+02 6.887005711967786681e+01
1.191753747201895931e+04 1.775686451836396316e+02 6.522891569803238099e+01 1.870370160929814176e+02 6.835728441903941643e+01
1.191839082782268451e+04 1.774073368744039669e+02 6.446160350239874504e+01 1.879650802331688908e+02 6.798837691303674546e+01
1.192051556371868355e+04 1.774453193193529046e+02 6.490966000530691815e+01 1.887524454065292900e+02 6.781429594939648098e+01
1.192106841090463604e+04 1.781169264347027763e+02 6.577466681141326887e+01 1.878204633797830070e+02 6.817596344044584100e+01
1.192147718031496515e+04 1.787798285463709362e+02 6.643260581883019711e+01 1.869916860929456277e+02 6.873481094208094078e+01
1.192186147899545722e+04 1.794574560918210295e+02 6.698130405185435166e+01 1.862940593578937012e+02 6.945029855201674707e+01
1.192230581382157470e+04 1.803475908546172661e+02 6.744167541479862393e+01 1.857961119675368309e+02 7.031587448288350117e+01
1.192272507389967723e+04 1.812464569199655386e+02 6.781269559678001713e+01 1.855610986553439830e+02 7.128756919596163755e+01
1.192309647824883905e+04 1.821040191922554072e+02 6.812999989353292563e+01 1.854395696304571572e+02 7.228002657085883698e+01
1.192348452935148634e+04 1.830378508744809949e+02 6.841413345767740850e+01 1.853969355304305395e+02 7.327893015606150584e+01
1.192385497304357887e+04 1.839218119063136783e+02 6.867300126119478421e+01 1.854424727329839016e+02 7.427789208190911552e+01
1.192421832171992901e+04 1.848206029746419290e+02 6.890612015946656754e+01 1.854932851908440625e+02 7.527660012162090197e+01
1.192459902279134985e+04 1.857503384956798129e+02 6.911523282083385311e+01 1.855421968825959880e+02 7.627539752113887062e+01
1.192495941045021937e+04 1.865684922095386469e+02 6.932440211360778903e+01 1.856051135895186235e+02 7.727340175089005925e+01
1.192534970548504134e+04 1.874235261670707757e+02 6.959684742458905760e+01 1.856413700143179426e+02 7.827268614324339069e+01
1.192580190977701386e+04 1.884077643562485207e+02 6.994275236236258309e+01 1.856295878259228402e+02 7.927261538193945967e+01
1.192626303407624800e+04 1.894213987016424596e+02 7.020846609345005618e+01 1.856230822323720133e+02 8.027255129936881417e+01
1.192674644888508919e+04 1.903705764870716166e+02 7.022358270458418872e+01 1.855817336564302309e+02 8.127128767734896542e+01
1.192730283686440089e+04 1.912629411617334938e+02 7.024217850188036039e+01 1.856660872437989553e+02 8.226772353797413473e+01
1.192785095304120659e+04 1.921217689090431975e+02 7.040511505399290115e+01 1.857441919887003223e+02 8.326429282401979037e+01
1.192838102356981835e+04 1.928692400167610401e+02 7.070907372366795585e+01 1.857075863372621427e+02 8.426294863484929465e+01
1.192894742533168392e+04 1.933614618676540147e+02 7.118005553645515704e+01 1.855117628459514378e+02 8.524065182071032609e+01
1.192954537674461790e+04 1.934562281440858840e+02 7.199310082231150432e+01 1.850248630506732752e+02 8.610652948198611512e+01
1.193015925020619034e+04 1.933692990156719986e+02 7.311356136151169949e+01 1.842201416890185612e+02 8.667747860753516420e+01
1.193069320383271588e+04 1.932625507367885973e+02 7.420893056606985283e+01 1.832287556377514477e+02 8.680775901073708667e+01
1.193116021758406532e+04 1.930705200839099405e+02 7.528886528572155612e+01 1.822342505751794874e+02 8.691114640305187322e+01
1.193157735030619369e+04 1.927912564790655665e+02 7.636254170082192161e+01 1.812433650371822580e+02 8.704193480407165850e+01
1.193195213239485565e+04 1.924829719619399100e+02 7.732924981238338091e+01 1.802445027695862336e+02 8.708520396122962381e+01
1.193231601747302739e+04 1.921629260855351333e+02 7.825270346241005370e+01 1.792445375193464940e+02 8.707774619207282285e+01
1.193267222111023511e+04 1.918610220593184295e+02 7.917831390155812699e+01 1.782449228369218304e+02 8.705479129344112721e+01
1.193302373646927845e+04 1.916132557980753290e+02 8.010079336902737168e+01 1.772465947492707414e+02 8.700656395313077951e+01
1.193338456347925239e+04 1.913889051056963808e+02 8.107345699760952584e+01 1.762479703309215608e+02 8.704903645201616769e+01
1.193373541531245428e+04 1.911263103807123116e+02 8.205042794981650900e+01 1.752544860162063856e+02 8.716274296702113134e+01
1.193407643314553934e+04 1.908620216515593881e+02 8.301030342094985315e+01 1.742589382730768648e+02 8.725697905446257607e+01
1.193443266848125131e+04 1.906134481096543709e+02 8.399499272834091812e+01 1.732634797406157929e+02 8.735135892057253670e+01
1.193478328808216429e+04 1.903329069286567119e+02 8.493648825044564887e+01 1.722702347184513769e+02 8.746370942296456974e+01
1.193513501646045370e+04 1.900418440917536316e+02 8.589295715952833632e+01 1.712710444036869433e+02 8.750338752059840886e+01
1.193549675901529008e+04 1.897784611472156939e+02 8.688963166520122172e+01 1.702715846232520107e+02 8.753300878316815670e+01
1.193584258538544054e+04 1.894669372067729967e+02 8.783972647556478819e+01 1.692733986858815456e+02 8.759220943157544070e+01
1.193619192987074894e+04 1.891007118624677616e+02 8.880157619351948028e+01 1.682739027546926991e+02 8.761674161876292999e+01
1.193652945637034645e+04 1.888055203977844485e+02 8.972787816062403010e+01 1.672741783001232250e+02 8.759981152619296552e+01
1.193685038380417063e+04 1.885253526388085561e+02 9.060470646421514118e+01 1.662744319390953933e+02 8.762229844969431269e+01
1.193717896835471220e+04 1.881767168477720986e+02 9.150140400571370947e+01 1.652748256222549799e+02 8.763800933111632219e+01
1.193750459795710594e+04 1.878450716008409245e+02 9.237883628114552437e+01 1.642756388786200716e+02 8.759771048169265839e+01
1.193785002478236311e+04 1.875648618510290930e+02 9.332242726045633674e+01 1.632764446708882815e+02 8.756088209591494831e+01
1.193818846315943301e+04 1.873262532610959283e+02 9.425743611639649089e+01 1.622765484263043447e+02 8.755625668889958035e+01
1.193852605423775276e+04 1.871124567639087672e+02 9.519848125801649985e+01 1.612771350668220407e+02 8.752368482836810415e+01
1.193888391048361154e+04 1.868607058157265328e+02 9.620053090314937094e+01 1.602773495831287107e+02 8.752493510311231262e+01
1.193923123299476356e+04 1.865398204414861993e+02 9.712935076103021004e+01 1.592784339493725838e+02 8.756533473651298038e+01
1.193957567801256664e+04 1.861992184063979323e+02 9.798431345678945092e+01 1.582785222658036162e+02 8.755251830884091646e+01
1.193994223107069593e+04 1.859259077401554237e+02 9.878683246425049447e+01 1.572790591134885290e+02 8.756138008824694907e+01
1.194031416357377930e+04 1.857004725158066947e+02 9.953136435519284930e+01 1.562821460447649144e+02 8.763879068397535832e+01
1.194071689415264882e+04 1.854549078980910508e+02 1.003167311072964480e+02 1.552834930638938147e+02 8.768973785726923609e+01
1.194118081193581202e+04 1.851897527278721611e+02 1.010505867162560918e+02 1.542888662542662246e+02 8.778283809207182742e+01
1.194174931228774767e+04 1.850511023324149562e+02 1.016714178629569290e+02 1.533055450399718325e+02 8.795280656421140009e+01
1.194261938243239456e+04 1.850309649931048455e+02 1.025568779844714271e+02 1.523122669203602300e+02 8.792432503856981896e+01
1.194381802927359058e+04 1.847212557717655272e+02 1.034130239362680470e+02 1.514637968622984374e+02 8.752955213464743167e+01
1.194591836896885434e+04 1.843984633595231344e+02 1.040164411181520734e+02 1.510009922979856469e+02 8.683655502223290057e+01
1.194879783593297725e+04 1.838812907106784564e+02 1.049789283776008944e+02 1.500574599568151655e+02 8.675722349119462251e+01
1.194954347056540792e+04 1.830712181961581848e+02 1.057173663932497618e+02 1.491604278758927364e+02 8.631526773160315713e+01
1.195013063314862120e+04 1.822436543021082969e+02 1.064221439390490502e+02 1.482872887410038629e+02 8.583113824373761247e+01
1.195065564677889779e+04 1.814458467530019163e+02 1.071576390890424193e+02 1.474333149387093727e+02 8.531139721316446867e+01
1.195114768227206150e+04 1.806511137602105919e+02 1.078517530462961531e+02 1.465462861349004413e+02 8.485196402200050159e+01
1.195161097644461006e+04 1.798985889576075010e+02 1.085361545074866427e+02 1.456679068235752084e+02 8.437936118522721074e+01
1.195208371778657056e+04 1.791914127390177782e+02 1.093017243470185775e+02 1.448281417145535102e+02 8.383641843174379460e+01
1.195256104606582267e+04 1.785461170604604320e+02 1.101293573111335178e+02 1.439682829463289693e+02 8.332798806134195502e+01
1.195303575705731237e+04 1.779713791095479394e+02 1.109498806941865041e+02 1.430667455504165844e+02 8.289726128766771751e+01
1.195350488821479485e+04 1.774385899303539702e+02 1.116939477992893046e+02 1.421292200638332019e+02 8.255348377625055889e+01
1.195399049976252172e+04 1.769043936289175178e+02 1.124789189100346647e+02 1.411763977744679721e+02 8.225033199796564531e+01
1.195448867723310650e+04 1.763609596694814741e+02 1.133039146740381966e+02 1.402165592767536566e+02 8.197369645310376995e+01
1.195496694051105260e+04 1.758628963022187008e+02 1.141077910842906533e+02 1.392446909972069591e+02 8.173829287325244763e+01
1.195546081536563543e+04 1.754064590436586002e+02 1.149772756882287865e+02 1.382674413292269548e+02 8.152956113176176700e+01
1.195596423490053348e+04 1.749644483487491584e+02 1.158584455974760203e+02 1.372761505206874233e+02 8.140853917537266682e+01
1.195644538022021516e+04 1.745248958621310749e+02 1.166759038272439568e+02 1.362779977313493021e+02 8.134809285607117602e+01
1.195692244287909125e+04 1.740857404645714155e+02 1.174342658500294476e+02 1.352791966812565363e+02 8.129947140845595754e+01
1.195742987554765023e+04 1.737903298437417448e+02 1.181799675014833753e+02 1.342811914522359302e+02 8.123920594978440590e+01
1.195801120138667648e+04 1.736301225667220649e+02 1.189901071973842903e+02 1.332832053637433773e+02 8.121376851115925888e+01
1.195863593840595058e+04 1.734445121628862978e+02 1.197342856979212655e+02 1.322851170217585377e+02 8.127130318702597833e+01
1.195936172503739363e+04 1.733163854201350773e+02 1.201948251338839384e+02 1.312882389580572067e+02 8.127817006706672487e+01
1.196174604880962215e+04 1.730436871103107705e+02 1.208878660004310603e+02 1.303707317976651439e+02 8.150373556325733659e+01
1.196407618528498460e+04 1.728681748452490297e+02 1.221341060003157111e+02 1.294976214498729803e+02 8.198411099349279141e+01
1.196471966541966867e+04 1.730880400455897075e+02 1.233516773154677963e+02 1.285447164883019298e+02 8.226026956980368254e+01
1.196520671638449676e+04 1.734160798149717948e+02 1.243775993078022282e+02 1.275735342455635788e+02 8.249214992712465744e+01
1.196565923073375052e+04 1.738390756270459008e+02 1.252367509444192279e+02 1.266295407928864023e+02 8.281917850387040403e+01
1.196612827627901424e+04 1.744579882208810204e+02 1.259967808277078234e+02 1.257336281269232074e+02 8.325749441614064494e+01
1.196662676254964936e+04 1.752791681002903772e+02 1.266919857748936522e+02 1.249354215373599573e+02 8.385101076621791094e+01
1.196713596851683542e+04 1.761552975809232464e+02 1.274822791335087260e+02 1.241969088623574748e+02 8.452516036150532841e+01
1.196764277666211638e+04 1.769655088793319919e+02 1.284462640338838924e+02 1.234632825587923861e+02 8.520471135714488753e+01
1.196813196466159388e+04 1.776872170925695684e+02 1.293506115174843956e+02 1.227046419712166028e+02 8.585548664620336012e+01
1.196859473749510653e+04 1.782116002072752963e+02 1.302047748739985877e+02 1.218912787749654996e+02 8.643476441216620287e+01
1.196906493483187842e+04 1.784206190998022805e+02 1.312164474269274876e+02 1.210169534751696858e+02 8.691653530370585656e+01
1.196957191054573741e+04 1.783650383450380161e+02 1.323660646217355179e+02 1.200764923926762293e+02 8.724095550226843443e+01
1.197008758620394838e+04 1.782293718031712899e+02 1.333363269193685028e+02 1.190989740292417451e+02 8.744955346687554254e+01
1.197059409677313488e+04 1.782014865059174156e+02 1.340069015365596385e+02 1.181089933588899044e+02 8.758491717544029598e+01
1.197110715547562177e+04 1.782522730533479773e+02 1.347442356658261815e+02 1.171126334521540429e+02 8.766875390603819085e+01
1.197163016816173513e+04 1.782968719155223312e+02 1.357037732868244575e+02 1.161181845862850395e+02 8.777097109794380003e+01
1.197214580466805819e+04 1.782955030397028224e+02 1.367029965344338507e+02 1.151224378269290440e+02 8.785878096858294839e+01
1.197265305077141784e+04 1.782306518938408999e+02 1.376552778845740761e+02 1.141247250693454021e+02 8.792635501371695739e+01
1.197315519443657831e+04 1.781749583176467695e+02 1.386163700991323822e+02 1.131256606610881192e+02 8.795537887034053881e+01
1.197364757244022076e+04 1.780986509502583033e+02 1.396421696644591748e+02 1.121263334163140115e+02 8.792801462903506149e+01
1.197412695035000070e+04 1.779940846388751083e+02 1.406563612900865508e+02 1.111270419320596545e+02 8.789122882568295836e+01
1.197459698364574251e+04 1.779272410228534795e+02 1.415984531049114707e+02 1.101314379089551920e+02 8.780767751814885003e+01
1.197506557306172908e+04 1.778745072943801517e+02 1.425118725754119851e+02 1.091356005271647405e+02 8.771947015995380070e+01
1.197553844574448158e+04 1.777803337971421342e+02 1.434291063154435335e+02 1.081366103403214964e+02 8.768327894180121973e+01
1.197600987612909557e+04 1.775593767424282134e+02 1.443240179991553873e+02 1.071367798124102677e+02 8.766501246165870498e+01
1.197647716628827038e+04 1.772575431649700590e+02 1.451776341314524643e+02 1.061407280814351282e+02 8.772654408524591929e+01
1.197694996900360275e+04 1.770284261883379600e+02 1.460838563656805889e+02 1.051455959992860443e+02 8.782452086860220675e+01
1.197744320211925879e+04 1.769154611279817289e+02 1.470814382721461868e+02 1.041491884188031065e+02 8.790911312009258438e+01
1.197795548477736156e+04 1.768561663237533423e+02 1.481127335219972565e+02 1.031542212809189465e+02 8.800838168102430359e+01
1.197846596775712533e+04 1.767921484195474591e+02 1.491950421154957667e+02 1.021564585416644775e+02 8.805243707034848910e+01
1.197895505612346278e+04 1.766859825527197927e+02 1.502758834818772016e+02 1.011564990102577326e+02 8.806112927277000324e+01
1.197942111000883597e+04 1.765772402735861135e+02 1.513477170910349230e+02 1.001568900773717559e+02 8.804323665993747738e+01
1.197987772932599364e+04 1.764632378775466464e+02 1.525106022464307500e+02 9.916032914838122281e+01 8.796677444836159054e+01
1.198031602836636557e+04 1.762470042401850492e+02 1.536408104626426905e+02 9.816217880840194709e+01 8.792574492393164576e+01
1.198072800442910739e+04 1.760622342672968159e+02 1.546825532827944585e+02 9.716246768196680250e+01 8.794205587275121161e+01
1.198113628889197389e+04 1.759448278745652487e+02 1.557281519983883129e+02 9.616283658497410158e+01 8.796915536469066410e+01
1.198154864306289528e+04 1.758497902909184347e+02 1.566666140631116662e+02 9.516525596450239277e+01 8.803265986959969780e+01
1.198196771395276664e+04 1.759015723746456104e+02 1.573622080809688839e+02 9.416703738346673447e+01 8.808821864291709858e+01
1.198239329942173208e+04 1.761447012542665220e+02 1.580042527025808567e+02 9.316735132368265226e+01 8.810924093251946942e+01
1.198279862938299993e+04 1.764657585240424567e+02 1.586507664198327916e+02 9.217062700754308935e+01 8.817778909147625654e+01
1.198318706515734084e+04 1.765966649449270847e+02 1.591046934037755705e+02 9.117320475452213202e+01 8.824525264073882624e+01
1.198359291473958547e+04 1.763875446523792903e+02 1.595526395754785938e+02 9.017375189674312708e+01 8.825019222736736424e+01
1.198399020606785962e+04 1.760756306294010471e+02 1.602286663066599601e+02 8.917516187717529874e+01 8.828527201741772501e+01
1.198435124832580186e+04 1.759081888803423510e+02 1.610421732996208561e+02 8.817626620122314307e+01 8.833000189642062594e+01
1.198469870254051784e+04 1.759455174758964802e+02 1.617920961928843155e+02 8.717721070769087532e+01 8.831072345147728697e+01
1.198505083531870696e+04 1.760638830020906767e+02 1.624907715508369108e+02 8.617771648535467932e+01 8.828207555259758976e+01
1.198541770152218305e+04 1.761473417832916084e+02 1.631366243697446237e+02 8.517824248734252990e+01 8.825094641584082922e+01
1.198577379435037437e+04 1.761536726873270027e+02 1.637852618621646457e+02 8.418349172300463579e+01 8.815711071893515793e+01
1.198610564693979904e+04 1.760350982907641537e+02 1.645501655700331014e+02 8.318939249053531171e+01 8.804922054246688390e+01
1.198643046808427061e+04 1.757982997537578456e+02 1.654084997072920089e+02 8.219438409942222279e+01 8.794942925273254275e+01
1.198673917400047867e+04 1.755685644602118600e+02 1.662387537029073599e+02 8.120661812185655037e+01 8.779807650426199928e+01
1.198704092992677761e+04 1.754565856985713310e+02 1.670939789859230302e+02 8.021930694920310145e+01 8.763995435208103402e+01
1.198733818543673260e+04 1.753848794328798704e+02 1.679873107199446736e+02 7.922439801049770836e+01 8.754736644339659790e+01
1.198764932819862042e+04 1.752699060282143648e+02 1.689250444786392791e+02 7.822510460713792213e+01 8.752259087961647310e+01
1.198798613905264938e+04 1.751618230389683788e+02 1.698999961885349137e+02 7.722530845096274277e+01 8.753732857326785677e+01
1.198832549172375911e+04 1.750755702576705630e+02 1.708479416242279854e+02 7.623035716246404547e+01 8.762638668472008874e+01
1.198866968924501634e+04 1.749492299027360218e+02 1.718200205133805696e+02 7.524222060609905327e+01 8.777844383465988187e+01
1.198901228555833222e+04 1.748025004063647430e+02 1.728033663267447935e+02 7.425182863599542316e+01 8.791495272757066459e+01
1.198935168399203940e+04 1.746509618095808207e+02 1.737772542751942240e+02 7.325875973579385914e+01 8.803246085636516227e+01
1.198969487426407613e+04 1.744048156871097035e+02 1.747333046361197262e+02 7.226577190743469714e+01 8.815066473589553198e+01
1.199003122581039679e+04 1.740677007792839106e+02 1.756166183875165245e+02 7.126819212949695270e+01 8.819551681603508086e+01
1.199038303711556182e+04 1.737093225017702309e+02 1.764914074461398172e+02 7.026972336978819555e+01 8.815283017098848006e+01
1.199074415887201030e+04 1.733720171202263884e+02 1.773599044029787990e+02 6.927203908836180801e+01 8.808481587769354348e+01
1.199110515701233271e+04 1.730649804447903364e+02 1.782022221510859481e+02 6.827854868144233080e+01 8.797481130984984077e+01
1.199149950276612071e+04 1.727577727247990822e+02 1.790886084356102401e+02 6.728540405718757711e+01 8.785836128813718915e+01
1.199191652542318479e+04 1.724370006295903863e+02 1.800262797628727753e+02 6.628824093526408490e+01 8.778838600311296148e+01
1.199232324050747411e+04 1.721427750342202785e+02 1.809645116005633838e+02 6.529224046051025709e+01 8.770255395851840774e+01
1.199273034807427030e+04 1.718699786302883581e+02 1.819492279231718896e+02 6.429502498908587427e+01 8.763146693080652483e+01
1.199313398800758114e+04 1.715800445275772859e+02 1.829723022552934140e+02 6.329552687794902965e+01 8.761440246302268520e+01
1.199351246239546708e+04 1.713009088134076023e+02 1.839446175984062677e+02 6.229656114181943138e+01 8.757759943766532729e+01
1.199388797534521655e+04 1.710394114545841262e+02 1.848985529778681780e+02 6.129718914199921898e+01 8.754642110980618952e+01
1.199425938207535910e+04 1.707624181922425635e+02 1.858326380536215652e+02 6.029880174632130263e+01 8.758586012031101120e+01
1.199461396516818058e+04 1.704704314978245634e+02 1.867271005394850079e+02 5.929958843013195491e+01 8.761548017359338303e+01
1.199498967592661393e+04 1.701757671267111789e+02 1.876658924544629770e+02 5.829971969257097442e+01 8.763138198113665567e+01
1.199537058075300047e+04 1.698675434351485478e+02 1.885776287593938889e+02 5.730117068385210644e+01 8.768073324128050672e+01
1.199574656025407603e+04 1.695236325648124023e+02 1.894514351747563410e+02 5.630211290457938134e+01 8.768178783627905659e+01
1.199615804121162910e+04 1.691456491031675000e+02 1.903695303547055460e+02 5.530471044719182316e+01 8.761469804398426220e+01
1.199657766993500081e+04 1.687451073543098232e+02 1.912376168320743659e+02 5.430639860780419781e+01 8.756059213214896886e+01
1.199699192074292478e+04 1.682982502240885196e+02 1.920763130388076547e+02 5.330807370702945747e+01 8.750390903871273451e+01
1.199743512756175915e+04 1.677725303398997880e+02 1.929390937969071445e+02 5.231224879354151369e+01 8.741424897588305498e+01
1.199789440469438705e+04 1.671652430947277992e+02 1.937048204496548465e+02 5.132772412076302970e+01 8.724531300590814453e+01
1.199834775708165398e+04 1.664953746657373301e+02 1.943397633867386389e+02 5.038398276186276803e+01 8.692560076670177693e+01
1.199883165314289363e+04 1.657098750553033710e+02 1.948668933886358730e+02 4.950762093618827464e+01 8.644996557567218076e+01
1.199938364432214803e+04 1.648722656656491381e+02 1.952416683112626572e+02 4.869927721375081831e+01 8.586363611092546932e+01
1.200006129418960518e+04 1.641165740949629708e+02 1.954788233991006621e+02 4.800305500427310079e+01 8.515133888604684387e+01
1.200169055158155425e+04 1.630109572591550489e+02 1.951412339817030102e+02 4.769870604373861056e+01 8.423321838640491421e+01
1.200318456386370417e+04 1.618194739185134949e+02 1.945747454769746128e+02 4.789652052212097999e+01 8.327388855876320406e+01
1.200425252411615293e+04 1.607744613671674472e+02 1.939496262519950562e+02 4.821960584158068031e+01 8.232754014194219394e+01
1.200499806237524899e+04 1.598325372859343076e+02 1.935051114824972558e+02 4.845790513594249660e+01 8.135774121977510731e+01
1.200560818880860279e+04 1.588037329891525928e+02 1.931647420743628345e+02 4.871915081467744102e+01 8.039293457618464345e+01
1.200612652760866513e+04 1.577632937680044733e+02 1.927765045937484558e+02 4.890007310031235477e+01 7.941102160575262303e+01
1.200655474054896695e+04 1.568965569407622809e+02 1.923585912346387374e+02 4.905163995614032046e+01 7.842257489323512232e+01
1.200697108099819343e+04 1.560530225573654945e+02 1.919548929466252503e+02 4.928164058188658458e+01 7.745041003838883853e+01
1.200740708257148071e+04 1.552473008885135073e+02 1.914445912163390062e+02 4.952263077098750443e+01 7.647991396981088030e+01
1.200784912919747512e+04 1.545195985292039325e+02 1.908510282616668690e+02 4.987715844411409449e+01 7.554742647275729439e+01
1.200829245313459069e+04 1.538187649166719950e+02 1.902451646358555024e+02 5.034638852021244304e+01 7.466567252175539693e+01
1.200873334950283243e+04 1.532090318610027566e+02 1.895751135272276429e+02 5.084294090067752592e+01 7.379766835674220715e+01
1.200919766000261188e+04 1.526411045781503617e+02 1.888340315258282658e+02 5.143917711098541190e+01 7.299754867944150760e+01
1.200968319803434497e+04 1.521386149285460760e+02 1.880024064659862404e+02 5.211596626334249294e+01 7.226230637440524163e+01
1.201018108849647433e+04 1.519155429200548610e+02 1.870735784558289367e+02 5.292433230564017776e+01 7.168213958578591871e+01
1.201072006013637656e+04 1.518834806039229477e+02 1.860797260746258814e+02 5.386621020714417085e+01 7.137262568322438483e+01
1.201128097991323011e+04 1.520243896933623375e+02 1.850066399247604636e+02 5.484953100580950291e+01 7.119447555287706564e+01
1.201181273939941821e+04 1.522873467554864533e+02 1.840274521568644559e+02 5.584681162993249615e+01 7.116015371099709341e+01
1.201236997124809750e+04 1.524932531687601340e+02 1.830752984546607820e+02 5.684640771583695340e+01 7.118528318335680183e+01
1.201298994046942971e+04 1.525045612898418597e+02 1.821665727896163673e+02 5.783678673837520989e+01 7.106897181735227775e+01
1.201370656668430820e+04 1.523741990689626107e+02 1.810842051022112003e+02 5.882963519933550600e+01 7.095098612644920877e+01
1.201438339493302192e+04 1.522908379586038166e+02 1.800254172085032280e+02 5.979673222108058894e+01 7.070550219858196783e+01
1.201490334298419111e+04 1.521945711842342064e+02 1.790453197576590583e+02 6.079010049770000990e+01 7.065007925534327171e+01
1.201541098443853480e+04 1.521917027964757949e+02 1.779666382337826747e+02 6.177499356627305360e+01 7.048994786004848834e+01
1.201591331276740129e+04 1.522415578506514464e+02 1.768246169604874467e+02 6.276846729727141394e+01 7.038156169687776753e+01
1.201635567356530191e+04 1.523783606754913365e+02 1.757769222152951443e+02 6.376573093934015901e+01 7.030813160651059945e+01
1.201673959616385946e+04 1.526322205411225923e+02 1.748705021456304110e+02 6.475709633935201737e+01 7.017951334906112493e+01
1.201713311068180883e+04 1.528612203730150441e+02 1.738945637331873115e+02 6.575524508519532674e+01 7.013378498279459450e+01
1.201751835051915987e+04 1.530071430069155269e+02 1.729093264182158691e+02 6.675087231416117106e+01 7.004405734470051925e+01
1.201787906418944840e+04 1.532044263211362534e+02 1.719789672681004049e+02 6.774245429285197417e+01 6.991513661436638927e+01
1.201826772914838693e+04 1.533486251991876941e+02 1.709378943045842050e+02 6.873712850850161260e+01 6.981296001588340516e+01
1.201865623832618257e+04 1.534447253387437229e+02 1.698902232450736847e+02 6.972124193619006860e+01 6.963854321177187501e+01
1.201902246152450243e+04 1.536775051281804565e+02 1.689438953464879773e+02 7.070112954785027171e+01 6.943905115824000518e+01
1.201941399749616903e+04 1.539886320034688652e+02 1.679493606675948456e+02 7.169653468470613689e+01 6.935745278720270335e+01
1.201980415086738685e+04 1.542530801672046152e+02 1.669469098908056708e+02 7.269571037782887402e+01 6.931783926134889384e+01
1.202016984856454656e+04 1.545521226089549884e+02 1.660360798247285459e+02 7.369532778892300939e+01 6.929040544459853379e+01
1.202054827608602500e+04 1.548502035682499809e+02 1.650983536536717793e+02 7.469341011606043423e+01 6.934313520230186612e+01
1.202091511997569614e+04 1.551156523726377827e+02 1.641986788888495994e+02 7.568958903642734981e+01 6.943004723847950288e+01
1.202127325682059563e+04 1.554186492938883646e+02 1.633513218113332641e+02 7.668604486066975312e+01 6.951412408665804321e+01
1.202165898769530395e+04 1.557037329012902376e+02 1.624241943641889634e+02 7.767548335384107361e+01 6.965696921150249921e+01
1.202204004928101858e+04 1.559960651151181708e+02 1.615247203438055124e+02 7.866830308699586283e+01 6.977576244902418523e+01
1.202242133259598813e+04 1.563343448762574894e+02 1.606493586614584785e+02 7.966632877182287586e+01 6.983451310944487034e+01
1.202283554327853562e+04 1.566686555005043715e+02 1.596708392318597589e+02 8.066567557229461727e+01 6.987019437634170060e+01
1.202323478840973803e+04 1.569740241523993234e+02 1.587027649698849814e+02 8.166260965259553473e+01 6.980337599698727047e+01
1.202362388339500285e+04 1.572968823804080500e+02 1.577317051140697970e+02 8.264841563330659824e+01 6.963868279664976058e+01
1.202403325747136114e+04 1.576073285986597341e+02 1.566526705801029209e+02 8.364514901301848226e+01 6.957026628877572705e+01
1.202442501414485741e+04 1.578975109085095028e+02 1.555857055019760082e+02 8.464208678753544746e+01 6.949272157499176217e+01
1.202479096870537978e+04 1.582664066677540404e+02 1.545796947625176472e+02 8.564026522465194091e+01 6.943299324433203878e+01
1.202515372043657771e+04 1.586238302062616015e+02 1.535628494382063991e+02 8.663676745029653148e+01 6.950150793051570020e+01
1.202550132266140099e+04 1.589093146226326780e+02 1.525576892887608551e+02 8.763357975540034772e+01 6.958124372871651531e+01
1.202582941313900483e+04 1.592023981954788781e+02 1.515850356711187601e+02 8.863276966825708314e+01 6.961818877940237371e+01
1.202615566257780483e+04 1.594783099066377190e+02 1.506052392829938640e+02 8.963170217800625039e+01 6.966402721244634222e+01
1.202646368509472632e+04 1.596754089022807079e+02 1.496787665624145234e+02 9.063145687691400099e+01 6.968325789802246106e+01
1.202677169352558667e+04 1.598797949796667410e+02 1.487834053913639423e+02 9.162937847083851750e+01 6.962509586247026050e+01
1.202706844132160768e+04 1.601643656377752052e+02 1.479607205837148456e+02 9.262805057800117936e+01 6.957401269550820189e+01
1.202737160831842994e+04 1.604672164003431760e+02 1.471223590410897373e+02 9.362789942355023243e+01 6.957062188044017148e+01
1.202769077611089233e+04 1.607993684899738014e+02 1.462773556763867191e+02 9.462786568870093618e+01 6.956338238501260207e+01
1.202800625763261996e+04 1.611862386381624503e+02 1.455365014413135896e+02 9.562663984737162082e+01 6.960851781311428965e+01
1.202835972386768663e+04 1.616246999469969694e+02 1.447536117381666827e+02 9.661018291074307740e+01 6.978333448781883419e+01
1.202874602583622072e+04 1.620332379005775465e+02 1.439297031446791095e+02 9.758911025318570864e+01 6.998748841611077864e+01
1.202918697947904002e+04 1.624041225407548836e+02 1.430846234662876952e+02 9.857435774835502684e+01 7.015810996852171399e+01
1.202971751330469306e+04 1.627752423503754926e+02 1.421806015371838043e+02 9.955622264376262365e+01 7.034748550316356841e+01
1.203033234390065263e+04 1.630857080407548665e+02 1.414012855677446510e+02 1.005438729123078474e+02 7.050356165207472259e+01
1.203466971164840470e+04 1.628277838809231923e+02 1.408571551497734617e+02 1.014631732314494315e+02 7.068356038872144609e+01
1.203840878968456491e+04 1.623697095357768490e+02 1.397041883311964341e+02 1.024344486533460241e+02 7.055909190219718141e+01
1.203910763981857781e+04 1.625618363799049177e+02 1.385767771188482698e+02 1.034277218648795440e+02 7.064722296289788517e+01
1.203955798228532149e+04 1.628484837873464528e+02 1.375437561835380222e+02 1.044273149371807108e+02 7.065821552284513984e+01
1.203996713584402096e+04 1.630597145423108429e+02 1.365295506194119071e+02 1.054265865211384607e+02 7.069501395818483047e+01
1.204034653008817440e+04 1.632038037721449655e+02 1.355607801927407081e+02 1.064253481834730479e+02 7.068139366404281532e+01
1.204069001908397149e+04 1.634048756723078668e+02 1.346608706030885685e+02 1.074223203852018003e+02 7.060373377293149133e+01
1.204103171317573469e+04 1.636010335438941468e+02 1.337370552827809433e+02 1.084190688792883321e+02 7.052320265963902557e+01
1.204136362512950654e+04 1.637662118960118107e+02 1.328100515479964088e+02 1.094145272339805786e+02 7.043019202771074561e+01
1.204169221339627984e+04 1.639889915231285897e+02 1.318788645757837514e+02 1.104090471876685200e+02 7.032771800452289312e+01
1.204201552612970954e+04 1.642298593289914663e+02 1.309600752268520978e+02 1.114071962730302801e+02 7.028700370049560320e+01
1.204234226276611480e+04 1.644158852352928193e+02 1.300075008168742272e+02 1.124063447791627226e+02 7.027303071638753806e+01
1.204267731336227553e+04 1.646261204346387501e+02 1.290316997746120364e+02 1.134029902019899794e+02 7.019377291326226498e+01
1.204298695001080887e+04 1.649172516533312205e+02 1.281691388655771675e+02 1.143995410444621541e+02 7.012288461152814989e+01
1.204329663292472469e+04 1.652520023290224742e+02 1.273123309537399024e+02 1.153988620114493244e+02 7.013422617426388683e+01
1.204360756666051384e+04 1.656267494879196249e+02 1.264616756796534816e+02 1.163976995075447718e+02 7.018120432975818801e+01
1.204392010367885450e+04 1.661348387941700366e+02 1.256983211252171344e+02 1.173896613192112142e+02 7.027842879947333188e+01
1.204423932431411777e+04 1.667714210726896908e+02 1.250293188119652967e+02 1.183541447753455031e+02 7.053254717273418350e+01
1.204455231762641233e+04 1.674158400862114320e+02 1.244010391564812466e+02 1.192896056277609347e+02 7.088559987820012509e+01
1.204486870194357834e+04 1.680772371438472987e+02 1.237927827399889509e+02 1.202096807541948209e+02 7.127650665330389756e+01
1.204518028219748339e+04 1.687607425419539879e+02 1.232535541565885069e+02 1.210931673982854448e+02 7.174077481537221956e+01
1.204550473223249355e+04 1.694756878440139189e+02 1.226935946604461236e+02 1.219334917479130382e+02 7.228268497380666702e+01
1.204583059005774703e+04 1.701762580703696131e+02 1.221047680674648461e+02 1.227718419976414879e+02 7.282756121521055093e+01
1.204615743235743321e+04 1.709015512949946753e+02 1.215403302585281722e+02 1.236172214481516960e+02 7.336163936499906413e+01
1.204650199313050325e+04 1.716678401326039705e+02 1.209568413266837155e+02 1.244426226102492876e+02 7.392541640336472142e+01
1.204684995339135639e+04 1.723993990217472003e+02 1.203504174729612259e+02 1.252614017822445192e+02 7.449869226473717276e+01
1.204721192160440842e+04 1.731600222346689009e+02 1.197533784431700923e+02 1.260973726694952433e+02 7.504737040568357997e+01
1.204758390144340592e+04 1.739333152114908216e+02 1.191821682279149428e+02 1.269090297004405130e+02 7.563037258635792170e+01
1.204795587292216806e+04 1.746283844676004549e+02 1.185720329766355263e+02 1.277066143677793946e+02 7.623303402448021870e+01
1.204832851784382365e+04 1.752571144684736453e+02 1.178729124460244435e+02 1.285473996384642135e+02 7.677144508914837218e+01
1.204867121441574636e+04 1.757964273327498859e+02 1.171681307680375710e+02 1.294274505548657999e+02 7.724628429629485993e+01
1.204902205535053872e+04 1.762316549268628023e+02 1.163915752514296713e+02 1.303348537302357215e+02 7.766017802467457898e+01
1.204940806313141729e+04 1.766249523680960749e+02 1.155447065701063565e+02 1.312930363096899953e+02 7.793804980119850256e+01
1.204978055191053318e+04 1.769889415329317615e+02 1.147332937205419370e+02 1.322702349485186346e+02 7.814961824427130921e+01
1.205017496581223895e+04 1.772839970152383557e+02 1.138374230254368342e+02 1.332497288131333448e+02 7.834587982124105565e+01
1.205058275558628702e+04 1.775311023213303088e+02 1.129250655679423687e+02 1.342434435849964984e+02 7.844500274283613805e+01
1.205098235132436457e+04 1.777749745979337774e+02 1.120367324251159005e+02 1.352430319621281569e+02 7.846224072563271079e+01
1.205142877219989350e+04 1.778752856010370920e+02 1.110303033891414799e+02 1.362389990866581115e+02 7.839919901092966370e+01
1.205189786243923299e+04 1.778290943927406715e+02 1.100038963321723600e+02 1.372176288816265810e+02 7.820476529298885282e+01
1.205234567595266708e+04 1.778134117201491620e+02 1.090282527934214869e+02 1.381746161736779754e+02 7.791532211036742694e+01
1.205282367679631352e+04 1.777470824056144352e+02 1.080593718498179641e+02 1.390961651068855076e+02 7.753686001545779050e+01
1.205337206109337058e+04 1.775498396350275812e+02 1.072310336966053086e+02 1.399899147825838099e+02 7.708979764452763561e+01
1.205406309476595743e+04 1.772494282073153329e+02 1.063728062670440124e+02 1.408670762097999614e+02 7.661778015501114680e+01
1.205497882503824076e+04 1.767780850619532487e+02 1.055136738255920648e+02 1.416477977074710282e+02 7.599861045380393421e+01
1.205627156745957109e+04 1.761894300051166340e+02 1.048997304879540735e+02 1.421049546380354798e+02 7.517727236306137684e+01
1.205738900614419799e+04 1.759697335579166690e+02 1.040269754544179648e+02 1.426788678014283960e+02 7.471600764743801903e+01
1.205793758938956125e+04 1.761131318673961630e+02 1.030010367229856882e+02 1.436768278499896212e+02 7.467588369053316910e+01
1.205843854339531390e+04 1.763540700882325325e+02 1.020187910770239625e+02 1.446750481219474125e+02 7.463230277637063637e+01
1.205889104056031829e+04 1.767028618283968910e+02 1.011671748298299320e+02 1.456586054371761065e+02 7.476118713121122994e+01
1.205930626264346938e+04 1.771206778564965987e+02 1.003604088400632435e+02 1.466258767475225113e+02 7.501483369396056844e+01
1.205976869744128453e+04 1.774385673004670423e+02 9.952099170928948979e+01 1.475819546821493589e+02 7.530632831036989216e+01
1.206028977098480209e+04 1.774753995041390624e+02 9.891797395596069009e+01 1.485125230989955867e+02 7.566973647847241580e+01
1.206092283988211420e+04 1.777545823377337513e+02 9.921095213186912076e+01 1.494721833588514812e+02 7.589206841153189487e+01
1.207213941579008315e+04 1.779850276129332372e+02 9.948656453872435179e+01 1.500406334824817520e+02 7.532571588971219967e+01
1.211842499882877019e+04 1.799482595497147202e+02 9.925004862711989517e+01 1.498436435803470488e+02 7.547410215785858156e+01
1.211948922133434098e+04 1.804482649589576795e+02 1.002682291204943255e+02 1.490230319209773882e+02 7.602249189312735211e+01
1.212016606197240617e+04 1.812521181343112175e+02 1.009792202907392777e+02 1.482954376554692715e+02 7.655800820662501849e+01
1.212074274563171457e+04 1.823231211927122217e+02 1.014758866910738391e+02 1.480345894245668603e+02 7.752265541767009438e+01
1.212121011850990908e+04 1.832974921280890896e+02 1.017845962682626464e+02 1.478254014232538793e+02 7.850053083530590925e+01
1.212167764119994172e+04 1.842603569422878138e+02 1.020550058542844738e+02 1.476619716179470743e+02 7.948489325325415678e+01
1.212214097700527236e+04 1.852068421118010519e+02 1.023595298633054682e+02 1.475655137344306240e+02 8.047959931436764691e+01
1.212262726112031669e+04 1.861630603502005101e+02 1.026472305682589621e+02 1.474411542265137598e+02 8.147135701976407063e+01
1.212316674360889010e+04 1.869697643257325979e+02 1.028453450289194109e+02 1.473586896667988810e+02 8.246794945366235652e+01
1.212385219381414754e+04 1.875727585464697711e+02 1.026601184492555490e+02 1.473949979018932765e+02 8.345274325973205976e+01
1.212469429038838643e+04 1.881990041295337051e+02 1.020143434073822704e+02 1.478919398281280166e+02 8.424904780365277190e+01
1.212544657960840595e+04 1.888634220364037617e+02 1.012228114332968545e+02 1.487772175500371077e+02 8.469568591974459082e+01
1.212605907056757678e+04 1.894830005644296875e+02 1.003493840680878151e+02 1.497291735212265280e+02 8.500191558367261280e+01
1.212658824995834584e+04 1.899882723326923326e+02 9.954303930233554354e+01 1.506516162151523019e+02 8.537784008114624612e+01
1.212714684574191051e+04 1.906064068545008183e+02 9.881747047796058325e+01 1.514984332677542227e+02 8.590430470649339156e+01
1.212772415845272371e+04 1.914744300713193752e+02 9.837190138947875084e+01 1.521887257587977444e+02 8.660734861764879611e+01
1.212831361067580292e+04 1.923975283471203568e+02 9.818724934023296669e+01 1.526654958334927130e+02 8.748186806753436429e+01
1.212892277326919429e+04 1.932918027887938024e+02 9.819818672237853718e+01 1.529690587583025376e+02 8.842952952132947075e+01
1.212967120654589417e+04 1.941193956138761791e+02 9.836832649381113924e+01 1.530695131794876716e+02 8.941867412356866396e+01
1.213213257672135114e+04 1.947792749907197276e+02 9.863191961999085322e+01 1.530350716522287087e+02 9.041795618994146366e+01
1.213636376598778952e+04 1.953314764748938899e+02 9.889485713481818152e+01 1.530738813387937114e+02 9.141186752401192450e+01
1.213895549734066299e+04 1.961903163963865211e+02 9.918909505885046940e+01 1.532278759129436025e+02 9.239993822065194706e+01
1.213972710259096857e+04 1.973049244870606458e+02 9.959286903854534501e+01 1.533224422911156637e+02 9.339334308993520040e+01
1.214031501723176916e+04 1.983484811635377127e+02 1.000591200293975191e+02 1.532479831297758892e+02 9.438467723486984085e+01
1.214085730471270290e+04 1.992667219009223345e+02 1.005671421619656769e+02 1.530293048756604435e+02 9.536008680015432049e+01
1.214138612086556896e+04 2.001143728824006871e+02 1.011046130080549119e+02 1.527488966395123668e+02 9.631925466319076179e+01
1.214191934003933238e+04 2.010105123927470174e+02 1.016175521104211583e+02 1.524702139372164709e+02 9.727849769683682268e+01
1.214242457272639331e+04 2.019419079097924339e+02 1.020397965644813780e+02 1.522586609777333990e+02 9.825566471514120792e+01
1.214288305495617715e+04 2.028678915136528076e+02 1.024011854440939118e+02 1.521075499786603018e+02 9.924322089624725152e+01
1.214329520492276606e+04 2.037558972924893794e+02 1.027261574364110146e+02 1.520565514487346093e+02 1.002402375026849199e+02
1.214368092413919112e+04 2.046217941371039046e+02 1.030304270134264470e+02 1.520355125187351746e+02 1.012393426115585839e+02
1.214407313845703175e+04 2.055221476912525134e+02 1.032958671357046398e+02 1.519502800010676822e+02 1.022353547222361669e+02
1.214447291554057665e+04 2.064382185117115966e+02 1.034878964487316750e+02 1.519193128978117500e+02 1.032307595752658074e+02
1.214487257457074884e+04 2.073535453933610029e+02 1.036664320105711425e+02 1.519784608748246058e+02 1.042289630638787088e+02
1.214527317748705718e+04 2.082733568170350225e+02 1.038919252635739241e+02 1.520102531974636406e+02 1.052282875271140909e+02
1.214567396788844235e+04 2.091773555619760145e+02 1.041564163060627664e+02 1.520486730447829018e+02 1.062271341662397788e+02
1.214607267151317137e+04 2.100647640760340948e+02 1.044661816490463622e+02 1.520662129552341923e+02 1.072253948762021736e+02
1.214648427905199605e+04 2.109895093419156922e+02 1.048134831164963146e+02 1.520031701756840050e+02 1.082231786147994796e+02
1.214690303336232682e+04 2.119477118538918035e+02 1.051658953993610055e+02 1.519566627456016192e+02 1.092211898694903454e+02
1.214731414351518652e+04 2.129126873643141096e+02 1.055175156353058412e+02 1.519265181137661784e+02 1.102202318725958889e+02
1.214772890526676201e+04 2.138971192783652668e+02 1.058410839005729116e+02 1.518737867314917480e+02 1.112187634392407460e+02
1.214813835596233184e+04 2.148416431206028392e+02 1.061102969550877049e+02 1.518710999523211456e+02 1.122179813624711500e+02
1.214853789430213328e+04 2.157596356661388484e+02 1.063330905907264849e+02 1.519006589423608489e+02 1.132174851460218576e+02
1.214894819038000787e+04 2.167334831979120224e+02 1.065059948840019928e+02 1.519518927786213851e+02 1.142155286751248298e+02
1.214934831223460424e+04 2.176780447214012213e+02 1.066463782782886227e+02 1.520839879252617948e+02 1.152057009950713962e+02
1.214972697027045069e+04 2.185735099043910168e+02 1.068009841909214970e+02 1.522334130291690428e+02 1.161938885853059560e+02
1.215011442692958917e+04 2.195004813568168345e+02 1.069832873883493960e+02 1.523522466209278434e+02 1.171867855753344116e+02
1.215050432057103717e+04 2.204155652764757463e+02 1.071958410029906901e+02 1.524811599367855024e+02 1.181784326325310559e+02
1.215088384602735641e+04 2.213128690309372644e+02 1.074316723634406117e+02 1.525711917412665457e+02 1.191732869350809096e+02
1.215127489648063056e+04 2.222459389468023687e+02 1.076758182536431008e+02 1.526173742598349747e+02 1.201722018791608662e+02
1.215166068336584976e+04 2.231351726210568813e+02 1.079297782039104732e+02 1.526909175421246800e+02 1.211692418756001359e+02
1.215204142158766990e+04 2.239951740469641948e+02 1.082411612163348877e+02 1.527327135713439645e+02 1.221666044281767682e+02
1.215244528451334008e+04 2.249009822436670163e+02 1.086224208490239391e+02 1.527076533366958699e+02 1.231662829669875947e+02
1.215284860113639661e+04 2.257629789484294065e+02 1.090220379881338886e+02 1.526782389566602376e+02 1.241658502310418157e+02
1.215324163632979798e+04 2.265711886353692250e+02 1.094439486130404333e+02 1.526076551529070287e+02 1.251624037785539514e+02
1.215364619676708389e+04 2.274130952663681455e+02 1.098891172096024746e+02 1.525075089749777248e+02 1.261572178439640197e+02
1.215405119804004426e+04 2.282290755346808453e+02 1.102963351894489250e+02 1.524354445973566783e+02 1.271545686621841185e+02
1.215445036566145791e+04 2.289742882136354183e+02 1.106794913618107756e+02 1.523146135465214570e+02 1.281452159636785098e+02
1.215488126199393810e+04 2.297071580997774731e+02 1.110937178758921107e+02 1.521419873340528852e+02 1.291300722668661649e+02
1.215535525234507440e+04 2.303507648691569614e+02 1.115068492386885879e+02 1.519850883196076268e+02 1.301176863024049055e+02
1.215603026716687054e+04 2.311486221525200051e+02 1.116003519209127575e+02 1.519209197795420039e+02 1.311106535003495424e+02
1.215685169436016804e+04 2.321049484158883445e+02 1.111256244987940249e+02 1.522800100833080705e+02 1.319693848670997909e+02
1.215757194758359037e+04 2.327879649356243590e+02 1.102156937844295328e+02 1.530487395015811387e+02 1.326023026633099562e+02
1.215814617895834817e+04 2.332560723836172372e+02 1.092203106946180498e+02 1.539555041112069205e+02 1.329651698442943655e+02
1.215858382258520942e+04 2.335670850725377647e+02 1.082605794208739525e+02 1.549458343930567708e+02 1.331013521047925394e+02
1.215901512766611631e+04 2.337701477351875212e+02 1.071938925171395454e+02 1.559421772410300093e+02 1.331307910744972958e+02
1.215942122396297600e+04 2.339589024374151904e+02 1.061819323524333925e+02 1.569342574596439306e+02 1.330204471936317248e+02
1.215978324426466315e+04 2.341354471743533168e+02 1.052731724570027438e+02 1.579270124386198972e+02 1.329448536194054782e+02
1.216014785072350423e+04 2.342522219411472406e+02 1.043204452104203739e+02 1.589263214056349511e+02 1.329280722533949017e+02
1.216049771415545365e+04 2.343955530399322527e+02 1.034001594858754203e+02 1.599195293181081468e+02 1.328247250163879585e+02
1.216083863423929870e+04 2.345987507726518118e+02 1.024912425131970508e+02 1.609129846569441327e+02 1.327252121309337269e+02
1.216118487903027744e+04 2.347276670972889860e+02 1.015534482256657327e+02 1.619117920073664720e+02 1.326765709370027366e+02
1.216152815606926924e+04 2.348124036801005161e+02 1.006317023185789594e+02 1.629030304592176321e+02 1.325604549776591341e+02
1.216187994317702032e+04 2.350182968833205734e+02 9.970921832288263431e+01 1.638922441815223578e+02 1.324184051706175183e+02
1.216222777280384980e+04 2.352921479801039482e+02 9.880854471338112432e+01 1.648893383714996332e+02 1.323737807455475206e+02
1.216257957794509093e+04 2.355671692376944293e+02 9.785559492411385918e+01 1.658888600415074563e+02 1.324022554535324332e+02
1.216291659550121403e+04 2.358813037022311221e+02 9.693393629317964155e+01 1.668880697535707327e+02 1.324419992244983746e+02
1.216322903241254608e+04 2.361875179628557930e+02 9.609999594722896177e+01 1.678848596732664475e+02 1.325148073027628470e+02
1.216355534481017457e+04 2.363972036771415617e+02 9.522446299657461566e+01 1.688820872248540468e+02 1.325625823825195368e+02
1.216388047003179054e+04 2.365581070976703870e+02 9.436266380402354059e+01 1.698791920101586754e+02 1.325044786232191711e+02
1.216420783146224312e+04 2.367539206328032435e+02 9.350277013133013781e+01 1.708747834178226128e+02 1.324116423624099639e+02
1.216453601008329679e+04 2.369106832913435881e+02 9.264416720685157713e+01 1.718700384162312673e+02 1.323156807027066577e+02
1.216487477121187294e+04 2.370368182184636794e+02 9.178234584439134380e+01 1.728610814738756858e+02 1.321836667948710726e+02
1.216523470377409649e+04 2.372494442249568181e+02 9.093091858940995564e+01 1.738522123709842049e+02 1.320523251665323698e+02
1.216558960061043581e+04 2.375258392612406624e+02 9.013210894686913832e+01 1.748491340102747813e+02 1.319958531882591615e+02
1.216598103061598158e+04 2.378230600959102503e+02 8.925742335608396161e+01 1.758491310388004649e+02 1.319934942265122970e+02
1.216639712746263831e+04 2.381223432500345041e+02 8.844025751930325896e+01 1.768460558019819473e+02 1.320484160048222861e+02
1.216683011594599157e+04 2.384002270784976929e+02 8.769119451838410839e+01 1.778371535802803862e+02 1.321798254770561130e+02
1.216734889388217562e+04 2.387557443757603153e+02 8.681056153937285558e+01 1.788296316773430306e+02 1.322972787623125441e+02
1.216791104696788352e+04 2.392091814396319478e+02 8.589670532556807814e+01 1.798099988977434123e+02 1.324721298892641812e+02
1.216846449336935984e+04 2.396885181165498295e+02 8.495720727815941586e+01 1.807731562843056281e+02 1.327410061151150558e+02
1.216898007116048757e+04 2.401002832605759352e+02 8.408050921342439210e+01 1.817384085479783948e+02 1.330019686654538020e+02
1.216948036328197850e+04 2.403453037810008937e+02 8.325808446803075924e+01 1.827109274292324699e+02 1.332342497182433476e+02
1.217005508838233618e+04 2.404057451880926237e+02 8.231447267573039994e+01 1.836916523653482898e+02 1.332537581783355165e+02
1.217064574108019588e+04 2.402486077927687234e+02 8.143125111495680812e+01 1.846517616848114471e+02 1.329902551134275939e+02
1.217128210251890050e+04 2.396699572414068768e+02 8.067643608287585266e+01 1.854107318626192864e+02 1.324054991104777059e+02
1.217189167386596273e+04 2.388450891127945681e+02 8.008932858852453762e+01 1.858455338372234280e+02 1.315206397377676808e+02
1.217238286997716932e+04 2.380070960353447731e+02 7.971229161107201833e+01 1.861261550961288833e+02 1.305608615251122160e+02
1.217285727382143159e+04 2.370788608215009390e+02 7.941130678543298416e+01 1.862589423131041713e+02 1.295791025964043115e+02
1.217330826215495108e+04 2.361478296874657019e+02 7.915495244477038739e+01 1.862796480082176060e+02 1.285794676145007429e+02
1.217373227118465184e+04 2.352268572835668294e+02 7.898216688509005223e+01 1.862917900197880670e+02 1.275798396268158541e+02
1.217413615156516244e+04 2.343296204555541635e+02 7.882855425635121094e+01 1.861853905705188765e+02 1.265897640638609403e+02
1.217453191807539770e+04 2.334644964681998829e+02 7.866483483579354186e+01 1.860449679470855529e+02 1.256010496357145740e+02
1.217493043041847704e+04 2.326395110023997006e+02 7.852546278673463576e+01 1.860058016012044106e+02 1.246030473882602791e+02
1.217533843205653830e+04 2.318433094873314815e+02 7.838874198671030058e+01 1.859664885876985920e+02 1.236048677471128912e+02
1.217574954850976428e+04 2.310648328663798452e+02 7.826006233729499684e+01 1.859161015190632327e+02 1.226066321727260657e+02
1.217615170364743426e+04 2.302733269906147200e+02 7.817246868279207206e+01 1.858525394013970526e+02 1.216095168430496898e+02
1.217656746006112917e+04 2.294105320649295834e+02 7.809511458858715116e+01 1.857068661316088480e+02 1.206210363894446971e+02
1.217700035331537038e+04 2.285588132079996342e+02 7.801099328170300851e+01 1.855420483555406008e+02 1.196348981310018331e+02
1.217748552630117774e+04 2.276574195980585102e+02 7.794525135442299302e+01 1.853987639925682060e+02 1.186452222637008020e+02
1.217801519540794288e+04 2.267223934311803362e+02 7.778834923506508403e+01 1.852606527672807317e+02 1.176548074124774246e+02
1.217861353426523237e+04 2.258095924494636790e+02 7.749211792300563673e+01 1.852569135740747299e+02 1.166627433361975221e+02
1.217928986789473493e+04 2.248830178731073204e+02 7.726773359236919703e+01 1.853428863156841828e+02 1.156668398918939289e+02
1.218003531894089610e+04 2.240480136961067217e+02 7.724341013631898534e+01 1.853066159219592919e+02 1.146715693873338040e+02
1.218101548699482191e+04 2.234220318358089230e+02 7.747262747103603431e+01 1.852859069549619448e+02 1.136761666055249975e+02
1.218237075878156793e+04 2.230191228934644982e+02 7.760290049254946609e+01 1.852730070300217449e+02 1.126789695056754113e+02
1.218376329021529818e+04 2.225224006782968900e+02 7.765749563583152337e+01 1.850876551451523824e+02 1.117011853635782472e+02
1.218470773235557681e+04 2.216709458614507469e+02 7.761819907177731181e+01 1.848810715460041934e+02 1.107248277242777306e+02
1.218526205884873161e+04 2.206695527359241282e+02 7.736945851111973127e+01 1.848533048748664953e+02 1.097307489506038678e+02
1.218569822765578465e+04 2.197088573155976690e+02 7.709585433614108751e+01 1.849041816801032496e+02 1.087320947395857615e+02
1.218611378734569917e+04 2.187591068504711984e+02 7.684862278566988891e+01 1.849522704555787698e+02 1.077332643846967244e+02
1.218651776183452239e+04 2.178268320119141777e+02 7.660284892514158628e+01 1.849782099755647664e+02 1.067338602754654175e+02
1.218691418645884005e+04 2.169008423232388054e+02 7.628787262295867322e+01 1.850001335407361864e+02 1.057341897164855595e+02
1.218731319426567825e+04 2.159741191985097544e+02 7.591883645872017894e+01 1.850889804614361083e+02 1.047392785887718247e+02
1.218770280171270497e+04 2.151199054567078974e+02 7.552977834181457695e+01 1.852050181340859467e+02 1.037460989400654512e+02
1.218808390337189485e+04 2.143276259363805138e+02 7.512405671846748589e+01 1.853164811168007020e+02 1.027523398116021696e+02
1.218845987928180693e+04 2.135457174765574848e+02 7.474399782085419019e+01 1.854625357901163341e+02 1.017634184071848011e+02
1.218883712759160517e+04 2.127614125739260373e+02 7.440459779189812650e+01 1.855768834861540313e+02 1.007710492262387305e+02
1.218922472343650588e+04 2.119536365909637539e+02 7.408336305295144086e+01 1.856189480259999982e+02 9.977233134035675732e+01
1.218961019144111197e+04 2.111268276628858587e+02 7.376950019053616359e+01 1.856714357536746434e+02 9.877412197516933645e+01
1.218998708976868147e+04 2.103047982167094290e+02 7.345317657331686689e+01 1.857268732330113608e+02 9.777581822338760276e+01
1.219035253156269391e+04 2.095158607472737629e+02 7.314690484868359022e+01 1.857244826911669691e+02 9.677646582908238315e+01
1.219070314794715887e+04 2.087560022303131575e+02 7.288142906030407175e+01 1.857136731386107158e+02 9.577668776746064339e+01
1.219105879902795641e+04 2.079700101497302285e+02 7.265664550273777422e+01 1.857154713407596489e+02 9.477669158718261144e+01
1.219141890723790493e+04 2.071814107986705267e+02 7.243343545932894756e+01 1.856730993794155609e+02 9.377821491641361717e+01
1.219177035875196816e+04 2.064228881682896599e+02 7.220743915974513527e+01 1.856438940471923331e+02 9.277927007186893604e+01
1.219213090726345581e+04 2.056487854472596837e+02 7.200005865251866055e+01 1.856822534088100554e+02 9.178050069349930595e+01
1.219250142167589183e+04 2.048956264899071016e+02 7.180290174503168998e+01 1.857083009316776554e+02 9.078133744027537944e+01
1.219287900282306509e+04 2.042248041591221863e+02 7.163906041806565383e+01 1.856983506554240648e+02 8.978142091283906723e+01
1.219333678836443869e+04 2.035587032505352170e+02 7.162953997602872391e+01 1.856328962388963078e+02 8.878437320762841978e+01
1.219394023949404436e+04 2.028498925138868287e+02 7.194297064701294175e+01 1.853299783914376917e+02 8.784722943169369103e+01
1.219461335980482181e+04 2.021864849348172015e+02 7.263926281498559945e+01 1.846382844894935147e+02 8.717334891357386084e+01
1.219520263460720889e+04 2.016768870049968996e+02 7.351166133092318944e+01 1.836978382288817215e+02 8.689715027281877724e+01
1.219571005236866768e+04 2.013315009471920973e+02 7.441055715342049837e+01 1.827016858452686279e+02 8.682689271131840769e+01
1.219619677868495091e+04 2.010113368641526677e+02 7.532519498229939359e+01 1.817018785342912395e+02 8.681414295595854469e+01
1.219665250381366059e+04 2.006566072184816960e+02 7.616495176205337714e+01 1.807019512843354505e+02 8.682322116001813583e+01
1.219710242679295334e+04 2.002613649445669637e+02 7.699569868292726937e+01 1.797045630286856692e+02 8.676862073305099443e+01
1.219758484960208443e+04 1.997640481327875648e+02 7.786471229562327778e+01 1.787119321271056265e+02 8.664946199529855164e+01
1.219806512217160343e+04 1.992301058790066861e+02 7.864265002050247233e+01 1.777221260790066140e+02 8.650715357396478566e+01
1.219854950098319205e+04 1.987145124020802029e+02 7.935769296545696250e+01 1.767444485962683984e+02 8.630115354406233052e+01
1.219907754633350487e+04 1.982247038140387474e+02 8.009341236802895025e+01 1.757783110487356453e+02 8.604366754956345176e+01
1.219966512650045661e+04 1.978596906896326573e+02 8.083870191338958477e+01 1.748153049781001869e+02 8.577418889059465812e+01
1.220032696159666193e+04 1.976617971019883839e+02 8.158945866298924443e+01 1.738369745711515861e+02 8.557262927925704332e+01
1.220099797567284077e+04 1.976443603414694792e+02 8.231441040932179476e+01 1.728431422466438221e+02 8.556750743539488724e+01
1.220164809371900992e+04 1.976182621945488336e+02 8.319348261735365213e+01 1.718848238221296754e+02 8.582411300410952038e+01
1.220224944498232071e+04 1.973599149706101343e+02 8.427697527067252281e+01 1.709415662304685668e+02 8.615615667346210671e+01
1.220276916690423059e+04 1.969370311954496060e+02 8.535148143501751861e+01 1.699614690942273398e+02 8.632446105332439856e+01
1.220324436762121513e+04 1.965059257855547514e+02 8.634009986173141726e+01 1.689655000467058699e+02 8.629275465889311647e+01
1.220368892271191544e+04 1.961475096794164870e+02 8.722966154243594872e+01 1.679679632697574618e+02 8.622318152654686685e+01
1.220412234267624990e+04 1.958917193184741450e+02 8.812524752215817614e+01 1.669685295233242641e+02 8.620543454957751806e+01
1.220456157388597057e+04 1.956927361965321097e+02 8.910645749983478936e+01 1.659722761715457580e+02 8.627898138208318812e+01
1.220497237984929779e+04 1.954946698646337495e+02 9.004737068265002620e+01 1.649931076091499733e+02 8.647360908101232724e+01
1.220537809692579685e+04 1.952539659375946144e+02 9.097988847263840739e+01 1.640107602907866351e+02 8.665859578317062528e+01
1.220580824666522858e+04 1.949601940368981445e+02 9.194868849198671512e+01 1.630179827598520035e+02 8.677414941377706725e+01
1.220622675104047266e+04 1.946647120982655679e+02 9.287508943857639565e+01 1.620227782361778850e+02 8.687196040370741912e+01
1.220664205925817805e+04 1.943721824404674976e+02 9.382589506216616826e+01 1.610242922948344244e+02 8.691597518952889345e+01
1.220707221385748562e+04 1.940657929036107134e+02 9.480277673262084193e+01 1.600244422788918541e+02 8.691206196172555565e+01
1.220747416682764197e+04 1.937866997237665601e+02 9.567945702255644846e+01 1.590255599526064145e+02 8.694830553473316570e+01
1.220785342216116260e+04 1.935334926572393215e+02 9.651508950889186167e+01 1.580274192745177970e+02 8.700913950305559297e+01
1.220824406796680887e+04 1.932336437778195375e+02 9.737735115552001730e+01 1.570308561834409602e+02 8.709118761887795301e+01
1.220863038759063238e+04 1.928427366921170290e+02 9.817952754565814644e+01 1.560369267860378386e+02 8.720051408641570845e+01
1.220902740289420581e+04 1.923399840341570837e+02 9.895667789478973475e+01 1.550402514140600658e+02 8.718418741864608990e+01
1.220945289101144408e+04 1.917773135022555380e+02 9.973099505067249027e+01 1.540573548879030170e+02 8.701156419205084092e+01
1.220986677577275259e+04 1.912562853218652208e+02 1.004328399758852584e+02 1.530820425858375415e+02 8.679083026215278096e+01
1.221027166338776624e+04 1.907866823519065633e+02 1.011324975950657006e+02 1.521178626526416338e+02 8.652666911200248023e+01
1.221072180225082411e+04 1.903766412008793338e+02 1.018510691812345073e+02 1.511454676366152796e+02 8.629498323192181886e+01
1.221119888202353832e+04 1.900577934558964728e+02 1.024707760693600846e+02 1.501534024014864315e+02 8.618604062109548636e+01
1.221184042549741571e+04 1.898745492744992021e+02 1.030780382414810390e+02 1.491582946423618239e+02 8.624741018705837803e+01
1.221512932768567953e+04 1.898280270324013088e+02 1.034628299629718384e+02 1.483100459427501505e+02 8.672550459470070905e+01
1.222452389168740228e+04 1.893601090013941075e+02 1.033459414079913614e+02 1.482198078791139721e+02 8.603970669445340036e+01
1.222520678141013377e+04 1.884635995660513004e+02 1.038385966501562336e+02 1.482555629971701876e+02 8.505155033012603383e+01
1.222583637046316107e+04 1.878351366287477333e+02 1.043719229179224328e+02 1.478195722689359002e+02 8.415192544834640387e+01
1.222639900636831771e+04 1.872531334587617380e+02 1.048430252614549971e+02 1.474537210539425587e+02 8.322127232520848850e+01
1.222694315670922515e+04 1.862675646740543698e+02 1.054087228474452189e+02 1.470659051819805541e+02 8.229961921824491355e+01
1.222755683868775668e+04 1.851593608498873493e+02 1.055569470619140020e+02 1.466454392662270152e+02 8.139242819682677066e+01
1.222827246748676407e+04 1.842410322597977199e+02 1.056626588714512280e+02 1.462772699925212123e+02 8.046316799070581283e+01
1.222906965196143574e+04 1.835166245799536284e+02 1.061426713932280421e+02 1.459898167803218598e+02 7.950605218965995391e+01
1.222983907973574242e+04 1.827637401334346521e+02 1.068070945467424622e+02 1.455935152312760010e+02 7.858795630485562356e+01
1.223063297653401060e+04 1.821330765165154162e+02 1.070668956129117646e+02 1.451922033427237579e+02 7.767322412839256174e+01
1.223159957183624829e+04 1.815965695316806432e+02 1.073231547170559566e+02 1.449401561405908865e+02 7.670619328548211513e+01
1.223273982185153000e+04 1.807301654308658101e+02 1.076043880032947300e+02 1.447868177049269036e+02 7.571833958679454213e+01
1.223372096461776891e+04 1.803163492230095812e+02 1.076380972186735931e+02 1.445485453479678881e+02 7.474782273708140679e+01
1.223457380230628223e+04 1.794746575472315442e+02 1.078565296166764256e+02 1.441787987587032092e+02 7.382262703434668083e+01
1.223564284454617700e+04 1.793713125696340569e+02 1.078445736703514655e+02 1.435865800606693199e+02 7.302026832690170011e+01
1.223759536852952988e+04 1.807006740709737187e+02 1.079434391217989315e+02 1.433939808190771146e+02 7.319934253720461470e+01
1.223828526531017269e+04 1.816012895112270087e+02 1.076273012204753741e+02 1.438793916954518295e+02 7.405380240686037041e+01
1.223896892280190696e+04 1.824064009603710588e+02 1.074296673466549947e+02 1.443812469832958527e+02 7.490815275254088590e+01
1.223971338066743556e+04 1.832182860751882458e+02 1.073299217575170275e+02 1.447276213082742231e+02 7.584489560188238499e+01
1.224052965648021200e+04 1.840321571669597915e+02 1.072247425848931499e+02 1.450491748082213803e+02 7.679165818635800633e+01
1.224135817807152671e+04 1.848986955013763520e+02 1.070447502668334465e+02 1.454305327238031680e+02 7.771501466712638262e+01
1.224219574770725558e+04 1.856240079772126990e+02 1.069265361048811798e+02 1.458749501548944068e+02 7.861045305737944489e+01
1.224319858078569996e+04 1.860216114958543017e+02 1.068461681467620679e+02 1.463064540936275648e+02 7.951198580142303740e+01
1.224561425298393078e+04 1.859489369477758487e+02 1.071388265306311069e+02 1.466782812496669806e+02 7.998890877594421056e+01
1.224709191244212707e+04 1.848481248312309617e+02 1.074238740757706552e+02 1.463037899259397250e+02 7.906185474385242173e+01
1.224797524047745355e+04 1.837705862003119535e+02 1.075324069280942467e+02 1.459036705405235637e+02 7.814549330355079348e+01
1.224878763834091478e+04 1.827976310077192181e+02 1.075438111157640861e+02 1.455414423142902933e+02 7.721382791351690855e+01
1.224956447141331046e+04 1.818563286656995501e+02 1.075143973893687530e+02 1.452417713539005319e+02 7.626016560465177463e+01
1.225037489707591885e+04 1.808693394896046414e+02 1.076085319226765904e+02 1.450140089270534247e+02 7.528751732421773113e+01
1.225120277896825792e+04 1.798987938238119568e+02 1.077486981840515057e+02 1.448325266289632509e+02 7.430635344477448712e+01
1.225201974731667724e+04 1.792906847329173274e+02 1.077967862112911348e+02 1.445822209859842360e+02 7.334223326120269348e+01
1.225359161176473935e+04 1.794852934561859286e+02 1.083699161223339331e+02 1.444898346283496835e+02 7.287104738795457592e+01
1.225484512088645351e+04 1.803746430504897376e+02 1.081423001429660644e+02 1.447161949960708682e+02 7.383976357264364765e+01
1.225567507201303488e+04 1.811356108341323363e+02 1.077431134702335527e+02 1.453340104515976066e+02 7.461713129648421727e+01
1.225653869819949614e+04 1.813844250792236892e+02 1.071799819457686453e+02 1.460858984398258258e+02 7.527532804874827832e+01
1.225751374651254628e+04 1.814402553110370775e+02 1.067505671458634424e+02 1.470704813427215356e+02 7.533906454763949512e+01
1.226154501641588649e+04 1.818593524526943099e+02 1.040060292527341943e+02 1.468139347913908068e+02 7.566911737258782011e+01
1.226260596604011334e+04 1.819998755362224756e+02 1.038025807313603508e+02 1.464908476978157807e+02 7.660558408788203621e+01
1.226352538160415679e+04 1.816765638355767294e+02 1.036629507231372429e+02 1.463478965095206661e+02 7.601687218465713158e+01
1.226406734314119240e+04 1.814137051892616341e+02 1.034405491758666358e+02 1.465034644033223401e+02 7.502968011859428543e+01
1.226468480845655722e+04 1.811259206654590628e+02 1.032056641433803890e+02 1.470277078063531349e+02 7.417946513473896175e+01
1.226550640374008617e+04 1.810062170943581634e+02 1.028053619291706156e+02 1.474857677528630973e+02 7.329058320916685432e+01
1.226685655144999146e+04 1.816510093024602099e+02 1.015020210520985273e+02 1.482130364954871879e+02 7.390501075693727273e+01
1.226758941257870538e+04 1.824269366649249378e+02 1.009475616728876872e+02 1.480201897506231035e+02 7.488610766551755660e+01
1.226810622696706014e+04 1.833663244016827321e+02 1.016608068922827925e+02 1.477813701489969560e+02 7.585614566132622372e+01
1.226853810586699183e+04 1.840761417545128609e+02 1.020375640383687426e+02 1.476960213765162564e+02 7.685217866695289501e+01
1.226893171570105005e+04 1.843799873403877996e+02 1.020008842233228137e+02 1.475373131944803617e+02 7.783763173480392084e+01
1.226936617626824045e+04 1.847964310401419823e+02 1.019287088911306682e+02 1.476052320947150065e+02 7.883454731896981116e+01
1.226976295648431187e+04 1.855784722229533656e+02 1.017660568633764342e+02 1.478137505786563679e+02 7.981249203657885971e+01
1.227015273582327427e+04 1.862579225790092323e+02 1.014726790705423696e+02 1.480808449036576349e+02 8.077400611748970505e+01
1.227056524373100729e+04 1.870509937245164451e+02 1.010372644383576812e+02 1.485621419976993707e+02 8.165005906053372087e+01
1.227093689261097097e+04 1.876595104343235221e+02 1.004855191761407411e+02 1.491289134354930752e+02 8.247391123942777824e+01
1.227127728306106837e+04 1.881936755615020616e+02 9.990345111400655753e+01 1.496851467621613949e+02 8.330441908478115920e+01
1.227163943371190726e+04 1.887908293935026620e+02 9.924634510022616496e+01 1.503306584406486195e+02 8.406708662534200016e+01
1.227197740972713655e+04 1.893862290636365913e+02 9.862119204980223230e+01 1.510774910071543218e+02 8.473200838670047119e+01
1.227233268331618092e+04 1.899654517373200804e+02 9.785224125241070681e+01 1.518513227589766075e+02 8.536520927494399302e+01
1.227268070032787546e+04 1.904605018297182539e+02 9.705940684761517900e+01 1.526677278429536386e+02 8.593844614656113379e+01
1.227301155152143656e+04 1.910145691475560739e+02 9.631782280352175007e+01 1.535971289852428185e+02 8.630732374731923073e+01
1.227336936207957297e+04 1.915555679779714637e+02 9.546573993387305279e+01 1.545419536306326052e+02 8.663445169621942910e+01
1.227371093645017754e+04 1.918858655739915662e+02 9.459229890880219216e+01 1.555071918112938079e+02 8.688585204193357470e+01
1.227406735348205257e+04 1.921392129557072508e+02 9.360450355713562942e+01 1.565066529298179034e+02 8.690145248025223168e+01
1.227440492503790483e+04 1.924222019921647870e+02 9.264415450818763986e+01 1.575038279173987803e+02 8.682651441129225134e+01
1.227472814192297665e+04 1.925975309901709522e+02 9.169782879260999664e+01 1.585010195863292779e+02 8.675825746575408459e+01
1.227508273542602001e+04 1.928074048035840065e+02 9.065361821563455180e+01 1.594875808884700916e+02 8.659501888772970801e+01
1.227540868638733446e+04 1.931345104597856732e+02 8.973454192385091233e+01 1.604784854821709530e+02 8.646546940947109761e+01
1.227574237571148660e+04 1.934836411112447081e+02 8.883958335650156357e+01 1.614782704289457627e+02 8.644713058351916857e+01
1.227609241496655522e+04 1.938083612876134794e+02 8.790309822364973513e+01 1.624770087066602855e+02 8.639706925597229770e+01
1.227641498388520995e+04 1.941346281692493392e+02 8.704968381546632372e+01 1.634752306266916548e+02 8.634093077519582948e+01
1.227677867415944820e+04 1.944548407819227975e+02 8.608360637778001490e+01 1.644751325013170344e+02 8.634326829199062558e+01
1.227713917541625779e+04 1.946942127713739694e+02 8.513394449817020870e+01 1.654736899903061556e+02 8.629486340877426187e+01
1.227748688401247637e+04 1.949827940507306039e+02 8.419469610815171734e+01 1.664668904802184102e+02 8.617987520981641580e+01
1.227784509405898098e+04 1.953201864685698865e+02 8.320379656086250009e+01 1.674649537720457602e+02 8.611837395209775536e+01
1.227817820637896693e+04 1.955419745022489622e+02 8.227215052906274195e+01 1.684606590650465421e+02 8.602597628296227583e+01
1.227851980953851853e+04 1.958379283947861893e+02 8.131853705209753969e+01 1.694550242679362384e+02 8.592168954286999849e+01
1.227884729480292845e+04 1.962129655017346579e+02 8.043013442491768217e+01 1.704540895452369966e+02 8.588185009810638348e+01
1.227915913700384772e+04 1.965503129623350560e+02 7.961197414822703422e+01 1.714537864242705041e+02 8.588624235315056410e+01
1.227950177363622970e+04 1.969266388888671599e+02 7.870014749834940915e+01 1.724514041934750992e+02 8.581746807959866885e+01
1.227980615937951006e+04 1.972976412480609554e+02 7.789649047161874762e+01 1.734499289169036444e+02 8.577714696692780194e+01
1.228011758627829295e+04 1.976630738896943740e+02 7.709659803674844625e+01 1.744476041384381517e+02 8.584396811773694935e+01
1.228042500175590249e+04 1.979578322438841838e+02 7.630078577616714597e+01 1.754472492190603816e+02 8.586413920279912304e+01
1.228072436504297548e+04 1.982862971179221745e+02 7.552542554910819206e+01 1.764467533429061064e+02 8.583360360095159081e+01
1.228102251599122246e+04 1.986702675401616318e+02 7.477053993695000145e+01 1.774465859941514339e+02 8.583255835728020600e+01
1.228131219518551734e+04 1.989989431278575012e+02 7.406783573361788342e+01 1.784452084646228514e+02 8.587939223434869973e+01
1.228163154094501806e+04 1.993023587104039791e+02 7.330117710889128091e+01 1.794447858440423147e+02 8.585155960098221328e+01
1.228192192944431554e+04 1.995118849461741775e+02 7.260857776750356152e+01 1.804434682026214887e+02 8.580084831397120126e+01
1.228223846521765336e+04 1.996479018632281281e+02 7.185468628939671021e+01 1.814425705083764910e+02 8.576605692154679161e+01
1.228255685219195766e+04 1.995648947994436639e+02 7.120564869110957318e+01 1.824290849799814112e+02 8.562871051257684485e+01
1.228291018309213359e+04 1.992682296325003222e+02 7.059249015750089029e+01 1.833393046500536059e+02 8.521945787112478854e+01
1.228324269363474377e+04 1.988631531743433527e+02 7.005830630747284715e+01 1.841533258407044116e+02 8.463998341955310423e+01
1.228360290794537468e+04 1.982076405616999182e+02 6.955443803701349736e+01 1.848505279820546718e+02 8.393870434690846594e+01
1.228400427621355630e+04 1.972957911690926949e+02 6.904068770942406275e+01 1.851961754945192240e+02 8.300381709553549570e+01
1.228434130268760782e+04 1.964543415773511015e+02 6.865993252429251470e+01 1.853402573259069186e+02 8.201427363441587204e+01
1.228468354941928374e+04 1.955704365051031175e+02 6.837428356198698509e+01 1.854522529183558675e+02 8.102132687805062972e+01
1.228503066960778051e+04 1.946826894284264711e+02 6.809385705663207489e+01 1.854579840392789265e+02 8.002152779686912254e+01
1.228534635301125854e+04 1.939019396504899078e+02 6.777672038650483444e+01 1.854241917125551993e+02 7.902236919272883142e+01
1.228568963131452620e+04 1.930602652663022525e+02 6.742091492415133303e+01 1.854511857051535628e+02 7.802274595059508044e+01
1.228602311085963447e+04 1.922468689953824423e+02 6.707848374350615472e+01 1.854836150629408280e+02 7.702343388616283448e+01
1.228635365875519892e+04 1.914354563381403977e+02 6.668462433251723098e+01 1.854802801439195719e+02 7.602373396574071762e+01
1.228668324710873458e+04 1.906046037382400016e+02 6.630531471013982525e+01 1.855409902783731013e+02 7.502560606732356518e+01
1.228700989421252962e+04 1.898147307109946951e+02 6.597096153343271396e+01 1.856076077621944478e+02 7.402833562620465102e+01
1.228735059041165368e+04 1.890254417471454076e+02 6.562132410180865350e+01 1.855942310546962517e+02 7.302842533404424330e+01
1.228767346983899915e+04 1.882813119848207180e+02 6.532968961999004875e+01 1.855828987462918178e+02 7.202853382155647921e+01
1.228804178256484374e+04 1.874628411287002905e+02 6.513044549711000286e+01 1.855721189365140447e+02 7.103022547599286440e+01
1.228846333334115843e+04 1.865970487085246248e+02 6.514070052350835738e+01 1.853892897450878934e+02 7.005013556753640103e+01
1.228887543953450586e+04 1.858425047112840218e+02 6.543466899828422356e+01 1.849869411997506461e+02 6.914042682470484635e+01
1.228932349529942985e+04 1.851943001465306793e+02 6.613191733558051055e+01 1.843187419847546664e+02 6.841924723945234632e+01
1.228975829475557111e+04 1.846943256003185070e+02 6.704268700449306095e+01 1.833949386260070753e+02 6.804310572042025740e+01
1.229011862840023059e+04 1.843264852116560633e+02 6.791773497369464963e+01 1.824194157956836762e+02 6.782507891786364951e+01
1.229046293329500622e+04 1.840162331294600619e+02 6.876950799309985030e+01 1.814297009381936903e+02 6.769357796308443653e+01
1.229079602821420303e+04 1.836762125522733982e+02 6.959378401093523792e+01 1.804299811025802853e+02 6.769249491247168748e+01
1.229109692571121923e+04 1.833413453714398997e+02 7.035596758490250124e+01 1.794309752905894584e+02 6.773031503446124191e+01
1.229141329694269007e+04 1.830217747499555969e+02 7.115661971721094403e+01 1.784311618434984155e+02 6.772731103946811970e+01
1.229174174807514464e+04 1.827042961144940136e+02 7.197158604786811509e+01 1.774325055144572616e+02 6.777461844228071186e+01
1.229206422439605740e+04 1.823299922711620979e+02 7.277846989653478715e+01 1.764360718525538800e+02 6.785620415981307474e+01
1.229239431341174895e+04 1.819097183560685949e+02 7.360649641902568874e+01 1.754366117256745667e+02 6.788518591516205447e+01
1.229273554652713392e+04 1.815304555536430939e+02 7.442693623846059836e+01 1.744366582320108421e+02 6.788618919850188149e+01
1.229309589922521263e+04 1.811563770410708685e+02 7.526104570641557245e+01 1.734368492729944080e+02 6.790169215050651985e+01
1.229344536902505570e+04 1.808095456539732311e+02 7.602919718830500528e+01 1.724371952596443691e+02 6.788323937667792052e+01
1.229383326826276971e+04 1.804928182018379061e+02 7.671234496847847595e+01 1.714385554524377824e+02 6.783713315471425176e+01
1.229445988447754098e+04 1.802283559771557577e+02 7.722682842547847315e+01 1.704385727881090702e+02 6.783934667103760319e+01
1.229672051220942194e+04 1.801214725722340972e+02 7.744382722444538558e+01 1.694436237863839096e+02 6.787476487837662376e+01
1.230393933274820483e+04 1.803423506800271525e+02 7.765641365149164699e+01 1.685082761778534746e+02 6.791026311955225481e+01
