# ts_seconds,x,y,gt_x,gt_y
2.399020679657012442e+04 1.712107991476860889e+02 6.764594274940110097e+01 1.712107991476860889e+02 6.764594274940110097e+01
2.400216094337200775e+04 1.712220034501383736e+02 6.851944596442487523e+01 1.702110282304010411e+02 6.762454334136674561e+01
2.400292245514207752e+04 1.712820173068315910e+02 6.955457676367552722e+01 1.692111474885938094e+02 6.763996389024971734e+01
2.400344510240403179e+04 1.712368704224147962e+02 7.035239129536343228e+01 1.682116707786416328e+02 6.760762165804872836e+01
2.400398187005106593e+04 1.712985435321459704e+02 7.130574131061969467e+01 1.672116767421937027e+02 6.760461260342384548e+01
2.400450661763539392e+04 1.711385883246705930e+02 7.220901814078511904e+01 1.662133377479666478e+02 6.766204295345652042e+01
2.400501529873336767e+04 1.709648009536200846e+02 7.311564744786628012e+01 1.652145147081855896e+02 6.761379220120802813e+01
2.400549192021089766e+04 1.707693570459657053e+02 7.389013165136253747e+01 1.642156024639432417e+02 6.766033720452452371e+01
2.400599669935205020e+04 1.705720728207664649e+02 7.487295896568979003e+01 1.632156171132219242e+02 6.765525727967606429e+01
2.400644099851769715e+04 1.705658493701338045e+02 7.579395582680471932e+01 1.622160487249485357e+02 6.768451553748217009e+01
2.400684625905297071e+04 1.703268197637811454e+02 7.659102698028907241e+01 1.612188262366610729e+02 6.775824662877735705e+01
2.400726490988692967e+04 1.701792732987069030e+02 7.742055397156291008e+01 1.602212006508929676e+02 6.768952653130685349e+01
2.400768421852261963e+04 1.702085469592383333e+02 7.813031736239305758e+01 1.592212472603393394e+02 6.768022576478252006e+01
2.400810755556411459e+04 1.701056498754278152e+02 7.891210581656642375e+01 1.582221638656611731e+02 6.763749115064760531e+01
2.400853124790461152e+04 1.701899986630975832e+02 7.967129861151778414e+01 1.572222911087187072e+02 6.762799421144769951e+01
2.400892388897374622e+04 1.702876323557640035e+02 8.024091783607285322e+01 1.562314892119300680e+02 6.776328492824360694e+01
2.400937400651127609e+04 1.703264059981832759e+02 8.103119526525510707e+01 1.552456114099990714e+02 6.793064625086481101e+01
2.400981667473098059e+04 1.704837277464460783e+02 8.179421899112732319e+01 1.542729352349860505e+02 6.816275942707173385e+01
2.401022142696725859e+04 1.705422361951431469e+02 8.225732684702336428e+01 1.533140398359228698e+02 6.844651623962433007e+01
2.401066646747510822e+04 1.706398836314260450e+02 8.302952868044609147e+01 1.523517366559889297e+02 6.871816471470449983e+01
2.401110757078021197e+04 1.708996256384824335e+02 8.373908414803921119e+01 1.514345252888473112e+02 6.911646432120039663e+01
2.401152263731548373e+04 1.710036591419218723e+02 8.415251351393850143e+01 1.505547275067712860e+02 6.959181224533912768e+01
2.401194946300471202e+04 1.713193005418473263e+02 8.487523846321607834e+01 1.496736756225155318e+02 7.006462357887765791e+01
2.401237568158774593e+04 1.717064674730553406e+02 8.545845887109975081e+01 1.488593004812045990e+02 7.064492507314662362e+01
2.401278678484462580e+04 1.719130072411599315e+02 8.589422994303340886e+01 1.480797072963804055e+02 7.127120858196796860e+01
2.401318177182679574e+04 1.722971765548049063e+02 8.656805312652579687e+01 1.472907136898210183e+02 7.188554807280392822e+01
2.401359694622313691e+04 1.727228709324430724e+02 8.710482814071451685e+01 1.465495261105251075e+02 7.255684264121205729e+01
2.401401320122908146e+04 1.728774065558060897e+02 8.761090427058708485e+01 1.457951484620761846e+02 7.321314021660361959e+01
2.401443783579481169e+04 1.732108932979580516e+02 8.838547523370287706e+01 1.449721398367942982e+02 7.378116728772467070e+01
2.401486885719355269e+04 1.736109926846947644e+02 8.899580579055749752e+01 1.441423467469684851e+02 7.433922893542889199e+01
2.401531380733693368e+04 1.738277957972328807e+02 8.965456323879205058e+01 1.432974668783745642e+02 7.487411026657288460e+01
2.401575853104465205e+04 1.741133117535764256e+02 9.046128252669358005e+01 1.424169801583626622e+02 7.534816284643734718e+01
2.401617820785775984e+04 1.742849794114389397e+02 9.103183453675184467e+01 1.415522910497295186e+02 7.585045642945672739e+01
2.401662339375028387e+04 1.744335555223350411e+02 9.175930653367926482e+01 1.406730063779000659e+02 7.632674051947911664e+01
2.401707371946517014e+04 1.746768809886243332e+02 9.256639481119816537e+01 1.397809231678829178e+02 7.677859814623630541e+01
2.401750655602387633e+04 1.747042782860525278e+02 9.316960368550846283e+01 1.388756685245784865e+02 7.720287793213739747e+01
2.401794885505987259e+04 1.747227803666626187e+02 9.404497357713661643e+01 1.379137827725469663e+02 7.747630926354094072e+01
2.401840929046865858e+04 1.749171651971980737e+02 9.480573336230821724e+01 1.369454559628277650e+02 7.772593540411435242e+01
2.401885904797621697e+04 1.748952500330132693e+02 9.526650563602554200e+01 1.359677927764946332e+02 7.793581667673018387e+01
2.401929708087666950e+04 1.749513168515217103e+02 9.605855000620108797e+01 1.349769505379484258e+02 7.807051911226666618e+01
2.401972494464052215e+04 1.751115000535113495e+02 9.668342760201005603e+01 1.339969403854435939e+02 7.826937999403634194e+01
2.402017939481086796e+04 1.751684818199437075e+02 9.740391670002570379e+01 1.330259402070274746e+02 7.850838601751507895e+01
2.402062857406717740e+04 1.753607225338506055e+02 9.822421167898428962e+01 1.320655951198481262e+02 7.878714664162954762e+01
2.402104312670767104e+04 1.754877899958579803e+02 9.885285223303652913e+01 1.311161846245445304e+02 7.910118001450068448e+01
2.402147441290137795e+04 1.755408624940115772e+02 9.967201941008285360e+01 1.301631967237723586e+02 7.940418118313473883e+01
2.402188470897974548e+04 1.757256157544933899e+02 1.003515767461370984e+02 1.292061402229655585e+02 7.969406752653638648e+01
2.402227108284112910e+04 1.757970992375922208e+02 1.008372529141583271e+02 1.282547770238367946e+02 8.000205963058755287e+01
2.402269616722089995e+04 1.758697529876857004e+02 1.016364767286140278e+02 1.272900059733787401e+02 8.026514949068169358e+01
2.402312846310799068e+04 1.761317926454620988e+02 1.023155657643389702e+02 1.263268912548754912e+02 8.053412972698771455e+01
2.402355440373637248e+04 1.763116654789368170e+02 1.027848928351224345e+02 1.253793676190564099e+02 8.085366530402133378e+01
2.402401760826857208e+04 1.766879734674233191e+02 1.035234578220344304e+02 1.244568845611198498e+02 8.123856479955865950e+01
2.402446695311280200e+04 1.770824884989827126e+02 1.041497952683896102e+02 1.236196414049011736e+02 8.178523480634532916e+01
2.402489951789543557e+04 1.774016829624842444e+02 1.047941358809387680e+02 1.228286527262640249e+02 8.239705350316454258e+01
2.402531996843239176e+04 1.777702522377356615e+02 1.054585645103240097e+02 1.220521620295578060e+02 8.302717850670158839e+01
2.402573689034003837e+04 1.779613912202293591e+02 1.060499073543352324e+02 1.212812586063777616e+02 8.366363478909370599e+01
2.402618679248223270e+04 1.780121001176744358e+02 1.068727084181919480e+02 1.204249542415861214e+02 8.417963206421181610e+01
2.402663159454589550e+04 1.781335211018017048e+02 1.077253577442593695e+02 1.195109589095496148e+02 8.458502811294148671e+01
2.402706375321600353e+04 1.780877650818837878e+02 1.083979419111598475e+02 1.185626030339076067e+02 8.490032532728659476e+01
2.402751387672778947e+04 1.779821318227877782e+02 1.092571715634774279e+02 1.175729645882614847e+02 8.504386775940791665e+01
2.402795262383665977e+04 1.780162232576932126e+02 1.100544683156093129e+02 1.165809429882004338e+02 8.516989044635799644e+01
2.402836878932585023e+04 1.779191873112149835e+02 1.107209271328963069e+02 1.155867579335948534e+02 8.527723379283007432e+01
2.402877679676074331e+04 1.778920905377540294e+02 1.114954278410615700e+02 1.145890328620315159e+02 8.534384309213167796e+01
2.402918914414425672e+04 1.780031800710647474e+02 1.121700815475913657e+02 1.135963178641977009e+02 8.546396030903041208e+01
2.402961917649453608e+04 1.781427201015578987e+02 1.129485655324388063e+02 1.126106709352075370e+02 8.563247851897676810e+01
2.403005424769847377e+04 1.783070887801852678e+02 1.136835406985314876e+02 1.116346813898060617e+02 8.585029392951672378e+01
2.403045980938485445e+04 1.783534950051928547e+02 1.142325218449868771e+02 1.106588605052875067e+02 8.606747128819922921e+01
2.403088976338426437e+04 1.782188060337305444e+02 1.150662655295795673e+02 1.096638759707631010e+02 8.616741107000402167e+01
2.403131654999914826e+04 1.781542330780387999e+02 1.158914473153934210e+02 1.086670588211651420e+02 8.624712912482624461e+01
2.403172147384441632e+04 1.780077069350178363e+02 1.165332696271995729e+02 1.076698331522505185e+02 8.632053075714759416e+01
2.403214295402637072e+04 1.778764643423205882e+02 1.173420905724972840e+02 1.066699812017549078e+02 8.633694944411246297e+01
2.403258254420746744e+04 1.778621303675416243e+02 1.181289466995542625e+02 1.056707666126489471e+02 8.637572118404460753e+01
2.403300603941147347e+04 1.777629319201853946e+02 1.188743367650185547e+02 1.046707667454109014e+02 8.637619100356802448e+01
2.403341783201285580e+04 1.777472070781240063e+02 1.196820447020072464e+02 1.036708559684655029e+02 8.637854184691822468e+01
2.403381831926854284e+04 1.777419318211189818e+02 1.204038244981224608e+02 1.026727266517122814e+02 8.643821130646711026e+01
2.403423355091249323e+04 1.776121710580559068e+02 1.212134401740762257e+02 1.016727279193440410e+02 8.643697653022339011e+01
2.403462713405646718e+04 1.775834838169317322e+02 1.219990197267766803e+02 1.006727834849815792e+02 8.643338641805678435e+01
2.403500865870228881e+04 1.774923855997724331e+02 1.226590573073766137e+02 9.967362748242202031e+01 8.647000355251500991e+01
2.403540333562752130e+04 1.771427431480518635e+02 1.234801785116905108e+02 9.867472139255345098e+01 8.642336356521606433e+01
2.403579425923940289e+04 1.768666082447091981e+02 1.241956789215845163e+02 9.767654503250858511e+01 8.636333177881748213e+01
2.403618562741792630e+04 1.765599651836358817e+02 1.245827710144609739e+02 9.667739135933859984e+01 8.632667726892078974e+01
2.403660611582514684e+04 1.762126839920122165e+02 1.247945752955436376e+02 9.568424214481730417e+01 8.620982739401394213e+01
2.403703794533728797e+04 1.759475919651581819e+02 1.250705647427751046e+02 9.469048650181086657e+01 8.609853611751529456e+01
2.403744550936899395e+04 1.754828596492786232e+02 1.255030477807629978e+02 9.369352379842224821e+01 8.602069892978232701e+01
2.403785680849436903e+04 1.750408580258807092e+02 1.258196856212789925e+02 9.269727672437494448e+01 8.593805520538906251e+01
2.403826287264471102e+04 1.749169914435849194e+02 1.261930740864741125e+02 9.169758740213192993e+01 8.596286825701514545e+01
2.403864906778703153e+04 1.751375930962308587e+02 1.265670524897635261e+02 9.069815313163118731e+01 8.599545288971219748e+01
2.403904223500630178e+04 1.755565978996028491e+02 1.271488524768450930e+02 8.969816719260322202e+01 8.599491864572573263e+01
2.403945365586647677e+04 1.757801855169369674e+02 1.279432453471528817e+02 8.869838035512341889e+01 8.601485412825033450e+01
2.403986306088920901e+04 1.757098743019055291e+02 1.287983101225052280e+02 8.769849274776517234e+01 8.600922647245135977e+01
2.404024708761672446e+04 1.756275989558210711e+02 1.295781927883605533e+02 8.670041147099479417e+01 8.594734178694373838e+01
2.404061369868196925e+04 1.754617837836872241e+02 1.303090566128214789e+02 8.570192550995898273e+01 8.589253034400431375e+01
2.404099905856715486e+04 1.752206174675238231e+02 1.311555705441368218e+02 8.470454858620568928e+01 8.582045294798223267e+01
2.404139740044236896e+04 1.750375067482999896e+02 1.320528532113763163e+02 8.370557737017732336e+01 8.578106163535215956e+01
2.404179778419933064e+04 1.749045878001722656e+02 1.329360074243813017e+02 8.270678201449118205e+01 8.582979743939571904e+01
2.404221033710547272e+04 1.746218980905752858e+02 1.337654398186170965e+02 8.170717033722863221e+01 8.585713572399399141e+01
2.404261720699332727e+04 1.741755283001883470e+02 1.344048384813267774e+02 8.070856502646890362e+01 8.590875735616755549e+01
2.404300556788135873e+04 1.737371186669889767e+02 1.350452078758480070e+02 7.971279735341747141e+01 8.599809871016243790e+01
2.404341127583744674e+04 1.734871050652653253e+02 1.360293729536693661e+02 7.871282114157999388e+01 8.600467999205227443e+01
2.404381511732513536e+04 1.733537193705109871e+02 1.370514094296851795e+02 7.771300726158283112e+01 8.602163734876975809e+01
2.404418338825600949e+04 1.732193272831013076e+02 1.379593479299048511e+02 7.671428822562228333e+01 8.607126827980167150e+01
2.404456319826891922e+04 1.730624988238891149e+02 1.389136009806306902e+02 7.571443594720183512e+01 8.608574734755008251e+01
2.404494244855057332e+04 1.728849731151750291e+02 1.398608710723406716e+02 7.471571964724439852e+01 8.613631555794704298e+01
2.404530403936871880e+04 1.725658729699089236e+02 1.407112061719314511e+02 7.371750383755370706e+01 8.619301934478966132e+01
2.404568244838269311e+04 1.722308697003465454e+02 1.416128246973510443e+02 7.271758876842756081e+01 8.618055545800973505e+01
2.404605389549718893e+04 1.719835751310783394e+02 1.425111307784713972e+02 7.171761687688230325e+01 8.618414455404540320e+01
2.404639652084907721e+04 1.717862932176859090e+02 1.433552828738831408e+02 7.071799014982165943e+01 8.621095919144710251e+01
2.404676550938781293e+04 1.715922797911387931e+02 1.442571780925687221e+02 6.971804998079709037e+01 8.621990560260692860e+01
2.404713717445038856e+04 1.714502680969006576e+02 1.451412981340884585e+02 6.871864681536251851e+01 8.625394632594822042e+01
2.404749075567425825e+04 1.714229610838020790e+02 1.459773522779427708e+02 6.772013792858861336e+01 8.630818003468952782e+01
2.404786715558060314e+04 1.714376589107064888e+02 1.468742062388606655e+02 6.672075551301021790e+01 8.634193846945974826e+01
2.404824209469933339e+04 1.713945648099510777e+02 1.477697079029584302e+02 6.572323514274773970e+01 8.641230017090140336e+01
2.404860765303825974e+04 1.712468658822299972e+02 1.486481894069010252e+02 6.472593812505067490e+01 8.648167634548015315e+01
2.404901559540998642e+04 1.708832742462288365e+02 1.495832620281679226e+02 6.372616750443468447e+01 8.646111489465120314e+01
2.404942826372814670e+04 1.704252215792551510e+02 1.504864128368042770e+02 6.272713614917455516e+01 8.641738570846179357e+01
2.404980399055132511e+04 1.700027933618929978e+02 1.513109309344031317e+02 6.172947496711530846e+01 8.635115027390457954e+01
2.405019496082363912e+04 1.695696535767380055e+02 1.521997566791897611e+02 6.073740941938493165e+01 8.622550781228126482e+01
2.405058916775553007e+04 1.691697265116654307e+02 1.531219468807794044e+02 5.974333329650330171e+01 8.611688588175601922e+01
2.405096062388215796e+04 1.688019451775593325e+02 1.539798932061792414e+02 5.874804739355542438e+01 8.602006589480065202e+01
2.405136509145765012e+04 1.684566924847805751e+02 1.549087529197641118e+02 5.775462200095044807e+01 8.590609578500969690e+01
2.405178895507355992e+04 1.681770583613528061e+02 1.559069834655021225e+02 5.675764605589984058e+01 8.582871470985372753e+01
2.405219517229670964e+04 1.678587041178277275e+02 1.568520316283378975e+02 5.576443238820716175e+01 8.571685400319410064e+01
2.405261766791887203e+04 1.673474672183336622e+02 1.576897323822160502e+02 5.479110592760587650e+01 8.548869680470620835e+01
2.405306016320827985e+04 1.666441435838163443e+02 1.583674971397893501e+02 5.384753014940971383e+01 8.516319836560788303e+01
2.405350528925040999e+04 1.658610269529199854e+02 1.589189645994573539e+02 5.299811798521650985e+01 8.463765843046171256e+01
2.405395744081216253e+04 1.650249047409566572e+02 1.594118471718007868e+02 5.224495673369131055e+01 8.398052209603287110e+01
2.405440053011595592e+04 1.641209670505798215e+02 1.598022152839704120e+02 5.157621459694959043e+01 8.323999985941784985e+01
2.405484662441570981e+04 1.631552507391361360e+02 1.600734956307452137e+02 5.107589245781299780e+01 8.237450598235031407e+01
2.405528774250422066e+04 1.621656322392522327e+02 1.602962227343618622e+02 5.064612652934437165e+01 8.147177989554094779e+01
2.405571838891948573e+04 1.611488478300316558e+02 1.605281486351595959e+02 5.028482461205611287e+01 8.054041690248041618e+01
2.405616317518754295e+04 1.600940006411183845e+02 1.607082080797247272e+02 5.005468465455575711e+01 7.956743007988139027e+01
2.405661926109302294e+04 1.590389063786126087e+02 1.606622525729976587e+02 4.988664770347857313e+01 7.858210330146168587e+01
2.405709109966517281e+04 1.579942261220187163e+02 1.603624362798090317e+02 4.981549529246721164e+01 7.758509948534792500e+01
2.405754817066536998e+04 1.570110745650179354e+02 1.599993506669038368e+02 4.983406751782424493e+01 7.658531722442245382e+01
2.405799730555586939e+04 1.560358774010293814e+02 1.596059234987148159e+02 4.989596190065170589e+01 7.558830438142570074e+01
2.405847108012500030e+04 1.551102849584819694e+02 1.590465318947909452e+02 5.010185727536731548e+01 7.461060829735433231e+01
2.405894352455344779e+04 1.543765398389177506e+02 1.582746196575527335e+02 5.043403148776572209e+01 7.366853603323259847e+01
2.405940263308845169e+04 1.538240691014071331e+02 1.573650923776680770e+02 5.090534556217546935e+01 7.278893177532106051e+01
2.405985514549769141e+04 1.533518817840111694e+02 1.564272849031399346e+02 5.152431282325670736e+01 7.200365597659778416e+01
2.406030019616210120e+04 1.529155209090813798e+02 1.554726507839513374e+02 5.218177871764868314e+01 7.125075036895343317e+01
2.406074507358387200e+04 1.525230595976995573e+02 1.544880685358426149e+02 5.290441844510100111e+01 7.056032521882484332e+01
2.406117280383487741e+04 1.522331794184484295e+02 1.534919877548530849e+02 5.369002634946566133e+01 6.994213811796325331e+01
2.406158113594491442e+04 1.521377798347202770e+02 1.524941108654212485e+02 5.452592430231147347e+01 6.939592611934553190e+01
2.406199263968520972e+04 1.522720825983546717e+02 1.514556957858584383e+02 5.543480633857445383e+01 6.897995107039264440e+01
2.406239726874571716e+04 1.525152132751144336e+02 1.504580449201559134e+02 5.637643541239776113e+01 6.864456061331290471e+01
2.406279462126884755e+04 1.527756470261987545e+02 1.495281186673774130e+02 5.734407514804667727e+01 6.839593660111223983e+01
2.406320514395583086e+04 1.530417805234282014e+02 1.485657584558897497e+02 5.833350885774441252e+01 6.825097610985615404e+01
2.406361069694755497e+04 1.532867330573194238e+02 1.476079783059635986e+02 5.932232596044337214e+01 6.810198575878185068e+01
2.406401142009119940e+04 1.535409812815021553e+02 1.466795342306219823e+02 6.031469655139145658e+01 6.798523323549076736e+01
2.406442771527973673e+04 1.538413001756763663e+02 1.457216764693860114e+02 6.131431009070857385e+01 6.795954980199894635e+01
2.406484899493671765e+04 1.542020897231455479e+02 1.447611250679200907e+02 6.231266076123612407e+01 6.790333950152674447e+01
2.406525826542195500e+04 1.545999513720444440e+02 1.438001489005981739e+02 6.330934514950259029e+01 6.782236264401910830e+01
2.406567418060857744e+04 1.549748743702241711e+02 1.427495042011306339e+02 6.430688847316913836e+01 6.775403648430804537e+01
2.406609682570308360e+04 1.552625857906611770e+02 1.416489994438968552e+02 6.530113357681769060e+01 6.764698201862259452e+01
2.406651188733920571e+04 1.555261191323172909e+02 1.405717989767956340e+02 6.629498115067795538e+01 6.753754416041030595e+01
2.406691403315321077e+04 1.558443208233099995e+02 1.395408306800480602e+02 6.729267745273409673e+01 6.746977853415988591e+01
2.406730791622509787e+04 1.561986790206222793e+02 1.385889220345842148e+02 6.829109776516939689e+01 6.742180381631170860e+01
2.406771080446426276e+04 1.566459997542363567e+02 1.377184856208926647e+02 6.929058441675324787e+01 6.744979840638286817e+01
2.406812537761487692e+04 1.571961495356528928e+02 1.369156488428992873e+02 7.028841340827179351e+01 6.751560710295991896e+01
2.406855259493038102e+04 1.577547380682795790e+02 1.360973719138618492e+02 7.128496496270481941e+01 6.759603817630012657e+01
2.406899502080897946e+04 1.582534516119427224e+02 1.351983329455276532e+02 7.227668529887203874e+01 6.772445378688946960e+01
2.406941894965330357e+04 1.586758421392580942e+02 1.342936546196504821e+02 7.326863457217005760e+01 6.785088546165918899e+01
2.406982483315584977e+04 1.590634505060616846e+02 1.334226380818940356e+02 7.426287776493967385e+01 6.795783846502224890e+01
2.407025086096575615e+04 1.594929208011761830e+02 1.324965886630069178e+02 7.525929793843552318e+01 6.803486178713103527e+01
2.407066522051140055e+04 1.599274328914050329e+02 1.315658363505757222e+02 7.625925712900367159e+01 6.802800371698056381e+01
2.407105730723194574e+04 1.603297602722264230e+02 1.306568586958244111e+02 7.725905335941857288e+01 6.801359020268650113e+01
2.407146932957648096e+04 1.607477924628653057e+02 1.296671226811467648e+02 7.825885650956060147e+01 6.802481227565847632e+01
2.407188856730949919e+04 1.611003220641503049e+02 1.286352947402934035e+02 7.925843205418404125e+01 6.799608335070017517e+01
2.407230162875403767e+04 1.613541649582780906e+02 1.276043796246596713e+02 8.025754748768858349e+01 6.795426845250301540e+01
2.407271943492166247e+04 1.616368517085678036e+02 1.265927272369672636e+02 8.125575472542166722e+01 6.789608914739051215e+01
2.407313038047849841e+04 1.619979832977608680e+02 1.256502411358655706e+02 8.225218604864230088e+01 6.781372886893794316e+01
2.407354755027375359e+04 1.624448540779949042e+02 1.247454659727172412e+02 8.325150332641143791e+01 6.778199491518169850e+01
2.407397291169064556e+04 1.629011424289701040e+02 1.238293373695935458e+02 8.425136942255225847e+01 6.779669481753394678e+01
2.407439056149405224e+04 1.633095283097571837e+02 1.228917234114842216e+02 8.525060827322963064e+01 6.783349589249930034e+01
2.407482077754201237e+04 1.637533416880662003e+02 1.219237996286011736e+02 8.624859010054770181e+01 6.789654094460816225e+01
2.407526138115479989e+04 1.641855293202364692e+02 1.209604183041910375e+02 8.724764110993160671e+01 6.793970242078069077e+01
2.407570820894538701e+04 1.645209429509608583e+02 1.200450216004317809e+02 8.824716108595265496e+01 6.797059315677716995e+01
2.407619650089555216e+04 1.648199513619410368e+02 1.191842649330687465e+02 8.924642071767073048e+01 6.799313644236517007e+01
2.407699277590339989e+04 1.650822568375567414e+02 1.183947717178900518e+02 9.024520467474185637e+01 6.794388181170579344e+01
2.407911307146546096e+04 1.653317893492323662e+02 1.176963930822499407e+02 9.124397460130263937e+01 6.789701890818309948e+01
2.408140141138333274e+04 1.658204509471046038e+02 1.165674150579238244e+02 9.224335242998488127e+01 6.787441346759706562e+01
2.408226621483271083e+04 1.664080473107016473e+02 1.155104562970769990e+02 9.324012727623166086e+01 6.779451276981221497e+01
2.408274887325876989e+04 1.668094909623656861e+02 1.148472983048815763e+02 9.423835393720467835e+01 6.774780801802765495e+01
2.408318778363852471e+04 1.671485324237475254e+02 1.141663489258520343e+02 9.523780317367301507e+01 6.778023879971588883e+01
2.408359454565876877e+04 1.675966658536517855e+02 1.134723494389275089e+02 9.623768488041287128e+01 6.779371819883533590e+01
2.408400935758481501e+04 1.682050819275270044e+02 1.127104612010349172e+02 9.723762618749009334e+01 6.779561365545670526e+01
2.408443935908881031e+04 1.687154843480188902e+02 1.118258966186430001e+02 9.823735468478938060e+01 6.781615418959837882e+01
2.408485820547617186e+04 1.690881477660177836e+02 1.109469866212299820e+02 9.923723761863759307e+01 6.781914265195730707e+01
2.408526558983068026e+04 1.694319127474323921e+02 1.100651166435122690e+02 1.002358717074623797e+02 6.786587076059682033e+01
2.408568544844190910e+04 1.698721043026607731e+02 1.091569015893551722e+02 1.012312647207724439e+02 6.796160194655961106e+01
2.408611201028262440e+04 1.703883458843189942e+02 1.082769744663773253e+02 1.022271587482370307e+02 6.805127581867520803e+01
2.408653856715014263e+04 1.708624228858568586e+02 1.073692892619664576e+02 1.032212856958380343e+02 6.815636235079557537e+01
2.408695042427249427e+04 1.712779398657870047e+02 1.064477057532755140e+02 1.042202924994807773e+02 6.819374322524521403e+01
2.408734357231563627e+04 1.716527921883787542e+02 1.055429237916961540e+02 1.052201216785432791e+02 6.818579813511468046e+01
2.408772096802781016e+04 1.719378204066382807e+02 1.046712143726646786e+02 1.062196899987480663e+02 6.820354032814479694e+01
2.408811094851261078e+04 1.721687642753752527e+02 1.037822606638011393e+02 1.072185293220251481e+02 6.816039995372642579e+01
2.408850811422503830e+04 1.724641836078721440e+02 1.028839594716010453e+02 1.082150713832559177e+02 6.807937045769412521e+01
2.408889828877841137e+04 1.727356549590015788e+02 1.019928002584910303e+02 1.092138646761852954e+02 6.803204650543294463e+01
2.408928998348057939e+04 1.729868724047220212e+02 1.011106917172885744e+02 1.102103468711600414e+02 6.794955650354724241e+01
2.408969709987981332e+04 1.733201417517612697e+02 1.002219163796944770e+02 1.112048903357490133e+02 6.785065535403630577e+01
2.409010619143699296e+04 1.736132316041424986e+02 9.932786544272977380e+01 1.122045497668211169e+02 6.782478684826783422e+01
2.409050864306456424e+04 1.738220921758545501e+02 9.842339613084610050e+01 1.132043974975782703e+02 6.780754161923923107e+01
2.409093524016375522e+04 1.741105571128162524e+02 9.746930517908594993e+01 1.142042460687783034e+02 6.780395980509433684e+01
2.409137099547381877e+04 1.744532462129613180e+02 9.652959994135254362e+01 1.152036732804931489e+02 6.783774957934832628e+01
2.409178377870100667e+04 1.748377278375919843e+02 9.566960733133782924e+01 1.162023338604060569e+02 6.788517876132992512e+01
2.409218245998015482e+04 1.752811088602322229e+02 9.488304311551448222e+01 1.171952019772255227e+02 6.799651812795414685e+01
2.409257871443789554e+04 1.758373969453838299e+02 9.419443944238038569e+01 1.181731526521944033e+02 6.820481629868136508e+01
2.409295423661420864e+04 1.764626601831929804e+02 9.363898035883281068e+01 1.191351160094826298e+02 6.847120244624154850e+01
2.409333268971460348e+04 1.771775915656872371e+02 9.310162454176285962e+01 1.200468363711010085e+02 6.887943049549740238e+01
2.409371532836284678e+04 1.779033387707210636e+02 9.253174336068245509e+01 1.209142519689745114e+02 6.937696812997552342e+01
2.409407820005409667e+04 1.785725886114517209e+02 9.200572386015176107e+01 1.217700540687702215e+02 6.989397235678931963e+01
2.409444308288136381e+04 1.793084577589320077e+02 9.156196809754722210e+01 1.225959333347077660e+02 7.045659283993745703e+01
2.409481157286182133e+04 1.800662030549848112e+02 9.114390944739926681e+01 1.233729231082361082e+02 7.108601519646721556e+01
2.409517314259172781e+04 1.808407895493370461e+02 9.073944087330679054e+01 1.241314888766630560e+02 7.173747286756055530e+01
2.409555693563212481e+04 1.817204692455295287e+02 9.036025716963717969e+01 1.248649011516473877e+02 7.241695925730910233e+01
2.409595341915321114e+04 1.825921895738129308e+02 8.989373789842906604e+01 1.255781943063010857e+02 7.311731491755394075e+01
2.409633621467844569e+04 1.834107194281577335e+02 8.941113634642137242e+01 1.263360531631446122e+02 7.376939509746213730e+01
2.409672524385942233e+04 1.842475447010199332e+02 8.899553920560174447e+01 1.271256148593931670e+02 7.438292288566563570e+01
2.409712048469537694e+04 1.850252296459804313e+02 8.846381530000377325e+01 1.279429195573971043e+02 7.495759342390444147e+01
2.409751297611240443e+04 1.857560868522823512e+02 8.785163135976281978e+01 1.288127666252550796e+02 7.545046219809161414e+01
2.409791015653672002e+04 1.864407385969415145e+02 8.716595727729104226e+01 1.297085923733162076e+02 7.589416724727878716e+01
2.409832497014973342e+04 1.870699255190807833e+02 8.636838547016139955e+01 1.306320818414151859e+02 7.627635339809506831e+01
2.409873527897786335e+04 1.876831778371980306e+02 8.557601817735864813e+01 1.315770282148488093e+02 7.660308809116851592e+01
2.409914284643066276e+04 1.882851048985723423e+02 8.480674187511904449e+01 1.325145480924122126e+02 7.694954120174097056e+01
2.409957361425065028e+04 1.888748720932131278e+02 8.397471385902326801e+01 1.334761033730547979e+02 7.722322121916016613e+01
2.410001455702695966e+04 1.894815424580276044e+02 8.313267204463510041e+01 1.344439804544811636e+02 7.747141240679486884e+01
2.410046544295856438e+04 1.900663300977215897e+02 8.223267600681055001e+01 1.353896151782780919e+02 7.779662668378327339e+01
2.410090818783418217e+04 1.906591739229479572e+02 8.138072176873853891e+01 1.363331821819568006e+02 7.812690828487845351e+01
2.410135991612329235e+04 1.912807372606007732e+02 8.056995454051435956e+01 1.372545296723387480e+02 7.851483452435226695e+01
2.410180671840923605e+04 1.918328163080437889e+02 7.974714656204736229e+01 1.381600856039603684e+02 7.893840428273313137e+01
2.410220972625509239e+04 1.923366306977664237e+02 7.899975927690705646e+01 1.390840116118402818e+02 7.932093969443744186e+01
2.410263406777438649e+04 1.929045715516236612e+02 7.822495830405398465e+01 1.400055814321159744e+02 7.970904842515481903e+01
2.410308886053996321e+04 1.935218476894226569e+02 7.735568596017583332e+01 1.409354630661388796e+02 8.007682302030508481e+01
2.410352467968964629e+04 1.941590985457014824e+02 7.651893985778028195e+01 1.418642349097493423e+02 8.044582934711091582e+01
2.410395243765200576e+04 1.948036932795023688e+02 7.575160301930429796e+01 1.427680978319923781e+02 8.087346175213586719e+01
2.410440198407292337e+04 1.955050867220585076e+02 7.507768898725458939e+01 1.436814569093602927e+02 8.128057592340942961e+01
2.410487577329999112e+04 1.963966240877078349e+02 7.456849497304227725e+01 1.445841881319563527e+02 8.170997554984228373e+01
2.410533179793713498e+04 1.972615758106349801e+02 7.402441453080189149e+01 1.454697899547292081e+02 8.217354044778016942e+01
2.410574549411319822e+04 1.979958101005075264e+02 7.347535633976053759e+01 1.463775963089310892e+02 8.259267617403307327e+01
2.410617702422899310e+04 1.987244564731650769e+02 7.284358332262600300e+01 1.472742125550373089e+02 8.303544839014020340e+01
2.410664035910644088e+04 1.994515751434593369e+02 7.205762074287390817e+01 1.481784648370201296e+02 8.346225469003591968e+01
2.410708847287099707e+04 2.001791752049396962e+02 7.129240932374253248e+01 1.490848761754125178e+02 8.388296667905058257e+01
2.410751839573686448e+04 2.008911515318360159e+02 7.054867025837714323e+01 1.499644388463084681e+02 8.435791827324001702e+01
2.410794339789001970e+04 2.015741038328366699e+02 6.980084413553018408e+01 1.508705887417256122e+02 8.478083682473675253e+01
2.410836852875064142e+04 2.022550208333366015e+02 6.908045182922852234e+01 1.517784572941275201e+02 8.519986956408992285e+01
2.410880994099293093e+04 2.029188566069571777e+02 6.828467641825885437e+01 1.526830797701389599e+02 8.562411939723862986e+01
2.410925278582052488e+04 2.035434363680134311e+02 6.745276430519157884e+01 1.536280521402268278e+02 8.594604085467831567e+01
2.410971569627809731e+04 2.040827944129964635e+02 6.658402923595738798e+01 1.546095229740600985e+02 8.612802193086162106e+01
2.411017168334377493e+04 2.044386347810149971e+02 6.560433374569991827e+01 1.556070166667669241e+02 8.616235778851670091e+01
2.411058153284957007e+04 2.047495934196775806e+02 6.466861560565185130e+01 1.566039743901501993e+02 8.608689705285367211e+01
2.411097893356899294e+04 2.050369592338525422e+02 6.375755625570044316e+01 1.576026017252803513e+02 8.603854564223230739e+01
2.411139963103229093e+04 2.052600585976570926e+02 6.277289009261761521e+01 1.585975117859745751e+02 8.594019041058245989e+01
2.411179665211452084e+04 2.055054064291750535e+02 6.184204043212779567e+01 1.595894863096555412e+02 8.581941433060765689e+01
2.411218525928241797e+04 2.057854143142655232e+02 6.092899604587392304e+01 1.605876207022622282e+02 8.576095628757268230e+01
2.411260298964904723e+04 2.060826086900863174e+02 5.995566688229769170e+01 1.615829185408887270e+02 8.566446529190875481e+01
2.411302133795681948e+04 2.064169378679756051e+02 5.901112492639104801e+01 1.625778904882908762e+02 8.557207081311237573e+01
2.411344098204226975e+04 2.067341646594001645e+02 5.807247865498985817e+01 1.635772136938211077e+02 8.554214374238988228e+01
2.411387952403771851e+04 2.070718944291478181e+02 5.707139452987674133e+01 1.645746608701551565e+02 8.547075053232185837e+01
2.411433136856082638e+04 2.074614767566617388e+02 5.605086851589023667e+01 1.655724705883296508e+02 8.541643506277053177e+01
2.411477777952112228e+04 2.077989077089560510e+02 5.501894567819282855e+01 1.665720522750135331e+02 8.541867080288086811e+01
2.411520201284905488e+04 2.081409002692012677e+02 5.401655411913301919e+01 1.675708170222289652e+02 8.536932902056689443e+01
2.411563802309037419e+04 2.085070177380721645e+02 5.297776351471785006e+01 1.685702296197044063e+02 8.533685658618460934e+01
2.411608350184590017e+04 2.088716932816669782e+02 5.198165132101576091e+01 1.695695504070966422e+02 8.531114380334423686e+01
2.411652111323410281e+04 2.093629344967487214e+02 5.107178702321557751e+01 1.705672984927697371e+02 8.525497514677122979e+01
2.411695541732164929e+04 2.098294737995984747e+02 5.012155558174470116e+01 1.715667472273519536e+02 8.525051221992595174e+01
2.411740398853740044e+04 2.102276524055910727e+02 4.908112493346827421e+01 1.725647795929814379e+02 8.518829663622513237e+01
2.411786346679072449e+04 2.106800546482962773e+02 4.804215345815909899e+01 1.735636551824373441e+02 8.516152861796723528e+01
2.411831405660432938e+04 2.111739667927418225e+02 4.709246932418476206e+01 1.745628024801331719e+02 8.519605626632161943e+01
2.411874255927626291e+04 2.116986890447233804e+02 4.624261943983730561e+01 1.755620463467408285e+02 8.520800478440948211e+01
2.411918507684230281e+04 2.122382093265582341e+02 4.536069713126411074e+01 1.765593498906183356e+02 8.527890253759493078e+01
2.411962816261269836e+04 2.127092647469389419e+02 4.441967643959917922e+01 1.775588330848376302e+02 8.530330156453635482e+01
2.412004117513309029e+04 2.131878874731615099e+02 4.356462533248423341e+01 1.785578038514496200e+02 8.531258933809229461e+01
2.412047874097242675e+04 2.137435004327469414e+02 4.269206224387250614e+01 1.795536998931235644e+02 8.540305813060223272e+01
2.412092198436979379e+04 2.143555378388960264e+02 4.187008621838396039e+01 1.805499068207755329e+02 8.549004446967086324e+01
2.412135664378107322e+04 2.150886181228302405e+02 4.125688088788191976e+01 1.815321046856528540e+02 8.564039576399616749e+01
2.412180806850282534e+04 2.159488604012811663e+02 4.079444005246594429e+01 1.824496575178865214e+02 8.603098668648661373e+01
2.412229915864174473e+04 2.169633757515742900e+02 4.053069882121562273e+01 1.832637844427736695e+02 8.659763988978419036e+01
2.412278831834035009e+04 2.180356653469845583e+02 4.062924029909363810e+01 1.838719851964501402e+02 8.738120635897419675e+01
2.412323278015214237e+04 2.190079103935707963e+02 4.074281368360448141e+01 1.842786110916981386e+02 8.829449862588268161e+01
2.412364673306706027e+04 2.199325162187590763e+02 4.087378146559089487e+01 1.846142444080272753e+02 8.923452480464190728e+01
2.412408715916238725e+04 2.209615340670594037e+02 4.110983368418563799e+01 1.848286887377099674e+02 9.021066944598540260e+01
2.412452352988770872e+04 2.219405443984028068e+02 4.141193677956137265e+01 1.849832284737102839e+02 9.119865297928292591e+01
2.412495619126428937e+04 2.228607712008513033e+02 4.177937570638788856e+01 1.850993773766940649e+02 9.219006531456852827e+01
2.412542827163400216e+04 2.238287134834655490e+02 4.217948288227116649e+01 1.851161737557123956e+02 9.318987418691978064e+01
2.412591542707436020e+04 2.247629524856874923e+02 4.262442919308072931e+01 1.851483747186397295e+02 9.418934897582157362e+01
2.412639673227832827e+04 2.256354418292433195e+02 4.320660198847801325e+01 1.851676558881798371e+02 9.518909728824860395e+01
2.412686835030580914e+04 2.265979398400121170e+02 4.365914714302964228e+01 1.851708133577466242e+02 9.618906885881366975e+01
2.412731983722798759e+04 2.275133779083395780e+02 4.412026507816237597e+01 1.851529908132576452e+02 9.718724706030941718e+01
2.412779010764767008e+04 2.284745624090178922e+02 4.453611321929800937e+01 1.850477826788734603e+02 9.818142913932238969e+01
2.412827317626467266e+04 2.294232063606254712e+02 4.486467067898114891e+01 1.849912121693641325e+02 9.917971586621330005e+01
2.412873895449552219e+04 2.303098145351289361e+02 4.524812178121127459e+01 1.849327072695216714e+02 1.001768095401859426e+02
2.412918142340043414e+04 2.312030557468592065e+02 4.573928496103633989e+01 1.847953093104915752e+02 1.011672744398525623e+02
2.412958278593921204e+04 2.319571796859604547e+02 4.625824002939074830e+01 1.846558958618485349e+02 1.021569242770914485e+02
2.412998761920063771e+04 2.326508156392070248e+02 4.685412581971801416e+01 1.844455123265382213e+02 1.031342845224826874e+02
2.413039141688576274e+04 2.334498796234790348e+02 4.735424913332467156e+01 1.842202826686011861e+02 1.041077229810605616e+02
2.413079429449762029e+04 2.342901890395715725e+02 4.777071417081160831e+01 1.840751325142552162e+02 1.050969705211084033e+02
2.413122791756202423e+04 2.352232978388538527e+02 4.815779272601655236e+01 1.839685688418049381e+02 1.060911827713671158e+02
2.413167762072290861e+04 2.362135005470190379e+02 4.848688917602027715e+01 1.839068361377633209e+02 1.070885916758329586e+02
2.413211619359597171e+04 2.371409594829164291e+02 4.884725358613341939e+01 1.838907677993458378e+02 1.080879612750797634e+02
2.413255843615528283e+04 2.380781078434912388e+02 4.918118036593116926e+01 1.838484904434369298e+02 1.090858453343769554e+02
2.413303723247091693e+04 2.391086220703773506e+02 4.937838633406535394e+01 1.839243848769963563e+02 1.100813380805182788e+02
2.413352448971689591e+04 2.401449090972610350e+02 4.957090292333516146e+01 1.840819747696370996e+02 1.110684538391506209e+02
2.413400198356153851e+04 2.412391102350796359e+02 4.968445308073071232e+01 1.842277404376492029e+02 1.120558213950663600e+02
2.413445142992012188e+04 2.421272696560089059e+02 4.993365519331442215e+01 1.844612226384195708e+02 1.130276938351821485e+02
2.413490801110793836e+04 2.428130312982031285e+02 5.056732056658245966e+01 1.845988575952085000e+02 1.140152463997662693e+02
2.413534904371262382e+04 2.435990471937378459e+02 5.110572354172516896e+01 1.845966749961165760e+02 1.150151070573980689e+02
2.413576535284287093e+04 2.443730801795392154e+02 5.158174254705828332e+01 1.845452819499354575e+02 1.160131425190911330e+02
2.413619230655962383e+04 2.452344926344320299e+02 5.203214731040173291e+01 1.844581798752684278e+02 1.170083835121340883e+02
2.413663044476677896e+04 2.461684670459063113e+02 5.237381839114738824e+01 1.844749038993468844e+02 1.180069928855018304e+02
2.413706385726430381e+04 2.470500911544942539e+02 5.275325541783324468e+01 1.845604637708493385e+02 1.190029241896137933e+02
2.413751006770857930e+04 2.479745448697776169e+02 5.310777879281325653e+01 1.846306798625416832e+02 1.199988639101824788e+02
2.413798708703926241e+04 2.489419838155143907e+02 5.336616850834028725e+01 1.848155920809452653e+02 1.209810593819682936e+02
2.413845883546671030e+04 2.498995829879955863e+02 5.356366748961760749e+01 1.850596493521871082e+02 1.219507968791678678e+02
2.413893946969678655e+04 2.509231618047633390e+02 5.358610187856888274e+01 1.853592831136228369e+02 1.229014355395342193e+02
2.413940005606664636e+04 2.518811670378870531e+02 5.364610108747459094e+01 1.857780463146854117e+02 1.238093441937474779e+02
2.413988286274602797e+04 2.528771282627809569e+02 5.382926717755714208e+01 1.861643897381919714e+02 1.247316716697903303e+02
2.414038099871648228e+04 2.537351423048648371e+02 5.402453193446623914e+01 1.865317236868332600e+02 1.256616516231320304e+02
2.414088723150983424e+04 2.541702487709596028e+02 5.430169206799293846e+01 1.867535025101066424e+02 1.266138480936069897e+02
2.414150577395152868e+04 2.541677881018894141e+02 5.474027116343962973e+01 1.864363816824928506e+02 1.274894452624488963e+02
2.414224909288826530e+04 2.534638421699899027e+02 5.525958268206505863e+01 1.856394841980466026e+02 1.276647386156601556e+02
2.414287323784139517e+04 2.523916383397504148e+02 5.533621876322149546e+01 1.850078379486107565e+02 1.269033719915142484e+02
2.414342183791525895e+04 2.514177619290069572e+02 5.502274285790313257e+01 1.846585203664533026e+02 1.259804079725322623e+02
2.414392699202625590e+04 2.504988537851772037e+02 5.459290021583482400e+01 1.845720612093685133e+02 1.249852013566211468e+02
2.414439893554314767e+04 2.494461762603056911e+02 5.430739395010544968e+01 1.845438680205836590e+02 1.239857158468514342e+02
2.414484577591993730e+04 2.484626917352260307e+02 5.396470466501001795e+01 1.845383602494108573e+02 1.229880670608065003e+02
2.414527143796805831e+04 2.476129784129307154e+02 5.353832006458183201e+01 1.846072128418377929e+02 1.219913137115412098e+02
2.414568319441141648e+04 2.468018856537080694e+02 5.314081229293379494e+01 1.846147606876707528e+02 1.209913433907762226e+02
2.414608627419755067e+04 2.459797326990421880e+02 5.279718131724187202e+01 1.846269762168535919e+02 1.199914242163523141e+02
2.414646502206207151e+04 2.452011977529402031e+02 5.256022602055544013e+01 1.846128611314175316e+02 1.189926397627389605e+02
2.414683007424317475e+04 2.444017769621929688e+02 5.240867756064518801e+01 1.845186400348890174e+02 1.179971929155507553e+02
2.414720927510850743e+04 2.435314327743510034e+02 5.224176206028394631e+01 1.844067807632908682e+02 1.170034851687955211e+02
2.414758895544120242e+04 2.426331288109903426e+02 5.203927734200291866e+01 1.843211744420307809e+02 1.160075125399670100e+02
2.414798611090613122e+04 2.416880234741319100e+02 5.183770028783886374e+01 1.842809418197612104e+02 1.150083585644263877e+02
2.414839751426238217e+04 2.407165626751903460e+02 5.154623765845165906e+01 1.842598912508268540e+02 1.140086267443487742e+02
2.414880276027378932e+04 2.397689630377521155e+02 5.109959603361406977e+01 1.842398994602135645e+02 1.130090250051495957e+02
2.414920262386461036e+04 2.388207721881851739e+02 5.070663361178453954e+01 1.842202987300479720e+02 1.120102228038895618e+02
2.414961215519586767e+04 2.378081931118868795e+02 5.051137121390642193e+01 1.842656547542151486e+02 1.110112556670235477e+02
2.415001746011341311e+04 2.368161042501337192e+02 5.039128782811953755e+01 1.842873236452280423e+02 1.100119169306561275e+02
2.415041511134910252e+04 2.358619002005690959e+02 5.016992706234759680e+01 1.842851002854849298e+02 1.090123433130894455e+02
2.415081873952754904e+04 2.348851868930765363e+02 4.987598788617152934e+01 1.843168252217528504e+02 1.080129437016289558e+02
2.415120654238551651e+04 2.339762494514584432e+02 4.956538067445463724e+01 1.843204962083245562e+02 1.070130101131800586e+02
2.415158284251688747e+04 2.331108268256225244e+02 4.922702419410154562e+01 1.843428226057428105e+02 1.060146042418020045e+02
2.415197280849601520e+04 2.322069189517382028e+02 4.888276652557072310e+01 1.844357243441589276e+02 1.050189728746450157e+02
2.415237089701229706e+04 2.313156117471174014e+02 4.848012101419036668e+01 1.845006461562837501e+02 1.040213042039952569e+02
2.415275851861595220e+04 2.305295470401765670e+02 4.796778959411320642e+01 1.845512252180184305e+02 1.030228957352959753e+02
2.415316538145710365e+04 2.297304152108660844e+02 4.739831937418902186e+01 1.846068807775942275e+02 1.020255580347378128e+02
2.415357875556621002e+04 2.288559189871955368e+02 4.694275517405462494e+01 1.845875995192700714e+02 1.010257743858437323e+02
2.415396115991686747e+04 2.279509476405534372e+02 4.672858134691007592e+01 1.845698081019392873e+02 1.000261183645635157e+02
2.415436026941051023e+04 2.270052882207749008e+02 4.642801065820191297e+01 1.845610974080120741e+02 9.902656791634204581e+01
2.415478816153163643e+04 2.260479708637261638e+02 4.606800764941985449e+01 1.845157007660968702e+02 9.802763440288697439e+01
2.415520922262969543e+04 2.252703384221475744e+02 4.591983737107898378e+01 1.845024586786350085e+02 9.702814558721026117e+01
2.415561983150148080e+04 2.250893262358148093e+02 4.609272857987358663e+01 1.844962871054789844e+02 9.602956181409300029e+01
2.415603373481413291e+04 2.256287741140359060e+02 4.626408965224603520e+01 1.844153027857418863e+02 9.503285605066979258e+01
2.415643853302103525e+04 2.257496702048580630e+02 4.621930470673905944e+01 1.843735969993662707e+02 9.403489213115628331e+01
2.415684356874556761e+04 2.253847722525610777e+02 4.616591484505018173e+01 1.843769269242551729e+02 9.303561410827315115e+01
2.415726342099919930e+04 2.250623976118314999e+02 4.608114433904787433e+01 1.843324604847983892e+02 9.203666713073879180e+01
2.415770200937372647e+04 2.243033758198495207e+02 4.595498207236439470e+01 1.843160718596956542e+02 9.103694398407473898e+01
2.415812424352813468e+04 2.235700040400945738e+02 4.593745066438590641e+01 1.842740958969076246e+02 9.004053720418811224e+01
2.415855769257903376e+04 2.229441925075090865e+02 4.599291089494007423e+01 1.841101123073258350e+02 8.905432432523333830e+01
2.415902705834734661e+04 2.223560282231981375e+02 4.629264242773965776e+01 1.838410402926705558e+02 8.809769179265592243e+01
2.415954111401830960e+04 2.217950962299806292e+02 4.688740869628377794e+01 1.833140121361184924e+02 8.726770178123325650e+01
2.416007066443707663e+04 2.214150767762130272e+02 4.764578612274818425e+01 1.825147146920270984e+02 8.668958799504588342e+01
2.416058608863936388e+04 2.211599068379468349e+02 4.851887309849480090e+01 1.815689880296920649e+02 8.638720383676566428e+01
2.416106631378912789e+04 2.208980195464359610e+02 4.935249866409997566e+01 1.805788268689862264e+02 8.624756395321412583e+01
2.416153860340521715e+04 2.206740684182464918e+02 5.025803288923047774e+01 1.795844392871302375e+02 8.614988403903601011e+01
2.416201153135127606e+04 2.204850725288464446e+02 5.114068093397336412e+01 1.785851059022008087e+02 8.611485564688986472e+01
2.416246181435415929e+04 2.202276427777499350e+02 5.196017301639665220e+01 1.775880281623246333e+02 8.605700110947550741e+01
2.416287981739772658e+04 2.201046532165205747e+02 5.278887969942260128e+01 1.765935101067970265e+02 8.595923067585424349e+01
2.416327703793374531e+04 2.199918566715272163e+02 5.349783781358071622e+01 1.755946129007087109e+02 8.591229816160009136e+01
2.416366893759137020e+04 2.198263743420298226e+02 5.421402225686599508e+01 1.745965921568894430e+02 8.585256517023427136e+01
2.416405420427474019e+04 2.197297424052904660e+02 5.499998087708451067e+01 1.735991747515670340e+02 8.580899247760747528e+01
2.416444812760607965e+04 2.195992346539213713e+02 5.579591446136863908e+01 1.725995349842552287e+02 8.582718887474780445e+01
2.416483675574249719e+04 2.194305638505896070e+02 5.660636596898680750e+01 1.715998113306656876e+02 8.580839709927001024e+01
2.416523475565309855e+04 2.193469989743783799e+02 5.738719123647032205e+01 1.706012442984686288e+02 8.581087333945626483e+01
2.416564748583565597e+04 2.191855603890700763e+02 5.814679299139866231e+01 1.696030109206782299e+02 8.586281027124155685e+01
2.416607112573254199e+04 2.189401386023607188e+02 5.895691606467965329e+01 1.686030717186044399e+02 8.587035119742786549e+01
2.416649372336314627e+04 2.187433279253986314e+02 5.971759912401566339e+01 1.676040836352491397e+02 8.589539044722083361e+01
2.416691663797359070e+04 2.184886936493241762e+02 6.044619211549093052e+01 1.666058538562938054e+02 8.594416035556743338e+01
2.416735442135100311e+04 2.182634397970745965e+02 6.131424956393347259e+01 1.656058919808953078e+02 8.595151155206393412e+01
2.416778443905182576e+04 2.181098195380357083e+02 6.214486240501760506e+01 1.646064947303253518e+02 8.598005187910307257e+01
2.416818564574217817e+04 2.179465690684763217e+02 6.288943979578340304e+01 1.636074863996640829e+02 8.602039339161920850e+01
2.416857442108174291e+04 2.179028588309145675e+02 6.366477319342595109e+01 1.626097264849808539e+02 8.606998989685219215e+01
2.416895970461324032e+04 2.178771886158107804e+02 6.435771911990515548e+01 1.616155693923752210e+02 8.617793019579998770e+01
2.416935146946246095e+04 2.177120177129228580e+02 6.504057839760000093e+01 1.606198151687382563e+02 8.626687035209707233e+01
2.416977647046219863e+04 2.175493254454044347e+02 6.586522553942207026e+01 1.596225067353303757e+02 8.633806977595655496e+01
2.417021282554365462e+04 2.173697268580530420e+02 6.664408007720597027e+01 1.586257717806743415e+02 8.641593886016484305e+01
2.417065309713104216e+04 2.171059668065595076e+02 6.740780454192007198e+01 1.576266296701213037e+02 8.644025577768790924e+01
2.417111083625264655e+04 2.168800391466685653e+02 6.821759807967394806e+01 1.566267515945229718e+02 8.642688589014662170e+01
2.417159247207792578e+04 2.166063113238671747e+02 6.894124486636187044e+01 1.556279516446744253e+02 8.639536848052462403e+01
2.417212168143378221e+04 2.162914685439150730e+02 6.967847768735606451e+01 1.546319679738500383e+02 8.630651974446816155e+01
2.417270832919226086e+04 2.162762837749796745e+02 7.026340292424750089e+01 1.536358691266923984e+02 8.626137984364530098e+01
2.417343776599035118e+04 2.168204789274036557e+02 7.053164727824751878e+01 1.527663624058093887e+02 8.659003612925894799e+01
2.417414886277701953e+04 2.175667277451491088e+02 7.070472835933111355e+01 1.523118517211956089e+02 8.744201816169412211e+01
2.417468947099505385e+04 2.182843293049047020e+02 7.082432587174018579e+01 1.521411929242293581e+02 8.842606922675838632e+01
2.417516491715688244e+04 2.190198597951929855e+02 7.099838442200429256e+01 1.520664159107110720e+02 8.942221101520989635e+01
2.417560735406169988e+04 2.197502013219851449e+02 7.123761845939030479e+01 1.520188108963365323e+02 9.042088854488568472e+01
2.417605183995050538e+04 2.205203102255614738e+02 7.143508530390332112e+01 1.519714471271827563e+02 9.141956493199985800e+01
2.417649825297938878e+04 2.212130316907843905e+02 7.163238106366797808e+01 1.519286633017616452e+02 9.241852413261270272e+01
2.417694550581427029e+04 2.219401228172567642e+02 7.184519147376377646e+01 1.518359812170759824e+02 9.341363073002845852e+01
2.417738826043310110e+04 2.227267828863300565e+02 7.204470081226915568e+01 1.517245348293150471e+02 9.440727803304285715e+01
2.417782796610697915e+04 2.234952668404650353e+02 7.227898634919658605e+01 1.516281429051964835e+02 9.540262133265842692e+01
2.417826622612361825e+04 2.242953331712825218e+02 7.246366440631668127e+01 1.515568570978356604e+02 9.639974287329746971e+01
2.417869844160712091e+04 2.251222387572622665e+02 7.255714380734477231e+01 1.515598717543275598e+02 9.739857082119137033e+01
2.417913786572486424e+04 2.259881563076968973e+02 7.258927650519412111e+01 1.516086530966076396e+02 9.839737741936208693e+01
2.417957844887500687e+04 2.268402809552103179e+02 7.255178788785545407e+01 1.516657889490870730e+02 9.939568615732027013e+01
2.418000201341920183e+04 2.275858441930470519e+02 7.254500814336657299e+01 1.517360352649943422e+02 1.003932128891254223e+02
2.418042102239904125e+04 2.283213252679649372e+02 7.258044038594630365e+01 1.517984935355094365e+02 1.013912088094854482e+02
2.418084780284376757e+04 2.290777223954015085e+02 7.263605684528089057e+01 1.518809623138076574e+02 1.023873517073281221e+02
2.418127183078274538e+04 2.297781538883027679e+02 7.281671848152471682e+01 1.519713579124896796e+02 1.033830223009844218e+02
2.418169052400804139e+04 2.305151528829217966e+02 7.304983102651488025e+01 1.519801316444080612e+02 1.043812198329985677e+02
2.418210749364004732e+04 2.312484957330181032e+02 7.319252449938917948e+01 1.519167311307953128e+02 1.053791169911486492e+02
2.418251557367956048e+04 2.318405732395326595e+02 7.330099922327892159e+01 1.518305620237587448e+02 1.063753530558647356e+02
2.418291714626657631e+04 2.324519163344876347e+02 7.342012057972068817e+01 1.517566903758879278e+02 1.073723944832359081e+02
2.418333195098811120e+04 2.331649492414609597e+02 7.352586975105657530e+01 1.517571570214497285e+02 1.083710284891183022e+02
2.418376537146821283e+04 2.339096755611185472e+02 7.367112752051400548e+01 1.517999013461573270e+02 1.093700778595013645e+02
2.418419091430468325e+04 2.346624410946669457e+02 7.382024213982207073e+01 1.518407151832157922e+02 1.103692249449244116e+02
2.418459716079561258e+04 2.353271935100919166e+02 7.392510046701794124e+01 1.518957819960845370e+02 1.113676761151362342e+02
2.418500623276517581e+04 2.359373905954649331e+02 7.404594533185530736e+01 1.519223548316631422e+02 1.123667043517530146e+02
2.418541868146246998e+04 2.366075190403337274e+02 7.417250780855525250e+01 1.519320067768855438e+02 1.133665182567134053e+02
2.418582914753511432e+04 2.373124701986420177e+02 7.428621199239431405e+01 1.519857148836739498e+02 1.143647109996659879e+02
2.418625715187449532e+04 2.380819835931696105e+02 7.436523257187427305e+01 1.520697267123082099e+02 1.153611671109141668e+02
2.418669174147115700e+04 2.388121578367581890e+02 7.434868880360919263e+01 1.521770475332803016e+02 1.163552146004030021e+02
2.418711307212057363e+04 2.393941161798090320e+02 7.426981007189586137e+01 1.522887547941728883e+02 1.173488675344731718e+02
2.418754181941274874e+04 2.400635546608394009e+02 7.416740715370600867e+01 1.524010089267752619e+02 1.183424638236427882e+02
2.418798490232074982e+04 2.408441400372419707e+02 7.411479471497625582e+01 1.525607433019420114e+02 1.193290321350291379e+02
2.418842402637860869e+04 2.415771604882033046e+02 7.424126010313182178e+01 1.527193869059440203e+02 1.203158312547648450e+02
2.418885929102469890e+04 2.423213210784644218e+02 7.446526836317215725e+01 1.528078076105205128e+02 1.213111969402677204e+02
2.418930046216428673e+04 2.430799376966991474e+02 7.465153307180223408e+01 1.528602212420946671e+02 1.223098224010717985e+02
2.418975605402223664e+04 2.438282727692559320e+02 7.478828821998574483e+01 1.528880104544687981e+02 1.233091592257019187e+02
2.419023068183249779e+04 2.446151638789748688e+02 7.491259018300480932e+01 1.528792065556432647e+02 1.243090301398235198e+02
2.419075380631184817e+04 2.452065741928982732e+02 7.511577340614969955e+01 1.528152033656196238e+02 1.253061615504860526e+02
2.419148897694823609e+04 2.452846829272860703e+02 7.529810523976036052e+01 1.524576895347578045e+02 1.262043505338279061e+02
2.419268608519101326e+04 2.445945499118547275e+02 7.488942560744033017e+01 1.518762869639880080e+02 1.260408824114896902e+02
2.419328684961195540e+04 2.437814248671490418e+02 7.453419767561412357e+01 1.519113515905595193e+02 1.250415090007166867e+02
2.419380300226584586e+04 2.430700419508794425e+02 7.427978382308764083e+01 1.519264711049525545e+02 1.240416349500381301e+02
2.419427349640465400e+04 2.423456726572262028e+02 7.406856028899115074e+01 1.519600884544914550e+02 1.230422468138686298e+02
2.419467991175810675e+04 2.417033290857411600e+02 7.390995579258957093e+01 1.519506591416897834e+02 1.220423221060109853e+02
2.419508314046606392e+04 2.411317369742144763e+02 7.373433065022935295e+01 1.519094399101738588e+02 1.210431866740673996e+02
2.419551230013216991e+04 2.404130981933990370e+02 7.356932873144369012e+01 1.518881451893700785e+02 1.200434878214248755e+02
2.419593901413249478e+04 2.397297262443159980e+02 7.344351170671320972e+01 1.518155444134571610e+02 1.190461267585611438e+02
2.419636940960918218e+04 2.390616134678201377e+02 7.327334210547738280e+01 1.517462007192733324e+02 1.180486773534410645e+02
2.419679226535762427e+04 2.382948052548708517e+02 7.316599612899587157e+01 1.517454371723646318e+02 1.170487036423019021e+02
2.419718984580664619e+04 2.376294784036279850e+02 7.307361794197802851e+01 1.517154203326190327e+02 1.160491563336740484e+02
2.419758936404445194e+04 2.370230023510402759e+02 7.289583479618947592e+01 1.516954860706044030e+02 1.150493798420908007e+02
2.419800011501537665e+04 2.363199158497508847e+02 7.279194278065877199e+01 1.517005056267045973e+02 1.140495140514774448e+02
2.419839776540466119e+04 2.357374552442571201e+02 7.271354682012626824e+01 1.516406669189054526e+02 1.130513176401984623e+02
2.419882729653482966e+04 2.351404863979106779e+02 7.254854115687311378e+01 1.515637436674823277e+02 1.120543257389950895e+02
2.419927480350920450e+04 2.343353342334387435e+02 7.244162544822924588e+01 1.515236955552416873e+02 1.110551429357214346e+02
2.419970822130268061e+04 2.336220146736500851e+02 7.231971867570926804e+01 1.514632479978525907e+02 1.100569919441047375e+02
2.420013899525587476e+04 2.328790875177031126e+02 7.217671455212644105e+01 1.514260689123925658e+02 1.090577265162396969e+02
2.420057907683622034e+04 2.320376186430014229e+02 7.214815679614835631e+01 1.513493362687778472e+02 1.080607222323209129e+02
2.420101461486228072e+04 2.313355948678989193e+02 7.206145064720922733e+01 1.512382466105481171e+02 1.070670484412283656e+02
2.420143956858657111e+04 2.306280943246955246e+02 7.188632292310941807e+01 1.511881642996897881e+02 1.060684446468000601e+02
2.420189489619630695e+04 2.298522668019652144e+02 7.175946321231381830e+01 1.510699389722917090e+02 1.050754981759998969e+02
2.420237691785937204e+04 2.292349073081241215e+02 7.155807143848240059e+01 1.509244251320141075e+02 1.040865116549345828e+02
2.420287654882279821e+04 2.284311685198939301e+02 7.127970092317741546e+01 1.508841598977991509e+02 1.030873342601095715e+02
2.420336047701220014e+04 2.277259148781178908e+02 7.097664337579307414e+01 1.508694383371671393e+02 1.020878241836779807e+02
2.420385037563827427e+04 2.270781061258080911e+02 7.058206592961876424e+01 1.509576022390444052e+02 1.010917346629866813e+02
2.420437749591823012e+04 2.262410707038866349e+02 7.023854394622082964e+01 1.510238824269984264e+02 1.000939376785554629e+02
2.420488177354188520e+04 2.254332460447289463e+02 6.985904804476197683e+01 1.510822364364756538e+02 9.909568447615305331e+01
2.420537579869462206e+04 2.245543253521941836e+02 6.953135328971109175e+01 1.511691061585189573e+02 9.809965420035638317e+01
2.420581191671756824e+04 2.238728964000984263e+02 6.923671055786735451e+01 1.511887021381676277e+02 9.709994169520793150e+01
2.420622886338653916e+04 2.231781457599445559e+02 6.892940294667494072e+01 1.512589515200488393e+02 9.610241465958723950e+01
2.420664762448066176e+04 2.223841338613275695e+02 6.877023341927529998e+01 1.513320359330046188e+02 9.510525282459171592e+01
2.420704739989270092e+04 2.217825855788010188e+02 6.861526618917764608e+01 1.513411031191590155e+02 9.410529771532321774e+01
2.420743978268861974e+04 2.210762714417003281e+02 6.846988692545080823e+01 1.513575865380055063e+02 9.310547008765804833e+01
2.420785952409588936e+04 2.202249996221058552e+02 6.850622629065310321e+01 1.513381355725604465e+02 9.210584994880923659e+01
2.420826472762440972e+04 2.194681092213072304e+02 6.842909882869207649e+01 1.512516250250941425e+02 9.110963103822054165e+01
2.420866674395343944e+04 2.186715918173640034e+02 6.844128767658334311e+01 1.511865712767680634e+02 9.011203503792229697e+01
2.420909561123594176e+04 2.178161482276229606e+02 6.863970691840609106e+01 1.510288231349603052e+02 8.912506470288555249e+01
2.420951473135011474e+04 2.170561158503464583e+02 6.892409970736254365e+01 1.507583339524044277e+02 8.816250505086998146e+01
2.420993687927938299e+04 2.163536150366549577e+02 6.937604333689232305e+01 1.504144517124203162e+02 8.722523014334055347e+01
2.421035590657384455e+04 2.156335624071939776e+02 6.987333755277521163e+01 1.498813251067067540e+02 8.638050704311164907e+01
2.421078813968608665e+04 2.149424533691968691e+02 7.044914906589093562e+01 1.492099024286704321e+02 8.564218484526794839e+01
2.421122854726767764e+04 2.143447357094529764e+02 7.121912334994210880e+01 1.483932230179015050e+02 8.506591875125249658e+01
2.421162750049647366e+04 2.137537616520439485e+02 7.189047076650378187e+01 1.475266507594840846e+02 8.456709826945278508e+01
2.421201200968929697e+04 2.132060753531466162e+02 7.253944232519455682e+01 1.466840671292060847e+02 8.402854631468275670e+01
2.421240548848243634e+04 2.128268581471202197e+02 7.331295985201820997e+01 1.458315923040286464e+02 8.350624583619253372e+01
2.421277655870081435e+04 2.123636382022623081e+02 7.390669959439797765e+01 1.449449898257287259e+02 8.304371405411500007e+01
2.421315166072914872e+04 2.118151634327617217e+02 7.451723073971260192e+01 1.440579932501152314e+02 8.258202530681946030e+01
2.421355709460378057e+04 2.113527927332827403e+02 7.531501809607567566e+01 1.431565501465599937e+02 8.214935441354906231e+01
2.421394137335600317e+04 2.108815614110390584e+02 7.596114130165020129e+01 1.422390368299336103e+02 8.175192466342421937e+01
2.421432194333356529e+04 2.104317654488781386e+02 7.662760711967847271e+01 1.413370415053914542e+02 8.132108951982860390e+01
2.421474579141206414e+04 2.101141245705535994e+02 7.746599311103602759e+01 1.403983143411162757e+02 8.097725467898958129e+01
2.421515831232600613e+04 2.097942320144152291e+02 7.816722025786354777e+01 1.394379396151560968e+02 8.069882769254056143e+01
2.421556652810766536e+04 2.095436164557654024e+02 7.897004268954115958e+01 1.384851005083471875e+02 8.039943639916867824e+01
2.421599934319088061e+04 2.093880029186271656e+02 7.984235877634459655e+01 1.374961673921727368e+02 8.025173431742469177e+01
2.421643367234229663e+04 2.089677484148232622e+02 8.046593971301173553e+01 1.365039447378369175e+02 8.013293207830368203e+01
2.421684347290335427e+04 2.084994036546094662e+02 8.121032391761173130e+01 1.355300875181802382e+02 7.990577750800167678e+01
2.421724211117772938e+04 2.080642054211817538e+02 8.199476607750655432e+01 1.345569680484365165e+02 7.967647527170883848e+01
2.421766280083059974e+04 2.075703125191127754e+02 8.278565380958745834e+01 1.336020342895465092e+02 7.938024569506400496e+01
2.421808294362070956e+04 2.072445525572497331e+02 8.366766876175709911e+01 1.326627881463437006e+02 7.903738093106360907e+01
2.421845879907933704e+04 2.069317638920434774e+02 8.436095553813973424e+01 1.317103451928409186e+02 7.873321703642821490e+01
2.421884873793406950e+04 2.064336236845134067e+02 8.507040778504429568e+01 1.307768459955680100e+02 7.837482030295387858e+01
2.421923853348782359e+04 2.059938334560463602e+02 8.587858001014895137e+01 1.298567258862228471e+02 7.798325209120670820e+01
2.421959384072305693e+04 2.055074969606874902e+02 8.639771373860391179e+01 1.289512298930486907e+02 7.756061847654052599e+01
2.421995679525183004e+04 2.048559930668811546e+02 8.679743676185046297e+01 1.281027811361456088e+02 7.703204720565013019e+01
2.422034085145122299e+04 2.041841960413327968e+02 8.727994577396135867e+01 1.272999867788021930e+02 7.643585056544029044e+01
2.422069695735453206e+04 2.035125705784524541e+02 8.764325814414036131e+01 1.265210470945137757e+02 7.581002394140163858e+01
2.422107661000838561e+04 2.027709116226653236e+02 8.805312128718399833e+01 1.258211979457964276e+02 7.509582224287287033e+01
2.422148914800407874e+04 2.020672345092224873e+02 8.868743767932241440e+01 1.251388064865392238e+02 7.436520009749297344e+01
2.422189816810448974e+04 2.012830754214039644e+02 8.913436012452048374e+01 1.244111762055043471e+02 7.367925693042023738e+01
2.422231245449633207e+04 2.005156502729273598e+02 8.957439364303145624e+01 1.236918117153744845e+02 7.298477881212896534e+01
2.422274711774410753e+04 1.997833296096326592e+02 9.014346030737968363e+01 1.229398347627488590e+02 7.232586316657027226e+01
2.422318116938941603e+04 1.990543510096284763e+02 9.057498962163913347e+01 1.221529675830833668e+02 7.170874387353727286e+01
2.422361121482800445e+04 1.983588385819474524e+02 9.112430137878563130e+01 1.213590286725184626e+02 7.110100066059774804e+01
2.422403598184530711e+04 1.977692922517287855e+02 9.177894353304539266e+01 1.205332897224163844e+02 7.053708866990838544e+01
2.422448372937536624e+04 1.971755045844837753e+02 9.241373293002411060e+01 1.196834477066685878e+02 7.001067217323384284e+01
2.422493672074244387e+04 1.966887678471495633e+02 9.320688530387562309e+01 1.187900245155754959e+02 6.956485597718743463e+01
2.422534369539787804e+04 1.962877010434012277e+02 9.396110320937098948e+01 1.178354741311160581e+02 6.926714172408317438e+01
2.422574211418843697e+04 1.959472734202378490e+02 9.473873411561180546e+01 1.168671839920015145e+02 6.901998590913221676e+01
2.422615155439594309e+04 1.958699004274449464e+02 9.557866692153656629e+01 1.158769315499122712e+02 6.888713921305787835e+01
2.422652878645449164e+04 1.958692352759513824e+02 9.598750514553792357e+01 1.148770667561714305e+02 6.887224110038501124e+01
2.422691648586362135e+04 1.956589415635398268e+02 9.676182892235712529e+01 1.138770748067523186e+02 6.887605160350473454e+01
2.422730371992585060e+04 1.956478137196669138e+02 9.757100325115750650e+01 1.128771921635356676e+02 6.888158589331834492e+01
2.422767377781952382e+04 1.955195739654324427e+02 9.813843372439484369e+01 1.118780890231581679e+02 6.891988777723342707e+01
2.422806443057517390e+04 1.952087152839837927e+02 9.884112416808866897e+01 1.108782254580495277e+02 6.890554380616306673e+01
2.422846506047861840e+04 1.950311628273198039e+02 9.965657048263356899e+01 1.098788956393330665e+02 6.886894522286388565e+01
2.422884639500831690e+04 1.947776823209802330e+02 1.003314950796892191e+02 1.088802582142432982e+02 6.882436064568427980e+01
2.422923150440734389e+04 1.944399253364875619e+02 1.010621120211690425e+02 1.078871850452583061e+02 6.870693039352620701e+01
2.422964320439505536e+04 1.942963478958459405e+02 1.019357255777232183e+02 1.068922329585209354e+02 6.861071272986370673e+01
2.423007034985239807e+04 1.940671209001001785e+02 1.026693804346256655e+02 1.058924679783835927e+02 6.859004716310205652e+01
2.423050694747683156e+04 1.937559373594853014e+02 1.035246044637767113e+02 1.048931850588845265e+02 6.855983161326750519e+01
2.423094865430095160e+04 1.935673580333731820e+02 1.044260697018027173e+02 1.038936696484476272e+02 6.859079431581315589e+01
2.423137279537213544e+04 1.931867293322322894e+02 1.051721114645585544e+02 1.028940154205532593e+02 6.860488584085668151e+01
2.423178407967599560e+04 1.928756770476622364e+02 1.060099075642618089e+02 1.018949872559168455e+02 6.856174193924479709e+01
2.423219789998330452e+04 1.926700680724215431e+02 1.068570932849936241e+02 1.008951695356154232e+02 6.854269030180371658e+01
2.423262209566264573e+04 1.923473818121709655e+02 1.077074823646004518e+02 9.989558376264110962e+01 6.851615124329546802e+01
2.423304947893348071e+04 1.921822168508149389e+02 1.086200834038822478e+02 9.889702194497112941e+01 6.846792469532704217e+01
2.423343187493576988e+04 1.920136281640973550e+02 1.094014620988766637e+02 9.789719150915867374e+01 6.847768384552499299e+01
2.423383271050009353e+04 1.916591526134645846e+02 1.102191228041499897e+02 9.689798334689201909e+01 6.844015154940119317e+01
2.423425554222541177e+04 1.914741646450993926e+02 1.111590659586141783e+02 9.590036424175515606e+01 6.837403066000270258e+01
2.423465245505678467e+04 1.911704103338149991e+02 1.119648484687308780e+02 9.490056200915024931e+01 6.835717057568557209e+01
2.423505827100351235e+04 1.908268845758215946e+02 1.127666523195595829e+02 9.390167964752492935e+01 6.831010944045652877e+01
2.423547650375704688e+04 1.906647600464843322e+02 1.135676026888943824e+02 9.290321808534216075e+01 6.825683865314078957e+01
2.423587717515063923e+04 1.904149000734998367e+02 1.141090726388944034e+02 9.190433428336507404e+01 6.823074316983510812e+01
2.423628435894964423e+04 1.901446421119922263e+02 1.148660435389286079e+02 9.091241342317853480e+01 6.810533948848893715e+01
2.423669836396639221e+04 1.900326370124443827e+02 1.157255301285927089e+02 8.991488972496892984e+01 6.803627377859970693e+01
2.423709032564128574e+04 1.898795026610588934e+02 1.164406553197922278e+02 8.891579194413631626e+01 6.799698487688417003e+01
2.423748314226848743e+04 1.897772551257896225e+02 1.172350219919413803e+02 8.791899076028677484e+01 6.793112201317181587e+01
2.423788307732743488e+04 1.897756769897746949e+02 1.179603849097630075e+02 8.692072401990776598e+01 6.798960924952305618e+01
2.423827674646585001e+04 1.895914907557966558e+02 1.186135191050359907e+02 8.592335261541573743e+01 6.806101866483024310e+01
2.423866958864435219e+04 1.894520799793275785e+02 1.194356244728931102e+02 8.492480921643210934e+01 6.810883122076077711e+01
2.423905647807741479e+04 1.893517463486151939e+02 1.202055246933813351e+02 8.393109111339919082e+01 6.822044751421857711e+01
2.423946641790591093e+04 1.890605517712905055e+02 1.210236328702809629e+02 8.293477797048986133e+01 6.830500822556322760e+01
2.423987289342613076e+04 1.889388809062854762e+02 1.218912761262071598e+02 8.193613166795931591e+01 6.835552454166176517e+01
2.424024345742540390e+04 1.888574289868131757e+02 1.225597080725297019e+02 8.093940788925350205e+01 6.843595060639545125e+01
2.424063324534048661e+04 1.885828913640654321e+02 1.233526871966228384e+02 7.994087152239818295e+01 6.848790307278119371e+01
2.424103626505766078e+04 1.884171196102991530e+02 1.241836827717936842e+02 7.894101734913952839e+01 6.850279055829388142e+01
2.424143262129128925e+04 1.881872035119575344e+02 1.247868816649254029e+02 7.794174476997028478e+01 6.853007748951112887e+01
2.424185545493751852e+04 1.877915544067166707e+02 1.255939426760818662e+02 7.694286814205992187e+01 6.848330245743940736e+01
2.424227875073709220e+04 1.875652161613336091e+02 1.265329166047147282e+02 7.594491481771676433e+01 6.842022445918755125e+01
2.424267593060914805e+04 1.871808784976245477e+02 1.272885667040798694e+02 7.494634554901449519e+01 6.837468842652292267e+01
2.424307605570227315e+04 1.868292966995154529e+02 1.281218164233082746e+02 7.395296293738020665e+01 6.826125480676965651e+01
2.424349363426580021e+04 1.865976667603207488e+02 1.290366484136026202e+02 7.295506178985966983e+01 6.819654911090715643e+01
2.424390797816195845e+04 1.862387266071833949e+02 1.298376164757937090e+02 7.195722770450662154e+01 6.813269706065295850e+01
2.424433191229512886e+04 1.860448156571303286e+02 1.306803963782634810e+02 7.096225964284722920e+01 6.804507052544830970e+01
2.424475223654209549e+04 1.858794007743350960e+02 1.313804905083174788e+02 6.996306059787595188e+01 6.808469086674278969e+01
2.424518527668084062e+04 1.855058147623826699e+02 1.321909458339341654e+02 6.896339421945003778e+01 6.811038941015560511e+01
2.424560918642275647e+04 1.853583950516666334e+02 1.331400768146945381e+02 6.796478861195150500e+01 6.815408762546650223e+01
2.424599629756822105e+04 1.851283243890831898e+02 1.339077426493478526e+02 6.697134899856854418e+01 6.826231404099269184e+01
2.424636954372412583e+04 1.848248726513659790e+02 1.346599136445582587e+02 6.597144440238965046e+01 6.827489658660904581e+01
2.424676093610066891e+04 1.847013029324683657e+02 1.354322528529511658e+02 6.497202489070843967e+01 6.830693782897651545e+01
2.424711950708406584e+04 1.846140475721307439e+02 1.358819141334464575e+02 6.397374630827694375e+01 6.836228688970864198e+01
2.424749463238925819e+04 1.844548122067852773e+02 1.366510937796129213e+02 6.297401172590343066e+01 6.837381679198132645e+01
2.424789792908043819e+04 1.844675875477675220e+02 1.375146671440523676e+02 6.197655477117685052e+01 6.844359071219689383e+01
2.424827819859990996e+04 1.842429720333941816e+02 1.382117309783816381e+02 6.098169263075215696e+01 6.853984078416759473e+01
2.424867492490117729e+04 1.839395796198836308e+02 1.390129657581759659e+02 5.998201990174160869e+01 6.855941778616200111e+01
2.424908059988705281e+04 1.839239967771130466e+02 1.398008699596261124e+02 5.898523964217245208e+01 6.863377864567573283e+01
2.424946930789030739e+04 1.838188788191357617e+02 1.402287401784705310e+02 5.799595999947730007e+01 6.877775044029658602e+01
2.424988327536674478e+04 1.836106197095764401e+02 1.410187728124707576e+02 5.700337507013422567e+01 6.888131155869498912e+01
2.425033935745277631e+04 1.837353725563917237e+02 1.417021149182915281e+02 5.604251876243265684e+01 6.915761932444613080e+01
2.425080666146159274e+04 1.839887421617597738e+02 1.414921323506430610e+02 5.510538235745607238e+01 6.950274287764335668e+01
2.425130722616969069e+04 1.840128344230765833e+02 1.413589403880580448e+02 5.424264405037689585e+01 7.000027967239418558e+01
2.425173532717897979e+04 1.842545894895681329e+02 1.418163290755654771e+02 5.351850110954094220e+01 7.068992911926359568e+01
2.425215686811364139e+04 1.846877325435271757e+02 1.424308426900261964e+02 5.280901346891509007e+01 7.139237495894205665e+01
2.425261136817879014e+04 1.856170025911790162e+02 1.429788649380462573e+02 5.224947565869436517e+01 7.221326178793974293e+01
2.425303997461296967e+04 1.864975420643761197e+02 1.434724387333934317e+02 5.194515675850123415e+01 7.316539276629943345e+01
2.425342896130454756e+04 1.871356844568325641e+02 1.440422114673611134e+02 5.160234642288991580e+01 7.410074273345026086e+01
2.425387601597636603e+04 1.877969755848213822e+02 1.447219177964152550e+02 5.149423408816026182e+01 7.509402866932953202e+01
2.425433290708679124e+04 1.885808788346885478e+02 1.452992867075730601e+02 5.148238005891086999e+01 7.609361664763433453e+01
2.425478044101674459e+04 1.894657776377777907e+02 1.457907920131516164e+02 5.142095126442585240e+01 7.709064852319812644e+01
2.425520433351153770e+04 1.902560845749047473e+02 1.462141603771211464e+02 5.147953880775244784e+01 7.808893058441138635e+01
2.425564738412196675e+04 1.911588219978780785e+02 1.465450240519831766e+02 5.154754459973763403e+01 7.908641418214611463e+01
2.425609872776753764e+04 1.922098977082432611e+02 1.468671050961381184e+02 5.169648535011631907e+01 8.007221551559753436e+01
2.425653041056034999e+04 1.931180683638296784e+02 1.472030917046776324e+02 5.204177125222509659e+01 8.101067412284807290e+01
2.425694153742924027e+04 1.939857612973877679e+02 1.472079077738447950e+02 5.243591714236490020e+01 8.192605515336295241e+01
2.425738728602719857e+04 1.949328483931143410e+02 1.469365331289421874e+02 5.303128997472761341e+01 8.272735865622921381e+01
2.425782133181189056e+04 1.956896406363826486e+02 1.464953702728079463e+02 5.375057872931522951e+01 8.342093073288025096e+01
2.425826808692856503e+04 1.964184608237993928e+02 1.458908274027322705e+02 5.455771464666323567e+01 8.400133805987813673e+01
2.425868917359018815e+04 1.971260689114649551e+02 1.452039903685440549e+02 5.549843778544273221e+01 8.433999212611931284e+01
2.425910817707221577e+04 1.977428444992750656e+02 1.444390699132087548e+02 5.645690402684848408e+01 8.462394253784506759e+01
2.425952700682435534e+04 1.982536044709057705e+02 1.435687741323749549e+02 5.743452492357315720e+01 8.483237866562284069e+01
2.425990920042509606e+04 1.986126156527502076e+02 1.426916592782766884e+02 5.842333636352276471e+01 8.497993178873078080e+01
2.426030893866316546e+04 1.990336517139054422e+02 1.418253957665496046e+02 5.940457037600607748e+01 8.517114003595246174e+01
2.426073808191048738e+04 1.995207654075975654e+02 1.409328093604726462e+02 6.039719584936850794e+01 8.528647650081356346e+01
2.426114417288874756e+04 1.999457505189489837e+02 1.400611683377106829e+02 6.139658107128006037e+01 8.531687682506155568e+01
2.426153368230580600e+04 2.002823547607179648e+02 1.392193134219290016e+02 6.239424763618657721e+01 8.537837914361601577e+01
2.426192758979728387e+04 2.006189514579859292e+02 1.383809099671170486e+02 6.339418917986830593e+01 8.536805307504315010e+01
2.426233480361470720e+04 2.010010478441610360e+02 1.375059747954651641e+02 6.439404381563191748e+01 8.537233107249208786e+01
2.426273378491769108e+04 2.013574706484143064e+02 1.366416930332467814e+02 6.539270504020717567e+01 8.539935969542482042e+01
2.426312513763270181e+04 2.016437297964309323e+02 1.357691778227138002e+02 6.638978276837957537e+01 8.532483250484753512e+01
2.426354123646153312e+04 2.018869071207531931e+02 1.348220435606196759e+02 6.738930129815494752e+01 8.529515314218315325e+01
2.426395034288526949e+04 2.020515014692355180e+02 1.338709280828050225e+02 6.838855432862408179e+01 8.527440424035746958e+01
2.426432799373716989e+04 2.022610078623206107e+02 1.329771271304535958e+02 6.938419922687593555e+01 8.518623179096655917e+01
2.426473206341188052e+04 2.026411077091501625e+02 1.320271505092370603e+02 7.038410740264545495e+01 8.517531009933469477e+01
2.426513406816259157e+04 2.030491015436981570e+02 1.311130642245158526e+02 7.138394381303682223e+01 8.517663734057788361e+01
2.426551380431053258e+04 2.033382544507222747e+02 1.302498282633938231e+02 7.238314228588089350e+01 8.514228203878114698e+01
2.426591604817837288e+04 2.036425854616485083e+02 1.293427951641079119e+02 7.338291098584848271e+01 8.516180610193185885e+01
2.426633271002417314e+04 2.040084140912046564e+02 1.283958313888756209e+02 7.438217173172982655e+01 8.519741853766180384e+01
2.426672399107819001e+04 2.044968735114764229e+02 1.275689182788771348e+02 7.538151056218553947e+01 8.521146032788907121e+01
2.426710416546466149e+04 2.049288950676043157e+02 1.267538993033661825e+02 7.637755023260491782e+01 8.528935552064626791e+01
2.426748406415295176e+04 2.052774906320218236e+02 1.258652114015218046e+02 7.737707160187648014e+01 8.525971372527332903e+01
2.426781472137512537e+04 2.055670310070663049e+02 1.250627749402274418e+02 7.837595326049131472e+01 8.521689070163139945e+01
2.426815133955530109e+04 2.058319318022313666e+02 1.242456298572293321e+02 7.937592485517733110e+01 8.522382551364702863e+01
2.426850486959452974e+04 2.060561187726056289e+02 1.233752012392904618e+02 8.037573025349401235e+01 8.523020110713962083e+01
2.426884891185363813e+04 2.062635818130744667e+02 1.225276168712726701e+02 8.137506535081428183e+01 8.519455453781561971e+01
2.426922867095283436e+04 2.064652240248252895e+02 1.215669009838665886e+02 8.237493102354608254e+01 8.517829484127322814e+01
2.426959724330143945e+04 2.067418967198745463e+02 1.206809246765409398e+02 8.337452778926679287e+01 8.515858221078498502e+01
2.426995677196865290e+04 2.071929461663312679e+02 1.198673297617110052e+02 8.437246142398745974e+01 8.509681346280417813e+01
2.427034876270067980e+04 2.077427193972630448e+02 1.189858440200001723e+02 8.537228706001192791e+01 8.508292812483090017e+01
2.427073096758671090e+04 2.082564411100335633e+02 1.180989354265250313e+02 8.637209778408222860e+01 8.509208266191198788e+01
2.427110782383692276e+04 2.087725683340779312e+02 1.172640774268821815e+02 8.737150724804112656e+01 8.507111859679170607e+01
2.427150772334676003e+04 2.092300237311587523e+02 1.163615837581589432e+02 8.837046722162206436e+01 8.511666036259359203e+01
2.427190639701526743e+04 2.095646474572180296e+02 1.154168544614277039e+02 8.936930085883328445e+01 8.516431568670084573e+01
2.427229394209817474e+04 2.099375661927257681e+02 1.144589874520468413e+02 9.036802928614500274e+01 8.520540592980927386e+01
2.427269208074747075e+04 2.103878283966091089e+02 1.135180581077933084e+02 9.136227826749822611e+01 8.531192661057093574e+01
2.427309181070849445e+04 2.109071465896041957e+02 1.126146584061036151e+02 9.235928076170316103e+01 8.538894585716073493e+01
2.427346809188243788e+04 2.114642174319965875e+02 1.117947247351573026e+02 9.335683441575564245e+01 8.545622791630889026e+01
2.427383690476632546e+04 2.119623377480380384e+02 1.109803487370382271e+02 9.435135985025694083e+01 8.555628817594201507e+01
2.427421002755640075e+04 2.123734498325821107e+02 1.100712557058263030e+02 9.535095382861281621e+01 8.558477070045536550e+01
2.427456372878439288e+04 2.127353130689116654e+02 1.091978865937770991e+02 9.635012590664520360e+01 8.562199815219784682e+01
2.427492177397734486e+04 2.130373030555587661e+02 1.083173359776747020e+02 9.734760117807691415e+01 8.568351638313207275e+01
2.427528447333115037e+04 2.133585195092985032e+02 1.074183235364873639e+02 9.834732049792538078e+01 8.565987417193611009e+01
2.427564164142527079e+04 2.137327585572486726e+02 1.065542709730010813e+02 9.934698900277587086e+01 8.563882793918521941e+01
2.427602205610685633e+04 2.141684199960379829e+02 1.056664465370461130e+02 1.003462394758766578e+02 8.563679054699125004e+01
2.427642624629273269e+04 2.146045025477470460e+02 1.047029643372329275e+02 1.013419125902570812e+02 8.554388126365596179e+01
2.427682452327990541e+04 2.149721586157207298e+02 1.037382505809452340e+02 1.023385089511120185e+02 8.546474007106992588e+01
2.427721914957098124e+04 2.152758209017838169e+02 1.027798584716930463e+02 1.033375501362440758e+02 8.542925162698870167e+01
2.427763094201263084e+04 2.156326479376998861e+02 1.017890122233020662e+02 1.043336107693487378e+02 8.534471157216759707e+01
2.427802621889692455e+04 2.160043108744587528e+02 1.008555581618740291e+02 1.053333983144429595e+02 8.532856024558967079e+01
2.427841468056493250e+04 2.163385168046312685e+02 9.993099892618076296e+01 1.063330410136563842e+02 8.533121866866073901e+01
2.427881582665058158e+04 2.166581843971413548e+02 9.895627598210762699e+01 1.073315300417756930e+02 8.528069438787143497e+01
2.427921869945644357e+04 2.170172182708556363e+02 9.801641817492125597e+01 1.083314229206198291e+02 8.528652879747845361e+01
2.427961200811155140e+04 2.174337603600000079e+02 9.710926620457767910e+01 1.093306650095376966e+02 8.532529737422515836e+01
2.427998927187781374e+04 2.178542645941851390e+02 9.624102753107062824e+01 1.103293882484937569e+02 8.537530500749262785e+01
2.428037792467615145e+04 2.182305812062242296e+02 9.536683327471999405e+01 1.113274941526819219e+02 8.543345396852505758e+01
2.428076951915500831e+04 2.185569006885847330e+02 9.448726530783723376e+01 1.123273167424068220e+02 8.543670970730750014e+01
2.428115905682999073e+04 2.189197846884216005e+02 9.360212351648591778e+01 1.133264343877065414e+02 8.539490265686623616e+01
2.428157039423593960e+04 2.193368791531275406e+02 9.269198029288564555e+01 1.143239820882600952e+02 8.533128164037097463e+01
2.428199489337210616e+04 2.197187086627093890e+02 9.173154063298473204e+01 1.153121517640508955e+02 8.518310607232830023e+01
2.428240900349144067e+04 2.200185887299033141e+02 9.074568319858073551e+01 1.162820780183981384e+02 8.493997895173686175e+01
2.428282610607183960e+04 2.202161284510084158e+02 8.971413214760538324e+01 1.172396188503550434e+02 8.465451299901209836e+01
2.428323744416947739e+04 2.202867831704078867e+02 8.868488800087452262e+01 1.181661461948085048e+02 8.427834284316081437e+01
2.428363349979939449e+04 2.203831834624045598e+02 8.770261725678106757e+01 1.190913913587983046e+02 8.390009589168936088e+01
2.428402254948770860e+04 2.204264336442761305e+02 8.672519976630424310e+01 1.200349720753202121e+02 8.357066287684411066e+01
2.428441512260323361e+04 2.204274529310515334e+02 8.569209920423597282e+01 1.209469951491322206e+02 8.316107447259297203e+01
2.428478411240038986e+04 2.205053441447720957e+02 8.469946411181517476e+01 1.218440041014469273e+02 8.272013512958768899e+01
2.428515096944951074e+04 2.206896267507520975e+02 8.376128844766645898e+01 1.227661107182195650e+02 8.233380711393088802e+01
2.428553173633776896e+04 2.210197558504337678e+02 8.288327733751438586e+01 1.236687061974518116e+02 8.190332076973706421e+01
2.428589974293132764e+04 2.214941852438432193e+02 8.205714687227472837e+01 1.245823907712151168e+02 8.150124972672158208e+01
2.428625325175022954e+04 2.219343753166257329e+02 8.124048924670937311e+01 1.255421947514392542e+02 8.122061762160063836e+01
2.428660127944499618e+04 2.223503181637653938e+02 8.042890168687956987e+01 1.265005223871570621e+02 8.093520036866765111e+01
2.428695129122856815e+04 2.227813358279824740e+02 7.959538553472077638e+01 1.274707516091221891e+02 8.069861451960531440e+01
2.428730925795242729e+04 2.231288175969789904e+02 7.868783506188410115e+01 1.284632950211457114e+02 8.057688878590120396e+01
2.428767347307278396e+04 2.234623424739193069e+02 7.782304813414160094e+01 1.294570192745542556e+02 8.046533774953968532e+01
2.428804538043008506e+04 2.238640251270045667e+02 7.700932292885970298e+01 1.304493386267274673e+02 8.034257126310805575e+01
2.428843894742520206e+04 2.242538950040041357e+02 7.611797324757085903e+01 1.314452395940900828e+02 8.025214061706812174e+01
2.428883923583746946e+04 2.245873764295312185e+02 7.517966735184354832e+01 1.324411507254031903e+02 8.016244109294981968e+01
2.428923417812637854e+04 2.249739389236515024e+02 7.425530737327576958e+01 1.334393322822936341e+02 8.010888223573775235e+01
2.428963622171735187e+04 2.254487683436532279e+02 7.336721405076629310e+01 1.344392440216728062e+02 8.010972549127960463e+01
2.429004417924298468e+04 2.258682017767139030e+02 7.246315794711588865e+01 1.354387095987114265e+02 8.009497006107127959e+01
2.429043721353128421e+04 2.261856731154464057e+02 7.155380580887185715e+01 1.364356412497201063e+02 8.016227858651525651e+01
2.429083842586859464e+04 2.266408280718990227e+02 7.067397799051005336e+01 1.374250600370927202e+02 8.030582785467080953e+01
2.429126082320261048e+04 2.271833786838958815e+02 6.977615088401535104e+01 1.384195776050670759e+02 8.040972493488862938e+01
2.429167408154805162e+04 2.277428321129994515e+02 6.892362733735772906e+01 1.394088093988475237e+02 8.055291710530494242e+01
2.429207935246547277e+04 2.282545568690237587e+02 6.809449457417520080e+01 1.403881929399511250e+02 8.075456453593176320e+01
2.429248440577081419e+04 2.288101397967195680e+02 6.727045051689034949e+01 1.413702043493919689e+02 8.094183780559386321e+01
2.429291110693507653e+04 2.295383738255733590e+02 6.649282509746309699e+01 1.423402545613284644e+02 8.118450196125223783e+01
2.429333048104737463e+04 2.303938655574669951e+02 6.588575743380714300e+01 1.433055748627245407e+02 8.144541612366049321e+01
2.429373869657399700e+04 2.311464307412886967e+02 6.539800003731448896e+01 1.442707619247082391e+02 8.170440209976098345e+01
2.429416270421731679e+04 2.316973036075488608e+02 6.484257244820918231e+01 1.452147891178099997e+02 8.203418096763029155e+01
2.429457725160046175e+04 2.320779779194676280e+02 6.420157526740025844e+01 1.461627615859902676e+02 8.235242058520370279e+01
2.429496190455933538e+04 2.324040326173489461e+02 6.375799700177064011e+01 1.470942444175854007e+02 8.271194354852516994e+01
2.429535521233262989e+04 2.326645945975485006e+02 6.362501753018943873e+01 1.479805689720588475e+02 8.317496260311322942e+01
2.429577209829439744e+04 2.327779308865988241e+02 6.360911112942903856e+01 1.488760784831438571e+02 8.361977818935845619e+01
2.429617085026890709e+04 2.330322747021511987e+02 6.318540143308823787e+01 1.497751166586924967e+02 8.405569505342997161e+01
2.429655709119987660e+04 2.334128352622902867e+02 6.250008138029232185e+01 1.506372047276248907e+02 8.456232644680049759e+01
2.429694780973738671e+04 2.338210629301089227e+02 6.177494092438607254e+01 1.515162526208379461e+02 8.503847474167638154e+01
2.429736239409529662e+04 2.342069540307399507e+02 6.102128211929409218e+01 1.524241758729228877e+02 8.545622317320042782e+01
2.429780595036671002e+04 2.345208992920248647e+02 6.018237234041908579e+01 1.533692044911277890e+02 8.577541242057591830e+01
2.429824156175821554e+04 2.346562915399541112e+02 5.935369540820404666e+01 1.543530396609027946e+02 8.595439769164752875e+01
2.429864600611812784e+04 2.345755647269235453e+02 5.862653009702433593e+01 1.553417213462564916e+02 8.608874610573781183e+01
2.429902967724115661e+04 2.345778810321469052e+02 5.793187796956247126e+01 1.563394440532978251e+02 8.605944709354947975e+01
2.429939879469439256e+04 2.348407922262524608e+02 5.725089792567026592e+01 1.573292909252014624e+02 8.591792912343187538e+01
2.429978241368861200e+04 2.350507045057314031e+02 5.649266846249373231e+01 1.583232745357092028e+02 8.580929145751906617e+01
2.430015834931767677e+04 2.351485763241409757e+02 5.575834554727714476e+01 1.593194955776456538e+02 8.572296617006834651e+01
2.430053384477990403e+04 2.353128782674726551e+02 5.509350026028818803e+01 1.603147067264380894e+02 8.562673312670618486e+01
2.430092490491096396e+04 2.354839328953111703e+02 5.437360591137605326e+01 1.613126580551464997e+02 8.556279280934893450e+01
2.430131291910676009e+04 2.356722468913390287e+02 5.365473693163842484e+01 1.623101412899206650e+02 8.549206219571949816e+01
2.430171136946163824e+04 2.360052015990395091e+02 5.299430463561374438e+01 1.633073681757875875e+02 8.543832473974093489e+01
2.430212308268289416e+04 2.363375291224122350e+02 5.226065606152775445e+01 1.643060359235716135e+02 8.548907151887731004e+01
2.430252956809823081e+04 2.366044408936977561e+02 5.149146113337558717e+01 1.653041565160118296e+02 8.554566251874311433e+01
2.430294072125340608e+04 2.369743803987911974e+02 5.073090360745594296e+01 1.663041049765623711e+02 8.555520464284597892e+01
2.430336906557317343e+04 2.372350950095020323e+02 4.985324869864228958e+01 1.673035516876485929e+02 8.554216517990117552e+01
2.430378895733052559e+04 2.374729276758616265e+02 4.901496364179551790e+01 1.683009321478728850e+02 8.546983721916809884e+01
2.430419968499443712e+04 2.378322665600863957e+02 4.824234247879772397e+01 1.692987739098303734e+02 8.541294734394612931e+01
2.430462198622535652e+04 2.380759268204383829e+02 4.743536830238334545e+01 1.702983131430084995e+02 8.540321621803815333e+01
2.430505781484111867e+04 2.383577188837845711e+02 4.665887170658527339e+01 1.712964419158958833e+02 8.534241616446767864e+01
2.430547788094682983e+04 2.387423102654254876e+02 4.591306007251297672e+01 1.722954867524749716e+02 8.530055483571639741e+01
2.430589389497036609e+04 2.390165847941283346e+02 4.514637534594550061e+01 1.732948410982916982e+02 8.527129876639843076e+01
2.430631532080886973e+04 2.393506068731190055e+02 4.442110911901328052e+01 1.742929844631467802e+02 8.521454958337943708e+01
2.430673974430891758e+04 2.396825382665385860e+02 4.368501600413026864e+01 1.752928797629832616e+02 8.520015096688725009e+01
2.430714249393092905e+04 2.399620971507081322e+02 4.301550383799576593e+01 1.762927278377803191e+02 8.518443476864425179e+01
2.430754093833840307e+04 2.403374074322217382e+02 4.244467685028105564e+01 1.772919976133429998e+02 8.517435649562798972e+01
2.430796399311826463e+04 2.406531642523027870e+02 4.178539049297621233e+01 1.782905901204875079e+02 8.522553720534382649e+01
2.430838327949971790e+04 2.408518390378586957e+02 4.114290102092957113e+01 1.792901703919064289e+02 8.523629763275459936e+01
2.430879871523036491e+04 2.410447585270959507e+02 4.061621225711060390e+01 1.802893727098627039e+02 8.519639069612627225e+01
2.430924458870459057e+04 2.410872064555642282e+02 3.996238169590714051e+01 1.812839221353357573e+02 8.511724525939524710e+01
2.430970752595574959e+04 2.409214208253306992e+02 3.932677438406744130e+01 1.822476620934845926e+02 8.486621265092888677e+01
2.431018214278360028e+04 2.405303823432909383e+02 3.885640038991206779e+01 1.831283201609377329e+02 8.440603757530003293e+01
2.431068160779649406e+04 2.398772103502626294e+02 3.849124506955332947e+01 1.838281284111021421e+02 8.371091120686668319e+01
2.431116682832979131e+04 2.391941956740447495e+02 3.824873334767617905e+01 1.842692511961490140e+02 8.281741110761504387e+01
2.431164570384077888e+04 2.384811652596940235e+02 3.808119440415617873e+01 1.845345320282159207e+02 8.185674554765894584e+01
2.431211778527967908e+04 2.377560961764522176e+02 3.791430185973891298e+01 1.846301886567187580e+02 8.086317465344703237e+01
2.431256672269578121e+04 2.370616830734535938e+02 3.770981330212056548e+01 1.846385104543877276e+02 7.986332381110003098e+01
2.431301445176245397e+04 2.362645440712809091e+02 3.758862161262698720e+01 1.846463562316505715e+02 7.886411654729884901e+01
2.431346973903360413e+04 2.355059755712261733e+02 3.750408021460049213e+01 1.845996794495988524e+02 7.786527562420181425e+01
2.431392707933444763e+04 2.347561685863804541e+02 3.746129461368870039e+01 1.845683421786126530e+02 7.686578027795768264e+01
2.431437563564959783e+04 2.340199703187459193e+02 3.747023417674537171e+01 1.845061613022755296e+02 7.586834732526753555e+01
2.431478678848043637e+04 2.333375944162293081e+02 3.739744129529374561e+01 1.844140893081589354e+02 7.487339453865463668e+01
2.431518160653236919e+04 2.326010166527432546e+02 3.740154908989917715e+01 1.843837668976115367e+02 7.387385451503440947e+01
2.431557037614802903e+04 2.319250866115833389e+02 3.747222235072128171e+01 1.843388031054741418e+02 7.287509571986065282e+01
2.431596267772663850e+04 2.312938949914812952e+02 3.759733405183993682e+01 1.842391218498938201e+02 7.188064314810358724e+01
2.431639467419738867e+04 2.307064534549845121e+02 3.803081409118588141e+01 1.839952116980467451e+02 7.092209568367030670e+01
2.431685082199811950e+04 2.302638860977282036e+02 3.871317044543165053e+01 1.834657999804822737e+02 7.008384587090300499e+01
2.431729453139695033e+04 2.299957178739595918e+02 3.954778711432009430e+01 1.827249729726876240e+02 6.942468173128712294e+01
2.431770994321201943e+04 2.297500360622892686e+02 4.044129474597374951e+01 1.818304596034175233e+02 6.899606761245917141e+01
2.431809574935589262e+04 2.294522598424808848e+02 4.124956196977178280e+01 1.808640435720003268e+02 6.873965520711260524e+01
2.431848551987410974e+04 2.291942968756808909e+02 4.207721838343980636e+01 1.798867691349385609e+02 6.853046967582447735e+01
2.431886459415203717e+04 2.289424332022252315e+02 4.288179518130976930e+01 1.788986825772845464e+02 6.837716668607414761e+01
2.431924390884293462e+04 2.286178106161800088e+02 4.364097492496009068e+01 1.779102114103001497e+02 6.822716948512892543e+01
2.431964930040768377e+04 2.283319572679326939e+02 4.441404299698850622e+01 1.769236146597996537e+02 6.806550428067532721e+01
2.432007032634976713e+04 2.280869812865513779e+02 4.511120950025274823e+01 1.759327444550455368e+02 6.793074414403011474e+01
2.432051138582633212e+04 2.278283741949146588e+02 4.575973771485809038e+01 1.749413817654906609e+02 6.780025945074794436e+01
2.432100300751482428e+04 2.275637702661958883e+02 4.638159577936927036e+01 1.739461226105526066e+02 6.770638005496114431e+01
2.432167027050349134e+04 2.273242866774277786e+02 4.681943191078624267e+01 1.729473017406447752e+02 6.766356505067653870e+01
2.432585616051543184e+04 2.272468354644391582e+02 4.709356925538605765e+01 1.719652134399214845e+02 6.776886479123798779e+01
2.433537629325586022e+04 2.270704232263600204e+02 4.732267507056128153e+01 1.710001870640586787e+02 6.802049847009207895e+01
2.434049047083944970e+04 2.266462750426371144e+02 4.767273274223856561e+01 1.700236236667288949e+02 6.794363474460696750e+01
