# ts_seconds,x,y,gt_x,gt_y
2.529132738864998464e+04 1.716677021718808192e+02 6.869037197156484353e+01 1.716677021718808192e+02 6.869037197156484353e+01
2.530302184838340327e+04 1.715234284817412629e+02 7.047961683058304061e+01 1.706795414084743356e+02 6.853807694449015742e+01
2.530483241455214738e+04 1.715843013912013646e+02 7.167273263402060479e+01 1.696815711407000435e+02 6.847918763720987556e+01
2.530540113384428332e+04 1.716088753243318763e+02 7.266747765507737711e+01 1.686828924381405841e+02 6.853057227929693340e+01
2.530594404269954612e+04 1.715867459888569613e+02 7.367832165645806697e+01 1.676840845971959197e+02 6.857343704059692868e+01
2.530649020929112521e+04 1.716124806647877392e+02 7.473614230699205052e+01 1.666856490488490863e+02 6.852738129360241714e+01
2.530701099425420762e+04 1.716290490911291897e+02 7.571633333724173553e+01 1.656889669769405486e+02 6.860620792264444390e+01
2.530752924150110630e+04 1.716375639958206989e+02 7.669795545559924221e+01 1.646889723637408451e+02 6.860553972932842726e+01
2.530806692353311882e+04 1.716799589977352696e+02 7.769031672577909831e+01 1.636892351599870210e+02 6.859892204085060996e+01
2.530861736162505258e+04 1.716951739399750920e+02 7.865308084752659568e+01 1.626919085785636128e+02 6.866405302598275284e+01
2.530920436525177502e+04 1.717482462223887580e+02 7.961884280747668186e+01 1.616937415433296792e+02 6.861957323251030516e+01
2.530977140289080489e+04 1.717694138602644500e+02 8.054524334897104154e+01 1.606983269323796719e+02 6.871128588405836979e+01
2.531038107311769636e+04 1.717458235630409433e+02 8.148788079187370670e+01 1.596983946394256577e+02 6.871022452285386350e+01
2.531103639605722856e+04 1.716720903698086147e+02 8.252248462372968163e+01 1.586991119199200853e+02 6.867238470147492535e+01
2.531167285608583188e+04 1.715149993012785501e+02 8.359319739785324543e+01 1.577021441795240264e+02 6.861370706744993697e+01
2.531226930108083616e+04 1.714873085507739461e+02 8.468477537616061568e+01 1.567239938651261753e+02 6.842583687410657944e+01
2.531281507366260121e+04 1.716009676765492600e+02 8.570938731547717282e+01 1.557276151061388987e+02 6.851052605224100489e+01
2.531333739550617611e+04 1.718471755598006894e+02 8.666996387191773010e+01 1.547342487866515626e+02 6.862351596206369209e+01
2.531389087628321795e+04 1.722931570702345709e+02 8.768379764271078614e+01 1.537580081298177106e+02 6.882344576450871898e+01
2.531440805513327723e+04 1.729086324176832363e+02 8.854888336005302563e+01 1.528489622646831094e+02 6.924007720315218251e+01
2.531490864040830274e+04 1.735964851251391110e+02 8.932958485764349632e+01 1.519644759194263202e+02 6.969982869864330155e+01
2.531540480266675877e+04 1.742725324922374739e+02 9.012629352213893696e+01 1.511881892114647883e+02 7.033014513564324943e+01
2.531590256943976055e+04 1.750104247173429997e+02 9.086795664940369477e+01 1.503999123851540674e+02 7.094542050881173623e+01
2.531642405292819603e+04 1.757757331998190296e+02 9.167674194797722009e+01 1.496348979217670774e+02 7.158799730043209308e+01
2.531690452873212780e+04 1.764641177413200239e+02 9.248559636224698011e+01 1.489250188533278276e+02 7.228957316710543068e+01
2.531736684565225369e+04 1.770682435229365694e+02 9.330869322510180552e+01 1.481167866843351248e+02 7.287839990985354177e+01
2.531781338398296793e+04 1.775079190845617916e+02 9.416287236468622268e+01 1.473044224501149131e+02 7.345835052061688941e+01
2.531826963001445984e+04 1.778385833500592526e+02 9.503323765024559577e+01 1.464043582938019483e+02 7.388931848970909755e+01
2.531874279524504527e+04 1.779644134142693019e+02 9.583347116069958815e+01 1.454478934755475734e+02 7.418115693883866868e+01
2.531928792424114363e+04 1.778664353523514023e+02 9.657793021523879418e+01 1.444882027514945548e+02 7.440547273265866579e+01
2.532103177187398251e+04 1.780621230998044098e+02 9.720331040955124990e+01 1.436316838472840800e+02 7.444362033648079091e+01
2.532493229629428970e+04 1.797819356461869518e+02 9.773927025539572355e+01 1.433065868882651159e+02 7.538746363490622571e+01
2.532546253354645523e+04 1.806813715423337783e+02 9.848567776175379151e+01 1.428074211439690657e+02 7.624202158058790246e+01
2.532590629857844760e+04 1.813017249371453374e+02 9.932732535816785457e+01 1.421439399841993065e+02 7.698941340213474405e+01
2.532631869320244004e+04 1.817924567797460043e+02 1.001752143931708332e+02 1.413796388507935546e+02 7.762063817554813738e+01
2.532673322636056400e+04 1.822409808788683563e+02 1.010434979425644286e+02 1.405038665996110012e+02 7.810175195257716041e+01
2.532714462276365521e+04 1.826190197361489425e+02 1.019426474043610966e+02 1.396085585473164201e+02 7.854718228140647795e+01
2.532754518743765584e+04 1.829064169101124264e+02 1.028729115816238675e+02 1.386859441083397257e+02 7.892243128316160039e+01
2.532794480456428209e+04 1.831076145656146537e+02 1.038400649592896201e+02 1.377185460649569109e+02 7.917312633696893442e+01
2.532834208599824342e+04 1.832882725920093492e+02 1.047888328247426131e+02 1.367420127738434417e+02 7.938846282607023852e+01
2.532872938354761209e+04 1.835162154338401308e+02 1.056838764419822780e+02 1.357588366013990537e+02 7.956460536763134428e+01
2.532912550376859144e+04 1.837558704087176125e+02 1.066208034394578021e+02 1.347701177095371179e+02 7.971199579332525786e+01
2.532952618981722480e+04 1.839717800983847837e+02 1.076077459451667835e+02 1.337917666081141590e+02 7.991653106722259281e+01
2.532990881518969400e+04 1.841826281962233338e+02 1.085684557499497913e+02 1.328098586648484059e+02 8.009280519960476852e+01
2.533029648427619031e+04 1.843889410479894195e+02 1.095562458500224494e+02 1.318170625737326702e+02 8.021118394803909268e+01
2.533068688674248187e+04 1.846333600966845552e+02 1.105224621970876910e+02 1.308355381118392700e+02 8.039563357027221002e+01
2.533105189065400918e+04 1.849492808249720213e+02 1.113506522313013392e+02 1.298629244249790418e+02 8.062795616301049506e+01
2.533142693315694123e+04 1.853130862947234050e+02 1.121525550799446762e+02 1.289108828575468237e+02 8.092331597920377817e+01
2.533181912982552603e+04 1.857229633774936133e+02 1.129703496362216413e+02 1.280006291228221755e+02 8.133539256700974818e+01
2.533219633216326838e+04 1.861817392339509638e+02 1.137008061748818477e+02 1.270965847788112200e+02 8.176181586419971836e+01
2.533257855812707567e+04 1.866776627974231531e+02 1.143882107651862157e+02 1.262109205116472879e+02 8.222036229344307401e+01
2.533296835165938319e+04 1.871939024489182941e+02 1.150608733430374144e+02 1.253845196677163187e+02 8.278178094994197522e+01
2.533335252758828210e+04 1.877145195020632400e+02 1.156947433001871985e+02 1.245664768646730636e+02 8.335604436379121296e+01
2.533373554717453953e+04 1.882191332708068217e+02 1.163201168380796986e+02 1.237555529085260133e+02 8.393924888906873605e+01
2.533412410870352323e+04 1.886878226779438990e+02 1.169214975193650616e+02 1.229869674639026158e+02 8.457864786905776100e+01
2.533452425939866225e+04 1.891322264753370916e+02 1.174415748859319564e+02 1.222061185764402467e+02 8.520177788257365137e+01
2.533503064020090096e+04 1.896050705072397022e+02 1.179523981341230581e+02 1.214561226773888052e+02 8.585639369340384519e+01
2.533723872658226901e+04 1.899616877779079402e+02 1.183167265714050274e+02 1.207741207763217801e+02 8.658773556810494654e+01
2.534656042723900100e+04 1.902704955998495393e+02 1.189367988439151560e+02 1.199650722471945983e+02 8.712247450817079653e+01
2.535458826440775374e+04 1.904881873899707614e+02 1.200777303931889719e+02 1.189991541253423009e+02 8.736837775085649582e+01
2.535554710448708283e+04 1.905553943443854337e+02 1.212604513278054981e+02 1.180089432151900155e+02 8.750421793932953562e+01
2.535620255958097550e+04 1.906309250207058028e+02 1.223534957957943874e+02 1.170131038516853579e+02 8.759420140260219512e+01
2.535674213487576344e+04 1.906390006250848899e+02 1.233703310480027682e+02 1.160148677971907603e+02 8.765048703282860743e+01
2.535729905999813491e+04 1.905396651686839391e+02 1.244138932125550525e+02 1.150152798036751705e+02 8.767697854194935303e+01
2.535786594831833645e+04 1.903936896689225478e+02 1.254550398129256195e+02 1.140297508065117995e+02 8.755862680265434506e+01
2.535845154089676362e+04 1.903040375416780989e+02 1.265210906243962654e+02 1.130471339858130904e+02 8.737772963680855298e+01
2.535903482805090971e+04 1.902440267552844091e+02 1.275719976473946957e+02 1.120526111220043219e+02 8.728289838316148064e+01
2.535958666036192881e+04 1.901692725756795426e+02 1.285335031305039308e+02 1.110533792322561624e+02 8.724897996371392139e+01
2.536013902025609059e+04 1.900733473628139052e+02 1.294541254185814410e+02 1.100536330738886335e+02 8.722697219788054213e+01
2.536077120127508169e+04 1.900289170988042997e+02 1.303518423906462829e+02 1.090570613232374910e+02 8.715469519438876489e+01
2.536166071417812054e+04 1.899854845666077665e+02 1.311626027899828841e+02 1.080599264123322598e+02 8.708785835089844340e+01
2.536345978667933014e+04 1.897204342379932598e+02 1.310265217202868371e+02 1.071002145472799612e+02 8.686275414946605622e+01
2.536468904672789358e+04 1.895972210113492906e+02 1.297967519249051804e+02 1.074711794299674068e+02 8.665257544291273462e+01
2.536518956483671718e+04 1.895980675559515589e+02 1.286832085634827365e+02 1.084549345757809959e+02 8.647551616888470960e+01
2.536562544955245539e+04 1.895675045075620062e+02 1.276276710519247501e+02 1.094481633389702324e+02 8.643681678801378609e+01
2.536604470929290619e+04 1.895120680891116649e+02 1.266054874877412004e+02 1.104435378028943830e+02 8.652579333883295476e+01
2.536642733017081264e+04 1.894281383500590152e+02 1.256774790844389713e+02 1.114358710050343149e+02 8.647535219287144059e+01
2.536682588622945332e+04 1.893030921073676325e+02 1.247038147766879064e+02 1.124286782472292430e+02 8.635576746608727206e+01
2.536721849711599498e+04 1.892339981246079503e+02 1.237380078649339339e+02 1.134255111910401013e+02 8.628154439937927123e+01
2.536759363002849932e+04 1.892116449212572036e+02 1.228110175268858484e+02 1.144165342173955651e+02 8.615687803134014189e+01
2.536798398184625694e+04 1.891363502463072734e+02 1.218397288841261172e+02 1.154101255413042111e+02 8.604925413124462352e+01
2.536836332863270582e+04 1.889736896120581093e+02 1.209245038644365451e+02 1.164083940612129737e+02 8.599383325420828328e+01
2.536872495197562966e+04 1.887534933959439627e+02 1.200923113646805831e+02 1.173903162229648700e+02 8.582579509513254834e+01
2.536909240694390246e+04 1.884276578516520431e+02 1.193175612450284575e+02 1.183558647925818406e+02 8.556656336090975401e+01
2.536947094192412260e+04 1.879554044766120171e+02 1.185860404250083207e+02 1.193209523826609768e+02 8.530478607315134809e+01
2.536986343811849656e+04 1.873797906621808238e+02 1.178320668277673917e+02 1.202014843383367122e+02 8.485358321342047816e+01
2.537025712278621722e+04 1.868034170683040998e+02 1.170470096855503641e+02 1.210051066756299036e+02 8.426002768070696902e+01
2.537062997294148227e+04 1.862903459467319180e+02 1.162505118318705399e+02 1.218455364286101457e+02 8.372204963887774909e+01
2.537100916426157710e+04 1.858127613430745555e+02 1.153710862892283160e+02 1.226994207333121096e+02 8.320180267621114467e+01
2.537137914426544739e+04 1.853638847157380383e+02 1.144981243410488361e+02 1.235652777618195870e+02 8.270204015439595935e+01
2.537174410514317060e+04 1.849296649400496904e+02 1.136567951836811261e+02 1.244742399941283821e+02 8.228880104703020493e+01
2.537212560608684726e+04 1.845327338180922254e+02 1.127436737068393313e+02 1.253732550618444321e+02 8.185290027670372126e+01
2.537249430059125370e+04 1.842306167239793808e+02 1.118090339403885167e+02 1.262642478556322203e+02 8.139892073314808840e+01
2.537285813048469208e+04 1.840230617350702005e+02 1.108554079773817165e+02 1.272077820695288466e+02 8.108197590576057223e+01
2.537322408333302883e+04 1.839058927716848473e+02 1.098854273414180085e+02 1.281842209168450495e+02 8.086818338602107303e+01
2.537356941367903710e+04 1.838029879652949887e+02 1.089743673401221997e+02 1.291626429660902886e+02 8.066173072919389142e+01
2.537391132886544437e+04 1.836425015038185506e+02 1.080735286117830469e+02 1.301530204695977773e+02 8.053658405967225065e+01
2.537426066923950202e+04 1.834306077258871142e+02 1.072001779634069720e+02 1.311491595862322583e+02 8.044880556004660832e+01
2.537460532293231518e+04 1.832117518705963732e+02 1.063853632330495742e+02 1.321148555799316568e+02 8.021021474402057549e+01
2.537497414756568833e+04 1.830044113217728068e+02 1.055090753636209797e+02 1.330756903398077213e+02 7.993386379706311118e+01
2.537535312752600294e+04 1.828483478461191112e+02 1.045779188410282927e+02 1.340534377991428698e+02 7.972775803787425275e+01
2.537571297021480495e+04 1.827414551426815024e+02 1.036396328316422597e+02 1.350299697248387361e+02 7.951361230969318683e+01
2.537605982925240824e+04 1.826316577261055727e+02 1.027141779496985663e+02 1.360123693483864713e+02 7.932935380172905582e+01
2.537640177375395069e+04 1.824912511557779737e+02 1.018223179377326062e+02 1.370080773344235467e+02 7.926627390594848066e+01
2.537674135201206809e+04 1.823183453830428107e+02 1.009338439206719187e+02 1.380035804064382603e+02 7.918237305797492809e+01
2.537709829210466341e+04 1.820935473688068384e+02 1.000145547884705621e+02 1.389854880941385318e+02 7.899903387677966293e+01
2.537745792413620438e+04 1.818416626420280977e+02 9.911770761210125613e+01 1.399668440050886034e+02 7.880746409723094814e+01
2.537782348377300514e+04 1.816353435789474133e+02 9.824384998506961608e+01 1.409392364463743093e+02 7.857656295104115429e+01
2.537820906214665956e+04 1.814935148200977153e+02 9.736797973439031750e+01 1.418854562452839900e+02 7.825645652416727671e+01
2.537859989875792962e+04 1.813199520524320008e+02 9.652497842482723911e+01 1.428410091641357837e+02 7.796440738585286567e+01
2.537898784559060005e+04 1.811430279472931772e+02 9.576226691973884897e+01 1.438061718729454981e+02 7.770277918078036805e+01
2.537937413658975856e+04 1.811447248900518332e+02 9.507687225647927676e+01 1.447319078203322249e+02 7.733270224909800561e+01
2.537978648720440106e+04 1.813017580129977375e+02 9.462569214753969504e+01 1.456427134441343867e+02 7.691988733888362617e+01
2.538022859870479806e+04 1.812585793425425891e+02 9.432442583844434125e+01 1.465576598269007604e+02 7.651634182718453303e+01
2.538068095924796216e+04 1.811425520826463469e+02 9.398937613906976196e+01 1.474545039092310219e+02 7.607500210309427757e+01
2.538113978533600675e+04 1.811342551923954431e+02 9.384847649649682921e+01 1.484046064813199735e+02 7.578662565534725104e+01
2.538167696622650328e+04 1.812679558802863369e+02 9.387001382660622539e+01 1.493916088686617911e+02 7.563083588964610726e+01
2.538278840968942677e+04 1.818382411953862174e+02 9.366981533633334323e+01 1.503866521800927956e+02 7.565170565562512195e+01
2.544271781951365483e+04 1.826744346355340838e+02 9.211589850449763617e+01 1.501613756391755032e+02 7.494023634504614506e+01
2.544456379250981990e+04 1.835998079114423831e+02 9.217124996790187197e+01 1.498912421900432719e+02 7.580430388834939492e+01
2.544549703099697217e+04 1.828705544914098198e+02 9.268834743229983530e+01 1.489860045917657771e+02 7.573407096800943350e+01
2.544628842267149957e+04 1.816298251297094168e+02 9.241110149847125399e+01 1.486297507909853266e+02 7.484222371944838414e+01
2.544671954820866449e+04 1.807919458298256927e+02 9.203313741877744292e+01 1.487393265911248648e+02 7.385297354441829043e+01
2.544715370484304731e+04 1.799647148554638250e+02 9.148566260600826183e+01 1.490894793847585902e+02 7.292859271115379727e+01
2.544758381766463572e+04 1.791501851476215563e+02 9.096898912216610711e+01 1.496396924619844242e+02 7.209359965070191834e+01
2.544800216215163164e+04 1.783498873560098730e+02 9.059479194500815424e+01 1.501689234208485573e+02 7.124646867202156386e+01
2.544842056305553342e+04 1.775168926248470882e+02 9.028434553621357850e+01 1.506450663863888337e+02 7.036712169093372893e+01
2.544883433975073785e+04 1.766047454027778940e+02 9.000445082847657829e+01 1.510948516166172908e+02 6.947550760683556348e+01
2.544922848610578512e+04 1.756390450401771659e+02 8.979328113376763554e+01 1.514262507490198004e+02 6.853509595635087237e+01
2.544962128573449445e+04 1.746275862152192246e+02 8.968970844280777044e+01 1.516505318665665527e+02 6.756064154571316749e+01
2.545002504551415768e+04 1.735821139618412872e+02 8.970999226000023441e+01 1.518083582022070743e+02 6.657566288178637137e+01
2.545042906386042159e+04 1.725480428666399462e+02 8.978393637757169188e+01 1.518268956975086041e+02 6.557760782431147106e+01
2.545082922093729212e+04 1.715440521457245211e+02 8.984215916383195122e+01 1.517940699182555591e+02 6.457883608636214490e+01
2.545121157809247597e+04 1.706208620861053475e+02 8.987409029974631380e+01 1.517927452621927387e+02 6.357911676744276974e+01
2.545156220208583909e+04 1.697705317628638397e+02 8.984012798682901746e+01 1.517376356700171414e+02 6.258107250207911676e+01
2.545189716647760724e+04 1.689091537773618370e+02 8.976271316988568572e+01 1.516858795666361743e+02 6.158394602648944272e+01
2.545222964506803692e+04 1.680290101750971132e+02 8.975465678506172651e+01 1.517132204099640944e+02 6.058435606254891326e+01
2.545256794105685913e+04 1.671433001935108962e+02 8.982803335392036104e+01 1.517071323455399465e+02 5.958605100718764902e+01
2.545291215198772989e+04 1.662453185023666151e+02 8.991305499389426359e+01 1.516271417917897111e+02 5.858925678657949732e+01
2.545326757113988788e+04 1.652948685884240376e+02 9.000521244431000412e+01 1.515826922580709208e+02 5.759117546522146824e+01
2.545363966056549543e+04 1.642973631345411150e+02 9.009751778538117151e+01 1.515865985740978772e+02 5.659122668590997307e+01
2.545400925072812242e+04 1.633105021382149289e+02 9.013022070619662429e+01 1.515792917398325130e+02 5.559125395249499491e+01
2.545438289663933756e+04 1.622982938312833880e+02 9.008612058743663908e+01 1.516128028349569661e+02 5.459309880203367271e+01
2.545476128079832051e+04 1.612970741192274033e+02 9.001462575029371749e+01 1.516973092338506035e+02 5.359683459613510337e+01
2.545513717159424050e+04 1.603414594159531816e+02 8.995213154254486199e+01 1.517174563411588508e+02 5.259843513167598417e+01
2.545551427631580736e+04 1.593961154023456004e+02 8.995261054396168277e+01 1.516837363650020052e+02 5.159914276990058113e+01
2.545589026572796502e+04 1.584687121345836260e+02 9.002644798488441324e+01 1.516969468091711235e+02 5.059976340398669947e+01
2.545627879812105675e+04 1.576308744439350278e+02 9.006021277420070703e+01 1.517790460557425831e+02 4.960375515891094977e+01
2.545685480005869249e+04 1.570143642827203507e+02 9.021851122959712654e+01 1.519389497437592240e+02 4.861756281118612577e+01
2.545796349928072959e+04 1.558694176970528815e+02 9.055143008444474617e+01 1.521685961655743426e+02 4.764451632349233989e+01
2.545911756522209907e+04 1.540140651411545889e+02 9.058821623988842475e+01 1.523431350944924532e+02 4.666526915126882358e+01
2.545963803161807664e+04 1.528129028787307959e+02 9.053650329384005602e+01 1.524040281538744921e+02 4.566729257078802817e+01
2.546008052028392194e+04 1.516986731166490756e+02 9.060211034573590894e+01 1.524480507927734436e+02 4.466951269463731933e+01
2.546049096755788923e+04 1.506931637825323946e+02 9.066029511892583059e+01 1.523565261658586394e+02 4.367796646837943086e+01
2.546088660199585865e+04 1.497992496254857429e+02 9.077691785481144393e+01 1.522054717343882828e+02 4.269189686093043434e+01
2.546130426539424298e+04 1.488826010032362319e+02 9.105978214772531487e+01 1.521467824945323741e+02 4.169364869154858155e+01
2.546170479387231171e+04 1.480044642618994999e+02 9.135021009499740785e+01 1.520241496492244551e+02 4.070552847183665079e+01
2.546209633334014870e+04 1.471728466178369956e+02 9.161399813072468135e+01 1.518448294447676687e+02 3.972447333573070694e+01
2.546251396464613208e+04 1.463419101019825064e+02 9.180458524177245749e+01 1.517801276466150000e+02 3.872703136064284735e+01
2.546291454520330444e+04 1.455745309063255490e+02 9.164766219751361120e+01 1.517004801411274570e+02 3.773240188635418946e+01
2.546332008236211550e+04 1.446114623446020744e+02 9.129143067371360587e+01 1.516173944944165441e+02 3.674070210176364526e+01
2.546377922018085155e+04 1.434681401715832294e+02 9.123725354481561567e+01 1.516906491797077194e+02 3.574430910860213118e+01
2.546423214189472856e+04 1.427067636828517720e+02 9.154412109911066864e+01 1.517238134603503283e+02 3.475160301288219244e+01
2.546467230844485312e+04 1.421380709570500187e+02 9.199341407187782238e+01 1.516868719423490290e+02 3.375652519710912003e+01
2.546513620482478291e+04 1.413302661758425529e+02 9.240974598510322835e+01 1.517735842669822830e+02 3.276036199528390114e+01
2.546559540180729527e+04 1.408103701764507321e+02 9.273592232208353892e+01 1.517838801779462017e+02 3.176681072377521531e+01
2.546603333059180295e+04 1.406891343112523600e+02 9.290887616962181994e+01 1.516996635259750406e+02 3.077196984407530067e+01
2.546648128204276509e+04 1.406095921139108214e+02 9.318461287618188749e+01 1.516690012121077302e+02 2.977264552541311105e+01
2.546693783591358078e+04 1.401321433379039263e+02 9.347760275714054501e+01 1.515395200406353240e+02 2.878537588340613240e+01
2.546737991295671236e+04 1.392087010236977278e+02 9.355728831340991292e+01 1.514237350011480885e+02 2.780468481961711547e+01
2.546784274797468606e+04 1.382152085806425816e+02 9.356501669982537805e+01 1.514722705586037250e+02 2.680656143958065485e+01
2.546832053359978454e+04 1.372500369496104895e+02 9.344445568259287427e+01 1.514681818779875186e+02 2.580660193661821467e+01
2.546882643748012924e+04 1.364003586091805857e+02 9.321962667161888305e+01 1.515884011677213721e+02 2.482815983092223888e+01
2.546943357807712891e+04 1.356811144073424487e+02 9.288629514430434142e+01 1.518597874246727031e+02 2.386813869412559797e+01
2.547021146287963347e+04 1.353819505427935610e+02 9.208051127066251240e+01 1.523428201860672004e+02 2.312338583082337351e+01
2.547100250086504821e+04 1.354113930027871788e+02 9.085894316462334075e+01 1.532955027706297813e+02 2.292423593872149468e+01
2.547157635540380215e+04 1.354769595740481236e+02 8.977968161498979782e+01 1.542902779806619549e+02 2.290545862504773211e+01
2.547208748830991681e+04 1.355487560196028483e+02 8.873579184962979127e+01 1.552849336873765935e+02 2.283108848583281514e+01
2.547255856696118281e+04 1.356387583238392267e+02 8.773125054661730360e+01 1.562849095678233766e+02 2.283744361191966377e+01
2.547301128612437242e+04 1.358447736102994554e+02 8.677256633438278755e+01 1.572844474809270707e+02 2.285897790250366413e+01
2.547344531983428169e+04 1.360559059804885464e+02 8.581157023176372434e+01 1.582675934622009777e+02 2.300251087423228569e+01
2.547387481575846323e+04 1.361718651810789709e+02 8.479496853186871874e+01 1.592415916796187219e+02 2.321959417237065537e+01
2.547428713015565882e+04 1.362313994986363923e+02 8.379239035536402014e+01 1.602349917560306096e+02 2.332540888188463768e+01
2.547467799293070493e+04 1.362596382183689627e+02 8.284589357746327209e+01 1.612260040715442244e+02 2.344026929929376024e+01
2.547507289704072537e+04 1.362731978848462688e+02 8.190428072075154375e+01 1.622124887364630297e+02 2.359953172747754024e+01
2.547547792023830334e+04 1.362729295109535599e+02 8.094920987165139081e+01 1.632086583360533041e+02 2.367008947273958341e+01
2.547589232601861659e+04 1.362551675906567823e+02 7.998024109844126883e+01 1.642070214779269293e+02 2.371405257766143038e+01
2.547631310726342053e+04 1.362639260458373656e+02 7.901290036789029614e+01 1.652047046870246731e+02 2.377704934445391771e+01
2.547672491094950601e+04 1.362788692550200267e+02 7.809227068315907161e+01 1.662039619633005429e+02 2.377694796763271157e+01
2.547714185905545673e+04 1.362342835720573646e+02 7.721373561796303875e+01 1.672026320311711629e+02 2.377859503776729255e+01
2.547760697528697347e+04 1.361961138397366540e+02 7.647024969968101971e+01 1.682012684340901671e+02 2.379464070356530314e+01
2.547854653600785605e+04 1.362402259067812054e+02 7.598736465124255801e+01 1.691949676657289956e+02 2.384359395637653378e+01
2.548061534610950912e+04 1.359886019082486257e+02 7.508988481165685869e+01 1.701749397998906090e+02 2.404004569961966808e+01
2.552049421301233815e+04 1.359490563524703077e+02 7.433774513446167020e+01 1.708326936695755762e+02 2.414314673555102786e+01
2.554223610560576344e+04 1.356283041509159943e+02 7.400702704299258983e+01 1.706436558092823077e+02 2.396579467414213127e+01
2.554568647395875814e+04 1.354006686243791364e+02 7.274339401847930731e+01 1.715941429649250836e+02 2.369632407457183731e+01
2.554694461580387360e+04 1.353793198208923059e+02 7.190202776398012929e+01 1.725788375315608221e+02 2.375037815420703780e+01
2.555049882913656256e+04 1.353088749114458835e+02 7.102930723491604681e+01 1.735703070949637947e+02 2.386544242983165276e+01
2.555322775282207658e+04 1.353535428728084185e+02 6.984286783307149449e+01 1.745693101577612936e+02 2.390448368946013247e+01
2.555410026726467549e+04 1.353992817353428677e+02 6.868219405091889485e+01 1.755685880377288584e+02 2.388529905828986344e+01
2.555473366123137748e+04 1.353737798696909636e+02 6.763453495589129716e+01 1.765679675430870645e+02 2.388377403288416190e+01
2.555531453085754765e+04 1.353293678077156983e+02 6.661225062899053739e+01 1.775610273737698606e+02 2.380200576348275021e+01
2.555587911942930805e+04 1.352287693324892075e+02 6.561752334486034499e+01 1.785560143360954442e+02 2.371296718377488588e+01
2.555643978203067672e+04 1.350213820470565054e+02 6.465574161073985238e+01 1.795447996544638443e+02 2.357773737851075069e+01
2.555697498400665427e+04 1.348072261255338162e+02 6.374177662903770880e+01 1.805108841072756150e+02 2.332514423556836647e+01
2.555752789141048197e+04 1.346082818061990451e+02 6.283189759058834056e+01 1.814891025850791948e+02 2.313169892942252304e+01
2.555813642981687372e+04 1.344676583316824292e+02 6.186909858379404170e+01 1.824662494801208652e+02 2.292538606395082468e+01
2.555878531735848810e+04 1.346249877906190875e+02 6.087223430612319675e+01 1.834515096884755962e+02 2.276674307682682041e+01
2.555938657574771059e+04 1.351883153230141943e+02 6.017355617019789804e+01 1.843967528731165544e+02 2.299506281701830446e+01
2.555998867636635259e+04 1.361495826119269168e+02 5.985663957302104876e+01 1.851226029042599635e+02 2.364719972083452859e+01
2.556055888222727663e+04 1.372477614332211431e+02 5.977827157307264372e+01 1.853549590029892897e+02 2.458765790118553340e+01
2.556103770874171823e+04 1.381684446749418953e+02 5.984410915039432410e+01 1.853527751224139877e+02 2.558596637041905097e+01
2.556149868113788398e+04 1.390591203834939336e+02 6.000632856212099142e+01 1.852708820372471905e+02 2.658226377151159880e+01
2.556201080660627122e+04 1.400673224306324016e+02 6.016303451602678365e+01 1.850899117711755082e+02 2.756471512076123886e+01
2.556254092554181989e+04 1.410956213984213150e+02 6.023709158210795778e+01 1.850255500636615693e+02 2.855995599330534063e+01
2.556306537056787784e+04 1.420504498812373981e+02 6.025695246479324396e+01 1.850036456341535427e+02 2.955971306199007742e+01
2.556359933787671980e+04 1.429691565542784133e+02 6.023132281202369143e+01 1.849604125505028662e+02 3.055871227084703889e+01
2.556416506150108762e+04 1.438048601933828365e+02 6.016517238352493280e+01 1.850013400613750321e+02 3.155686489082990676e+01
2.556497082843569660e+04 1.444139930946390962e+02 6.015469691585724377e+01 1.850055021612549240e+02 3.255641996254873760e+01
2.557754854525333940e+04 1.452126781329564835e+02 6.017549872903580876e+01 1.849578787234075605e+02 3.355511660030732912e+01
2.560772733631341907e+04 1.451185256941415957e+02 5.966506426832407328e+01 1.849495446394410578e+02 3.295444074686830049e+01
2.561300143987431511e+04 1.465307756070445748e+02 5.947256548828685396e+01 1.850844139862653890e+02 3.343287326299470408e+01
2.561402200491409167e+04 1.477232638927702340e+02 5.964048753962076432e+01 1.850694485337114088e+02 3.443249917647110436e+01
2.561469983195982422e+04 1.485910493024428831e+02 5.966134871246494242e+01 1.850180026506309048e+02 3.543108675975322086e+01
2.561534315059755681e+04 1.492680084405026832e+02 5.963794706735295392e+01 1.850718083580462405e+02 3.642762222161243102e+01
2.561812549951301480e+04 1.495994662002472353e+02 5.963862438990265957e+01 1.848003697334783624e+02 3.736850003664220310e+01
2.569910616663131441e+04 1.501405710059801208e+02 5.910027617458585070e+01 1.849836443884150583e+02 3.828813382134351428e+01
2.570168378971741913e+04 1.516127222043977270e+02 5.892887344007139205e+01 1.852136804061374562e+02 3.903502611089024299e+01
2.570358647502306121e+04 1.524701860816975056e+02 5.893709474269994075e+01 1.851310994041587321e+02 4.003138577110274809e+01
2.570625835684868798e+04 1.538837375086510519e+02 5.873182355121341658e+01 1.851198035036150884e+02 4.103077107172554605e+01
2.570762237691715927e+04 1.554251089981859479e+02 5.826843138906231445e+01 1.851937643278630787e+02 4.202752980170542685e+01
2.570828266704329144e+04 1.564055850338831704e+02 5.804586068764228912e+01 1.851933603436088447e+02 4.302672345782062280e+01
2.570882827573031682e+04 1.573440739652059221e+02 5.799223290623589833e+01 1.852223003310095351e+02 4.402608009110306142e+01
2.570935162538436998e+04 1.583722696058740667e+02 5.792515396727332444e+01 1.851762263793732473e+02 4.502430348371598967e+01
2.570985192344955067e+04 1.593881635661960843e+02 5.797208577357599069e+01 1.852110856064538211e+02 4.602276735734947977e+01
2.571033932170302069e+04 1.603963381271007336e+02 5.813432387036503712e+01 1.852005500003572536e+02 4.702234129121655570e+01
2.571082803234706080e+04 1.613677794705454289e+02 5.825449832014234630e+01 1.850771983907305014e+02 4.801384810392780622e+01
2.571129858296008751e+04 1.622588342382861413e+02 5.827277316039766220e+01 1.851189178974964307e+02 4.901025343367262366e+01
2.571176784601403415e+04 1.632100850920645598e+02 5.817847989750603688e+01 1.852064467371910723e+02 5.000639650419573456e+01
2.571225593390136419e+04 1.643738911284005724e+02 5.801111964855896019e+01 1.852428361580599017e+02 5.100552730425016534e+01
2.571274120152994874e+04 1.655164028483748666e+02 5.787957860244432595e+01 1.853854316886917957e+02 5.199435573686986345e+01
2.571323276655087466e+04 1.665411526957527428e+02 5.767949001552830879e+01 1.854554945587864836e+02 5.299134456510314806e+01
2.571374520611934349e+04 1.675354569786397860e+02 5.749971675225245349e+01 1.855381225663512055e+02 5.398788498418774395e+01
2.571426698869787288e+04 1.686090360136044808e+02 5.741659936250852780e+01 1.857424141455194047e+02 5.496587968143628444e+01
2.571479668834482436e+04 1.697128257040332073e+02 5.747112540272860315e+01 1.858433966585791950e+02 5.595988651916739087e+01
2.571529059293941827e+04 1.706899433219664957e+02 5.766106514762538637e+01 1.859234140885818363e+02 5.695667757261480091e+01
2.571578618464590909e+04 1.715984112687953029e+02 5.783142904604291346e+01 1.859702702585982763e+02 5.795551975984940185e+01
2.571628538946757180e+04 1.725371165097494668e+02 5.803680440428938425e+01 1.858996471831478914e+02 5.895230045795416629e+01
2.571675579648348139e+04 1.735038417561694644e+02 5.825642081349568713e+01 1.858350817346330359e+02 5.995019477749943348e+01
2.571721939848075999e+04 1.745222875407939114e+02 5.837998210778925312e+01 1.857506165744749467e+02 6.094659511900357529e+01
2.571770004566973876e+04 1.755968584017054752e+02 5.835385834783100023e+01 1.857019189602143570e+02 6.194533071882426611e+01
2.571818755204562331e+04 1.767188619880556928e+02 5.844138787522086176e+01 1.857605399416448222e+02 6.294304759908654745e+01
2.571867268327646525e+04 1.777422065021603714e+02 5.852441991791552311e+01 1.856913685581736786e+02 6.393965357975825725e+01
2.571917007957972237e+04 1.786757318087100259e+02 5.862961938801991124e+01 1.856648445956358273e+02 6.493914837214502711e+01
2.571970310884478022e+04 1.794973040830743116e+02 5.889406555018301503e+01 1.857204523572950450e+02 6.593733907698974406e+01
2.572025549443273849e+04 1.804003205067390354e+02 5.906082616058517942e+01 1.856811999147476513e+02 6.693610993275021315e+01
2.572077626672455881e+04 1.813361157487506716e+02 5.915012721066166534e+01 1.857030447201375125e+02 6.793566182178025770e+01
2.572131317769049201e+04 1.823417336306374352e+02 5.924779537392165452e+01 1.857292960794713395e+02 6.893531709522629569e+01
2.572188138706220343e+04 1.833826852818352506e+02 5.955001127337333600e+01 1.857227275886388895e+02 6.993525226644830184e+01
2.572244404883273819e+04 1.841153228076317703e+02 5.992298781483253833e+01 1.858920645035854875e+02 7.091949121798458577e+01
2.572297234245521031e+04 1.843660404154375954e+02 6.004557598154072195e+01 1.859716669424529982e+02 7.191591921196847181e+01
2.572347721262485720e+04 1.850524527999519364e+02 6.002732991230035253e+01 1.860452221295330162e+02 7.291321029161963452e+01
2.572397043312996539e+04 1.860634811524184897e+02 5.986925575593200932e+01 1.861195044554920628e+02 7.391044753048656446e+01
2.572445170136679735e+04 1.870066557604609443e+02 5.951743770601428452e+01 1.860154362592980988e+02 7.490400985664581412e+01
2.572491547235849430e+04 1.879905391533020520e+02 5.940389525256040315e+01 1.860320031195088006e+02 7.590338101082430455e+01
2.572537937982448057e+04 1.890396408233278578e+02 5.962619059986084835e+01 1.860862994305753659e+02 7.690188370085752467e+01
2.572584183220274281e+04 1.899391371352478757e+02 5.943037815226115583e+01 1.860724496727081032e+02 7.790167176618861333e+01
2.572626748008438517e+04 1.908542814315688361e+02 5.945984313619437245e+01 1.861596215369204970e+02 7.889760660534712144e+01
2.572670628667621349e+04 1.918573432890470940e+02 5.970545589035096157e+01 1.861447781903929410e+02 7.989724411865798004e+01
2.572716977940152356e+04 1.928436674739710099e+02 5.985283555508618036e+01 1.860595658116405673e+02 8.089352112027040675e+01
2.572760492125800374e+04 1.937811596583394476e+02 5.987484736375559891e+01 1.861223695466940455e+02 8.189109789255729766e+01
2.572802492714312757e+04 1.947479298421283431e+02 5.982073733316090625e+01 1.861029301030590091e+02 8.289077309943627370e+01
2.572843756225573452e+04 1.957435308869974619e+02 5.978104620488512921e+01 1.860788652652057067e+02 8.389048346180433668e+01
2.572882563729191315e+04 1.966686911914169116e+02 5.979873139059800735e+01 1.861323419661980552e+02 8.488895931169649600e+01
2.572923090049598613e+04 1.976635569392552156e+02 5.976929281751026224e+01 1.860917306295172580e+02 8.588799361956171197e+01
2.572964697748640538e+04 1.986863199878992816e+02 5.971577653519597106e+01 1.860492767288853315e+02 8.688709203031775985e+01
2.573004371735034147e+04 1.996256058325980689e+02 5.966702240744530172e+01 1.861575142918780159e+02 8.788090237909571556e+01
2.573045817548066771e+04 2.006095416680470294e+02 5.955584004590031100e+01 1.861431154356574780e+02 8.888060283826489183e+01
2.573086708570565315e+04 2.015976058445866101e+02 5.948932340085710280e+01 1.860600808488060522e+02 8.987710685026767976e+01
2.573123430531288977e+04 2.024963273587490846e+02 5.944889485252495831e+01 1.861003469283331242e+02 9.087614279116333194e+01
2.573163263803576774e+04 2.034973447094749019e+02 5.936908164602883886e+01 1.861245114042401383e+02 9.187584782640116998e+01
2.573201780506691284e+04 2.044376110717164465e+02 5.923725570398442386e+01 1.860689540156039641e+02 9.287425047524661181e+01
2.573237412088233759e+04 2.053037416255295966e+02 5.907534151569016245e+01 1.861857742734488568e+02 9.386715822268679688e+01
2.573277139809594883e+04 2.062939975466636326e+02 5.883836631716245336e+01 1.863655643274311728e+02 9.485084261347715540e+01
2.573313464621362800e+04 2.071872053523379975e+02 5.863292189671201982e+01 1.864581886895226432e+02 9.584650057200553874e+01
2.573352435000899641e+04 2.081417276570867614e+02 5.849114562935459105e+01 1.866069034403902265e+02 9.683536434052592767e+01
2.573392760929079668e+04 2.091192945654583184e+02 5.834895708183888274e+01 1.867353066637469681e+02 9.782708438933190109e+01
2.573433843039620115e+04 2.100562158126330985e+02 5.823985488905907459e+01 1.867486810838196618e+02 9.882693746462790330e+01
2.573476727806389681e+04 2.109957108922301359e+02 5.830288048847194915e+01 1.867877790319322457e+02 9.982617025625961560e+01
2.573522438014758154e+04 2.120113383006720085e+02 5.844025297320322920e+01 1.867033234121230691e+02 1.008225445373866762e+02
2.573571519187686863e+04 2.130484091966066558e+02 5.848895010686045026e+01 1.864584191196416612e+02 1.017920306644195421e+02
2.573619283588343387e+04 2.139786569308359958e+02 5.854286870466853543e+01 1.863703037133014959e+02 1.027881076180652258e+02
2.573668371845749061e+04 2.148815185813374740e+02 5.864144559195857198e+01 1.862541840887002422e+02 1.037813390901072665e+02
2.573722716463579491e+04 2.158540426743612386e+02 5.875196222573613625e+01 1.860823387208837403e+02 1.047664366784497076e+02
2.573777057060781954e+04 2.167515068305957868e+02 5.873778648665363988e+01 1.860536825783509869e+02 1.057660258273919709e+02
2.573832260987825066e+04 2.177512018339574240e+02 5.870258474784940006e+01 1.860341000206235833e+02 1.067657826957547513e+02
2.573886338837623043e+04 2.187222864803548248e+02 5.865498966673560233e+01 1.861542113056340781e+02 1.077585365151476680e+02
2.573942025220801952e+04 2.196112233078366387e+02 5.860444981350171645e+01 1.862321905565290194e+02 1.087554570028564740e+02
2.574005160118255299e+04 2.205405809550641152e+02 5.870383270836470047e+01 1.862179570286533874e+02 1.097553359104648081e+02
2.574069304345771525e+04 2.214445406053597196e+02 5.888022013564575019e+01 1.861338709463576890e+02 1.107513265370514546e+02
2.574185045536088728e+04 2.221398261461764321e+02 5.899874440767396067e+01 1.857412768705685266e+02 1.116708050341660936e+02
2.576351492679877265e+04 2.230976513123179927e+02 5.898310931196535734e+01 1.855181273798663710e+02 1.126361243971739725e+02
2.576636400032067468e+04 2.247317407232709741e+02 5.846971727265352570e+01 1.859631320399054459e+02 1.135294448482261345e+02
2.576716044400493047e+04 2.258777584021923701e+02 5.847974647487933453e+01 1.861711834517298314e+02 1.145051541087186138e+02
2.576774626157053717e+04 2.270066096976644019e+02 5.857260062073029871e+01 1.861768833828168113e+02 1.155048417926783912e+02
2.576824917422540238e+04 2.281064423033011792e+02 5.849426604808831343e+01 1.861127444298754483e+02 1.165027808824846574e+02
2.576871150343196496e+04 2.291510401075843504e+02 5.835412085097508594e+01 1.860604274039163215e+02 1.175002097651715900e+02
2.576911732629124526e+04 2.300672953834230157e+02 5.821485316363061457e+01 1.861498960611893381e+02 1.184961598092150012e+02
2.576953630578736193e+04 2.309818080333126886e+02 5.798449812483784171e+01 1.862667550815320112e+02 1.194892746641879882e+02
2.576997151976820533e+04 2.319111589474342736e+02 5.771704966881268462e+01 1.864197525095188723e+02 1.204767459181331759e+02
2.577038219630340609e+04 2.327984026021383954e+02 5.750123913252089380e+01 1.866736792482049054e+02 1.214439164661226442e+02
2.577080457930453849e+04 2.337121432466819329e+02 5.728770605775247304e+01 1.868942974075261532e+02 1.224191101811181142e+02
2.577123205872674589e+04 2.346084966845775739e+02 5.708930156955683088e+01 1.870683895151186391e+02 1.234038311760617290e+02
2.577164415291450132e+04 2.354463047909821398e+02 5.690814415323217190e+01 1.872479475428917226e+02 1.243874668079467654e+02
2.577209130704412746e+04 2.363619819122902470e+02 5.673013274184854993e+01 1.873742563290412022e+02 1.253787765141693313e+02
2.577254812411318198e+04 2.373228520289403036e+02 5.668331530376479321e+01 1.873962069029890358e+02 1.263784381510177468e+02
2.577296608195826775e+04 2.382136360841404610e+02 5.675299525805031209e+01 1.873588423461655736e+02 1.273759995973911288e+02
2.577341523328928452e+04 2.391938022527082239e+02 5.688201968931342378e+01 1.871505763187031164e+02 1.283534012253190895e+02
2.577389752593544108e+04 2.401447917202468716e+02 5.719884850400418941e+01 1.868463532609711706e+02 1.293059299896533787e+02
2.577436871712607899e+04 2.407757582807335837e+02 5.779371911106065340e+01 1.864653319555702922e+02 1.302186765695891495e+02
2.577486558134517327e+04 2.411047070653919207e+02 5.872132843292371263e+01 1.857157911360496598e+02 1.308490266024576840e+02
2.577534295651471257e+04 2.411454924424633077e+02 5.972507176260685213e+01 1.847414524770887851e+02 1.310740207201695569e+02
2.577578365657578252e+04 2.410533040540570369e+02 6.068050881497157434e+01 1.837608494742582081e+02 1.312264661567181747e+02
2.577625123925229491e+04 2.410057746697225696e+02 6.174732506597673165e+01 1.827665011419905454e+02 1.311205396650211412e+02
2.577672185748762422e+04 2.411070869256255094e+02 6.280818055811293732e+01 1.817725904030286301e+02 1.310387199029916587e+02
2.577713572746638965e+04 2.412540767987956087e+02 6.372709270348516952e+01 1.807741370587962990e+02 1.310919135627541436e+02
2.577754447610065108e+04 2.414341846050725167e+02 6.465713667018498256e+01 1.797752107736316418e+02 1.311286883502243654e+02
2.577797773586634139e+04 2.416721615182447351e+02 6.564933040582319279e+01 1.787819421691399953e+02 1.312385156982829528e+02
2.577838974836379930e+04 2.419092036847969780e+02 6.658420682503773946e+01 1.777968982440233674e+02 1.314101303461357304e+02
2.577880256738331809e+04 2.421261700582784897e+02 6.753814239163574484e+01 1.768085209373975033e+02 1.315612594983790018e+02
2.577922363168086304e+04 2.422490376855934358e+02 6.852588315428933186e+01 1.758253577277153283e+02 1.317439844979770385e+02
2.577962574549096462e+04 2.422825663832832390e+02 6.945656774886487028e+01 1.748389493619547466e+02 1.318849592035429055e+02
2.578004780713027867e+04 2.422562377505334439e+02 7.040910373764683072e+01 1.738401535212945248e+02 1.318483693607106773e+02
2.578047306786002810e+04 2.421786218299712345e+02 7.130526661965419066e+01 1.728438942027262613e+02 1.317746736467883579e+02
2.578088946129723990e+04 2.420949528413885901e+02 7.218057655392328797e+01 1.718477530683416035e+02 1.317419708338832720e+02
2.578135805156539209e+04 2.420684954994916893e+02 7.323308125064963292e+01 1.708674591951108539e+02 1.315457503157494727e+02
2.578182216648800022e+04 2.421643298585082960e+02 7.431998734025309261e+01 1.698897518327920579e+02 1.313751104259713998e+02
2.578224014798839562e+04 2.423452612233942318e+02 7.530140692095545774e+01 1.688911982445878834e+02 1.314288367707980001e+02
2.578267621564547517e+04 2.425548378021036342e+02 7.634841006111976469e+01 1.678936378399327509e+02 1.314962885014850542e+02
2.578309927138757848e+04 2.426999569272222175e+02 7.737619319605283863e+01 1.669008542709619576e+02 1.316123890004865018e+02
2.578348095184859631e+04 2.428391252985433084e+02 7.830547068804472133e+01 1.659119483755141857e+02 1.317497835074345005e+02
2.578388192102338144e+04 2.430100999998713576e+02 7.929969837915075459e+01 1.649129064320112548e+02 1.317925834641330027e+02
2.578427376149394331e+04 2.431363916397240814e+02 8.026148837948414894e+01 1.639178865509147442e+02 1.318792291883750352e+02
2.578463467111085629e+04 2.432165798259058818e+02 8.112872490779865586e+01 1.629293025089511104e+02 1.320135562905277595e+02
2.578504043882602127e+04 2.433069910489094241e+02 8.210065905295495270e+01 1.619301200463706607e+02 1.320056640882220051e+02
2.578544958485520328e+04 2.434284887928857302e+02 8.304056162240688366e+01 1.609333681706789037e+02 1.319702813147231382e+02
2.578585526210371609e+04 2.436234320144220362e+02 8.394172652025055470e+01 1.599384668019372953e+02 1.320698988249030208e+02
2.578629385883116265e+04 2.438792433566264606e+02 8.491210317536885555e+01 1.589467969860644132e+02 1.321986511882182072e+02
2.578673341661902668e+04 2.440478213185414802e+02 8.589128187637322753e+01 1.579622348176673370e+02 1.323648863885730975e+02
2.578716198765553054e+04 2.440568182124034138e+02 8.682631745727279338e+01 1.569879137873350885e+02 1.325681739205652434e+02
2.578763961355238280e+04 2.438214250298929926e+02 8.781244968420217845e+01 1.559960110190897353e+02 1.325349017721548250e+02
2.578810329492691744e+04 2.432770957458394037e+02 8.858393588530665852e+01 1.550330330023094234e+02 1.322691644668171023e+02
2.578856745692077675e+04 2.425245732714311657e+02 8.915525689767859774e+01 1.541798504307616042e+02 1.318106697111125243e+02
2.578907986089905171e+04 2.415406365807041027e+02 8.961939808788983441e+01 1.536435449886755009e+02 1.309765279704247121e+02
2.578957355674262726e+04 2.405313028775802593e+02 8.984583189332497000e+01 1.532947227045947898e+02 1.300395205498490441e+02
2.579004557144015780e+04 2.395737336590633220e+02 8.988855721668966225e+01 1.530634095435578672e+02 1.290772317914547500e+02
2.579054105909614736e+04 2.385994358748004913e+02 8.986264916898171862e+01 1.530423633443609788e+02 1.280775676304995159e+02
2.579105533821958306e+04 2.376328538114668163e+02 8.979540530430961098e+01 1.530146129442057372e+02 1.270782742469512669e+02
2.579160486595846305e+04 2.366160686930715258e+02 8.975027901167105426e+01 1.530799031567961208e+02 1.260839060152594726e+02
2.579213616052657744e+04 2.355927650447576127e+02 8.975909248390090056e+01 1.531806216408493526e+02 1.250989755581640281e+02
2.579261840107402168e+04 2.346180156344423438e+02 8.984783928894513849e+01 1.531068592842630380e+02 1.241035446382212513e+02
2.579310034893718330e+04 2.336105554193748048e+02 9.011340287435903917e+01 1.531026821477798308e+02 1.231040898431172366e+02
2.579354579558716796e+04 2.326817622002367614e+02 9.043795097621311641e+01 1.529697267773140368e+02 1.221204550816755727e+02
2.579395545343015692e+04 2.318016949139131384e+02 9.070439432416748105e+01 1.527411982067136762e+02 1.211553055352853079e+02
2.579436015677384785e+04 2.308935141178666299e+02 9.093355820997803107e+01 1.526635943302636917e+02 1.201598061843398142e+02
2.579476052292717941e+04 2.299669156424988614e+02 9.106925706271678678e+01 1.524886952645858287e+02 1.191755546361952440e+02
2.579512398779600335e+04 2.291024568288386263e+02 9.115554990308241656e+01 1.523382595954848853e+02 1.181912340168208004e+02
2.579550615174377526e+04 2.281393514649390397e+02 9.124333449644771576e+01 1.523342461157532171e+02 1.171913737191429448e+02
2.579586991844417571e+04 2.271932896015673293e+02 9.128640338096965934e+01 1.522947965534404489e+02 1.161960226313719033e+02
2.579621729150303509e+04 2.262842581902524444e+02 9.129727976985803650e+01 1.521871682764880518e+02 1.152059305182851148e+02
2.579657967433335216e+04 2.253465799847095923e+02 9.129913173331507892e+01 1.522651945727261023e+02 1.142120851429026374e+02
2.579694210910211041e+04 2.244243173786919101e+02 9.128985727975450004e+01 1.524320369007617160e+02 1.132268520850724656e+02
2.579732230957076899e+04 2.234856232322066489e+02 9.127884261195440274e+01 1.525168656041265081e+02 1.122312048016288060e+02
2.579768802134212820e+04 2.225948527117191702e+02 9.130922100346541015e+01 1.525849719483856006e+02 1.112352375647773783e+02
2.579804669153249779e+04 2.216982827573679060e+02 9.139649095200239515e+01 1.526982472837022726e+02 1.102434157093486107e+02
2.579841473505743124e+04 2.207494984058446903e+02 9.155417643531106364e+01 1.526721971024914808e+02 1.092468442303023579e+02
2.579876550009498533e+04 2.198334607712097579e+02 9.178829854184543535e+01 1.525504302078387013e+02 1.082546749345387553e+02
2.579912691295968398e+04 2.189017881641106840e+02 9.204094189409239846e+01 1.524514705332298377e+02 1.072599170291134101e+02
2.579948842030520245e+04 2.180041358660734829e+02 9.222652439093556609e+01 1.522713003045667790e+02 1.062784557701588710e+02
2.579984836669734068e+04 2.170994037143344428e+02 9.239871711335523230e+01 1.520583036806133919e+02 1.053055376763204833e+02
2.580024492327430926e+04 2.160995939192906405e+02 9.252627306483798009e+01 1.520048531785105581e+02 1.043079702357377414e+02
2.580064256923784706e+04 2.151509905209411784e+02 9.249878465560379937e+01 1.519834655221472133e+02 1.033093614870227270e+02
2.580102795438044996e+04 2.142665331692974746e+02 9.238109377563952762e+01 1.519817637340860585e+02 1.023179674050471419e+02
2.580145816739829388e+04 2.132757990439713467e+02 9.227801359596719522e+01 1.521841237241781641e+02 1.013388690123840092e+02
2.580190755459429784e+04 2.122704522832045200e+02 9.217927557535200833e+01 1.523493388754170326e+02 1.003573763991823142e+02
2.580234741499055963e+04 2.112943253724955923e+02 9.210249175218493178e+01 1.524338715254727390e+02 9.936465640877457872e+01
2.580278818231383411e+04 2.102908362682026677e+02 9.213841483162934765e+01 1.526158959265526107e+02 9.838211171570041813e+01
2.580323882100370611e+04 2.093013553785080205e+02 9.222053236458923209e+01 1.526725717691763009e+02 9.738896382505352278e+01
2.580368379467848354e+04 2.083503992364576618e+02 9.232962446699760051e+01 1.526431487149390307e+02 9.639343996580539908e+01
2.580416198648448335e+04 2.073132185931200695e+02 9.242566758985685738e+01 1.527190973998573611e+02 9.539697416009526876e+01
2.580462438087426926e+04 2.063196471635993987e+02 9.243825422686032312e+01 1.527159248382693875e+02 9.439775873003890183e+01
2.580508109853839051e+04 2.053680283344168629e+02 9.245507822759451244e+01 1.527249455209739040e+02 9.340286245678488797e+01
2.580554885425839166e+04 2.044483287369806419e+02 9.254313854216879065e+01 1.528173011429581436e+02 9.241119826798703230e+01
2.580605407132420805e+04 2.034873198754485202e+02 9.270366395004775484e+01 1.527654673774114258e+02 9.141276057919083087e+01
2.580660693307457768e+04 2.025144117549832004e+02 9.284283065271624480e+01 1.527176006469112508e+02 9.041512747649812809e+01
2.580720313101337888e+04 2.017416416814000684e+02 9.294868009417696442e+01 1.526842135039014181e+02 8.941909010362563492e+01
2.580821485165823105e+04 2.010691242721990193e+02 9.311658646063915512e+01 1.525822218469466804e+02 8.842697851805461084e+01
2.580970773034642843e+04 1.999697120541649156e+02 9.357815945746892794e+01 1.524295087066136034e+02 8.746630821200784567e+01
2.581038417126188142e+04 1.988731163898751788e+02 9.425797048213112816e+01 1.519300404083834053e+02 8.660061860973533499e+01
2.581087656881508519e+04 1.980825912125545756e+02 9.497239986077812546e+01 1.514079531999666983e+02 8.574802308932744666e+01
2.581134003371946164e+04 1.973853838392921602e+02 9.573127594045791966e+01 1.508321344453409267e+02 8.494062769075492270e+01
2.581177435976883862e+04 1.967801815331816613e+02 9.648801363209204851e+01 1.501313554021444077e+02 8.422737319421696611e+01
2.581221839664127037e+04 1.962148562673100685e+02 9.730207007060319313e+01 1.494549763856360016e+02 8.349112035380014163e+01
2.581267196628870443e+04 1.956821815176108430e+02 9.811626908119039570e+01 1.487505174259894147e+02 8.278669312872651176e+01
2.581311772057292546e+04 1.952125501135288630e+02 9.889742123426788112e+01 1.479691190403039514e+02 8.216266601466357145e+01
2.581359013544844856e+04 1.947624568604848037e+02 9.975215078319811823e+01 1.471640605963379471e+02 8.157126872197767398e+01
2.581407705256418922e+04 1.943187458422450788e+02 1.006245588143062832e+02 1.463030654290518271e+02 8.106574890007961187e+01
2.581454970177509313e+04 1.939634774251750287e+02 1.014766599529929181e+02 1.454495796812414881e+02 8.055383159135629967e+01
2.581504298140397077e+04 1.937468734456657842e+02 1.024570657563752576e+02 1.446062821421483022e+02 8.003253551070986305e+01
2.581554867591953007e+04 1.936549911210592825e+02 1.035537236934902552e+02 1.436565476284506246e+02 7.974020755422917262e+01
2.581601492243587199e+04 1.936742272466773329e+02 1.045997349190857761e+02 1.426750309950225812e+02 7.955097873732523794e+01
2.581644566326548738e+04 1.937289867517743289e+02 1.055761318371748274e+02 1.416904593151206768e+02 7.939382346051102957e+01
2.581686977326556007e+04 1.937597175895379848e+02 1.065668561623508168e+02 1.406935070109818753e+02 7.931655997630080890e+01
2.581728708178141824e+04 1.937937587498080347e+02 1.075793956063504595e+02 1.397026821241927905e+02 7.918889654433934311e+01
2.581768369737718240e+04 1.938149824399267516e+02 1.085592330274481583e+02 1.387128818064385314e+02 7.905757280193607528e+01
2.581806457580292408e+04 1.938176505481312404e+02 1.095003485358292750e+02 1.377155329461352267e+02 7.898500792847083574e+01
2.581845170337196032e+04 1.938680257496907871e+02 1.104268830627206057e+02 1.367261175647019797e+02 7.885350081162876279e+01
2.581886085288866889e+04 1.939358094266762009e+02 1.113722525449944385e+02 1.357382596426267867e+02 7.871878109881400576e+01
2.581930302212378592e+04 1.939354258312043555e+02 1.123790348289642083e+02 1.347394633533896808e+02 7.866981269016064005e+01
2.581977981110610926e+04 1.939604935253362612e+02 1.134453183712074207e+02 1.337538003655189698e+02 7.853253417034765960e+01
2.582026837131940556e+04 1.941897897763614083e+02 1.144779484717991380e+02 1.327715575235797587e+02 7.837873094068395119e+01
2.582073402384405927e+04 1.946695469611668443e+02 1.153664065263674985e+02 1.317777172040781579e+02 7.843211784402157605e+01
2.582117925473715513e+04 1.953126106580582189e+02 1.161967096149450072e+02 1.308156822884125745e+02 7.868427535645268733e+01
2.582157924914328760e+04 1.959656267314115041e+02 1.169687518203472223e+02 1.299260128854659797e+02 7.912961062695194414e+01
2.582192625586287249e+04 1.966065300192066161e+02 1.175951656741206364e+02 1.290847149883737472e+02 7.967015984785213334e+01
2.582226784881027197e+04 1.972647391569825004e+02 1.181725238726034917e+02 1.282315977982111121e+02 8.019154163563753457e+01
2.582260806327344108e+04 1.978736132168476161e+02 1.187753621781922249e+02 1.274254816768795422e+02 8.077360057731344511e+01
2.582294631870560988e+04 1.984601561247299912e+02 1.194104226864759823e+02 1.266662262231223224e+02 8.142328443507288682e+01
2.582327476211862086e+04 1.990460344279221658e+02 1.200088588134365040e+02 1.258576001402686302e+02 8.201010731886884741e+01
2.582361094049470921e+04 1.996056502812192832e+02 1.206259398369184623e+02 1.250297967616722303e+02 8.257094127697459385e+01
2.582395940495949981e+04 2.001136886180695740e+02 1.212991198875226218e+02 1.242329193775682512e+02 8.317377935703547109e+01
2.582431055555442435e+04 2.006115312911349804e+02 1.219698352217252761e+02 1.234125255438168125e+02 8.373748394095468939e+01
2.582469754718522745e+04 2.011680213378084261e+02 1.227110967339930880e+02 1.225217053330453751e+02 8.419089551610302635e+01
2.582509888632066213e+04 2.016920143932912026e+02 1.235182590368067679e+02 1.216473364404760105e+02 8.467136991213772035e+01
2.582549538929282062e+04 2.021623057339010927e+02 1.243502075307557675e+02 1.207635257676890177e+02 8.512677752449940272e+01
2.582590449598665509e+04 2.025853131550326509e+02 1.252187815249188958e+02 1.198155310448576074e+02 8.544231453937695164e+01
2.582630013249436888e+04 2.028664963996806421e+02 1.260708311692607566e+02 1.188681086941744667e+02 8.575861657654256476e+01
2.582669000587318806e+04 2.030513670899078136e+02 1.269462045881262497e+02 1.179080610867672902e+02 8.600779703528954201e+01
2.582711649568247230e+04 2.031919622195141528e+02 1.279266454574192977e+02 1.169117761789154599e+02 8.607686128358683675e+01
2.582756685822082727e+04 2.032902849659905655e+02 1.289396042781775975e+02 1.159144366872122447e+02 8.613425170520557117e+01
2.582802957495866576e+04 2.034320190905628749e+02 1.299595316943430703e+02 1.149177083976735361e+02 8.617047374892779033e+01
2.582850774510823612e+04 2.036264089869553118e+02 1.310105203874211099e+02 1.139181266231256586e+02 8.614985197856096022e+01
2.582897956002685896e+04 2.038062981961256526e+02 1.320549862875631106e+02 1.129204038157296281e+02 8.619667386341762949e+01
2.582943984143747730e+04 2.039689135621373168e+02 1.330591727685667536e+02 1.119235866378185023e+02 8.622275007844039862e+01
2.582989228020111477e+04 2.040644988217505329e+02 1.340197498102146199e+02 1.109248705705899738e+02 8.621784582033350830e+01
2.583034431705331735e+04 2.041304766129800896e+02 1.349787245491647809e+02 1.099258961649130129e+02 8.626303349813601073e+01
2.583080962462280513e+04 2.042638084962541996e+02 1.359248727387984275e+02 1.089269057559602061e+02 8.626230169507570622e+01
2.583128286820522771e+04 2.043694424621625103e+02 1.368085913841111108e+02 1.079349389947390705e+02 8.632132570698303198e+01
2.583181238510219191e+04 2.044650536519408774e+02 1.377110147606084638e+02 1.069452396706368944e+02 8.636697378401514413e+01
2.583252307557757013e+04 2.046560535655789010e+02 1.385058515498741372e+02 1.059513037858919802e+02 8.637708261550632471e+01
2.584968304224694657e+04 2.047563362918962753e+02 1.375600602131730739e+02 1.057334556838415551e+02 8.655240692577211803e+01
2.586423112242423667e+04 2.049694131505603423e+02 1.374410342739442115e+02 1.064541543968696971e+02 8.665605360932889312e+01
2.587218563487215579e+04 2.049876964692225840e+02 1.382478873570659914e+02 1.054685999446269307e+02 8.648777178850833991e+01
2.587629844606740517e+04 2.051076935839168129e+02 1.388547114501030535e+02 1.046084125988163720e+02 8.612245685218664448e+01
2.589798230508404595e+04 2.058039535844772558e+02 1.387806537035728809e+02 1.045931602895067272e+02 8.663531210821324180e+01
2.590911346700450667e+04 2.060477031006334130e+02 1.395996542361291120e+02 1.037049097963525810e+02 8.683595748465256747e+01
2.591167359996895539e+04 2.060410921792876309e+02 1.405536269040050286e+02 1.027060912314977514e+02 8.681475180390523860e+01
2.593331387665421425e+04 2.060396766273803735e+02 1.413428018238098502e+02 1.017305003632100835e+02 8.671121292110527179e+01
2.595005011166380064e+04 2.066987486320791447e+02 1.425117174247777996e+02 1.010586543273156082e+02 8.648698659255053656e+01
2.595158012012108520e+04 2.066383351434976987e+02 1.435416550743450443e+02 1.000633288581467752e+02 8.649546291942003506e+01
2.595279720965411252e+04 2.065862832935400775e+02 1.447501702810102699e+02 9.907529755577607489e+01 8.635248845959225150e+01
2.595363140483453753e+04 2.067153742639394238e+02 1.459446744697675058e+02 9.808134994316367283e+01 8.626031161873081032e+01
2.595431705018662979e+04 2.069194717700682418e+02 1.470472355295768807e+02 9.708290634629292981e+01 8.620457232932388081e+01
2.595491172462012037e+04 2.070514233340762473e+02 1.479697420761987132e+02 9.608632459192507724e+01 8.625323009521282813e+01
2.595550048286937090e+04 2.071469053456582969e+02 1.488357634925004902e+02 9.508887814348737777e+01 8.632349477795710868e+01
2.595617546144189691e+04 2.074459308208002142e+02 1.497915656536274014e+02 9.411343821398655507e+01 8.652704840529754904e+01
2.595696386081238961e+04 2.080617733080355265e+02 1.504363964901051816e+02 9.312355342795117963e+01 8.664479676725969171e+01
2.595790782726079851e+04 2.086368367616859985e+02 1.510554730807853048e+02 9.212836509920627748e+01 8.658413906278138938e+01
2.595893000279171974e+04 2.088422910282091891e+02 1.519201065018312136e+02 9.113327525207019164e+01 8.648522531091003884e+01
2.596003239088047485e+04 2.087794248268961326e+02 1.528344890946648604e+02 9.015793856657440131e+01 8.627355288242996778e+01
2.596200536915882913e+04 2.086129322580579526e+02 1.538569535998553022e+02 8.918947748951525512e+01 8.602439703368199275e+01
2.596375553578442123e+04 2.087106646345542629e+02 1.539327748775578186e+02 8.986890919526476296e+01 8.610636763687359974e+01
2.596439682978544079e+04 2.088645085172507834e+02 1.531089884972993502e+02 9.085090320973887401e+01 8.628051059946821510e+01
2.596492221571604387e+04 2.090541830891451127e+02 1.518584103237480463e+02 9.184968987106638849e+01 8.630311205738415481e+01
2.596537302275366528e+04 2.091407118671689886e+02 1.506681102305627178e+02 9.284648406770493523e+01 8.629724293912936162e+01
2.596576043517938160e+04 2.090409514528836326e+02 1.496118532071439233e+02 9.383966857640703552e+01 8.640948090887806643e+01
2.596614936741753263e+04 2.088509604927646137e+02 1.485689713451896239e+02 9.483836733598415947e+01 8.645312557178154123e+01
2.596651524350429099e+04 2.086602767107558805e+02 1.476428883911462151e+02 9.583553049474913621e+01 8.649084824116016534e+01
2.596687346639010138e+04 2.085130384992591530e+02 1.467692562837461026e+02 9.682578340997029898e+01 8.662934969315338662e+01
2.596726628519410951e+04 2.083809374747461334e+02 1.458438288920064565e+02 9.782072619972598204e+01 8.670191775461036343e+01
2.596764846004628998e+04 2.082020362595263521e+02 1.449050315070087720e+02 9.881876182694159638e+01 8.669595896675164681e+01
2.596802026836764344e+04 2.080247600232993648e+02 1.439457338033413976e+02 9.981394858334175524e+01 8.679395411768513213e+01
2.596842006385746572e+04 2.078691570372872377e+02 1.428972272223453786e+02 1.008100529262827649e+02 8.685319577531102198e+01
2.596879419344320195e+04 2.076518432984806566e+02 1.419561624021729642e+02 1.018091923550764193e+02 8.681966014043656799e+01
2.596917518603404096e+04 2.073662949850039467e+02 1.410115963651747109e+02 1.028091096363149717e+02 8.681833926597276729e+01
2.596955907626740009e+04 2.070993126024278013e+02 1.400450466140272567e+02 1.038052945195579326e+02 8.675781804548182663e+01
2.596991319206041589e+04 2.068765501985066066e+02 1.391345965248722507e+02 1.047951063958808646e+02 8.662328375658380253e+01
2.597028120654655868e+04 2.066414803128723179e+02 1.381523677271571842e+02 1.057932385134093352e+02 8.659870281115458113e+01
2.597063268950175188e+04 2.064414492443863196e+02 1.371987298494370862e+02 1.067915583664233736e+02 8.663937152906362371e+01
2.597096812776453226e+04 2.062514726836460852e+02 1.362944717599912678e+02 1.077912116939124019e+02 8.661304439919133813e+01
2.597132133082911605e+04 2.060539658350534751e+02 1.353543641521424092e+02 1.087905766093658428e+02 8.660805270843918890e+01
2.597166889972163335e+04 2.058921748269433181e+02 1.344402766674149632e+02 1.097896009814325851e+02 8.664636879519862589e+01
2.597204047946696301e+04 2.057092722530275068e+02 1.334704956807169651e+02 1.107891962132729731e+02 8.663354368198193356e+01
2.597241485118361743e+04 2.054737756558309627e+02 1.325098651833959309e+02 1.117880542420541019e+02 8.660231156638322148e+01
2.597278499565341917e+04 2.052559051120951779e+02 1.315620867031539944e+02 1.127876904818650274e+02 8.661417970927709575e+01
2.597316349797811927e+04 2.050509251887147855e+02 1.306081244071394565e+02 1.137858874521946433e+02 8.656539663853578759e+01
2.597353122917764995e+04 2.048222143672588516e+02 1.297192540121224624e+02 1.147819088765803031e+02 8.649303774027160330e+01
2.597390658759524740e+04 2.045395193374613996e+02 1.288124507711808349e+02 1.157815764274377983e+02 8.648811803970447443e+01
2.597429247188999216e+04 2.041843609066256136e+02 1.278926162720570119e+02 1.167736980959331277e+02 8.639249636665255139e+01
2.597466383061321176e+04 2.037395076583016476e+02 1.270538594957447458e+02 1.177478398874118426e+02 8.616659207132028087e+01
2.597503357391968166e+04 2.032047554697433043e+02 1.262364706452414538e+02 1.187185013684256347e+02 8.592651529801554489e+01
2.597539096617788528e+04 2.026674108118139088e+02 1.254533119374024466e+02 1.196661372260830092e+02 8.561770128333398588e+01
2.597574189932016088e+04 2.021050928929683721e+02 1.247295937679436832e+02 1.205689841704858765e+02 8.518773933223454264e+01
2.597612107572520472e+04 2.014557885484777557e+02 1.239907372069023239e+02 1.214756556466113153e+02 8.476618237024732139e+01
2.597651537049908438e+04 2.008159719078666967e+02 1.232389925483365545e+02 1.223724710917707768e+02 8.432890711365658376e+01
2.597692233589413445e+04 2.001841101951095254e+02 1.224738550853385135e+02 1.232261164093799550e+02 8.380839096708737657e+01
2.597735235891370030e+04 1.995095004102260248e+02 1.216505910797566798e+02 1.241116837597996891e+02 8.334781683607241121e+01
2.597775256652943790e+04 1.989518161035966273e+02 1.208026471709282106e+02 1.250262838761418180e+02 8.294598483366861785e+01
2.597812297200853936e+04 1.984828957629436843e+02 1.199685742461715137e+02 1.259209952220532074e+02 8.250073712334548759e+01
2.597850646245255484e+04 1.979564034917629840e+02 1.190992513234166523e+02 1.268522261392011217e+02 8.214121448425906635e+01
2.597887938062329704e+04 1.974732448460689795e+02 1.182337636470300026e+02 1.278043604936083426e+02 8.183938375901703921e+01
2.597922666504409426e+04 1.970623996661819604e+02 1.173876418549570957e+02 1.287337120766528358e+02 8.147023576795683653e+01
2.597956813691976640e+04 1.966439317948873793e+02 1.165373933076052992e+02 1.296811499149760607e+02 8.116119795062984110e+01
2.597989876790959170e+04 1.962699011528586936e+02 1.156877670947872616e+02 1.306607096304288973e+02 8.096123267161803483e+01
2.598023442807728861e+04 1.959441292390564797e+02 1.148114695785911863e+02 1.316265665308558823e+02 8.070490016959571733e+01
2.598057614598994041e+04 1.956117666660454120e+02 1.139491481361104661e+02 1.325865376984596651e+02 8.043147190703901117e+01
2.598092651804127672e+04 1.952448623710616005e+02 1.130897124366476874e+02 1.335729083943799367e+02 8.027058071853892329e+01
2.598127822089754773e+04 1.948700221172671263e+02 1.122668602805082969e+02 1.345593358281310543e+02 8.011981520433329251e+01
2.598162949552536884e+04 1.944387802461148453e+02 1.114946124014427511e+02 1.355246233968321690e+02 7.985931955893303780e+01
2.598198451123691484e+04 1.939074207505158256e+02 1.107651699761040049e+02 1.364859795270635630e+02 7.958489022384897282e+01
2.598234485967949513e+04 1.933341958238226823e+02 1.100428057605099497e+02 1.374401780271015525e+02 7.929547069771550127e+01
2.598270619511103723e+04 1.927671666774067489e+02 1.093246368519560718e+02 1.383406911738776728e+02 7.886421421127536746e+01
2.598307607462694432e+04 1.921707977436848864e+02 1.086258289102953825e+02 1.392199112239765384e+02 7.839112140611698010e+01
2.598344686883770919e+04 1.915397539405039709e+02 1.079265815104635635e+02 1.401310910145888045e+02 7.797976042499516325e+01
2.598381078630974662e+04 1.909237562774013952e+02 1.072272276236693358e+02 1.410078329839723210e+02 7.750251211193827316e+01
2.598416822790481820e+04 1.903095124506919547e+02 1.065679486235183333e+02 1.418511165521620683e+02 7.696603688220557160e+01
2.598452195862485314e+04 1.896618001400312892e+02 1.059183429875723306e+02 1.427259280421798167e+02 7.648191182412720934e+01
2.598488000087926048e+04 1.890176171218506340e+02 1.052438950754200846e+02 1.435901867028645995e+02 7.598339324052318489e+01
2.598523901913640657e+04 1.883761956492732850e+02 1.045899073772516061e+02 1.444065314596925305e+02 7.540597549301425317e+01
2.598560359870507818e+04 1.876945991070290347e+02 1.039662117099930185e+02 1.452529457978485823e+02 7.487632741981154538e+01
2.598597487710034329e+04 1.869808099405938151e+02 1.033559605846424176e+02 1.461183564190672257e+02 7.437968588128077840e+01
2.598634476141799678e+04 1.862444129954236018e+02 1.027664373906103208e+02 1.469189494387549075e+02 7.378134062256492598e+01
2.598671919593235725e+04 1.854439527459780948e+02 1.022341306427213965e+02 1.477024296763032112e+02 7.316060729313993249e+01
2.598708858412790505e+04 1.846648160490130408e+02 1.016868966733427726e+02 1.484844429967953090e+02 7.254071014716629406e+01
2.598745925581509800e+04 1.839789415419389229e+02 1.010276199749465889e+02 1.492015411896949502e+02 7.184377312919011160e+01
2.598783708855009536e+04 1.833656024235620521e+02 1.002889908304434812e+02 1.499630526609441858e+02 7.120826923233173034e+01
2.598820525301735324e+04 1.828802105044267421e+02 9.949839755755526483e+01 1.508451274541197336e+02 7.073773661782975353e+01
2.598858303458706359e+04 1.825511036766525592e+02 9.859977611935261166e+01 1.517518020020723100e+02 7.031708122631599167e+01
2.598896805238487286e+04 1.823051279698993312e+02 9.763407490815947654e+01 1.526999783630410548e+02 7.003307267462486152e+01
2.598934786364122556e+04 1.821287471599556795e+02 9.666243981242993755e+01 1.536977108879009961e+02 6.998363473388083378e+01
2.598973816145828459e+04 1.820041061356423597e+02 9.568267338974955294e+01 1.546974506553484900e+02 6.998470813658549616e+01
2.599011790196377842e+04 1.818566177739685656e+02 9.475159929281770133e+01 1.556943816406718781e+02 7.000486143063834277e+01
2.599050513213527302e+04 1.816949608784789234e+02 9.380515559592551256e+01 1.566880219047288278e+02 7.011305421785903036e+01
2.599092062555536540e+04 1.815586515287795919e+02 9.281826635828792860e+01 1.576860132504521346e+02 7.013529527943286723e+01
2.599134028154921543e+04 1.813961636630928069e+02 9.185246879996583402e+01 1.586840150230146378e+02 7.011281878346935059e+01
2.599175511569338414e+04 1.811959577268011685e+02 9.088822404064124783e+01 1.596826846630812895e+02 7.015349606538912042e+01
2.599216821400516346e+04 1.810231909308142235e+02 8.992154282785148212e+01 1.606805153594714568e+02 7.011271515559234047e+01
2.599256680688757115e+04 1.808637844311608660e+02 8.901439216207897687e+01 1.616747014343518742e+02 7.006483443071743977e+01
2.599297446507202039e+04 1.807312818135730481e+02 8.811569529105825893e+01 1.626719292200200471e+02 7.012710001145990191e+01
2.599341900264829383e+04 1.806414166294630945e+02 8.716894039640568792e+01 1.636718857476957396e+02 7.012481074199030218e+01
2.599386999132647179e+04 1.805270780000979869e+02 8.624995034868085497e+01 1.646656472359639736e+02 7.017792518332966267e+01
2.599434257350840562e+04 1.803820592469056123e+02 8.534826267795267540e+01 1.656528343302768462e+02 7.029416612599322889e+01
2.599484938611996768e+04 1.802252467709550956e+02 8.442011922298483739e+01 1.666520556389845922e+02 7.028150137022461763e+01
2.599538995766771041e+04 1.800325601487187441e+02 8.350706677038944292e+01 1.676511385756473089e+02 7.032418669091869390e+01
2.599598899307052852e+04 1.797840057146566153e+02 8.259786312150443166e+01 1.686471710300853317e+02 7.030971819449355564e+01
2.599662070784328171e+04 1.794846435897968320e+02 8.185606604038964917e+01 1.696405487294713055e+02 7.020648067173968343e+01
2.599768817890428181e+04 1.791530140225948173e+02 8.139116311866864351e+01 1.706141738066529854e+02 7.005585974846341912e+01
2.600194113426700278e+04 1.789675115057644916e+02 8.150652555684310130e+01 1.708204009355884239e+02 7.004582508575848010e+01
2.600721161316351208e+04 1.787670293577861003e+02 8.189486307741522353e+01 1.700289108155725160e+02 7.008500117002137131e+01
2.600831749092345490e+04 1.786070033461116964e+02 8.175618445884546759e+01 1.691976319540241889e+02 6.955866986608667446e+01
