# ts_seconds,x,y,gt_x,gt_y
2.612283694361956805e+04 1.712331953290753006e+02 6.853704355158872374e+01 1.712331953290753006e+02 6.853704355158872374e+01
2.613447094100726099e+04 1.709460773829163998e+02 7.009850439565356339e+01 1.702491281133190739e+02 6.836041652310875349e+01
2.613546345732649206e+04 1.709169696246132446e+02 7.137295119558213230e+01 1.692552730632527869e+02 6.826332564036967199e+01
2.613601585532281388e+04 1.708811745047555064e+02 7.241602052474081574e+01 1.682574170741850423e+02 6.830927470808251201e+01
2.613655694218635836e+04 1.708522813118005388e+02 7.348767870706835481e+01 1.672613221828579810e+02 6.822230693953999037e+01
2.613709313468336404e+04 1.708362687031963105e+02 7.458481873033287002e+01 1.662621514595097381e+02 6.818689711512666918e+01
2.613761475849134877e+04 1.708756806507838633e+02 7.556761235695114465e+01 1.652631978016276264e+02 6.819540113324275410e+01
2.613811901281179598e+04 1.709937670161221774e+02 7.646192718352243389e+01 1.642707797784925674e+02 6.809701159480877664e+01
2.613867590674904568e+04 1.710279491476576652e+02 7.750990273889266291e+01 1.632771382546756342e+02 6.819591144127142002e+01
2.613925060599861536e+04 1.711644136236752445e+02 7.870936484718407655e+01 1.622787640199925647e+02 6.815109334353903137e+01
2.613975112049577365e+04 1.713130685879859527e+02 7.981804005991305928e+01 1.612831407828605279e+02 6.822670400753226261e+01
2.614019529720818537e+04 1.713961954392768519e+02 8.082711553378418046e+01 1.603074635515420425e+02 6.843385976798977310e+01
2.614060970635529156e+04 1.714501564829108986e+02 8.182435324384749720e+01 1.593074974841103995e+02 6.843399057104748806e+01
2.614101534264364091e+04 1.714798817587158055e+02 8.277927175640471091e+01 1.583081632806864718e+02 6.842283366084306806e+01
2.614140587975272138e+04 1.715563881295780391e+02 8.366011664579175999e+01 1.573116984571371972e+02 6.849629539174125625e+01
2.614180748233122358e+04 1.717169924025580769e+02 8.457780568144961819e+01 1.563125060311236325e+02 6.845933792303091536e+01
2.614221648224103774e+04 1.719552553072888372e+02 8.547962258747146791e+01 1.553151957340533897e+02 6.849039580035419306e+01
2.614260110735056151e+04 1.722467358362175958e+02 8.627891632961528501e+01 1.543389673971009870e+02 6.870708347223884971e+01
2.614302510007812816e+04 1.726936871477685429e+02 8.713785846937166468e+01 1.533665687371509421e+02 6.893152150819167900e+01
2.614346185408213933e+04 1.732130565326158660e+02 8.804583398545254624e+01 1.524580593932940928e+02 6.934558389447703064e+01
2.614386644272230478e+04 1.737462354328165191e+02 8.885218833026544871e+01 1.516199468373823720e+02 6.989032722641103135e+01
2.614427095237929461e+04 1.743640283169133340e+02 8.959745012724572177e+01 1.507502385033060364e+02 7.038119692907636704e+01
2.614468370138321188e+04 1.750182199690379434e+02 9.034522686919504508e+01 1.499687697719165840e+02 7.100393915206065287e+01
2.614506832022933304e+04 1.756734218723868253e+02 9.101786387378405152e+01 1.492531764438896005e+02 7.170201968550080096e+01
2.614547537659277805e+04 1.764416368197750558e+02 9.167257754616984755e+01 1.484928330310669935e+02 7.235147369364962344e+01
2.614588246529676690e+04 1.771494068166866214e+02 9.235284927754325679e+01 1.477665332667763778e+02 7.303590598533747880e+01
2.614628133091472773e+04 1.778071925816032888e+02 9.304001072286261831e+01 1.471569978250178963e+02 7.382649838133370679e+01
2.614672947419229240e+04 1.785858586684559555e+02 9.384211623237607114e+01 1.464186405442864896e+02 7.450039609097291304e+01
2.614716228509071152e+04 1.792524883699868212e+02 9.474185910560498769e+01 1.456396969949593938e+02 7.512669362375685012e+01
2.614754594458303836e+04 1.798484890280178661e+02 9.551551086839072013e+01 1.449067432385093639e+02 7.580476279974135423e+01
2.614793617712456398e+04 1.805044189991222083e+02 9.627146742901904020e+01 1.440789039858637182e+02 7.636566315902442170e+01
2.614833309650430601e+04 1.810951568871373922e+02 9.710915112373587021e+01 1.432750114040879907e+02 7.695871065980801973e+01
2.614869904994139142e+04 1.815969794214350372e+02 9.791925908309596593e+01 1.425366250683823068e+02 7.762924347782039547e+01
2.614909245914990242e+04 1.821601122599847997e+02 9.877954739680268403e+01 1.416722751786526260e+02 7.813153249804392431e+01
2.614945807259634967e+04 1.826527875069125741e+02 9.953600774909931204e+01 1.407840074574375535e+02 7.858825481380615940e+01
2.614981066435376852e+04 1.830729887684523760e+02 1.003131561635571671e+02 1.399580275144229233e+02 7.915058319357964933e+01
2.615019977864253815e+04 1.835234969493922392e+02 1.012226506576335794e+02 1.390705585942881726e+02 7.961069065200345563e+01
2.615057866422177904e+04 1.838993483994216831e+02 1.021162582387084967e+02 1.381580095071638254e+02 8.001749270007272230e+01
2.615092826010770659e+04 1.842195170030268798e+02 1.029691388438060358e+02 1.372940406705219232e+02 8.052029996156537095e+01
2.615131206338362608e+04 1.845826764221132237e+02 1.039311206712792739e+02 1.363873302179362383e+02 8.093890041716349515e+01
2.615167571421985485e+04 1.847685142180373816e+02 1.048840853014563521e+02 1.354286772403258965e+02 8.122347683482941250e+01
2.615202909980573168e+04 1.848841418894777746e+02 1.058536612487466329e+02 1.344667846860336056e+02 8.149523178587448058e+01
2.615237812567107540e+04 1.850509750675301177e+02 1.068166976697411599e+02 1.334831194813443176e+02 8.167023562926860336e+01
2.615270072866752525e+04 1.851909696984630784e+02 1.076983451034911354e+02 1.324857973893130350e+02 8.173842752842783455e+01
2.615304597621567518e+04 1.853246461210624432e+02 1.086737889011821068e+02 1.314962743307349911e+02 8.188257458297302094e+01
2.615337463230639696e+04 1.855682592378431934e+02 1.095540573366644566e+02 1.305091406308310695e+02 8.204083398919335934e+01
2.615371076725419698e+04 1.858492003386513431e+02 1.104164539566618544e+02 1.295137379067653569e+02 8.213660675328803507e+01
2.615405699973466471e+04 1.860690453915630087e+02 1.112737598752640764e+02 1.285223705471937876e+02 8.225507991504211702e+01
2.615438032766821561e+04 1.862731731915637852e+02 1.120416733996678857e+02 1.275575620930805769e+02 8.251658278746199926e+01
2.615473529882058210e+04 1.866036085447560708e+02 1.128312745716291801e+02 1.265743118347495084e+02 8.269814227927470540e+01
2.615509177190303672e+04 1.870757510089821380e+02 1.134849615432259782e+02 1.255907238979060878e+02 8.286241650712068463e+01
2.615545145712335943e+04 1.876887128679520060e+02 1.139949432624445222e+02 1.246753214541542576e+02 8.325445094300899029e+01
2.615581215710219112e+04 1.883422305856223602e+02 1.143324291986929069e+02 1.238927053499700150e+02 8.387535657310012027e+01
2.615625092747618328e+04 1.890859421104049716e+02 1.146820107512373426e+02 1.232154325570882065e+02 8.460614759955227271e+01
2.615677269230568345e+04 1.896269091241302647e+02 1.152353442980041933e+02 1.227066229638598145e+02 8.546587570759848518e+01
2.615736649224172288e+04 1.899990943586286107e+02 1.162895377621839685e+02 1.220454882760351722e+02 8.617567574202242042e+01
2.615787513384866543e+04 1.902349281435977844e+02 1.174907743316793471e+02 1.210646522816887227e+02 8.636769745534724052e+01
2.615830897353751425e+04 1.902563193675952675e+02 1.185825525783771326e+02 1.200703360731080238e+02 8.647262174467803675e+01
2.615870824153950525e+04 1.902982191778683614e+02 1.195746662253232557e+02 1.190730393048144435e+02 8.650669498508054289e+01
2.615911413633620032e+04 1.903267366577227904e+02 1.205854185984910742e+02 1.180796182351060963e+02 8.640160713791532032e+01
2.615954333095565744e+04 1.903010064228705005e+02 1.216576716813573142e+02 1.170797428952619441e+02 8.641150894198118237e+01
2.615995526117269401e+04 1.903210633339231208e+02 1.226679711917309135e+02 1.160810437274202940e+02 8.643166891346743341e+01
2.616036477734291111e+04 1.903480211986283734e+02 1.236398531128048859e+02 1.150848832425934347e+02 8.636062982862760862e+01
2.616079356824561910e+04 1.903322233691502845e+02 1.246630477686304772e+02 1.140860222089832234e+02 8.640196148737346959e+01
2.616124782908670750e+04 1.903400293105600554e+02 1.257694306314607786e+02 1.130878874977503727e+02 8.636569889894757068e+01
2.616167114885304181e+04 1.903180403508455640e+02 1.267804559926577781e+02 1.120978554539002374e+02 8.624126746135399912e+01
2.616209288878674488e+04 1.902799923854688871e+02 1.277757422611045683e+02 1.110982999403717315e+02 8.626304238547199077e+01
2.616254951586423704e+04 1.903047539104078965e+02 1.288092625886268081e+02 1.100994413909295702e+02 8.622477005127932159e+01
2.616297652828374339e+04 1.903659706400452762e+02 1.296936115143626296e+02 1.091061726282706843e+02 8.616237064993815409e+01
2.616341466607624534e+04 1.903828900683836594e+02 1.305531006744574825e+02 1.081171537921113526e+02 8.630188789917551162e+01
2.616391817525864462e+04 1.903479945765901391e+02 1.314878807553109255e+02 1.071181529967229409e+02 8.631149072320985738e+01
2.616443222289987534e+04 1.903217802977518431e+02 1.323702121141823511e+02 1.061217454912791283e+02 8.624621527672690036e+01
2.616496189026232969e+04 1.903173985289838015e+02 1.332991092052000965e+02 1.051230775356356730e+02 8.629026277270637024e+01
2.616553738714010615e+04 1.903926480026510717e+02 1.343736406742498275e+02 1.041251610411875106e+02 8.630248372993065686e+01
2.616610897495214158e+04 1.905107533823023402e+02 1.354765155985793399e+02 1.031381227959713698e+02 8.646221628348509114e+01
2.616667200122504073e+04 1.905379235262413431e+02 1.366316299292412850e+02 1.021538587218686160e+02 8.661548939288644533e+01
2.616717803491446102e+04 1.904915683555268231e+02 1.377570433440384932e+02 1.011544566848424296e+02 8.658845648362559189e+01
2.616763412480354600e+04 1.904143833038461082e+02 1.388039459737744608e+02 1.001569897667416598e+02 8.657547917189738484e+01
2.616808657160494840e+04 1.903982052628492170e+02 1.398685203235647521e+02 9.916947341893614976e+01 8.641835433385627141e+01
2.616852723023998260e+04 1.904232037917951459e+02 1.409161800157626772e+02 9.817690125167753479e+01 8.631529855034953869e+01
2.616892657440596304e+04 1.905338207285548719e+02 1.418728927452089295e+02 9.717762266432680462e+01 8.633252211507593188e+01
2.616935507947450242e+04 1.907004773566509925e+02 1.428837741505556664e+02 9.617900963194541930e+01 8.629707752747400207e+01
2.616978574491183463e+04 1.907701561152501597e+02 1.438835866722435242e+02 9.518143502864262473e+01 8.635879482395230866e+01
2.617020086920004542e+04 1.907589324489230762e+02 1.448336697961134689e+02 9.418921097237337392e+01 8.644127745899272952e+01
2.617062868195554620e+04 1.907560039546206667e+02 1.457890304764928828e+02 9.319398877738051112e+01 8.636572784201760555e+01
2.617108564072176159e+04 1.907635798092525761e+02 1.467522335481999676e+02 9.219556813833020215e+01 8.642056161828402594e+01
2.617152958277197831e+04 1.908333895610577144e+02 1.476096290853590745e+02 9.119810749149900175e+01 8.648069736897443249e+01
2.617201467030813001e+04 1.909473815389438016e+02 1.484726996633484930e+02 9.020182178404002116e+01 8.650690518158609166e+01
2.617256561261689421e+04 1.910430431757678207e+02 1.493543039502323495e+02 8.921710046300756858e+01 8.667897875281242648e+01
2.617336721311090878e+04 1.910667953890331319e+02 1.501421139157378946e+02 8.822398373965383200e+01 8.675293202776909141e+01
2.618396022015990457e+04 1.914467830548274208e+02 1.502784857728239274e+02 8.762016637093591953e+01 8.691118244430680306e+01
2.620902137283611955e+04 1.921944318667726463e+02 1.500373444980784825e+02 8.846971610211649306e+01 8.692499807548436763e+01
2.621698586395313760e+04 1.925209336388440988e+02 1.507064490038068243e+02 8.757905996911915736e+01 8.735044961558958221e+01
2.622291460767920580e+04 1.924061692269992818e+02 1.511963748811637629e+02 8.661596918405263068e+01 8.737418510504204505e+01
2.623856537891476546e+04 1.921387023750775143e+02 1.512523637954327569e+02 8.599598526857606373e+01 8.667044915601444188e+01
2.624870111214446297e+04 1.921292638230100636e+02 1.501743838285026413e+02 8.649718035532164606e+01 8.616089057469268653e+01
2.624970079074878231e+04 1.920837198026687247e+02 1.488939794273308621e+02 8.749195215041567053e+01 8.611594206728264567e+01
2.625035894379777164e+04 1.920597766238466022e+02 1.476946493688483315e+02 8.848520284981249517e+01 8.600643456211639659e+01
2.625091343751714521e+04 1.920413959260332319e+02 1.466207837338413640e+02 8.948388514016106399e+01 8.596134142725553318e+01
2.625143458277433820e+04 1.919932061441912481e+02 1.456022429168832275e+02 9.048148105437533673e+01 8.590412712811095730e+01
2.625193989319352113e+04 1.919723831696588547e+02 1.445949805154839396e+02 9.147810849740950800e+01 8.588458716208529609e+01
2.625242007253203337e+04 1.919912670352526050e+02 1.435888665681581813e+02 9.247664198939808955e+01 8.593801946348212084e+01
2.625285648981745908e+04 1.919772420985647727e+02 1.426277032116197176e+02 9.347608910382602687e+01 8.595332688396152321e+01
2.625329164310650958e+04 1.918883508133405940e+02 1.416639514155840232e+02 9.447583769621806482e+01 8.596012043055324625e+01
2.625373892711745430e+04 1.917896838914163595e+02 1.406995492423867518e+02 9.547128411190539055e+01 8.590872440174516100e+01
2.625419091955160548e+04 1.917624555858568840e+02 1.397442114923028385e+02 9.646142922990755153e+01 8.576889141582704212e+01
2.625467177325053854e+04 1.918145320480574583e+02 1.387242502643021567e+02 9.745366882672848874e+01 8.574961971439026343e+01
2.625515311205526450e+04 1.918747402349641789e+02 1.377036324212922409e+02 9.844834672089740479e+01 8.585256544471306484e+01
2.625559943429675695e+04 1.918583699202613104e+02 1.367525198305536662e+02 9.944467931208109235e+01 8.593488142170996014e+01
2.625604805070928705e+04 1.917469485654340815e+02 1.357780188057898272e+02 1.004435732350104331e+02 8.597949673735710974e+01
2.625650035238481723e+04 1.916009996349647224e+02 1.347774323865416477e+02 1.014390759444607824e+02 8.592656867149385391e+01
2.625692888078494798e+04 1.914991654821387499e+02 1.337951428339798667e+02 1.024310952029545234e+02 8.580048327843935851e+01
2.625735394421418096e+04 1.914864427740179167e+02 1.327905868047642173e+02 1.034269149810322261e+02 8.571867039835541391e+01
2.625776738893364745e+04 1.915388382970611190e+02 1.318153803182520676e+02 1.044258581767707028e+02 8.567273004328939123e+01
2.625816617441573908e+04 1.915958190834274149e+02 1.308838389896959598e+02 1.054245786155827176e+02 8.567970219425892253e+01
2.625859211244573817e+04 1.916464966296723560e+02 1.299012445102551681e+02 1.064202060328196211e+02 8.576754358498980935e+01
2.625902283251047265e+04 1.916845021303043950e+02 1.289284504590424376e+02 1.074165603092952779e+02 8.584469377292246861e+01
2.625943395688059900e+04 1.916837799437560932e+02 1.279980682929971749e+02 1.084159448609249665e+02 8.587853633702478362e+01
2.625985643724718102e+04 1.916779909488238616e+02 1.270201577752277728e+02 1.094155238554882317e+02 8.590738186024007916e+01
2.626027187867782413e+04 1.917168496873162553e+02 1.260582018677321514e+02 1.104150780019124340e+02 8.590636533625514915e+01
2.626067047293021096e+04 1.917851669545547679e+02 1.251387486547555881e+02 1.114140049245052211e+02 8.592478990082379653e+01
2.626109492560450599e+04 1.918523465149653759e+02 1.241625418273137171e+02 1.124088081868075903e+02 8.602047286891097144e+01
2.626153350795546794e+04 1.919197373598715899e+02 1.231691933860723083e+02 1.134051356424315173e+02 8.608588955066662152e+01
2.626195798932993785e+04 1.919871131384084038e+02 1.222076204361241167e+02 1.144041291455938989e+02 8.612547256109399996e+01
2.626239087876539998e+04 1.920301087852901389e+02 1.212178997973624917e+02 1.154006603331747840e+02 8.620628563105310604e+01
2.626281645112620754e+04 1.920154748687890276e+02 1.202625394464226929e+02 1.163984256407478881e+02 8.623800401658751014e+01
2.626321841285044866e+04 1.919119535764665159e+02 1.193817840936660275e+02 1.173976080631677945e+02 8.620054973702781353e+01
2.626364587184560514e+04 1.917041586273283258e+02 1.184624622910870642e+02 1.183928745723695073e+02 8.610991235399175991e+01
2.626409147274011775e+04 1.914082495283685432e+02 1.175481177044801484e+02 1.193665171102962859e+02 8.589690847953878006e+01
2.626451799653559283e+04 1.910084597958499444e+02 1.167413262154688596e+02 1.203213671954478343e+02 8.560010215920675591e+01
2.626496899749658769e+04 1.904512988451942590e+02 1.159442086189747414e+02 1.212447024506360407e+02 8.522179534031307924e+01
2.626544381438842538e+04 1.898420431883807566e+02 1.151056542405657126e+02 1.220912522697618243e+02 8.469746203657362571e+01
2.626589905301382532e+04 1.893014320199083613e+02 1.142758340843779052e+02 1.229168595365249388e+02 8.413391569414527282e+01
2.626634292343857669e+04 1.887900292934179731e+02 1.134431336074455317e+02 1.237648814341265791e+02 8.360414267464439320e+01
2.626679054136894410e+04 1.882840201301968932e+02 1.125766075757059781e+02 1.246253438970142895e+02 8.309472826137239565e+01
2.626723452806951536e+04 1.878365699229091206e+02 1.116973850241675592e+02 1.255020625803178973e+02 8.261416678928615909e+01
2.626766177997697741e+04 1.874914166073310753e+02 1.108203001035933113e+02 1.263919514687755168e+02 8.215807502071139368e+01
2.626808865464664268e+04 1.872180584814509530e+02 1.098771187664104616e+02 1.273252337715695717e+02 8.181081823758994176e+01
2.626852655714865978e+04 1.869754015738251951e+02 1.088807269106167865e+02 1.283035022646189702e+02 8.161442669711043152e+01
2.626895428098615957e+04 1.867864857574948303e+02 1.079234089767171270e+02 1.292916247512431767e+02 8.146098437092742017e+01
2.626937032230414479e+04 1.866518543955179155e+02 1.069870223798149880e+02 1.302857669188895215e+02 8.136798270217353490e+01
2.626977717023546575e+04 1.865462359876612481e+02 1.060596463757595984e+02 1.312852927032563457e+02 8.135303159084732272e+01
2.627017226507060695e+04 1.864667455978557484e+02 1.051602641115766232e+02 1.322826027204949924e+02 8.129871616165526405e+01
2.627057394305831986e+04 1.864036109771545284e+02 1.042408325636398843e+02 1.332795831487213718e+02 8.122235874642068154e+01
2.627097778082396690e+04 1.863651236826746640e+02 1.033180419100882261e+02 1.342785791154339563e+02 8.121181361234165763e+01
2.627136889712628181e+04 1.863513667706795616e+02 1.024284174960653928e+02 1.352779315115181191e+02 8.119569745871564237e+01
2.627177261645218823e+04 1.863129786701224475e+02 1.015073497812267362e+02 1.362755319899951019e+02 8.112929033054729189e+01
2.627219229349411034e+04 1.862560903529412428e+02 1.005546559795474906e+02 1.372741086116032534e+02 8.108525176102156706e+01
2.627261025830896688e+04 1.862275135873141494e+02 9.960250919165940786e+01 1.382688713229215693e+02 8.099800668000459325e+01
2.627303786831756952e+04 1.862279504640486323e+02 9.861090625535761944e+01 1.392601942305222451e+02 8.086656831794417144e+01
2.627346213807001550e+04 1.862795545431021083e+02 9.763495393673454714e+01 1.402566783833804323e+02 8.083115080728470048e+01
2.627388168373522785e+04 1.864304035861177624e+02 9.670827693567976269e+01 1.412565735521480406e+02 8.084058118523776670e+01
2.627433361822280131e+04 1.866981580899955304e+02 9.574879189120885314e+01 1.422542064438815999e+02 8.089538672881612058e+01
2.627479745472867580e+04 1.870153359155745818e+02 9.480891150369366471e+01 1.432294879123221847e+02 8.109747274228028857e+01
2.627523022178681640e+04 1.873269842777718566e+02 9.397935301826815646e+01 1.441997083476309740e+02 8.133871445638236253e+01
2.627567129334766651e+04 1.876654484954630675e+02 9.314744565068976101e+01 1.451546223416346209e+02 8.163093056317084972e+01
2.627613142814689490e+04 1.880695196741274060e+02 9.227801374438651294e+01 1.460865003453134818e+02 8.199282619687640761e+01
2.627659199109117617e+04 1.885529000032514944e+02 9.142829272613298031e+01 1.470253960231640065e+02 8.233582523175384438e+01
2.627706017399938719e+04 1.891033161624485501e+02 9.056352464129545865e+01 1.479222272368551216e+02 8.276907721349091673e+01
2.627752895456769329e+04 1.896878573065605451e+02 8.970178268623830320e+01 1.487661508631257163e+02 8.330436462134781550e+01
2.627799358128420135e+04 1.902723750579991702e+02 8.885698621548175424e+01 1.496159089133277575e+02 8.383088658598177290e+01
2.627844856468579383e+04 1.908658222290848983e+02 8.802661734218644085e+01 1.504445068645580363e+02 8.438920654889068373e+01
2.627888965838174772e+04 1.914985980976981637e+02 8.728502836704180368e+01 1.513016470803602260e+02 8.490068344511169585e+01
2.627937868125546447e+04 1.923267257068842184e+02 8.667546610158971987e+01 1.521428471771819773e+02 8.543880874617751431e+01
2.627988503540404781e+04 1.932850021811001398e+02 8.626616863572985494e+01 1.527897320466628344e+02 8.618191113788887492e+01
2.628036360599598629e+04 1.942179118517749146e+02 8.606673316743891178e+01 1.532861071065920839e+02 8.704848834289148840e+01
2.628088208158699490e+04 1.951862473998407950e+02 8.597047264450466741e+01 1.535372597728755863e+02 8.800433382982122055e+01
2.628144487231250605e+04 1.960974850897369208e+02 8.598967431688970464e+01 1.536160154362387402e+02 8.900005338459511961e+01
2.628215303833276630e+04 1.969448494043199673e+02 8.615730530407105903e+01 1.536117321455998308e+02 8.999948443149641264e+01
2.628620388502779315e+04 1.980593316607189251e+02 8.593437017669107547e+01 1.535619333075704560e+02 9.099812485871164824e+01
2.628922776066840015e+04 2.000895587076128095e+02 8.590076544589209107e+01 1.535044749285778494e+02 9.199647178126380709e+01
2.629039286153591456e+04 2.013763831392010957e+02 8.611659198280032967e+01 1.535989682304426083e+02 9.298741251726447388e+01
2.629215431631951287e+04 2.022191000004028751e+02 8.681954808742820262e+01 1.538343840971662644e+02 9.395791774754259507e+01
2.629364069370728612e+04 2.018563267906384908e+02 8.738830217314966831e+01 1.539120848767259133e+02 9.330857101907199080e+01
2.629424593431785252e+04 2.009123603881256486e+02 8.759335915633451464e+01 1.538598057175346980e+02 9.231008503261925568e+01
2.629470332918294298e+04 2.000512819842100214e+02 8.757584509201403478e+01 1.536411737960127368e+02 9.133479300159984859e+01
2.629515701589988748e+04 1.991178064192851878e+02 8.756774309333397355e+01 1.535600890816726292e+02 9.033846170999399305e+01
2.629566551150285886e+04 1.981484228235748333e+02 8.744851788184050179e+01 1.534706518917339793e+02 8.934247236105672130e+01
2.629617368077886567e+04 1.973632083313154340e+02 8.697030164735106439e+01 1.535539691381801219e+02 8.834646146509724929e+01
2.629672828457859941e+04 1.966620903133336355e+02 8.621911824581573569e+01 1.542552317901812273e+02 8.764410404219508166e+01
2.629723153578157871e+04 1.961993329851863734e+02 8.531272525026788855e+01 1.551432940070990583e+02 8.718586147592492352e+01
2.629769768978203501e+04 1.960684211715438323e+02 8.429837666640584359e+01 1.560887981342481794e+02 8.686072262537813060e+01
2.629812873417359879e+04 1.959963426141590332e+02 8.326419606147619845e+01 1.570875427771556758e+02 8.682544766679693282e+01
2.629856702995658634e+04 1.959269376765141715e+02 8.210454150383121430e+01 1.580719264464737535e+02 8.665028243256969631e+01
2.629898868291805411e+04 1.964707751628136805e+02 8.135199087068829726e+01 1.590604272340814589e+02 8.649910037378204208e+01
2.629939309417250479e+04 1.964355638664988248e+02 8.065400578599653159e+01 1.600586613878438982e+02 8.655332898334259539e+01
2.629982933725952898e+04 1.962687971305623194e+02 7.986248349332198870e+01 1.610454408119088328e+02 8.639320609266681572e+01
2.630026899969900842e+04 1.963331979701766272e+02 7.903163178993078475e+01 1.620393394429387968e+02 8.628307954829904247e+01
2.630065154310292564e+04 1.962506034741311112e+02 7.812567030336136042e+01 1.630323372386305891e+02 8.639857760575695522e+01
2.630104156227378917e+04 1.963254985101777663e+02 7.709191423493922457e+01 1.640309349517210364e+02 8.634882726974466038e+01
2.630144028118617643e+04 1.963741405942225526e+02 7.606986462335767385e+01 1.650292673901033424e+02 8.629110447916623627e+01
2.630180877625121138e+04 1.965514388034598028e+02 7.519879467028989950e+01 1.660202943969530907e+02 8.642331259109155894e+01
2.630224454900588898e+04 1.965872397307355470e+02 7.426144412604899969e+01 1.670201616425449345e+02 8.643359480367868741e+01
2.630264995647649266e+04 1.964871753203064486e+02 7.335565405234866887e+01 1.680166292647734849e+02 8.635013312410232800e+01
2.630300952339341165e+04 1.962975166484909835e+02 7.260194415949345625e+01 1.690163270690644595e+02 8.637234306097704462e+01
2.630342422420287039e+04 1.959850509236171376e+02 7.179204779229260680e+01 1.700111988073861937e+02 8.627190906749602561e+01
2.630379536897085563e+04 1.958707476319446528e+02 7.079609581131370533e+01 1.710075983471647021e+02 8.618714298948148667e+01
2.630417854736507070e+04 1.958500506166345474e+02 6.986459821080244126e+01 1.720003831761660820e+02 8.630565209951107875e+01
2.630457812399737668e+04 1.959144538574836361e+02 6.888771020579102355e+01 1.729996640121589451e+02 8.634283996957843499e+01
2.630494558040234551e+04 1.959374493860724158e+02 6.796692800598795259e+01 1.739945001715427395e+02 8.624202294974053018e+01
2.630536366163891580e+04 1.959450469764164495e+02 6.691996765679226655e+01 1.749938993613634182e+02 8.627490459669073175e+01
2.630583968387520144e+04 1.959419054168868399e+02 6.579317083356916385e+01 1.759892400989132000e+02 8.617901993543219419e+01
2.630624946188415925e+04 1.959693549519076043e+02 6.481763111532445976e+01 1.769742287870916755e+02 8.600649973559610828e+01
2.630664918244722503e+04 1.959342822862604976e+02 6.387013785326571025e+01 1.779729867855837426e+02 8.605439006599233664e+01
2.630711685322210178e+04 1.958976910933712645e+02 6.282853557184145643e+01 1.789693434500545663e+02 8.596944394430245495e+01
2.630756069260134973e+04 1.960653575237730593e+02 6.186124713860949953e+01 1.799634757080326324e+02 8.586128020837583108e+01
2.630797305969878653e+04 1.963082108235473981e+02 6.102274328153389860e+01 1.809622599051388079e+02 8.591005666133511909e+01
2.630841698035574518e+04 1.968307512021421815e+02 6.025001341373024388e+01 1.819621738769785679e+02 8.589721425739539029e+01
2.630886643828394153e+04 1.974351367851101600e+02 5.955432549908454121e+01 1.829560098774532833e+02 8.600757297944944924e+01
2.630931800012287931e+04 1.979352460652291654e+02 5.884606573565464771e+01 1.838910390261252985e+02 8.636213625227883028e+01
2.630986024139186338e+04 1.987210540641163732e+02 5.812936694750300859e+01 1.847943905873655979e+02 8.678218360825431432e+01
2.631048793754669168e+04 1.998914971898080921e+02 5.744735519691987236e+01 1.852582839831074750e+02 8.766677148637558048e+01
2.631099458171898368e+04 2.008422022041935122e+02 5.729148633794781631e+01 1.854462200218904968e+02 8.864895154874254501e+01
2.631144071495740354e+04 2.017058420283398448e+02 5.753109793865218791e+01 1.856313641758491144e+02 8.962972958488124675e+01
2.631192245002145864e+04 2.028197776459990678e+02 5.763569154171208453e+01 1.855021656206754415e+02 9.062121273819245459e+01
2.631240410214726944e+04 2.039033725590464599e+02 5.764222625709231096e+01 1.854621463521760631e+02 9.162006025321367986e+01
2.631284089238285378e+04 2.046365256457974340e+02 5.752722623427685988e+01 1.855499034859198559e+02 9.261601127624680885e+01
2.631328516213604235e+04 2.052139460512979099e+02 5.706478725542047670e+01 1.855457250199899875e+02 9.361585646050578191e+01
2.631374073345146826e+04 2.062237208138842846e+02 5.680167778359196973e+01 1.856285927156677928e+02 9.461225065869280115e+01
2.631413395013158879e+04 2.070929327392962875e+02 5.681395609509212363e+01 1.857911627688077374e+02 9.559844198816929861e+01
2.631454316641628975e+04 2.079132732567359767e+02 5.682451614417752950e+01 1.858110213047864647e+02 9.659813279168704980e+01
2.631500146536710963e+04 2.087438673045312214e+02 5.694921042006284750e+01 1.859043801916653535e+02 9.759356980313626195e+01
2.631544086302972573e+04 2.092417549391722673e+02 5.726042587857559596e+01 1.860757340197853011e+02 9.857771473668317697e+01
2.631589954293949268e+04 2.094450650154448965e+02 5.748076281974132229e+01 1.860486341878021790e+02 9.957733584853718867e+01
2.631638704996455999e+04 2.093946854255080439e+02 5.754578417774332877e+01 1.859983696535179263e+02 1.005760198876247813e+02
2.631688434729206710e+04 2.092601857162732983e+02 5.756725698900908128e+01 1.858982377230833833e+02 1.015706687435528863e+02
2.631737977698313989e+04 2.092203212927584843e+02 5.779251197886522817e+01 1.857044996484599437e+02 1.025505248916052778e+02
2.631787188094526209e+04 2.095662116901300465e+02 5.805521386890890057e+01 1.856965425708268924e+02 1.035501270975725276e+02
2.631843090340528215e+04 2.100580755769086920e+02 5.851999680850839525e+01 1.855732832641968457e+02 1.045420346263569797e+02
2.631921715142285393e+04 2.101980703087548363e+02 5.865099707443967247e+01 1.853714405306028254e+02 1.055137023742473019e+02
2.632481405747939425e+04 2.106215499209716882e+02 5.868771489421724397e+01 1.856781994229974089e+02 1.063913287972119690e+02
2.634018411196994202e+04 2.117619602674375017e+02 5.859865421357798709e+01 1.858221374910912118e+02 1.070905992203840782e+02
2.634283194685720082e+04 2.126358245374848366e+02 5.862561135472279972e+01 1.858212506924758713e+02 1.080783739715259060e+02
2.634393315121189880e+04 2.135914424925155686e+02 5.885543751789474953e+01 1.858076418401157355e+02 1.090755866873257531e+02
2.634521855384078663e+04 2.147374832672707896e+02 5.913314771659753433e+01 1.856794166979722434e+02 1.100664369217928140e+02
2.634646099351331941e+04 2.157104661610775906e+02 5.924758280625660944e+01 1.854654343865334454e+02 1.110425473273707979e+02
2.634801362418853023e+04 2.167221624020739625e+02 5.905512560975603975e+01 1.855183042254774364e+02 1.120250973779081960e+02
2.634991333888558074e+04 2.176599191935364388e+02 5.847545334952150142e+01 1.859159425103150625e+02 1.129308397222711733e+02
2.635443807540142006e+04 2.182280459776450812e+02 5.799908265777874306e+01 1.862724375962106080e+02 1.138618876097432775e+02
2.636796458954924674e+04 2.179079575465482606e+02 5.796514576582632117e+01 1.858236010058699037e+02 1.136675986948818036e+02
2.637510497014708380e+04 2.170408757139332465e+02 5.782337964590418267e+01 1.856932418295466789e+02 1.126787325816390961e+02
2.637702147165655333e+04 2.157954044399369309e+02 5.777864154003982122e+01 1.856812387990882485e+02 1.116788553062789759e+02
2.637768543701673116e+04 2.147568345606804883e+02 5.782038968736166140e+01 1.857131876425613939e+02 1.106803113683495781e+02
2.637822975030716407e+04 2.136840849080466000e+02 5.793217321123704266e+01 1.857279677304987331e+02 1.096882941079351639e+02
2.637872811901394743e+04 2.126476516591116876e+02 5.805327793490459953e+01 1.855721093586914492e+02 1.087008080422824037e+02
2.637918344434061510e+04 2.116772152176769168e+02 5.814254135233148446e+01 1.854831154868838894e+02 1.077058608286727406e+02
2.637961644622183667e+04 2.107378090241670350e+02 5.816483996762472941e+01 1.854445890574134523e+02 1.067069583558282773e+02
2.638005708606632834e+04 2.098061874527010957e+02 5.810627501024874419e+01 1.854144071348415821e+02 1.057098291566475012e+02
2.638052704354835078e+04 2.088407247681938941e+02 5.801575543157970571e+01 1.854958070036222182e+02 1.047132563211520733e+02
2.638102390113723231e+04 2.078284623759012959e+02 5.791006603644340345e+01 1.855890370863223495e+02 1.037177092225275032e+02
2.638151935994621817e+04 2.068159151888431211e+02 5.782952456490584581e+01 1.856975330514203506e+02 1.027249260923464931e+02
2.638202729621890467e+04 2.057715232355554065e+02 5.782981040975521125e+01 1.858110008673433242e+02 1.017359962972149816e+02
2.638255290026780494e+04 2.046747318284526784e+02 5.784775439322017121e+01 1.857790625481324298e+02 1.007366245257731237e+02
2.638305637022807059e+04 2.036176983490153134e+02 5.785233955234561165e+01 1.857356957465287337e+02 9.973766774339223673e+01
2.638354575057662805e+04 2.026024747843106582e+02 5.787525766373212122e+01 1.856881770383383241e+02 9.873936946659252101e+01
2.638405057004100672e+04 2.015698764229953781e+02 5.786886179228905291e+01 1.856308168536473033e+02 9.774234850668524643e+01
2.638458511561044725e+04 2.004862686198136146e+02 5.777082979604925583e+01 1.856455835594777852e+02 9.674245804827887696e+01
2.638511999026949343e+04 1.994307536560109497e+02 5.761630741593264560e+01 1.856751362710673732e+02 9.574306726176106963e+01
2.638566673540786360e+04 1.984011084499862818e+02 5.753669130558535016e+01 1.857219136737382996e+02 9.474423054672438127e+01
2.638622395513242736e+04 1.973391906366510113e+02 5.748289649789548861e+01 1.857011502002125098e+02 9.374678955497510913e+01
2.638677491749854380e+04 1.962858022426448201e+02 5.737215478683374670e+01 1.856643718595138068e+02 9.275211142238569550e+01
2.638730544333836588e+04 1.952999226390758167e+02 5.722071161131076167e+01 1.857147089729224945e+02 9.175447403276346847e+01
2.638781894208527592e+04 1.943579227421307678e+02 5.704448041599592756e+01 1.857405062964564308e+02 9.075581245020872245e+01
2.638833076269226149e+04 1.934037925168454422e+02 5.684807881705460630e+01 1.858367125409936875e+02 8.976059391133848919e+01
2.638884037888793318e+04 1.924397868629249899e+02 5.662611259569408872e+01 1.859237018245912623e+02 8.876511760709352927e+01
2.638935224849696897e+04 1.914723519776501348e+02 5.644031334457299920e+01 1.860102390434534811e+02 8.777058896772589947e+01
2.638987041530626448e+04 1.905005775259804750e+02 5.635264763415291611e+01 1.861165864527443716e+02 8.677835287356661809e+01
2.639037991890928970e+04 1.895611228266888588e+02 5.631207060394122976e+01 1.861162948995999216e+02 8.577891538435356722e+01
2.639089267497002220e+04 1.885757192139763276e+02 5.625327199019448443e+01 1.861076313767189845e+02 8.477972474855738483e+01
2.639142231426572107e+04 1.874864696536582187e+02 5.616801767569776160e+01 1.861174745234807233e+02 8.378038038468035609e+01
2.639193779323474882e+04 1.863951157951600237e+02 5.610868413392811505e+01 1.861195925420708193e+02 8.278123000382524310e+01
2.639244032958422031e+04 1.853232336584056554e+02 5.613463661487349299e+01 1.861637459432313619e+02 8.178224530838694761e+01
2.639294086234633869e+04 1.842470798071461218e+02 5.622033747044424956e+01 1.861346991823272958e+02 8.078531011324768940e+01
2.639340817385812261e+04 1.832252619133018072e+02 5.630328774499893285e+01 1.860514639033876563e+02 7.978938581143277986e+01
2.639384565117051898e+04 1.822545459244792028e+02 5.632470898613864563e+01 1.859729790790549657e+02 7.879329282920561184e+01
2.639426987904915222e+04 1.813248899451500051e+02 5.631910070387374390e+01 1.858782205803318277e+02 7.779839498847425716e+01
2.639467631516957772e+04 1.804459506035957190e+02 5.636833045806698550e+01 1.858519322384841814e+02 7.679927688777537753e+01
2.639508585950765337e+04 1.795626440866654150e+02 5.641695145723332416e+01 1.858023688400704998e+02 7.580281597630937540e+01
2.639550937466154937e+04 1.786386643651867701e+02 5.640206148992093205e+01 1.856991011248797747e+02 7.480848298939964991e+01
2.639594094002048587e+04 1.776632570851978983e+02 5.636737421651568525e+01 1.856506965923949792e+02 7.381009700527417294e+01
2.639638996585817222e+04 1.766334471240905657e+02 5.634448704783881823e+01 1.855970002455838426e+02 7.281244533075941661e+01
2.639685285039785958e+04 1.755993668256566593e+02 5.632853742544318010e+01 1.855350640924605159e+02 7.181529341130342914e+01
2.639731875254916667e+04 1.745794406063685642e+02 5.632335015168582260e+01 1.855372430392357330e+02 7.081545925453633572e+01
2.639778988352691886e+04 1.735523106334235024e+02 5.631122144829239318e+01 1.855096669586829137e+02 6.981726965137194441e+01
2.639827889909149599e+04 1.725023688114715412e+02 5.630890912380492352e+01 1.854547990937040822e+02 6.881931024618337744e+01
2.639877713693183978e+04 1.714431705921269042e+02 5.629754666135489316e+01 1.854039373617960678e+02 6.782116554213043003e+01
2.639925571186756133e+04 1.704269219177994330e+02 5.625036115862273789e+01 1.853254540526072560e+02 6.682428998021768507e+01
2.639971498201288341e+04 1.694521320668306998e+02 5.620863165957939600e+01 1.852941863263850166e+02 6.582555754184161856e+01
2.640018228968572657e+04 1.684710575650454416e+02 5.619399500787750412e+01 1.852485092081880396e+02 6.482825621008065298e+01
2.640066785881518445e+04 1.674751806190272987e+02 5.619363533971741020e+01 1.851969692188307022e+02 6.383111147839192512e+01
2.640116566422537289e+04 1.664487691454468461e+02 5.617496544979930206e+01 1.852293054833889414e+02 6.283201451600866960e+01
2.640164956693060594e+04 1.654411882144342201e+02 5.615096505594726750e+01 1.852668075469834719e+02 6.183298975813104903e+01
2.640212339757220252e+04 1.644676263307353565e+02 5.619655300811488274e+01 1.852864751414751652e+02 6.083320040358974978e+01
2.640259328714201183e+04 1.634967954180093557e+02 5.632479008459771563e+01 1.852521222433382206e+02 5.983562748483101501e+01
2.640302753026876235e+04 1.625683864137247099e+02 5.650280648853271970e+01 1.851397351505802931e+02 5.884211042092397292e+01
2.640343906781697660e+04 1.616638827337835380e+02 5.672982157350585908e+01 1.850102166337028677e+02 5.785053341855547160e+01
2.640385240836167577e+04 1.607465255855515522e+02 5.695639840400402676e+01 1.848119755572321026e+02 5.687287585555677794e+01
2.640427168370821528e+04 1.598049691701521908e+02 5.711574014073483596e+01 1.845490946083159542e+02 5.590805509108014348e+01
2.640471006582403425e+04 1.588094829075607493e+02 5.719790623347030589e+01 1.843616344552575583e+02 5.492841056963307977e+01
2.640515286211432976e+04 1.578138621274450202e+02 5.720258515490225903e+01 1.842454163493640351e+02 5.393518879419667655e+01
2.640558066090975262e+04 1.568654157733186878e+02 5.715659554270958154e+01 1.841568533066743498e+02 5.293944000862682486e+01
2.640601094485323847e+04 1.559065884940038131e+02 5.712315651189447863e+01 1.841501311724160246e+02 5.194099797052914624e+01
2.640645761239715284e+04 1.549204919592093574e+02 5.713095633826743835e+01 1.841544198865499311e+02 5.094186360850319772e+01
2.640691253040359516e+04 1.539351126345206353e+02 5.715975854216557650e+01 1.840959693422505836e+02 4.994381146303742014e+01
2.640737379589779812e+04 1.529341622702899883e+02 5.719395568255961848e+01 1.840418828225350580e+02 4.894557111196411370e+01
2.640783021476777139e+04 1.519528111666098198e+02 5.720516714042771156e+01 1.839961528440032055e+02 4.794671997850490897e+01
2.640827339210638092e+04 1.510302757044517534e+02 5.719003531206362823e+01 1.839764645586205916e+02 4.694764117127247260e+01
2.640872867365326238e+04 1.501110452058426858e+02 5.720766584912563246e+01 1.840207503012001951e+02 4.594896185465204042e+01
2.640919637228569263e+04 1.492127390995036365e+02 5.725537576383331384e+01 1.840173971949113252e+02 4.495130755365655517e+01
2.640966686269298589e+04 1.484251593440023669e+02 5.726113036683794633e+01 1.839511789019683761e+02 4.395350378070570940e+01
2.641021174130977306e+04 1.477973129501718006e+02 5.724268974807282717e+01 1.839424141871819813e+02 4.295490069862247395e+01
2.641693742717757414e+04 1.473605391521412855e+02 5.727278603602785267e+01 1.839475008499320836e+02 4.195543733458021052e+01
2.643159148371423362e+04 1.483634447216532237e+02 5.697694676500464794e+01 1.843508494156297104e+02 4.183669932566959915e+01
2.643387823820622725e+04 1.494313655836819805e+02 5.674501254822997964e+01 1.846818893154543275e+02 4.276431750580316304e+01
2.643464317194928299e+04 1.504106685838525266e+02 5.690035312469909456e+01 1.847804930531011394e+02 4.375755508304360575e+01
2.643533197230625956e+04 1.513890172704981296e+02 5.735996450094120291e+01 1.845950535756302031e+02 4.473797455843053683e+01
2.643600376382115792e+04 1.522095194896452028e+02 5.738342464969634449e+01 1.845931556067263841e+02 4.573670838478660272e+01
2.643662766125158305e+04 1.530482979514414126e+02 5.708120918938348609e+01 1.846272642352752200e+02 4.673611565238893917e+01
2.643715226430598705e+04 1.540338540571336807e+02 5.712689647295591300e+01 1.845900412999391449e+02 4.773535739818194656e+01
2.643764504309074982e+04 1.550043163528195578e+02 5.734319617746893272e+01 1.844996782172304677e+02 4.873123730006422960e+01
2.643817775495128808e+04 1.559970998188309466e+02 5.750281242443942631e+01 1.842763491086228669e+02 4.970584759154795762e+01
2.643876201636603946e+04 1.570115579961515380e+02 5.770666796536733756e+01 1.841621897122080895e+02 5.069921880415649440e+01
2.643943060874030198e+04 1.579561691694030401e+02 5.768017433824071105e+01 1.841369544763455792e+02 5.169887496942637028e+01
2.644015602023427709e+04 1.589855248333621773e+02 5.736998014790771094e+01 1.844097500929151465e+02 5.266055494859157449e+01
2.644081956390766936e+04 1.600520015620801075e+02 5.697645704389472598e+01 1.847586978291635376e+02 5.359766376634035367e+01
2.644147221557925513e+04 1.611964016535754922e+02 5.681167084156830782e+01 1.851337143062591508e+02 5.452305976643893359e+01
2.644213983486288635e+04 1.624662546245009480e+02 5.684914311561701084e+01 1.852610319323485726e+02 5.551490364562648949e+01
2.644275068220615503e+04 1.636833899873203109e+02 5.691579432239263525e+01 1.853572608060083837e+02 5.650964280420166119e+01
2.644332838449617338e+04 1.647879011947991330e+02 5.712235993327416139e+01 1.853224610946019197e+02 5.750614671353878293e+01
2.644386853491771762e+04 1.658579802437004389e+02 5.733333010029386401e+01 1.851058554136406542e+02 5.848146531448918495e+01
2.644442596527052228e+04 1.669470069228027285e+02 5.759339358908941620e+01 1.849818829263358850e+02 5.947272659841757303e+01
2.644498123247823969e+04 1.679978713254261322e+02 5.790311654102355732e+01 1.847589361831826409e+02 6.044705180961744873e+01
2.644550575347117410e+04 1.690487183699941909e+02 5.815993821287698040e+01 1.846085607267226578e+02 6.143568008224083599e+01
2.644600976122600332e+04 1.701183267913710040e+02 5.837629507771216453e+01 1.844321556692513866e+02 6.241854985390796884e+01
2.644650412612931541e+04 1.710481910453300429e+02 5.858974052747868910e+01 1.841572841197497610e+02 6.337924532758213303e+01
2.644699729140812269e+04 1.718382842002313282e+02 5.893230045491899460e+01 1.839315785357743209e+02 6.435036569981107846e+01
2.644752723236435850e+04 1.727041363116805144e+02 5.953427412569326549e+01 1.835375922359733636e+02 6.526931877143472605e+01
2.644804702136472770e+04 1.734724391488583990e+02 6.021880231553419804e+01 1.831089880222086492e+02 6.617279354086224430e+01
2.644857362130211186e+04 1.740989653734272906e+02 6.100592734056789368e+01 1.826335623091629259e+02 6.704826201776153027e+01
2.644909989356478764e+04 1.746227526750661809e+02 6.184979621018508311e+01 1.820178769179672429e+02 6.783607903728878341e+01
2.644959783328786216e+04 1.749558316930651642e+02 6.269959225831871663e+01 1.813916727532385380e+02 6.860981669421532558e+01
2.645018153850868111e+04 1.752024229268713498e+02 6.366814335266299452e+01 1.806050214180432363e+02 6.922223226479832192e+01
2.645085716350016810e+04 1.754478996141676816e+02 6.475866219609230257e+01 1.797243452763728442e+02 6.969337023852750690e+01
2.645152734147879892e+04 1.755636564158574515e+02 6.589980428944168978e+01 1.787854670945455666e+02 7.000345906817662467e+01
2.645214997382940419e+04 1.755863801848158516e+02 6.705543405986593086e+01 1.777875735093358855e+02 7.006341798367004969e+01
2.645270001984414193e+04 1.755408976833411998e+02 6.810058488866224025e+01 1.767916972841587153e+02 7.013091157145174748e+01
2.645319867785337192e+04 1.755346300612092705e+02 6.902982826759166812e+01 1.757938938992850240e+02 7.013354040660345845e+01
2.645371249709260883e+04 1.755792626233362341e+02 6.997030888355645573e+01 1.748004939476104482e+02 7.024824167046340051e+01
2.645427312920246550e+04 1.756410395691373765e+02 7.103570838808988697e+01 1.738055905545552946e+02 7.032248541073944637e+01
2.645484270975728577e+04 1.756913440029430262e+02 7.212362980248317967e+01 1.728064677274580276e+02 7.030735904173147333e+01
2.645539813618666085e+04 1.756960959303673349e+02 7.325889110277510952e+01 1.718128372852432904e+02 7.028891567556517828e+01
2.645591785603873723e+04 1.755550738511473696e+02 7.435473136018217133e+01 1.708274155720903309e+02 7.013947672334386141e+01
2.645638308491751013e+04 1.753177396023865526e+02 7.533994628523876713e+01 1.698284055952487392e+02 7.010288834867380103e+01
2.645685481394653470e+04 1.751592538133855896e+02 7.634556975405993740e+01 1.688307165507818866e+02 7.003676392752836932e+01
2.645732857151603821e+04 1.750816934701386742e+02 7.730152754230270773e+01 1.678354745278292626e+02 7.005618057114627106e+01
2.645780696413141050e+04 1.750810848281432754e+02 7.826062480646260155e+01 1.668454704631445225e+02 7.017890901022578021e+01
2.645829690611791375e+04 1.751030226208189617e+02 7.928812165135910561e+01 1.658470178526323764e+02 7.021980043707524999e+01
2.645877605927517288e+04 1.750617337692922320e+02 8.033353678345469007e+01 1.648528457837968517e+02 7.032677123407013653e+01
2.645925952028877509e+04 1.748940060439649358e+02 8.138294297750705653e+01 1.638585369355840555e+02 7.041074625301986600e+01
2.645973813657999199e+04 1.745788487182732922e+02 8.237109551451607103e+01 1.628638818996249142e+02 7.045656746890270483e+01
2.646021308880134166e+04 1.742287328915190301e+02 8.334470831022650827e+01 1.618764483603179656e+02 7.060459640006662596e+01
2.646072375209639358e+04 1.740443180905982103e+02 8.439297268318604495e+01 1.608779714636838776e+02 7.064719294102197011e+01
2.646121039474846475e+04 1.740072994421374801e+02 8.535403899821456264e+01 1.598786115599407083e+02 7.066044833798034119e+01
2.646167884615602088e+04 1.738370792791403687e+02 8.626756912457413762e+01 1.588822074209944049e+02 7.066550421604235055e+01
2.646215402750307476e+04 1.735753915011588049e+02 8.716533773256917073e+01 1.578890214719986602e+02 7.054906294261506616e+01
2.646264775280034883e+04 1.731730612569275536e+02 8.803835402047445768e+01 1.568982775055754928e+02 7.041736013406341499e+01
2.646314874598548704e+04 1.725439766791569127e+02 8.886103908126769113e+01 1.559571362025423582e+02 7.012723820440371014e+01
2.646362718893312558e+04 1.718064630944536191e+02 8.952128342494570745e+01 1.551237233799383830e+02 6.957620995185652646e+01
2.646409754398096629e+04 1.709384880144939416e+02 8.995286714173994369e+01 1.543738552490476081e+02 6.892269265306737225e+01
2.646460603008238104e+04 1.699664507815827506e+02 9.020151991115581325e+01 1.538096490723444276e+02 6.810929918954069251e+01
2.646510745526739629e+04 1.690425130416360560e+02 9.036860754032578313e+01 1.533845921995876438e+02 6.720538383701722296e+01
2.646561428224454357e+04 1.680121125290567363e+02 9.049376804771398497e+01 1.529586643491621203e+02 6.630501830786862172e+01
2.646614831573354240e+04 1.669219739175825623e+02 9.056441615512299848e+01 1.526351437494263905e+02 6.535893321348848417e+01
2.646667362297230284e+04 1.659827933239854190e+02 9.040285999123906890e+01 1.522611470185483427e+02 6.443255833065597926e+01
2.646720805410757748e+04 1.651532855418027737e+02 9.030114305285984244e+01 1.519062463091935626e+02 6.350409938037368818e+01
2.646776454359102718e+04 1.641303204010600325e+02 9.043992823205829268e+01 1.516761106142029121e+02 6.253127180771587490e+01
2.646835720347116876e+04 1.630697416236015727e+02 9.046879460166137221e+01 1.515301183236903171e+02 6.155524420508625383e+01
2.646898664708138313e+04 1.621358110500501652e+02 9.046818652511180403e+01 1.516431587437522808e+02 6.056312013162840202e+01
2.646965923781514721e+04 1.612030484739017879e+02 9.055048869969562020e+01 1.517346537162848676e+02 5.957521761130542615e+01
2.647186251063251984e+04 1.609862972715745855e+02 9.066127815715262273e+01 1.517013843546014868e+02 5.929804206301237457e+01
2.647284202905887651e+04 1.605125472464484631e+02 9.115486281174975147e+01 1.518079115130227308e+02 6.029229689859000274e+01
2.647360067127265211e+04 1.605226183311262957e+02 9.147570591084237890e+01 1.518310450084899799e+02 6.129195283706594211e+01
2.647429739732905000e+04 1.611444465419929486e+02 9.107895794212983276e+01 1.516921635499587637e+02 6.228198940514063509e+01
2.647499496826316681e+04 1.620994144437532043e+02 9.024758142205112676e+01 1.520590157336912114e+02 6.320625324965232039e+01
2.647551806455607584e+04 1.629461688680283942e+02 8.947255312243116521e+01 1.527464567888349336e+02 6.393202083727008045e+01
2.647594991745972220e+04 1.637060651290440205e+02 8.879067108267919650e+01 1.535113358978978511e+02 6.457597407567456571e+01
2.647632849882880691e+04 1.643673769928338686e+02 8.815713766789140493e+01 1.543157424122653367e+02 6.516962756759734532e+01
2.647669274605766623e+04 1.650396726514323973e+02 8.750901746301278195e+01 1.550601110810585794e+02 6.583728349898335352e+01
2.647705623592460324e+04 1.657713893407066905e+02 8.696534102080161688e+01 1.557758545296486830e+02 6.653491844551662382e+01
2.647741131732167923e+04 1.665919064125016860e+02 8.657397313227768620e+01 1.565773915484474514e+02 6.713270667191659413e+01
2.647776756370290605e+04 1.673217888540026479e+02 8.602401435362004634e+01 1.574094133192433844e+02 6.768744081641189325e+01
2.647813096901046811e+04 1.678034125634635529e+02 8.534450568767910283e+01 1.582413053491037260e+02 6.823948519410704705e+01
2.647850785289694613e+04 1.681881516831436159e+02 8.462229662148874354e+01 1.591788289011251152e+02 6.858510722634412105e+01
2.647888979426349033e+04 1.684735638619664826e+02 8.389934807291811580e+01 1.601579376868601230e+02 6.878813646079483135e+01
2.647927083749950543e+04 1.685377464228017743e+02 8.312885493603583598e+01 1.611452326862164739e+02 6.894560511696357707e+01
2.647965341034960511e+04 1.684237760689510424e+02 8.234619529641101110e+01 1.621421182099873022e+02 6.901840959517433305e+01
2.648004472803086173e+04 1.680800654098641473e+02 8.160051090942791063e+01 1.631414239503308465e+02 6.898135401532630340e+01
2.648045125554032711e+04 1.676331011958302497e+02 8.086159212537504004e+01 1.641395431347790748e+02 6.892429619783527528e+01
2.648089342873845089e+04 1.673764960602510428e+02 7.985859527419412984e+01 1.651304151612593216e+02 6.878963878349490813e+01
2.648136504658489139e+04 1.673380983142444620e+02 7.878546328630558548e+01 1.661237059723505354e+02 6.867440472801619933e+01
2.648187484670832418e+04 1.673065599807709418e+02 7.796656267278208929e+01 1.671121746238153492e+02 6.852315695459087408e+01
2.648263908798105695e+04 1.672907389912709277e+02 7.765973713145776003e+01 1.680917062761714362e+02 6.838883952432075830e+01
2.648522767597057828e+04 1.668592961981085523e+02 7.838630123038352338e+01 1.689790724710164795e+02 6.883406100371328762e+01
2.649292512341922702e+04 1.661038164582055572e+02 7.815408517550207534e+01 1.691212328012785235e+02 6.925701829325852543e+01
