# ts_seconds,x,y,gt_x,gt_y
8.441033999717301413e+03 1.665243948623585197e+02 6.899945011590149591e+01 1.665243948623585197e+02 6.899945011590149591e+01
8.453000420336282332e+03 1.671138272845607560e+02 7.038678801294732068e+01 1.655247796687531263e+02 6.897171157218957660e+01
8.453610302001859964e+03 1.673153714027356216e+02 7.141593348503816685e+01 1.645262087131936255e+02 6.891831576737523335e+01
8.454191429992524718e+03 1.676215233557579154e+02 7.235449141103134707e+01 1.635274114209989875e+02 6.896725424461872933e+01
8.454732715857080620e+03 1.675819809418385091e+02 7.330252521607495453e+01 1.625364289739821402e+02 6.910047733929425817e+01
8.455247240784990936e+03 1.676295362514280498e+02 7.415492398740497038e+01 1.615395502381116444e+02 6.902221740491920343e+01
8.455763360887141971e+03 1.676044667116058235e+02 7.495671154512010048e+01 1.605411267708170158e+02 6.907423101933544274e+01
8.456318703796665432e+03 1.676631712131604388e+02 7.586383634358097083e+01 1.595542937743731784e+02 6.891309536590986795e+01
8.456863977967303072e+03 1.677904926131208185e+02 7.677447237512937761e+01 1.585547067722675365e+02 6.888483175402583925e+01
8.457434993057371685e+03 1.677171148257592392e+02 7.780317451784645755e+01 1.575581664728938733e+02 6.880449147496072726e+01
8.457937262484703751e+03 1.676039701988804609e+02 7.876469564223305042e+01 1.565921737362465080e+02 6.854592258919009851e+01
8.458390685815407778e+03 1.671630374779418560e+02 7.949763832566544863e+01 1.556310414709314784e+02 6.827589320553532559e+01
8.458848479062824481e+03 1.666170141258477031e+02 8.021201872034025371e+01 1.548310106968478124e+02 6.767616258758569359e+01
8.459316094390020226e+03 1.659958412607416278e+02 8.080677671800847861e+01 1.541025521175648976e+02 6.699226955441761788e+01
8.459801493736489647e+03 1.651910671108186932e+02 8.102540102212864781e+01 1.535740219084983096e+02 6.614711982739277119e+01
8.460264193153625456e+03 1.644342046364603505e+02 8.105416214808116138e+01 1.534110156809822172e+02 6.516138390801094715e+01
8.460777696849419954e+03 1.637851007861154073e+02 8.064199777582184936e+01 1.534871716877507026e+02 6.417685925455819529e+01
8.461321329768634314e+03 1.632976105880950115e+02 7.983187007256310608e+01 1.541211725002550565e+02 6.341234023195706726e+01
8.461873898622932757e+03 1.630907287491610305e+02 7.892825926191416386e+01 1.550101068662756063e+02 6.296579945339173889e+01
8.462513299736760018e+03 1.631443887250322291e+02 7.819609028059281286e+01 1.559967761419011651e+02 6.286252026255007763e+01
8.463759091142113903e+03 1.633302288825811388e+02 7.807263762277575836e+01 1.567495181954180623e+02 6.313761477811937084e+01
8.465135058855881653e+03 1.639286549545275307e+02 7.877066592754847818e+01 1.558431697056578855e+02 6.355362882488484644e+01
8.467461504025821341e+03 1.641188744310811956e+02 7.933834449822333568e+01 1.549094597812479037e+02 6.391097344885656639e+01
8.471450780680686876e+03 1.642971314445786390e+02 8.022527234663711226e+01 1.539640962326839997e+02 6.398700171397696579e+01
8.478741800900686940e+03 1.646432205806240177e+02 8.112003066146195351e+01 1.529957482929657431e+02 6.398749401677935111e+01
8.483779698308200750e+03 1.654487481223615077e+02 8.179060363886590324e+01 1.523335145269392683e+02 6.461813434642651544e+01
8.484555617540445382e+03 1.665091379532257747e+02 8.223203725789895202e+01 1.516804903819476920e+02 6.535765011924812029e+01
8.485071410685963201e+03 1.674447449244756285e+02 8.246917188435311630e+01 1.511348479361953707e+02 6.618396303796181712e+01
8.485533579225053472e+03 1.683176603118486696e+02 8.253746291110863353e+01 1.506643700513628232e+02 6.706633791528446409e+01
8.485998903656583934e+03 1.690780314691571391e+02 8.265345174586276755e+01 1.503254302234477109e+02 6.800417469767714351e+01
8.486468938173444258e+03 1.697793490134190506e+02 8.283077846732030025e+01 1.498458920072953049e+02 6.887530217789573328e+01
8.486910847584771545e+03 1.705575370242213467e+02 8.312937919590670788e+01 1.491918978279270505e+02 6.962790775619042449e+01
8.487352623453665728e+03 1.713794395273748705e+02 8.362673872136932118e+01 1.485164547683529292e+02 7.036529769745405360e+01
8.487810220465975362e+03 1.722793866092437440e+02 8.407808536768052932e+01 1.477785107931664470e+02 7.103869502480802112e+01
8.488276932180360745e+03 1.730795170660490783e+02 8.461738146310008801e+01 1.470678219122411576e+02 7.174157640763786503e+01
8.488732385111970871e+03 1.737633070943274163e+02 8.528310839368749896e+01 1.463585238660282641e+02 7.244646255066535900e+01
8.489194669166732638e+03 1.744800221957220003e+02 8.602307121047020644e+01 1.456382402900083264e+02 7.314011605012473183e+01
8.489685570090454348e+03 1.752461127541388350e+02 8.682454994196830000e+01 1.449700598480825136e+02 7.388335447070666362e+01
8.490198208192823586e+03 1.760570951617013691e+02 8.751617243285315340e+01 1.442628375908865905e+02 7.458967091308235808e+01
8.490708106335456250e+03 1.768945101984621999e+02 8.817346320981590679e+01 1.435677872316721277e+02 7.530849558543688715e+01
8.491218955589136385e+03 1.778293301982672858e+02 8.887949229094360248e+01 1.428177623887600305e+02 7.596879246661808338e+01
8.491681918686384961e+03 1.787042884748965719e+02 8.950712332131325866e+01 1.420197702942240880e+02 7.657097042567711753e+01
8.492127944269193904e+03 1.794546651449076933e+02 9.016089333613153656e+01 1.412140219455959880e+02 7.716322762183735051e+01
8.492578503179100153e+03 1.801234551280625737e+02 9.091404105809476732e+01 1.403205279092188107e+02 7.760723506730653298e+01
8.492981172937192241e+03 1.806580739737582917e+02 9.159775619320150497e+01 1.394213215042447302e+02 7.804470512459113252e+01
8.493380956818657069e+03 1.812315230688698762e+02 9.215721717483894793e+01 1.385117019159521021e+02 7.846001940160201116e+01
8.493799068133101173e+03 1.818444134502225893e+02 9.281907903581105757e+01 1.375594457956453311e+02 7.876229010338988701e+01
8.494194874308772341e+03 1.823770195759544208e+02 9.365835694457584282e+01 1.366216852129363417e+02 7.910881973822108648e+01
8.494587305140525132e+03 1.829178732512972090e+02 9.460099169654912998e+01 1.356744854801901283e+02 7.942919766263418069e+01
8.494998989641404478e+03 1.834331353801075295e+02 9.562436022293800875e+01 1.347001072652617495e+02 7.965154799519845596e+01
8.495393599883116622e+03 1.838029598373301781e+02 9.663382912252835411e+01 1.337333951660241382e+02 7.990691630130341139e+01
8.495776400175427625e+03 1.841554581792312320e+02 9.758051792372425837e+01 1.327572627999009001e+02 8.012351830045822965e+01
8.496174525562073541e+03 1.847204676134200554e+02 9.844190592873590617e+01 1.317794302731240350e+02 8.033290578465599197e+01
8.496577803471611332e+03 1.854190110665947486e+02 9.913791597003830702e+01 1.308273244145861440e+02 8.063690690101630310e+01
8.496975697796808163e+03 1.858226220734331946e+02 9.961351272466200157e+01 1.298638088879237671e+02 8.090405012616174929e+01
8.497345102943825623e+03 1.858205270848655459e+02 1.000496555682042725e+02 1.289067088611971315e+02 8.119365413410942267e+01
8.497708193255797596e+03 1.860785704343715281e+02 1.005431087373730037e+02 1.279987661422982228e+02 8.161060178526109610e+01
8.498066850237093604e+03 1.867121829713956629e+02 1.008778256651135763e+02 1.270797579109560900e+02 8.200464982276295700e+01
8.498422496463610514e+03 1.872790061927662464e+02 1.012259821377751621e+02 1.261837197078623518e+02 8.244825899837591976e+01
8.498780248724293415e+03 1.876196407192475988e+02 1.017997586230755616e+02 1.253850462526934990e+02 8.304775228554380817e+01
8.499147616659540290e+03 1.879987523075276670e+02 1.024469420020295161e+02 1.245592187904123449e+02 8.361140831668484452e+01
8.499536366766893480e+03 1.885339970739574653e+02 1.030293958855332903e+02 1.237159167996638729e+02 8.414879912526852479e+01
8.499961966760996802e+03 1.889799719734582482e+02 1.036992940641761720e+02 1.229318604506112393e+02 8.476886344433178522e+01
8.500437810116638502e+03 1.894777431977537105e+02 1.045172307780629239e+02 1.220786363608473977e+02 8.528927650626694401e+01
8.500937495325521013e+03 1.900643700693116500e+02 1.053868819638795031e+02 1.211662799761871980e+02 8.569770998898010816e+01
8.501434682585851988e+03 1.905197793484436488e+02 1.063373908407829163e+02 1.202382133785943807e+02 8.607004263686492607e+01
8.501911955117755497e+03 1.910164657837542279e+02 1.072205281906654761e+02 1.192617687128010857e+02 8.628223431382745900e+01
8.502384415495745998e+03 1.914256600021464862e+02 1.081087787117925245e+02 1.182933771336941646e+02 8.653145525853992126e+01
8.502829423055916777e+03 1.916946000980801443e+02 1.090525335701900786e+02 1.173136080189249810e+02 8.673131591144287711e+01
8.503278853272555352e+03 1.920846234411199021e+02 1.100336714858751890e+02 1.163156622974697001e+02 8.679107389654551241e+01
8.503726119321376245e+03 1.924043054226556251e+02 1.110330601419110934e+02 1.153212438807967999e+02 8.689626527573632586e+01
8.504137583029474627e+03 1.927246056185142891e+02 1.119383717065304324e+02 1.143217839171062735e+02 8.692675469279988931e+01
8.504549678824172588e+03 1.930927415516713950e+02 1.128355059457871619e+02 1.133231464929247636e+02 8.697883154003324080e+01
8.504976897998605637e+03 1.932805402395463545e+02 1.138184910307826527e+02 1.123297235137418824e+02 8.709306563454509842e+01
8.505401383955473648e+03 1.935146713579200366e+02 1.147530579533074615e+02 1.113303107900529199e+02 8.706405350702199542e+01
8.505821862730339490e+03 1.937645642902874101e+02 1.156430743786892492e+02 1.103305399162650957e+02 8.708484833777401946e+01
8.506260037675849162e+03 1.938986714101472728e+02 1.165984361685803634e+02 1.093306371001512360e+02 8.709829594008250808e+01
8.506705543054969894e+03 1.941391686896243698e+02 1.175513532048364453e+02 1.083363749743229505e+02 8.699137330355718234e+01
8.507144088279475909e+03 1.943103071845343379e+02 1.185087217146018617e+02 1.073368927767078418e+02 8.695931545374513405e+01
8.507571578622300876e+03 1.945244259790214585e+02 1.194537347748703837e+02 1.063392486741663987e+02 8.689077941691134299e+01
8.508013349772900256e+03 1.949417425275774463e+02 1.204122869995140093e+02 1.053400082764177483e+02 8.685535984176580371e+01
8.508434886308328714e+03 1.951717022157028509e+02 1.213853253386816675e+02 1.043461340366481096e+02 8.696503524396320017e+01
8.508828169143282139e+03 1.953671730574616276e+02 1.222969183100194215e+02 1.033461379844855657e+02 8.696267777656500186e+01
8.509236588118048530e+03 1.956756573988431853e+02 1.232079643541885190e+02 1.023462155493485994e+02 8.697172967585211723e+01
8.509654059729728033e+03 1.958712002262538761e+02 1.241715120044985809e+02 1.013481097519684795e+02 8.702878692576912556e+01
8.510048039439969216e+03 1.961757063559484777e+02 1.250449887805009013e+02 1.003514111679713494e+02 8.694794242476831414e+01
8.510428543965555946e+03 1.965764213471896937e+02 1.258645700332448882e+02 9.935218678436702078e+01 8.691083078096512793e+01
8.510819712972350317e+03 1.968351243679828428e+02 1.267765929401599863e+02 9.835273521551924603e+01 8.693801010093763182e+01
8.511198689972654392e+03 1.971235231627463236e+02 1.276320763616279521e+02 9.735512384583780943e+01 8.686994155451571942e+01
8.511570251865157843e+03 1.974384416924122263e+02 1.284340176098021118e+02 9.635517897988314928e+01 8.686146590276031532e+01
8.511961494032671908e+03 1.977023985465879719e+02 1.293038911617148301e+02 9.535540815196107189e+01 8.688001325789188911e+01
8.512368382882290462e+03 1.980851990298528165e+02 1.301267863690138995e+02 9.435626728531543961e+01 8.685533249257126442e+01
8.512768714819398156e+03 1.983162442098900442e+02 1.309541116272407066e+02 9.336463864456261774e+01 8.698396930513710856e+01
8.513174413234984968e+03 1.984502890584791714e+02 1.318619667192557756e+02 9.236786038318255976e+01 8.705702475596777390e+01
8.513603838126618939e+03 1.987026466690721520e+02 1.327821585759481025e+02 9.136958982192651035e+01 8.700167608242819028e+01
8.514040175389205615e+03 1.988410221008369660e+02 1.336496382233707720e+02 9.037008155606471860e+01 8.701854851738819718e+01
8.514482371774032799e+03 1.989766908231393927e+02 1.344380683822111280e+02 8.937360758303303498e+01 8.693489915785301037e+01
8.514987904738947691e+03 1.992280364192366449e+02 1.352807556670722420e+02 8.837536805773251558e+01 8.688304984634898176e+01
8.515505986559746816e+03 1.994057871629278509e+02 1.361600766326262715e+02 8.737686423920825973e+01 8.692392147077499942e+01
8.516006503717804662e+03 1.996659651919008809e+02 1.369827580191995366e+02 8.638058145320530912e+01 8.684730706850676540e+01
8.516523126197729653e+03 1.998991881132287460e+02 1.377987678281081401e+02 8.538208950592679969e+01 8.690129881594847916e+01
8.517064529484532613e+03 2.000463956168823643e+02 1.386552639910422613e+02 8.438242897648358110e+01 8.691723157442235959e+01
8.517634131287790296e+03 2.002794289914801027e+02 1.396323024602010605e+02 8.338348154872744544e+01 8.687646265639774867e+01
8.518162008056280683e+03 2.004186141550121647e+02 1.406476420383553716e+02 8.238445889810721212e+01 8.688641545612804862e+01
8.518634345352318633e+03 2.006760048439614366e+02 1.415833113912077295e+02 8.139114686557401512e+01 8.677899837584942588e+01
8.519076388559728002e+03 2.009360494046124757e+02 1.424873237756306423e+02 8.039171900309726482e+01 8.680447241312354834e+01
8.519512876056924142e+03 2.011258067088800203e+02 1.434346821533502521e+02 7.939527418022051108e+01 8.687855576435491400e+01
8.519923974300292684e+03 2.014501818988915431e+02 1.442876007300393439e+02 7.839627455461409511e+01 8.685228028526260857e+01
8.520311803237143977e+03 2.016870671151251315e+02 1.451060847216932075e+02 7.739892398467921453e+01 8.692482410951463123e+01
8.520725054992784862e+03 2.018463743272765782e+02 1.460000448019340809e+02 7.640070559377409154e+01 8.696715579857459488e+01
8.521152383089473005e+03 2.021763176544180283e+02 1.468486808440875109e+02 7.540366748308211697e+01 8.691747907909046944e+01
8.521570597018970147e+03 2.024167865431520852e+02 1.477134182791827754e+02 7.440936467202048732e+01 8.702400961557927417e+01
8.521983632922549077e+03 2.026470008265563365e+02 1.486126711572099737e+02 7.341347741257781934e+01 8.710809534694416811e+01
8.522402965839179160e+03 2.030319739705788322e+02 1.494845125824596721e+02 7.241447808851350487e+01 8.712214794780139471e+01
8.522810513877067933e+03 2.032764143001574837e+02 1.503784750901894256e+02 7.142105968214390543e+01 8.723235404348061195e+01
8.523222887138441365e+03 2.035392935380250208e+02 1.512784409163129737e+02 7.042149827145465224e+01 8.726060485132467193e+01
8.523664498421063399e+03 2.039531245925497842e+02 1.521875489237290537e+02 6.942362719143675065e+01 8.729015972738996254e+01
8.524092872595649169e+03 2.041981826854827489e+02 1.531345899994367130e+02 6.843671044577797602e+01 8.744492314388149623e+01
8.524491423543458950e+03 2.044712269675291623e+02 1.540197543755458014e+02 6.743787015082195069e+01 8.749267289719460905e+01
8.524913161785112607e+03 2.048031123759528782e+02 1.549406101060675951e+02 6.644045986445271978e+01 8.756244115370287773e+01
8.525333285925242308e+03 2.049636542335449860e+02 1.558858834913140754e+02 6.544606326825029896e+01 8.764691528292870260e+01
8.525745820427746366e+03 2.051975943054540323e+02 1.567852808808868872e+02 6.444794709371137742e+01 8.758957552700076121e+01
8.526171572392122471e+03 2.054261481045658684e+02 1.577354207128651638e+02 6.344797675943699033e+01 8.758216738601817042e+01
8.526623520753424600e+03 2.056342236261020275e+02 1.587515580961146782e+02 6.244997070546925499e+01 8.754721822264981768e+01
8.527073008184677747e+03 2.059684891218836640e+02 1.596228283714053191e+02 6.146037849740465475e+01 8.742263828950450488e+01
8.527519798481716862e+03 2.062134697739745377e+02 1.604546689254327418e+02 6.046107681543677614e+01 8.745270942068026443e+01
8.527988212254142127e+03 2.065064776431724738e+02 1.613562328059419428e+02 5.946123218933147569e+01 8.743612914134914149e+01
8.528462377448795451e+03 2.067970782612322012e+02 1.622514420358844802e+02 5.846129884831097456e+01 8.743793473538411831e+01
8.528940445142021417e+03 2.068066864931512612e+02 1.632388905028179238e+02 5.746918215004698283e+01 8.741000656846216543e+01
8.529411561635964972e+03 2.068474343850797936e+02 1.642373919260311936e+02 5.650920862522550436e+01 8.713244756879190334e+01
8.529858867323784580e+03 2.066345449064024251e+02 1.651409375507538471e+02 5.554149596247661691e+01 8.689403631813026152e+01
8.530324290112208473e+03 2.061845188389522718e+02 1.659918455457869868e+02 5.464991286878264987e+01 8.645192428139783658e+01
8.530789618701963263e+03 2.057499791269418381e+02 1.668402814406446169e+02 5.385022688146892733e+01 8.585243506519498169e+01
8.531232810542687730e+03 2.052153829229542623e+02 1.675458572471229672e+02 5.303552888105897267e+01 8.527755759045919604e+01
8.531688899378379574e+03 2.046343594438284299e+02 1.682278829873521602e+02 5.232038017549160713e+01 8.457874118495777793e+01
8.532210376515658936e+03 2.039612626712725216e+02 1.689209989851377713e+02 5.163201939499685977e+01 8.385357057896536048e+01
8.532820056355691122e+03 2.031753033345520407e+02 1.696408815004565440e+02 5.098559529833833892e+01 8.309186087727387360e+01
8.533488237681995088e+03 2.024232239003114842e+02 1.704836800696322712e+02 5.041188470294572710e+01 8.227289840746833249e+01
8.534177145785741232e+03 2.015376389426279786e+02 1.710292411021618193e+02 4.987552244443551785e+01 8.142981825613269109e+01
8.534868215765987770e+03 2.008343634604557622e+02 1.717893215355627774e+02 4.938392794099508620e+01 8.056029894696428073e+01
8.535577674476389802e+03 2.002270883271429511e+02 1.722947200209516438e+02 4.879917927051535287e+01 7.974979358608437963e+01
8.537050238404905031e+03 1.997567787557048007e+02 1.725406417587336705e+02 4.830080264066687334e+01 7.893106835170776492e+01
8.539940080074775324e+03 1.988468668662133894e+02 1.724534428421173402e+02 4.836568080062496477e+01 7.793549974410318271e+01
8.540661650420610385e+03 1.985834159497752296e+02 1.724935613809068684e+02 4.829733256437310729e+01 7.699074316328731982e+01
8.541383528357444447e+03 1.982732038042695706e+02 1.726707543100075668e+02 4.786720104832674139e+01 7.608999851814499493e+01
8.550846553217641485e+03 1.988130944206345987e+02 1.726037534791847747e+02 4.727503887006863437e+01 7.539098262532010608e+01
8.566481761847533562e+03 1.996169393873189790e+02 1.712416666308797346e+02 4.773385999651730316e+01 7.468361303204883939e+01
8.567692935552971903e+03 1.991918010954556735e+02 1.709823582412645919e+02 4.837050923769341182e+01 7.391865310323038329e+01
8.568235654259508010e+03 1.984114408213423815e+02 1.708072086707289827e+02 4.900834742294611601e+01 7.315003160342021715e+01
8.568682517738949173e+03 1.975143793205413374e+02 1.705326144892730724e+02 4.972509274263137513e+01 7.245988371271371875e+01
8.569134045163233168e+03 1.966328046071731137e+02 1.700902165937958443e+02 5.053070065285828605e+01 7.186902714790684854e+01
8.569543144462282726e+03 1.959793679998826406e+02 1.694936444082458991e+02 5.129536125632095889e+01 7.122766436955828340e+01
8.569923223380346826e+03 1.954373279057283526e+02 1.688303668302204699e+02 5.209032311082597033e+01 7.062397513677314009e+01
8.570332599264089367e+03 1.948650006751692842e+02 1.680724310664563177e+02 5.294472078552514205e+01 7.010609706633258043e+01
8.570719533047767982e+03 1.944687834261176533e+02 1.672590749104371071e+02 5.381896402701021742e+01 6.962065438234303372e+01
8.571098480088890938e+03 1.941488063704371427e+02 1.664369223314518820e+02 5.475530261131552123e+01 6.928521712078564576e+01
8.571524391194456257e+03 1.938253185740792048e+02 1.655486691046321255e+02 5.573473951867018172e+01 6.909003463744701889e+01
8.571970415126648732e+03 1.936368993696610801e+02 1.646142244304922997e+02 5.672263235829936434e+01 6.893498486206273412e+01
8.572413332338413966e+03 1.933193995451905778e+02 1.637436981892506367e+02 5.771346064179704172e+01 6.898067076347157922e+01
8.572856465302027573e+03 1.930177857857204913e+02 1.628374785080764013e+02 5.871091729003408233e+01 6.899859828553897501e+01
8.573327870281131254e+03 1.927263183264281565e+02 1.618474275108632980e+02 5.971073240955161054e+01 6.897980168977132109e+01
8.573830500903512075e+03 1.922747425264982155e+02 1.608393668191692711e+02 6.071067737765927319e+01 6.897014241238169063e+01
8.574316513146231955e+03 1.919916721028210418e+02 1.597790299365665874e+02 6.169158558230381573e+01 6.880300585929900592e+01
8.574763544531942898e+03 1.917471407912701409e+02 1.587865258252222134e+02 6.268443443890652134e+01 6.873509794676419915e+01
8.575200794367603521e+03 1.916363876242706965e+02 1.578170839889095021e+02 6.368207660496365463e+01 6.867404468922454441e+01
8.575657836993086676e+03 1.916167394242016258e+02 1.567842732225912528e+02 6.468021066491900228e+01 6.869237552180190676e+01
8.576096584631051883e+03 1.914291570825114377e+02 1.558122434259113049e+02 6.566299671736386756e+01 6.886326809101269930e+01
8.576490925356663865e+03 1.913677362876029804e+02 1.549136193430329342e+02 6.665709701502170503e+01 6.892813820443427630e+01
8.576896951562182949e+03 1.913266123713077604e+02 1.539618687368969745e+02 6.765254352472472021e+01 6.901389350046093796e+01
8.577328427573378576e+03 1.911957976843469282e+02 1.529659788239007980e+02 6.864609164943486519e+01 6.912728615299857893e+01
8.577739949193051871e+03 1.911965476723296433e+02 1.520238447956346306e+02 6.964443323683575215e+01 6.915163270319169442e+01
8.578138561198647949e+03 1.911179346333820206e+02 1.511257641184374449e+02 7.062590944274552385e+01 6.931597921552048547e+01
8.578564569638851026e+03 1.909654100082276500e+02 1.501787455966480707e+02 7.161372415994645735e+01 6.946622128462395551e+01
8.579021718830570535e+03 1.908836941114915362e+02 1.491665456747649614e+02 7.260909174069183791e+01 6.956048371678741660e+01
8.579468507308853077e+03 1.906332459439049956e+02 1.482119796969011816e+02 7.359510011232237048e+01 6.972126213907336023e+01
8.579867566205406547e+03 1.904827156722677159e+02 1.473234461429866542e+02 7.459043395419793399e+01 6.973904051888530375e+01
8.580284732139580228e+03 1.903010525847006136e+02 1.463990566194665064e+02 7.558978879151356978e+01 6.975808261095653506e+01
8.580708485530067264e+03 1.899358421510976882e+02 1.455137123463428850e+02 7.658852548653852921e+01 6.980775392848053684e+01
8.581095337299608218e+03 1.897007807157833383e+02 1.446554103681370407e+02 7.758249302282594329e+01 6.972745783192137026e+01
8.581489405309723224e+03 1.893709638974808342e+02 1.438120738008354351e+02 7.858074637131510087e+01 6.969832119596206610e+01
8.581897012820974851e+03 1.889837109833504485e+02 1.429539259682087220e+02 7.957799351357959949e+01 6.963322657826408602e+01
8.582292854683721089e+03 1.887557527461287066e+02 1.420683698824574890e+02 8.055329080984401457e+01 6.942362905440380416e+01
8.582669024919847288e+03 1.885102559269114977e+02 1.412389719307194582e+02 8.154572300809078911e+01 6.934232703742127057e+01
8.583061156439111073e+03 1.882768038174336311e+02 1.403849592220265663e+02 8.254387725072119508e+01 6.928347405969836359e+01
8.583466053516242027e+03 1.882002463446352181e+02 1.394927429236490184e+02 8.353721448642309610e+01 6.917094455742019932e+01
8.583875506433407281e+03 1.880129342672257451e+02 1.386344992871408408e+02 8.453135124434633951e+01 6.922119996948593723e+01
8.584300278557684578e+03 1.878502604833906275e+02 1.377601638612384534e+02 8.552989135759490580e+01 6.922342366801305502e+01
8.584775513122436678e+03 1.877821161366462945e+02 1.367552032050796527e+02 8.652832970567592952e+01 6.916949164184849508e+01
8.585254849570006627e+03 1.874608129674282111e+02 1.358028943742555441e+02 8.752452626517226975e+01 6.922795797255419359e+01
8.585693118387303912e+03 1.872412187220416229e+02 1.348680927332769670e+02 8.851770093885636470e+01 6.915352519617424321e+01
8.586143601698462589e+03 1.869239684022146548e+02 1.339103673098645970e+02 8.951581465504710877e+01 6.914507874141501986e+01
8.586581286541499139e+03 1.864386446212343742e+02 1.330334649282954160e+02 9.051538949617393826e+01 6.912654535777002707e+01
8.587006636900910962e+03 1.861002633635454799e+02 1.321107887633026792e+02 9.149558127071931324e+01 6.894557933368012925e+01
8.587439347966435889e+03 1.856673529453579476e+02 1.312066024520381120e+02 9.248994779082524076e+01 6.888302602021713028e+01
8.587841516271739238e+03 1.853462202504337313e+02 1.303347318470177356e+02 9.348481095421404063e+01 6.878992770667525747e+01
8.588281473787823415e+03 1.850829040163774266e+02 1.293372198000321021e+02 9.447636143734806069e+01 6.866046620821803970e+01
8.588685346537964506e+03 1.847845168613299620e+02 1.284711173525743391e+02 9.547418495943229289e+01 6.865072712746790273e+01
8.589051966052122225e+03 1.846107856013354080e+02 1.276738894994027760e+02 9.646402695104274017e+01 6.853055075880745051e+01
8.589508749442940825e+03 1.844454531383131553e+02 1.267135237472603819e+02 9.746122260596227704e+01 6.850487718029181394e+01
8.589978918472377700e+03 1.842556115680251310e+02 1.257386391334278670e+02 9.845498208607170909e+01 6.860599906461574449e+01
8.590481635775806353e+03 1.843166815367398783e+02 1.247069718060390500e+02 9.945312266017155878e+01 6.864922473431828109e+01
8.590974823782034946e+03 1.841100024282211223e+02 1.239252816502243206e+02 1.004206160945290236e+02 6.887739433329974759e+01
8.591460454491430937e+03 1.836685916453899665e+02 1.236564552303952951e+02 1.014118081077990325e+02 6.894981897214229605e+01
8.604221142978829448e+03 1.835276202283734222e+02 1.234926299378798120e+02 1.024112351845481044e+02 6.892370773055407085e+01
8.609409143460383348e+03 1.831705369918630311e+02 1.224815338593836458e+02 1.034110157031175419e+02 6.890506328825225069e+01
8.610390719178258223e+03 1.828387533004903389e+02 1.213238066749528343e+02 1.044075929562469298e+02 6.897562098364782912e+01
8.610911919999105521e+03 1.823966422865354104e+02 1.203643643428587495e+02 1.054064405826802613e+02 6.897418164874669344e+01
8.611369831313368195e+03 1.820442306368246932e+02 1.194333377647166401e+02 1.063963256494278937e+02 6.884253704282011199e+01
8.611803495244965234e+03 1.816308417599311724e+02 1.185833188816902464e+02 1.073933324083372867e+02 6.878177722659350479e+01
8.612222169425866014e+03 1.813032278434825457e+02 1.177034433367774966e+02 1.083825208387812751e+02 6.864365369235530068e+01
8.612652137852623127e+03 1.810531810016079817e+02 1.167404607470712392e+02 1.093669633919206348e+02 6.846807429944514922e+01
8.613080010978312202e+03 1.808162182163070781e+02 1.157935790713027870e+02 1.103607727341244384e+02 6.836284437969476357e+01
8.613499737194330010e+03 1.807116453495982284e+02 1.148316293335167586e+02 1.113536935680895112e+02 6.824492419008913657e+01
8.613944297155056120e+03 1.805342679542846724e+02 1.138174615729691936e+02 1.123522595819699319e+02 6.822272217991178422e+01
8.614364854727766215e+03 1.802907834240416491e+02 1.128843801798031308e+02 1.133522480304243629e+02 6.821854848720711573e+01
8.614750227728751270e+03 1.802608577552917666e+02 1.119711746964159573e+02 1.143504380770860109e+02 6.816315464148544834e+01
8.615141121025901157e+03 1.802845946988202570e+02 1.110165650677408564e+02 1.153440738067533147e+02 6.825094236676316939e+01
8.615514452949862971e+03 1.803550873259394791e+02 1.101331348712340201e+02 1.163338262843960393e+02 6.839336459503134336e+01
8.615887121007943279e+03 1.805551126175758441e+02 1.092545327427064450e+02 1.173170305764093229e+02 6.857516658676846077e+01
8.616269326374851516e+03 1.807899147154041941e+02 1.083558485545143668e+02 1.182320234966553016e+02 6.896757494013064616e+01
8.616654244340674268e+03 1.811158760217566339e+02 1.075220932611217250e+02 1.191087646457005604e+02 6.944793902427043975e+01
8.617048352570393035e+03 1.815654729979056015e+02 1.067452198857001662e+02 1.199706324492471623e+02 6.995499663327477435e+01
8.617480357249456574e+03 1.820158416852409005e+02 1.059238219661413041e+02 1.207715735643333090e+02 7.055206201034499713e+01
8.617930282580213316e+03 1.824861818599424623e+02 1.051213379217421391e+02 1.215856019649767461e+02 7.113263436802512274e+01
8.618373271151727749e+03 1.829586255090180771e+02 1.043018759366562591e+02 1.223851003950953498e+02 7.173314794978122677e+01
8.618810869042044942e+03 1.833580176725113233e+02 1.034262464663895713e+02 1.231340177546336321e+02 7.239509619506964100e+01
8.619231471886963845e+03 1.838215468119286697e+02 1.025979260288967083e+02 1.239179097479608060e+02 7.301537560772068503e+01
8.619653470797837144e+03 1.842358269135459636e+02 1.017263936059044056e+02 1.246589530652421871e+02 7.368607848366369240e+01
8.620071625964392297e+03 1.845160710946844063e+02 1.008037802644220164e+02 1.254071154514554394e+02 7.434952635170510860e+01
8.620470186619233573e+03 1.848391411915966387e+02 9.993583160109396601e+01 1.262278517408591227e+02 7.491899822688517929e+01
8.620870840239831523e+03 1.850074442296585175e+02 9.901284123844342844e+01 1.270489422169943339e+02 7.548974598880282372e+01
8.621269640480384624e+03 1.850890102718105368e+02 9.808206665150747483e+01 1.279185484557346371e+02 7.598203842406054775e+01
8.621637007762350549e+03 1.852204468628595464e+02 9.722570751946003043e+01 1.288398865268337090e+02 7.636877077034502292e+01
8.622021385893733168e+03 1.852036158528573537e+02 9.631273289007522465e+01 1.297487041953239100e+02 7.678555605010919294e+01
8.622433623133632864e+03 1.851266381244263357e+02 9.534290550888765381e+01 1.306810396487790911e+02 7.714620077407288079e+01
8.622820363542001360e+03 1.850805490883610673e+02 9.444135960248475214e+01 1.316418950086616633e+02 7.742162042288228463e+01
8.623206672504999005e+03 1.849571864118096585e+02 9.354834320535985626e+01 1.326027797048613195e+02 7.769852853221617295e+01
8.623621465470307157e+03 1.849762880634840201e+02 9.258764262937037870e+01 1.335888187403277811e+02 7.785897759030169141e+01
8.624004913564605886e+03 1.850942983625177476e+02 9.168816902000553171e+01 1.345729587913963599e+02 7.803595891513354843e+01
8.624382964786904267e+03 1.850911684744454533e+02 9.078560660981086983e+01 1.355313007527463185e+02 7.831919632633098161e+01
8.624790752859651548e+03 1.851754689973017491e+02 8.984069184065353397e+01 1.365069710399905603e+02 7.853662372450361318e+01
8.625173046432482806e+03 1.853182133682144581e+02 8.898811914350649488e+01 1.374671619785364385e+02 7.881482986917102096e+01
8.625557342148353200e+03 1.853118008845637235e+02 8.817605650160214736e+01 1.384061328503105699e+02 7.915825020647460519e+01
8.625957344719274261e+03 1.852790190249582167e+02 8.750716448166937766e+01 1.393772316906608637e+02 7.939387727244242399e+01
8.626332979421493292e+03 1.852183471921098317e+02 8.696764198110636812e+01 1.403242389420624647e+02 7.971351659080175978e+01
8.626713824387148634e+03 1.852034202778419285e+02 8.619141657911991672e+01 1.412541246339990835e+02 8.008114842994410765e+01
8.627116004695521042e+03 1.853068980082425128e+02 8.524714000952282333e+01 1.422214768445004722e+02 8.033172267044788839e+01
8.627506526930030304e+03 1.853150351589129627e+02 8.428393958923052764e+01 1.431823116094493287e+02 8.060860575109849435e+01
8.627873835363980106e+03 1.852710330967772734e+02 8.336113919936661887e+01 1.441358252778351527e+02 8.090988645696916137e+01
8.628240675235705567e+03 1.853056507827477901e+02 8.240620523318267487e+01 1.451047063964227846e+02 8.115685236941538960e+01
8.628610684770552325e+03 1.853541539345281421e+02 8.146893679030854685e+01 1.460365501677269435e+02 8.151798737990014843e+01
8.628995395816216842e+03 1.854315909877772981e+02 8.051169923890991242e+01 1.469469673903141427e+02 8.193148157029540357e+01
8.629401142401715333e+03 1.855819347035409521e+02 7.945903292949068941e+01 1.478793583693025084e+02 8.229256972965596617e+01
8.629803071835653100e+03 1.857541886598263545e+02 7.841301472725849919e+01 1.487719847276889595e+02 8.274254224643149769e+01
8.630212394857109757e+03 1.860442738238185143e+02 7.740802714493284498e+01 1.496429729312465611e+02 8.323374155474508029e+01
8.630627951948557893e+03 1.864554662331839836e+02 7.643799778748567064e+01 1.505225138664998781e+02 8.370953763353848842e+01
8.631064186607951342e+03 1.867632444643335532e+02 7.538847019544891737e+01 1.513445825585136220e+02 8.427828789974587664e+01
8.631530054547409236e+03 1.869666551412959450e+02 7.427111247524939586e+01 1.522110108298535067e+02 8.477711736295968592e+01
8.631987787146741539e+03 1.871454864555295785e+02 7.323031511921575998e+01 1.531199573083870007e+02 8.519359197245584880e+01
8.632477552695881968e+03 1.871907230613097113e+02 7.214675408157738445e+01 1.540381477452631032e+02 8.558971271235090228e+01
8.633015771038779349e+03 1.870456988149820177e+02 7.098883588033258718e+01 1.550172393931053989e+02 8.578933412946058468e+01
8.633570198105515374e+03 1.866223624857288428e+02 6.988107171966791498e+01 1.560163079107789486e+02 8.582106266942548700e+01
8.634128288249517936e+03 1.860592204285096898e+02 6.889281668528646208e+01 1.569969776548199150e+02 8.562901224076846063e+01
8.634681776257772071e+03 1.854265261130968270e+02 6.817165548784311113e+01 1.579475048791778988e+02 8.531876509296900224e+01
8.635308043059059855e+03 1.848161246461695839e+02 6.743046570706417242e+01 1.588443788150271416e+02 8.487687096641931817e+01
8.636485819670677301e+03 1.846181427608033232e+02 6.675188037798163521e+01 1.597784920874107115e+02 8.452103050898855940e+01
8.649683764850355146e+03 1.850030587308307020e+02 6.568937565107449927e+01 1.606459502938001833e+02 8.450628437645528379e+01
8.657974525173664006e+03 1.853676200821936959e+02 6.440663970611224443e+01 1.615192789571756862e+02 8.499172031396693683e+01
8.658588378564449158e+03 1.857919775329365564e+02 6.352735499835849708e+01 1.624254560259987556e+02 8.541355247553066476e+01
8.659095829508878523e+03 1.860793091900717968e+02 6.297029914720459942e+01 1.633854291721941649e+02 8.563121079423257243e+01
8.659558351220846816e+03 1.858788642590250220e+02 6.213471932054629576e+01 1.643808268836189086e+02 8.571929143941518703e+01
8.660013165557689717e+03 1.855106902779592133e+02 6.109772021460159408e+01 1.653765125799339728e+02 8.575532975819930925e+01
8.660444970088510672e+03 1.852675033955768527e+02 6.023410369398855124e+01 1.663734544375699898e+02 8.568171162546997266e+01
8.660854701653248412e+03 1.850436330324665164e+02 5.945412293093778544e+01 1.673698158779448306e+02 8.559764889970541901e+01
8.661261144106425490e+03 1.848430887217573684e+02 5.859143353283548805e+01 1.683606065109332803e+02 8.547257437034157590e+01
8.661671850278835336e+03 1.846008307160605000e+02 5.767548072977355389e+01 1.693528582137603564e+02 8.536604909924670892e+01
8.662078989412999363e+03 1.842252985780079655e+02 5.680589236503629280e+01 1.703523520803059341e+02 8.534522137505462069e+01
8.662478071317034846e+03 1.839064179350248764e+02 5.593587250365927588e+01 1.713480998278253082e+02 8.527849051560107796e+01
8.662881983789282458e+03 1.836559444226059838e+02 5.502244322025380541e+01 1.723440739848195733e+02 8.520037052120343901e+01
8.663277576845679505e+03 1.834000919438996107e+02 5.414307456573849464e+01 1.733437280073105455e+02 8.517823061671897733e+01
8.663662345455086324e+03 1.831824543221216572e+02 5.329243829407682398e+01 1.743421729022116153e+02 8.513319896159613620e+01
8.664066341802526949e+03 1.828939744583693425e+02 5.242972765609663099e+01 1.753406838510951502e+02 8.511478477495946038e+01
8.664480170977292801e+03 1.825637777570965739e+02 5.157708080102677428e+01 1.763391309396110671e+02 8.508869131278258635e+01
8.664881706136664434e+03 1.823361568738934295e+02 5.073721181847732709e+01 1.773324284682828704e+02 8.497864028348968191e+01
8.665287084392210090e+03 1.820848993283790946e+02 4.990673702671132617e+01 1.783280262112835146e+02 8.491901548049520443e+01
8.665709481141930155e+03 1.818252625390470598e+02 4.906200844882910417e+01 1.793271788397024693e+02 8.488995468052299032e+01
8.666140858840788496e+03 1.816513185979555942e+02 4.820924751586678525e+01 1.803256906612493253e+02 8.483541930863539449e+01
8.666582265666109379e+03 1.814252508253202336e+02 4.740597546787166294e+01 1.813249933767183961e+02 8.482045431537881086e+01
8.667045939490197270e+03 1.811433062916331949e+02 4.670118006053028381e+01 1.823210377912020022e+02 8.475985825246668526e+01
8.667575516115753999e+03 1.807138624831743812e+02 4.617375944493225148e+01 1.833036109805676119e+02 8.458189785790834492e+01
8.668196363903492966e+03 1.799172108709534257e+02 4.585381233784131183e+01 1.842076014473747989e+02 8.418532823725662695e+01
8.668833611700962138e+03 1.789659444710153480e+02 4.579117718612998544e+01 1.849099251180941224e+02 8.349627197857255112e+01
8.669445617193523503e+03 1.780015636580091609e+02 4.601651688536815499e+01 1.853209179083995650e+02 8.260143586397155957e+01
8.669976491810914013e+03 1.770714799584609409e+02 4.631265130818649567e+01 1.854422414343759726e+02 8.161637313877737654e+01
8.670456393326852776e+03 1.762081984528354326e+02 4.669917774094523111e+01 1.854664579747146718e+02 8.061669152214879830e+01
8.670921799484991425e+03 1.753418578230121625e+02 4.703754462722783103e+01 1.853865922367298822e+02 7.962239717607367595e+01
8.671346388172401930e+03 1.745012292991152663e+02 4.723279758187508293e+01 1.853038743039976737e+02 7.862640192161202890e+01
8.671756521310899188e+03 1.736796905010624528e+02 4.746051021027793837e+01 1.853036254983550748e+02 7.762723219972097866e+01
8.672190017977200114e+03 1.728302292944987073e+02 4.770498303014885266e+01 1.852893632266191446e+02 7.662776777742345757e+01
8.672629969237827027e+03 1.720022258161275772e+02 4.800788970724400428e+01 1.853036216533207607e+02 7.562844829220253473e+01
8.673067576041730717e+03 1.711726898446406437e+02 4.840517587808300704e+01 1.853069049736313332e+02 7.462873814955332818e+01
8.673513432378313155e+03 1.702934452145719320e+02 4.878910082031065798e+01 1.852403285476630685e+02 7.363160868720072472e+01
8.673979033031559084e+03 1.694119708552264854e+02 4.924087843345741078e+01 1.851819106968393953e+02 7.263355464035549858e+01
8.674451803350104456e+03 1.685786826512767504e+02 4.973098615855175808e+01 1.850481949298828965e+02 7.164439137577394945e+01
8.674944405410395120e+03 1.678926752252770029e+02 5.031513465433404519e+01 1.848410176041830368e+02 7.066634177207667733e+01
8.675495707370992022e+03 1.673179724096420955e+02 5.110850480393879280e+01 1.844750364821447306e+02 6.974116056818002107e+01
8.676041639299528470e+03 1.669368745080017220e+02 5.191363573767446127e+01 1.838768462749956427e+02 6.894908057186830774e+01
8.676615381539208101e+03 1.670105930692381264e+02 5.281312888467240896e+01 1.830993772410991483e+02 6.832920401369705132e+01
8.677197128102177885e+03 1.674336402153610379e+02 5.378520182302398212e+01 1.821534667750594565e+02 6.806229260357750377e+01
8.677727647476800485e+03 1.680210633652588683e+02 5.463277206110485196e+01 1.811570740337217273e+02 6.804764252049781703e+01
8.678229099741851314e+03 1.685538431519802032e+02 5.549721954653555400e+01 1.801828040235540414e+02 6.825255767526769546e+01
8.678694774612833498e+03 1.689734538030436681e+02 5.639640126261341635e+01 1.792106841495830452e+02 6.848681135792394059e+01
8.679159429143046509e+03 1.693969615444198951e+02 5.730768220401655100e+01 1.782262189768656526e+02 6.866014622209836205e+01
8.679629626908910723e+03 1.697813696776329095e+02 5.825443573176161749e+01 1.772418714358504133e+02 6.883619916015358342e+01
8.680073019720306547e+03 1.701542653151735180e+02 5.910289586942974438e+01 1.762467191796203565e+02 6.892313346773489968e+01
8.680506655825465714e+03 1.704523629371104221e+02 5.988418764381119530e+01 1.752550873808913821e+02 6.904875753254280824e+01
8.680960770186280570e+03 1.706802598433365006e+02 6.074533467619468041e+01 1.742624944196774379e+02 6.916991400602927342e+01
8.681444275497789931e+03 1.709435895490726409e+02 6.161546055846919501e+01 1.732639653378930404e+02 6.921108458018755982e+01
8.681958399196821119e+03 1.711284097364540173e+02 6.244949815816460159e+01 1.722682007259432737e+02 6.929831950078381908e+01
8.682548743929246484e+03 1.712991880370840931e+02 6.320490499818890129e+01 1.712691871802467460e+02 6.930337748116109253e+01
8.683339167068710594e+03 1.714507015111181545e+02 6.368902530051514788e+01 1.702701167811565313e+02 6.933979209646078345e+01
8.689028889476920085e+03 1.718287849026802689e+02 6.444518662380522755e+01 1.692800182121293915e+02 6.921943711533450028e+01
8.690446333553241857e+03 1.721018131221818805e+02 6.557052468067232098e+01 1.683034716598896239e+02 6.939557210745950044e+01
8.690963989946512811e+03 1.724850510729789903e+02 6.645401734244580894e+01 1.673298310582227941e+02 6.922151232919141250e+01
8.691475601365267721e+03 1.729088078227327401e+02 6.726860754828399536e+01 1.663339360990138971e+02 6.923445208479085977e+01
8.692014969858953918e+03 1.731245987251913903e+02 6.832667031759997656e+01 1.653577236297451520e+02 6.944274820358745615e+01
8.692489735245040720e+03 1.735557406145856589e+02 6.916122598056749382e+01 1.643664589719987532e+02 6.936902034957057595e+01
8.692928338843874371e+03 1.738095727263441859e+02 6.996749209155227334e+01 1.633803635470603695e+02 6.950901114868148056e+01
8.693406768091239428e+03 1.740789345600138915e+02 7.083765528465309558e+01 1.623821942184258944e+02 6.954637280704615421e+01
8.693906246159865987e+03 1.744822173865429988e+02 7.164244121092158935e+01 1.613822757179041503e+02 6.953850552863099210e+01
8.694409312337604206e+03 1.747188887055664281e+02 7.255531672240847740e+01 1.603992688595127731e+02 6.971053615263677727e+01
8.694909749229756926e+03 1.750627815791300179e+02 7.346442358022129326e+01 1.594032753829567639e+02 6.967060446217068659e+01
8.695408970028458498e+03 1.753044991691732264e+02 7.429714869593520632e+01 1.584081346408306956e+02 6.975472537721174149e+01
8.695948294188308864e+03 1.754222428051838847e+02 7.522645644629577077e+01 1.574086815052421287e+02 6.975917183651147013e+01
8.696501848274168879e+03 1.756797001302070953e+02 7.600386711189602806e+01 1.564203182888300603e+02 6.961428547801503441e+01
8.697170526920051998e+03 1.757218359076407239e+02 7.665379507610411736e+01 1.554224503701859987e+02 6.963855308387545051e+01
8.700251479383076003e+03 1.758784341604574308e+02 7.737003361487643360e+01 1.544239206991460378e+02 6.959280367898976749e+01
8.705546756447491134e+03 1.765577149018603791e+02 7.848064184359792250e+01 1.534261531267015073e+02 6.965159034401663973e+01
8.706310003470582160e+03 1.772113127308713274e+02 7.936208493639153971e+01 1.524584853047640536e+02 6.990112680613964358e+01
8.706768887485412051e+03 1.779820069990584273e+02 7.995566783645297448e+01 1.514826767184327423e+02 7.011968035132879606e+01
8.707230208895580290e+03 1.788825082962532349e+02 8.049114865109409322e+01 1.505892401362219459e+02 7.056769141095178099e+01
8.707695879722345126e+03 1.798280235982492172e+02 8.106843909730790187e+01 1.497544442011733565e+02 7.111818544081776849e+01
8.708172850260381892e+03 1.808888337136179985e+02 8.129711124385940479e+01 1.489406382429099267e+02 7.169931593271843440e+01
8.708634067223856619e+03 1.819298276298590054e+02 8.150628754557600075e+01 1.483289454354597012e+02 7.249012686653937010e+01
8.709060643397555395e+03 1.829019306892150212e+02 8.136449352044341765e+01 1.477245815669908211e+02 7.328661543160248470e+01
8.709487931414356353e+03 1.838785517426654224e+02 8.114685424735399977e+01 1.473439017245216576e+02 7.421106396577053488e+01
8.709914855276341768e+03 1.848358308611883558e+02 8.087228073411220919e+01 1.471358042326940563e+02 7.518917127002573864e+01
8.710324682579863293e+03 1.855933247308642251e+02 8.024776888945531539e+01 1.469227987392500268e+02 7.616556176880241935e+01
8.710730595174083646e+03 1.863559408781792968e+02 7.970649077609579081e+01 1.469927084419832113e+02 7.716289603876748515e+01
8.711137528080729680e+03 1.869842190297863738e+02 7.906257055267406031e+01 1.471940831731739365e+02 7.814209212127610726e+01
8.711564397474619909e+03 1.874112642950996701e+02 7.827979717278390126e+01 1.475478335337758153e+02 7.907659223909227819e+01
8.712013006510958803e+03 1.878718000114635913e+02 7.759026212675888701e+01 1.481073293208318091e+02 7.990541849756847625e+01
8.712502657780378286e+03 1.881474030045770007e+02 7.692587512962863627e+01 1.486587880904915835e+02 8.073795413589209602e+01
8.713379542457680145e+03 1.883294068463216320e+02 7.643267941560681322e+01 1.494229549308047069e+02 8.138295514889225046e+01
8.718813262244428188e+03 1.884272805368103718e+02 7.559032039046742568e+01 1.501733548540647121e+02 8.204389385921518851e+01
8.719982267412859073e+03 1.893353986847737360e+02 7.484986881862768371e+01 1.509302051038676495e+02 8.268964011571969763e+01
8.720491543779187850e+03 1.900796438869379585e+02 7.409243806354044182e+01 1.513079447043476762e+02 8.361530056270397893e+01
8.720936095280769223e+03 1.908519056200784121e+02 7.353427090829029567e+01 1.517674751477539132e+02 8.450326953330876734e+01
8.721381689680136333e+03 1.917995969158251626e+02 7.307118853642853651e+01 1.521421307888947752e+02 8.542887046378125149e+01
8.721781977862312488e+03 1.925901255040926685e+02 7.257700459136187021e+01 1.522966716443909263e+02 8.641661877479882037e+01
8.722159423860011884e+03 1.934202446714450900e+02 7.228247797734832147e+01 1.525312182520119109e+02 8.738751249231147256e+01
8.722579287255042800e+03 1.943632706802530663e+02 7.192754767374471214e+01 1.525520127770896295e+02 8.838671008154904030e+01
8.722956667849983205e+03 1.950628772270549121e+02 7.155014180185042960e+01 1.524392975430685340e+02 8.937915411548672751e+01
8.723330569229026878e+03 1.956736393826741107e+02 7.144273263080600600e+01 1.525223979244225063e+02 9.037497864926193358e+01
8.723811777703207554e+03 1.963101595379800415e+02 7.141737121722572113e+01 1.524453540674905696e+02 9.137198239519533161e+01
8.724475005566828258e+03 1.966818201590115791e+02 7.135637898244870314e+01 1.523363049572897694e+02 9.225895627826946566e+01
8.726371387505287203e+03 1.963993402940566284e+02 7.179357930382330721e+01 1.521696593556470418e+02 9.145788940451473081e+01
8.727451911114783798e+03 1.975589153044084867e+02 7.161974143283030969e+01 1.520485641147665206e+02 9.244802096029484062e+01
8.728138046774820396e+03 1.984554827907449521e+02 7.149998568715112413e+01 1.519591003704395291e+02 9.344068141288538243e+01
8.728736704131373699e+03 1.993276727694363615e+02 7.124085467826851925e+01 1.519165710622638130e+02 9.441891448512188845e+01
8.729237960563554225e+03 2.002114549563852393e+02 7.102805715763410888e+01 1.520049831840576644e+02 9.539837524529181678e+01
8.729709838776687320e+03 2.010780714308223764e+02 7.063745950346661573e+01 1.519488871928010951e+02 9.638900067625093016e+01
8.730166751391223443e+03 2.019934715338235094e+02 7.030308868354927654e+01 1.520450491696798849e+02 9.738424049698049600e+01
8.730606617731948063e+03 2.028661579986478785e+02 6.991879848706562939e+01 1.520458852980750635e+02 9.837940453737475366e+01
8.731019363054580026e+03 2.036069695986444685e+02 6.947193224188403349e+01 1.520166063934188116e+02 9.937042718280187614e+01
8.731439299850399038e+03 2.043881939171872091e+02 6.908934236073096713e+01 1.521380241409354994e+02 1.003626472486711947e+02
8.731875309198376272e+03 2.051632131708010718e+02 6.857611414952759787e+01 1.522141676754511650e+02 1.013596681241602084e+02
8.732292961245433617e+03 2.058816863631153922e+02 6.808044602225567132e+01 1.523559920471156204e+02 1.023435466578435467e+02
8.732714208877510828e+03 2.066536234309226074e+02 6.771636946702568594e+01 1.525678776566574868e+02 1.033162873411620524e+02
8.733153946315591384e+03 2.074069648353658124e+02 6.730379371935964627e+01 1.526942026714450833e+02 1.043071570171958200e+02
8.733609048076439649e+03 2.081945617399946116e+02 6.699284037105601897e+01 1.529037799434936176e+02 1.052844963825287437e+02
8.734052044775224203e+03 2.089818707203053521e+02 6.672568801091419743e+01 1.530341965767094621e+02 1.062640778626740854e+02
8.734501725813013763e+03 2.097551720162081494e+02 6.635429123705807797e+01 1.530383572374767880e+02 1.072597009581128873e+02
8.734985329459770583e+03 2.106174781251639274e+02 6.603420064100984632e+01 1.531312553761584638e+02 1.082544848025967923e+02
8.735465468062704531e+03 2.114735379483365705e+02 6.574324033958795610e+01 1.531115032467293702e+02 1.092514446103966321e+02
8.735913019597253879e+03 2.122510451683122881e+02 6.545959476574988400e+01 1.530600623800229698e+02 1.102464980025407755e+02
8.736369897910783038e+03 2.130944399013909276e+02 6.528892148154132258e+01 1.530509276475470131e+02 1.112426815770916448e+02
8.736851641146424299e+03 2.139491917039717919e+02 6.501005079154431598e+01 1.529206327894227684e+02 1.122340814019075452e+02
8.737290555054618380e+03 2.146957255561631257e+02 6.471262933651621552e+01 1.528563714401828975e+02 1.132265120517454733e+02
8.737689627906827809e+03 2.154615891856184930e+02 6.452511933396202437e+01 1.528626554730672353e+02 1.142232079553053410e+02
8.738101538256552885e+03 2.162778966077129326e+02 6.420078385292518419e+01 1.527761436104049437e+02 1.152193657345499247e+02
8.738483726325315729e+03 2.170371824730955836e+02 6.387059940701510641e+01 1.527848913333251346e+02 1.162144082827630456e+02
8.738859555353799806e+03 2.178567653003679254e+02 6.364116334286352128e+01 1.528627901146162742e+02 1.172087703978797180e+02
8.739264589091166272e+03 2.187138179239989313e+02 6.329626297513366495e+01 1.528318819485502615e+02 1.182080386255921667e+02
8.739654253616197821e+03 2.194857284359016205e+02 6.293411592113784536e+01 1.528447785067720872e+02 1.192037816046135106e+02
8.740052635239628216e+03 2.203305776848883113e+02 6.267960252946659239e+01 1.529194881615841268e+02 1.201987288089997605e+02
8.740487345874922539e+03 2.212189954796314453e+02 6.231248906121765430e+01 1.528961048503942948e+02 1.211983037457580821e+02
8.740916810183374764e+03 2.220679616691814999e+02 6.192393358527044001e+01 1.529234748475453500e+02 1.221937841223451073e+02
8.741333251175106852e+03 2.229505788666452304e+02 6.162034745049641060e+01 1.529832060828810540e+02 1.231868780523246301e+02
8.741766925661637288e+03 2.238535573384151292e+02 6.128367920180161832e+01 1.529523809556310425e+02 1.241854675567023492e+02
8.742223067703449487e+03 2.248184328664708289e+02 6.105925140557272357e+01 1.529673371522043510e+02 1.251853080381941226e+02
8.742677635364336311e+03 2.257794189395089859e+02 6.085306071851319132e+01 1.528724902178029765e+02 1.261734494129697310e+02
8.743114163802298208e+03 2.266143860363640101e+02 6.054643544437437441e+01 1.527020218511245275e+02 1.271548496596726636e+02
8.743596845877222222e+03 2.274651899995462827e+02 6.025266994947894261e+01 1.526273897946779243e+02 1.281519757738184921e+02
8.744133270387996163e+03 2.282138582136699654e+02 5.976340108896435765e+01 1.526094770588447318e+02 1.291479068643278652e+02
8.744675507093830674e+03 2.287216880042855678e+02 5.920040937043484064e+01 1.528328962603929995e+02 1.301085222919463433e+02
8.745300535974536615e+03 2.288930832180285790e+02 5.866690763685782883e+01 1.533387463841949341e+02 1.309614650285832909e+02
8.745973232775118959e+03 2.288180555803910465e+02 5.818180507465561391e+01 1.541436822176960106e+02 1.314277828837641380e+02
8.746619049168588390e+03 2.291879798955095850e+02 5.804254644181313694e+01 1.551386534986755237e+02 1.314700971520805695e+02
8.747312698489704417e+03 2.294413520979986174e+02 5.803496020709392411e+01 1.560877764237442875e+02 1.312248346015434208e+02
8.747980728149412244e+03 2.289853396875078602e+02 5.776685606980407783e+01 1.570180896222341005e+02 1.308675150169345898e+02
8.748699956365137041e+03 2.282143279806312250e+02 5.734396299071301684e+01 1.579730450709973297e+02 1.305711775103348771e+02
8.753403329775854218e+03 2.276175714652107729e+02 5.694851895445179935e+01 1.588602110448467783e+02 1.301317475356029263e+02
8.762252982066187542e+03 2.273490794168000662e+02 5.589912486696414362e+01 1.597788031955026327e+02 1.299495544911098648e+02
8.765196742888194422e+03 2.271616567633727470e+02 5.445225537339476318e+01 1.607765713502896574e+02 1.300058493380677476e+02
8.766032516066921744e+03 2.267710146949557100e+02 5.335780646292832330e+01 1.617736308001658472e+02 1.300801489075447250e+02
8.766729939628388820e+03 2.265450293859681210e+02 5.231361670566482758e+01 1.627614411962380245e+02 1.299610813346294833e+02
8.767412886788091782e+03 2.262425231646836323e+02 5.129271171482178460e+01 1.637414192036006284e+02 1.300966542554628518e+02
8.768077014504000545e+03 2.260388808357486710e+02 5.026587262678329893e+01 1.647376505785544509e+02 1.301136589579600411e+02
8.768700086411896336e+03 2.257413988314951609e+02 4.929526785237256092e+01 1.656713588388038545e+02 1.304375868878877611e+02
8.769295042112835290e+03 2.254571432491932228e+02 4.822884830122618638e+01 1.666032085605010309e+02 1.308002548885814633e+02
8.769860613249386006e+03 2.253818925564806648e+02 4.732886394745106173e+01 1.675869027422138799e+02 1.309608058249733062e+02
8.770371506587403928e+03 2.253753381990175058e+02 4.626177399891346198e+01 1.685333340756945972e+02 1.312750186702504323e+02
8.770826670305450534e+03 2.255575933035697176e+02 4.525133689064180942e+01 1.695255676183750211e+02 1.313164591474273948e+02
8.771278895505422042e+03 2.258444788043222502e+02 4.430904161264889041e+01 1.705253520337882662e+02 1.312966448343158277e+02
8.771682985879742773e+03 2.260633174061337343e+02 4.345856046876037482e+01 1.715153790070149000e+02 1.314260617266484701e+02
8.772077981136882954e+03 2.261566238697486426e+02 4.261172117925138991e+01 1.725124250035387092e+02 1.313898235600968860e+02
8.772508847941899148e+03 2.261761295958383187e+02 4.177313887410242188e+01 1.735114888330118390e+02 1.313470515887078420e+02
8.772942512400044507e+03 2.261487891221760549e+02 4.106463148495642912e+01 1.745106596305194557e+02 1.313785732646183817e+02
8.773421353315698070e+03 2.262070857057433670e+02 4.038157344259326464e+01 1.754951928011435882e+02 1.312187994278294241e+02
8.774107219136467393e+03 2.262562961563992019e+02 3.978127649869617244e+01 1.764922616585864432e+02 1.312407324452973683e+02
8.786733029892960985e+03 2.262855065290311529e+02 3.912880615199836853e+01 1.774518349555476391e+02 1.315110488730622649e+02
8.792944476816197493e+03 2.260151297446132617e+02 3.805431224377682753e+01 1.784470222706036964e+02 1.315613674750372866e+02
8.794009732359470945e+03 2.258455390092887285e+02 3.699216724928634648e+01 1.794469359070081680e+02 1.315526406097535528e+02
8.794526249793181705e+03 2.257448824571519879e+02 3.602474234965931998e+01 1.804378602134077312e+02 1.314232676633050687e+02
8.795002656027170815e+03 2.257105133205090794e+02 3.513048127427080658e+01 1.814356552843872521e+02 1.313608256824255989e+02
8.795478412685262811e+03 2.256520468359645974e+02 3.420043614416432121e+01 1.824355500152230150e+02 1.313537200897179673e+02
8.795967958580142295e+03 2.253972016441804271e+02 3.330734597432157784e+01 1.834277232927478565e+02 1.312324971328690708e+02
8.796486760283511103e+03 2.248218252291659667e+02 3.263202408314961644e+01 1.844083661113279504e+02 1.310374155037758328e+02
8.797035835554121149e+03 2.239440050276358818e+02 3.215713201632556917e+01 1.851762193417126809e+02 1.304087108394093661e+02
8.797518192554995039e+03 2.230336257608495600e+02 3.187985019408515441e+01 1.856196107930256574e+02 1.295128567988605823e+02
8.797985234672656588e+03 2.221615198073542672e+02 3.175749050041639165e+01 1.857778299793347401e+02 1.285259748842765930e+02
8.798416364765495018e+03 2.214660525212448476e+02 3.173872603389941105e+01 1.857267460667100636e+02 1.275274222680723994e+02
8.798805406348941688e+03 2.207540856195505796e+02 3.183539094481448828e+01 1.857787844879249803e+02 1.265288290809279346e+02
8.799213510507632236e+03 2.198239116384425245e+02 3.186678172260878483e+01 1.857691552560472701e+02 1.255291610604226520e+02
8.799629478178303543e+03 2.189228139578460457e+02 3.181650673792871231e+01 1.856378926438030419e+02 1.245380595865088935e+02
8.800039287677580433e+03 2.180533395098638891e+02 3.178816884736850312e+01 1.856199198005777191e+02 1.235382355558112550e+02
8.800447652487568121e+03 2.171096323148072145e+02 3.178796135936333300e+01 1.855723054101650575e+02 1.225395122507288335e+02
8.800842252683072729e+03 2.162059992187719786e+02 3.184380259495454979e+01 1.854526088539918760e+02 1.215473748978502613e+02
8.801227683454617363e+03 2.153288839720690362e+02 3.198163740289500367e+01 1.855021076199323034e+02 1.205487068695980639e+02
8.801651134772657315e+03 2.143919038666216181e+02 3.215784708019889848e+01 1.854824385230434984e+02 1.195492620319783725e+02
8.802125276736269370e+03 2.134015622894488331e+02 3.236264731273035977e+01 1.853600136992752994e+02 1.185572462860765199e+02
8.802604900877233376e+03 2.123353188889846592e+02 3.252387844020350371e+01 1.853556722055904231e+02 1.175574725608227169e+02
8.803090410826298466e+03 2.112087798141101871e+02 3.271379697100316264e+01 1.852783529579488402e+02 1.165609792811964667e+02
8.803590453967424764e+03 2.100976263203534415e+02 3.295365217400355107e+01 1.853164440312110344e+02 1.155618849788260576e+02
8.804083803919718775e+03 2.089871055405362483e+02 3.301627044537532640e+01 1.852799230363601737e+02 1.145628298616824310e+02
8.804552714896550242e+03 2.079459883423447479e+02 3.304145709695269773e+01 1.851747232093304945e+02 1.135693877498450064e+02
8.804973807868735094e+03 2.070646952536055778e+02 3.319614684379694580e+01 1.852192878272330745e+02 1.125705462280405840e+02
8.805394098510254480e+03 2.061678594502614885e+02 3.345435370789822116e+01 1.852035243565399583e+02 1.115706706999972369e+02
8.805824150505482976e+03 2.053517459952489617e+02 3.393064036627990276e+01 1.851987027637432277e+02 1.105710923974816922e+02
8.806252176777250497e+03 2.046108830537276901e+02 3.451576117450250791e+01 1.852702341891469473e+02 1.095751795716429768e+02
8.806633496941947669e+03 2.038519609184697572e+02 3.481110422610301214e+01 1.851738320238025040e+02 1.085803796936609871e+02
8.807021545992478423e+03 2.030153219777541551e+02 3.479714341087906604e+01 1.851909616898818172e+02 1.075812071596511146e+02
8.807422803458292037e+03 2.020481988687510011e+02 3.471387981427657365e+01 1.853045812170721263e+02 1.065885138799306446e+02
8.807814809544795935e+03 2.010908285464247740e+02 3.466056533230752024e+01 1.853070855326952540e+02 1.055889237609362539e+02
8.808214970680452097e+03 2.002002055007217791e+02 3.463892742191260510e+01 1.853998015000696000e+02 1.045934364066314117e+02
8.808625682543060975e+03 1.993430055006977000e+02 3.458370260162038790e+01 1.855302655782324166e+02 1.036036414432802104e+02
8.809043885513456189e+03 1.985435822252623552e+02 3.460881902500578633e+01 1.855097813090702630e+02 1.026045500367179955e+02
8.809469999374739928e+03 1.980463807552168873e+02 3.488659052158260465e+01 1.855925581138312168e+02 1.016079866065063868e+02
8.809921786419536147e+03 1.976295276868257247e+02 3.536256660148918485e+01 1.856433424752296446e+02 1.006113644833520055e+02
8.810371745705822832e+03 1.970334453310115919e+02 3.602805162553232776e+01 1.855329833154205232e+02 9.961825030953542637e+01
8.810821313492622721e+03 1.962673189596635552e+02 3.660156744802063145e+01 1.855111027259150660e+02 9.861939106403153232e+01
8.811279774069698760e+03 1.952850216122448046e+02 3.689279361830372039e+01 1.853879553864063610e+02 9.762731835727974783e+01
8.811719972972969117e+03 1.943522449021937462e+02 3.707067755810250986e+01 1.853484059578905203e+02 9.662933891805356268e+01
8.812138326045160284e+03 1.934399050232922832e+02 3.716560028529873705e+01 1.854033380183311408e+02 9.563423015294135610e+01
8.812539959527497558e+03 1.926590298751224282e+02 3.728322326059706171e+01 1.852556133427187035e+02 9.464528496746090980e+01
8.812957817218728451e+03 1.919226066101472270e+02 3.750921642647525545e+01 1.851494264493814228e+02 9.365126772071232608e+01
8.813379321091832026e+03 1.911138527658053192e+02 3.759600097108324945e+01 1.850814078724798151e+02 9.265526131285417932e+01
8.813805643621328272e+03 1.903584153556208207e+02 3.758730090553118686e+01 1.848986004854542671e+02 9.167384799301231624e+01
8.814248867309452180e+03 1.895723954769351849e+02 3.766846987629100596e+01 1.848564025377118583e+02 9.067475249294129469e+01
8.814713979903955988e+03 1.886715658289738542e+02 3.771386608386224282e+01 1.848157088722157937e+02 8.967590184523699293e+01
8.815178451917887287e+03 1.878416985243338502e+02 3.772960504502539436e+01 1.847561736632310669e+02 8.868216086477040960e+01
8.815665778518397929e+03 1.869674565686310928e+02 3.784739892647732518e+01 1.848621083366192011e+02 8.769585227998753396e+01
8.816200845795601708e+03 1.859991638221183905e+02 3.819038463280327278e+01 1.846363384635654370e+02 8.672684293872394790e+01
8.816737783290443986e+03 1.852033788641839465e+02 3.882443687493552176e+01 1.841622558897409476e+02 8.585330750847884929e+01
8.817230779658819301e+03 1.847471112702785945e+02 3.977236169582567271e+01 1.834515450953212508e+02 8.516420633040662835e+01
8.817677972895105995e+03 1.844949638812771582e+02 4.068606749001367717e+01 1.825662279181941301e+02 8.469983851762017935e+01
8.818095318952457092e+03 1.843644691503830302e+02 4.160958527592033107e+01 1.816817120974733086e+02 8.425150850653352563e+01
8.818544470741446275e+03 1.843353254031617325e+02 4.267163135273739982e+01 1.806987982615093529e+02 8.410287613801368423e+01
8.818978970835127257e+03 1.844495136420231347e+02 4.366144172595243589e+01 1.797007129172105238e+02 8.416357690427696525e+01
8.819391770142023233e+03 1.846779232217376716e+02 4.462254378755709894e+01 1.787084416338449557e+02 8.424704039826735880e+01
8.819793815938039188e+03 1.849928651811696909e+02 4.556595082696782129e+01 1.777414272864765223e+02 8.450126743626417181e+01
8.820187910344153352e+03 1.853546664035232538e+02 4.642209167198362962e+01 1.767626954995432982e+02 8.470028216541717825e+01
8.820576233745639911e+03 1.858841012007375468e+02 4.721156163468555178e+01 1.757748653039466262e+02 8.483911051906602552e+01
8.820949059480737560e+03 1.863296230203823143e+02 4.809964840319888424e+01 1.748058593195346191e+02 8.507575890570342381e+01
8.821312676796007509e+03 1.867668131909596809e+02 4.896120612719150245e+01 1.738100030226805188e+02 8.515235490394670137e+01
8.821670831060222554e+03 1.871192436039294478e+02 4.986247942903291630e+01 1.728131447378214602e+02 8.517439332355537829e+01
8.822032442431165691e+03 1.873593535197104814e+02 5.082988644968781955e+01 1.718242373365409037e+02 8.530570996624136626e+01
8.822395080149475689e+03 1.876815744857983361e+02 5.176302343368956826e+01 1.708242596216112190e+02 8.530210992595161201e+01
8.822785965909117294e+03 1.880273886495787679e+02 5.277989137231264749e+01 1.698296707034667747e+02 8.533877477741043549e+01
8.823163632035308183e+03 1.883033545099787602e+02 5.377788105779608685e+01 1.688522508302527854e+02 8.554925918793136930e+01
8.823543800220673802e+03 1.886875244008761285e+02 5.471185461701122676e+01 1.678658971776021076e+02 8.571189378325492214e+01
8.823951374797154131e+03 1.890462866150649006e+02 5.567414546708782552e+01 1.668742825558544212e+02 8.583901534747077733e+01
8.824348748382504709e+03 1.892473006646823990e+02 5.663747018503992336e+01 1.658856933669057980e+02 8.597118668185356682e+01
8.824770652046559917e+03 1.896293079781214601e+02 5.761840525257896672e+01 1.648862397206095523e+02 8.598408129733850558e+01
8.825222269602641973e+03 1.902054688967213281e+02 5.857588716949094731e+01 1.638908431481431478e+02 8.607298957704520603e+01
8.825630640604016662e+03 1.908843918304796716e+02 5.933218342824154945e+01 1.629003541670041386e+02 8.618978809899164162e+01
8.826019302879503812e+03 1.915858095139330715e+02 6.002677760977580590e+01 1.619013219973908519e+02 8.619412970137231866e+01
8.826431718534713582e+03 1.921170228583073651e+02 6.088169113416022071e+01 1.609045907005088338e+02 8.627412338353522614e+01
8.826842798847976155e+03 1.923453538779459961e+02 6.189597372023031596e+01 1.599063779301386603e+02 8.630598416395126549e+01
8.827242265805130955e+03 1.922568687583692224e+02 6.298632864421515620e+01 1.589131850413309337e+02 8.630587257614701002e+01
8.827628589963513150e+03 1.920715269007098129e+02 6.395210434724956627e+01 1.579330766250385807e+02 8.649987893726847688e+01
8.827982560518967148e+03 1.920756628976217542e+02 6.491017143985982329e+01 1.569386002142898349e+02 8.658265833548676937e+01
8.828336321476406738e+03 1.920310652701261063e+02 6.587173932992897107e+01 1.559397838413135560e+02 8.657168660525285020e+01
8.828697428732813933e+03 1.918148579832858047e+02 6.678947566824284365e+01 1.549457417154268626e+02 8.659026682206683745e+01
8.829064758739988974e+03 1.915385015779229150e+02 6.768910727466449373e+01 1.539692648335749539e+02 8.638175171773458771e+01
8.829427391149656614e+03 1.912277690285719984e+02 6.855612934337490572e+01 1.530086399799585877e+02 8.611342989067395592e+01
8.829797537917855152e+03 1.908991792932499720e+02 6.940207306795436182e+01 1.520266302119650561e+02 8.593772533748598619e+01
8.830178649657515052e+03 1.905574922658062462e+02 7.028587075218476343e+01 1.510847116916098685e+02 8.560738126872878695e+01
8.830550011960545817e+03 1.901644250406321248e+02 7.116035401189219556e+01 1.501697663085548697e+02 8.521018011709399786e+01
8.830908317354440442e+03 1.897499862117651617e+02 7.202371014988644049e+01 1.492165777354484817e+02 8.491141944574870593e+01
8.831268502450566302e+03 1.893804717821323891e+02 7.291860578142750171e+01 1.482977517579945470e+02 8.451778463258162333e+01
8.831626715253898510e+03 1.890043958319247110e+02 7.379990359835463209e+01 1.473850578076782369e+02 8.411679018492652915e+01
8.831972393697022198e+03 1.886060113540885368e+02 7.455372716884126305e+01 1.464309295433309046e+02 8.382238023139447591e+01
8.832324217216386387e+03 1.881854232466440919e+02 7.529604715585931274e+01 1.455189352055463132e+02 8.341414295629033404e+01
8.832668371277817641e+03 1.877730960785767707e+02 7.605009683945016263e+01 1.446203277801428726e+02 8.298430634302965814e+01
8.833015025111832074e+03 1.873545336531627186e+02 7.681137824744082820e+01 1.436600086744226701e+02 8.270543253686419405e+01
8.833369696546878913e+03 1.869929918709088952e+02 7.759720240857605233e+01 1.427114005491640683e+02 8.239713402082327320e+01
8.833712149508324728e+03 1.866978874733535463e+02 7.837027434735803411e+01 1.417933390463011278e+02 8.200939506031218684e+01
8.834076388398321797e+03 1.864318411918605989e+02 7.925208136358811828e+01 1.408178060380274701e+02 8.180049893291209173e+01
8.834449890829850119e+03 1.862905640357128334e+02 8.022741581445836800e+01 1.398272180912492786e+02 8.167989499325483393e+01
8.834809074590832097e+03 1.861109161404892234e+02 8.117781482822714167e+01 1.388495418713490608e+02 8.148409322235571040e+01
8.835182681102734932e+03 1.859522797120321229e+02 8.214829451073093480e+01 1.378510419733617880e+02 8.144870266752738530e+01
8.835565881626249393e+03 1.859123683217526377e+02 8.313838347578359844e+01 1.368526959435407093e+02 8.145844389457914758e+01
8.835943299917591503e+03 1.859139347120425327e+02 8.413634837243846221e+01 1.358565212146901047e+02 8.140102141984461070e+01
8.836328813514099238e+03 1.858599889740925732e+02 8.516758743954602551e+01 1.348587786812185811e+02 8.146776042227153880e+01
8.836724778328638422e+03 1.858288936460887726e+02 8.620367473682716764e+01 1.338615975828034550e+02 8.151703140895655508e+01
8.837095361408017197e+03 1.858276422374640902e+02 8.717792645593220868e+01 1.328651001250988486e+02 8.150882346929795119e+01
8.837459221701161368e+03 1.858271019645570732e+02 8.814752163984807964e+01 1.318736592705461987e+02 8.163606828445321639e+01
8.837846201688662404e+03 1.859290715506242861e+02 8.920097578147982631e+01 1.308757858297592236e+02 8.169339647022891882e+01
8.838216072424533195e+03 1.861353794800532171e+02 9.020133562229213453e+01 1.298870538323785411e+02 8.176564318341362991e+01
8.838583733904704786e+03 1.863937392761500575e+02 9.115889231819575400e+01 1.289356763040791236e+02 8.207366737402368528e+01
8.838959427999685431e+03 1.867212152379916574e+02 9.209455578502948470e+01 1.279887005925252197e+02 8.239436139861886943e+01
8.839323136182996677e+03 1.870110945789990637e+02 9.298216735914112974e+01 1.270799034322152181e+02 8.279891132654017838e+01
8.839645841641649895e+03 1.872232868111561288e+02 9.373853654163285398e+01 1.262499741064310683e+02 8.335629097288675382e+01
8.839986770779349172e+03 1.874031070336714038e+02 9.448892043863652646e+01 1.253810698265976811e+02 8.384724614093009620e+01
8.840396625035571560e+03 1.874259338196621059e+02 9.504698702171356217e+01 1.244663327823976999e+02 8.425040726113546441e+01
8.841409403596888296e+03 1.867948730733506579e+02 9.490548832888899256e+01 1.239619804719545897e+02 8.430446376351218873e+01
8.842758707720771781e+03 1.855462932632633510e+02 9.357044186633893901e+01 1.244471520352046099e+02 8.343218633482152313e+01
8.843264294798904302e+03 1.848973824362387006e+02 9.244307580907444333e+01 1.251073707680571232e+02 8.270368024480163172e+01
8.843663772375895860e+03 1.844829961554594320e+02 9.142899355941224826e+01 1.259460687040522657e+02 8.216125258895280581e+01
8.844017519276783787e+03 1.841473110426125004e+02 9.047806996186263007e+01 1.268155123585715671e+02 8.166723664729572363e+01
8.844360664712441576e+03 1.838111641185803933e+02 8.951739241882657439e+01 1.277175770594134718e+02 8.124321518963981248e+01
8.844687815150879032e+03 1.835045067240360197e+02 8.857634586502288698e+01 1.286521847640878207e+02 8.088782724486156894e+01
8.845006630153780861e+03 1.832438449011820865e+02 8.766753170802368800e+01 1.295690726349620263e+02 8.049004934759487639e+01
8.845322576055976242e+03 1.829751056819406756e+02 8.678825632127745848e+01 1.305026982081123776e+02 8.014648728050356397e+01
8.845640266224532752e+03 1.826940373082336748e+02 8.590074481769592296e+01 1.314790451706539329e+02 7.993196070679118748e+01
8.845949783366546399e+03 1.824124238066208932e+02 8.503367548055118164e+01 1.324483040000064875e+02 7.969303131619696501e+01
8.846252495637396351e+03 1.820590771586196013e+02 8.421591529035364943e+01 1.334037856602086549e+02 7.939804361086375195e+01
8.846567802901476171e+03 1.816520701580975583e+02 8.339447044338660930e+01 1.343641374634438250e+02 7.911948498889204018e+01
8.846876333685999271e+03 1.812579776423348790e+02 8.259153315984185895e+01 1.352969936986073947e+02 7.877152139947916965e+01
8.847195707992746975e+03 1.808114820404700822e+02 8.175974272137942478e+01 1.361812719186627874e+02 7.830548738599125613e+01
8.847530800719530816e+03 1.803115465497020580e+02 8.090253663639023785e+01 1.370739809511786120e+02 7.785824162196115594e+01
8.847849164904273493e+03 1.798217392846459859e+02 8.009867389074914001e+01 1.379612826981142746e+02 7.740279730538001957e+01
8.848176297337600772e+03 1.792679771582248520e+02 7.928032319490937141e+01 1.387905967475977320e+02 7.684562811229972112e+01
8.848514024572275957e+03 1.786930541785779951e+02 7.844019825035957183e+01 1.396335006117066939e+02 7.631302479621267310e+01
8.848845934329199736e+03 1.781741871976904292e+02 7.761698822501881523e+01 1.404926974170382437e+02 7.580423522205944664e+01
8.849188012945332957e+03 1.776347394245808289e+02 7.677371799550864750e+01 1.412972999837994621e+02 7.521213131387941075e+01
8.849526213990120596e+03 1.770645761268068838e+02 7.594585690391181743e+01 1.421151970570984702e+02 7.464167909417137992e+01
8.849853046266216552e+03 1.764869892724588851e+02 7.515646554140370483e+01 1.429592872237003007e+02 7.410662868774220158e+01
8.850191586007633305e+03 1.758686213935359035e+02 7.436665576250246090e+01 1.437735579241796700e+02 7.352643469538293175e+01
8.850529084399116982e+03 1.752533194483094121e+02 7.360545335092507457e+01 1.446184324066459794e+02 7.299765679794163020e+01
8.850854281382409681e+03 1.747166711162913941e+02 7.288401804564946929e+01 1.454823671350914651e+02 7.249665858615354352e+01
8.851194893344429147e+03 1.742755380641632712e+02 7.212542401264855130e+01 1.463088090297252961e+02 7.193399892289357922e+01
8.851546702001203812e+03 1.739045900882772457e+02 7.133454285597660771e+01 1.471719866509345707e+02 7.143898866609256970e+01
8.851890101371762285e+03 1.735577673102267795e+02 7.056145946109523948e+01 1.480762453441592754e+02 7.101256108363935482e+01
8.852241982223520608e+03 1.732605604583748971e+02 6.973265870638267927e+01 1.489729973593953787e+02 7.057004905431567465e+01
8.852593371411367116e+03 1.730612865518143906e+02 6.884602390288371510e+01 1.499089905665650519e+02 7.023649718091165539e+01
8.852932869876540281e+03 1.729731620471027611e+02 6.794744296211906942e+01 1.508818228431644286e+02 7.000504199391572513e+01
8.853272868596599437e+03 1.729436806733077390e+02 6.704123528309592928e+01 1.518534013320429210e+02 6.976832458027510597e+01
8.853602493977834456e+03 1.728952845249129382e+02 6.618261179872072830e+01 1.528390266061263105e+02 6.966169037262724828e+01
8.853934187608427237e+03 1.728458102920445469e+02 6.533631254198525085e+01 1.538388164105567739e+02 6.966464261518117951e+01
8.854287280881017068e+03 1.727964872093288307e+02 6.443093896766261253e+01 1.548383267004845436e+02 6.963564575031792003e+01
8.854650102851306656e+03 1.726967472415461486e+02 6.350406054904839692e+01 1.558332635918275457e+02 6.968429349330466493e+01
8.855022375418935553e+03 1.725990536679267962e+02 6.256628138414156837e+01 1.568286235673039073e+02 6.973797375260096487e+01
8.855431829403643860e+03 1.725084944391480519e+02 6.156799894808440854e+01 1.578280778998231995e+02 6.970582275438384556e+01
8.855859469258055469e+03 1.723927740737702834e+02 6.057923266495133419e+01 1.588257843157009290e+02 6.973094940429447774e+01
8.856262281649826036e+03 1.723007124241038355e+02 5.966886556473475167e+01 1.598200858314990285e+02 6.970949415527482529e+01
8.856670214680070785e+03 1.721642963544694567e+02 5.877591474588536613e+01 1.608163859611219664e+02 6.965914862584948253e+01
8.857126400945633577e+03 1.719182052939671337e+02 5.778224267059142250e+01 1.618148722483291522e+02 6.962816853801479056e+01
8.857628110757817922e+03 1.716277487841967400e+02 5.679757949807453343e+01 1.628100117880219670e+02 6.953193755119045250e+01
8.858136167225526151e+03 1.712944864882458944e+02 5.609524623602835902e+01 1.638063357851892192e+02 6.949840683303119704e+01
8.858659985988579137e+03 1.708879541612381274e+02 5.557589594097113661e+01 1.647512219081104661e+02 6.928480851369076277e+01
8.859790204896104115e+03 1.704752248175750537e+02 5.515298996198410464e+01 1.656127217160180010e+02 6.878100805346481650e+01
8.863596217113989042e+03 1.697152556716766298e+02 5.500036062276267756e+01 1.662161428669703014e+02 6.803222787275412031e+01
8.875735598154547915e+03 1.692491643217841784e+02 5.521030726222641505e+01 1.660276990602767171e+02 6.802956847991450218e+01
