# ts_seconds,x,y,gt_x,gt_y
9.229325026966982477e+03 1.717851193521907760e+02 6.966079559305916291e+01 1.717851193521907760e+02 6.966079559305916291e+01
9.233673454357569426e+03 1.724304147906264291e+02 7.069090429827042499e+01 1.707851772992840438e+02 6.965003066434680079e+01
9.234287956033711453e+03 1.729762162596604753e+02 7.137631146248189395e+01 1.697852543758205286e+02 6.966237785810879757e+01
9.234831286381691825e+03 1.736334408443592849e+02 7.201118780416354070e+01 1.687891376710695397e+02 6.975041395742645989e+01
9.235343825066916907e+03 1.739545382426651940e+02 7.250306854708099991e+01 1.677977652285375143e+02 6.988122365101513367e+01
9.236185844723366245e+03 1.741580139788056556e+02 7.281270293206239330e+01 1.667981860931606661e+02 6.985274357497945630e+01
9.238699869011305054e+03 1.743807677417740081e+02 7.310588292413260092e+01 1.658004944239548024e+02 6.992064571572764464e+01
9.240206053905316367e+03 1.751855612466916625e+02 7.408738969638564242e+01 1.648038087214132474e+02 7.000197617099522063e+01
9.240769367908382264e+03 1.759097383710391682e+02 7.478632965855472037e+01 1.638052972926401765e+02 7.005633395547040720e+01
9.241258453995988020e+03 1.764495015231989044e+02 7.524720273196476228e+01 1.628119940573844815e+02 7.017178306417794431e+01
9.241699483539656285e+03 1.769975830917280746e+02 7.575756341022317031e+01 1.618138188800223247e+02 7.023194562690336795e+01
9.242089044441099759e+03 1.774817276303365929e+02 7.623973093375725796e+01 1.608209616244664346e+02 7.035108673158697457e+01
9.242486162634933862e+03 1.781257950584151786e+02 7.679556015031340621e+01 1.598221421019118509e+02 7.039952108110435347e+01
9.242885843806931007e+03 1.786992597306777668e+02 7.733998111302410905e+01 1.588221752515482876e+02 7.040762376561237090e+01
9.243243286629371141e+03 1.790287826228532708e+02 7.782203435906893674e+01 1.578222464846647028e+02 7.040583884810271798e+01
9.243612831943963101e+03 1.794066164985117666e+02 7.843159475164452488e+01 1.568289776638797832e+02 7.029001076841147722e+01
9.244021687447146178e+03 1.797779357072564892e+02 7.911307134939588082e+01 1.558368292923812533e+02 7.016494934046690446e+01
9.244436414233206960e+03 1.800952228876183767e+02 7.969430789735176290e+01 1.548461499582813019e+02 7.002879333918828308e+01
9.244866753574140603e+03 1.805667332822509366e+02 8.032640901226845642e+01 1.538608556484091423e+02 6.985936468507784980e+01
9.245301287365826283e+03 1.812042758242294838e+02 8.089707395860533268e+01 1.528615323743385375e+02 6.987303458865235939e+01
9.245759058797515536e+03 1.820664304935856990e+02 8.118304181916012396e+01 1.519023031005609425e+02 7.014650494761256994e+01
9.246218100078340285e+03 1.829817175076601359e+02 8.141703482270256131e+01 1.511036810811819180e+02 7.074811876526878507e+01
9.246638104567595292e+03 1.837556803474734863e+02 8.171259776497240068e+01 1.503510331525099559e+02 7.140602941669786219e+01
9.247040099794476191e+03 1.845801753968525816e+02 8.191110830360231887e+01 1.495258106333360502e+02 7.197077874427306199e+01
9.247423666187938579e+03 1.853420673355344093e+02 8.196855808503310925e+01 1.487254020546921254e+02 7.256981741083239967e+01
9.247830018977527288e+03 1.860691210539065139e+02 8.180254816712583477e+01 1.479979626338895571e+02 7.325446630460193376e+01
9.248261898879365617e+03 1.868578777488390870e+02 8.152943979168814792e+01 1.474366238529222812e+02 7.407942773655049962e+01
9.248676539519843573e+03 1.875227408645671687e+02 8.117854013471560393e+01 1.471274776581409469e+02 7.502872617243632192e+01
9.249102794020853253e+03 1.881468743006785758e+02 8.064879959888747862e+01 1.470376158357433383e+02 7.602413829053224958e+01
9.249536984813525123e+03 1.887423672896260030e+02 8.003911607584599608e+01 1.470791085405170406e+02 7.702270159476657341e+01
9.249964725473864746e+03 1.892698042781374284e+02 7.939113121657784689e+01 1.472530035226773464e+02 7.800690953102390779e+01
9.250377325489707800e+03 1.897196810207423425e+02 7.865736301123955343e+01 1.475496551182106089e+02 7.896159217405872255e+01
9.250762766201609338e+03 1.900577747006772711e+02 7.794679334724976627e+01 1.479300471717060930e+02 7.988634232632419696e+01
9.251158385187702152e+03 1.902797822419899489e+02 7.716955626544137203e+01 1.483565116589134050e+02 8.079033857201953595e+01
9.251543075085388409e+03 1.904837862521723366e+02 7.635167023296915545e+01 1.488836406225339601e+02 8.163970153680750741e+01
9.251903040512152074e+03 1.906589170904066179e+02 7.552860730955114832e+01 1.494883807734991876e+02 8.243611892618238812e+01
9.252277245573000982e+03 1.908946000929780666e+02 7.476392858434867605e+01 1.500990606702824834e+02 8.322794024679275537e+01
9.252654347974990742e+03 1.912793793340370030e+02 7.407225305759425282e+01 1.506804496545819916e+02 8.404146225846670859e+01
9.253015154680133492e+03 1.916351480720715017e+02 7.336892619133904248e+01 1.512178050835456702e+02 8.488437538265057469e+01
9.253361226155213444e+03 1.919994529535960623e+02 7.269439019552652326e+01 1.516681051794952282e+02 8.577698994583658987e+01
9.253701372551970053e+03 1.925128871343899561e+02 7.217092939481243263e+01 1.520479894416224056e+02 8.670193847734896053e+01
9.254046945332631367e+03 1.931010119614360008e+02 7.176873465763220850e+01 1.523858543970019923e+02 8.764310261462706819e+01
9.254399448351590763e+03 1.936309248241645946e+02 7.135879958045489957e+01 1.527009538187260773e+02 8.859214582851127773e+01
9.254800779139039150e+03 1.942404431741840654e+02 7.093869876254852613e+01 1.530224722765383092e+02 8.953826763912823594e+01
9.255278329382008451e+03 1.949175066623633654e+02 7.059174597275466567e+01 1.531854041404453710e+02 9.051967868672417694e+01
9.255872416549846093e+03 1.953914830857168283e+02 7.044291491718803400e+01 1.530144473263172529e+02 9.150278497743857997e+01
9.256997284668212160e+03 1.958806246794418087e+02 7.010985706971909792e+01 1.526903633818108119e+02 9.244446532467711108e+01
9.258172983102267608e+03 1.963547672799488737e+02 6.932598358288446150e+01 1.526396038800353097e+02 9.344234176489560184e+01
9.258777484936150358e+03 1.966382842652829481e+02 6.849262963262421522e+01 1.526903433602961968e+02 9.444100484763708891e+01
9.259263550716026657e+03 1.972262702095794111e+02 6.793608503249630814e+01 1.527483969578098311e+02 9.543869800924321112e+01
9.259682652305391457e+03 1.978849359319298742e+02 6.741401679037103634e+01 1.527107681529260219e+02 9.643738550624014749e+01
9.260077474059440647e+03 1.984028530204350318e+02 6.666889805920489209e+01 1.526194039779734908e+02 9.743211358265993738e+01
9.260463482797145844e+03 1.987871491794695942e+02 6.585469910910667579e+01 1.526378368576295657e+02 9.843175371395317086e+01
9.260825289441245332e+03 1.991113763513711490e+02 6.510416654987788831e+01 1.526826820950433046e+02 9.943020884666459835e+01
9.261172245391429897e+03 1.995954067823611240e+02 6.445035233969947797e+01 1.526456463594903425e+02 1.004292153638115224e+02
9.261501410818267686e+03 2.002858325789118794e+02 6.405436780396371432e+01 1.525702310596791165e+02 1.014259036641558396e+02
9.261825987203892510e+03 2.010060165105873011e+02 6.388618413311012745e+01 1.525790340528975548e+02 1.024250084482599163e+02
9.262178340768694397e+03 2.017180575865153571e+02 6.372552320411218574e+01 1.526821381268923687e+02 1.034195658397419493e+02
9.262537250326115100e+03 2.023694291387477620e+02 6.344809110879586456e+01 1.528212848522279899e+02 1.044097875367798878e+02
9.262883317120003994e+03 2.030057395462415855e+02 6.312488483643058856e+01 1.529658293170637364e+02 1.053987532449907434e+02
9.263231026993880732e+03 2.037230043997361975e+02 6.271918639848584576e+01 1.530300339763517741e+02 1.063963467806663630e+02
9.263566884946536447e+03 2.044314929622599948e+02 6.227380468006393954e+01 1.530359424198483111e+02 1.073962971897729659e+02
9.263892729583132677e+03 2.051549598436222084e+02 6.190137094454468780e+01 1.530273263511496680e+02 1.083962498759078841e+02
9.264233913503709118e+03 2.058963358417865095e+02 6.150039639534101354e+01 1.530313855017421645e+02 1.093962184098646020e+02
9.264569796706704437e+03 2.065026277940219472e+02 6.097678609612878375e+01 1.530550089447860955e+02 1.103958765176172392e+02
9.264906265282939785e+03 2.070841352206223576e+02 6.043430896969655919e+01 1.530972424695619623e+02 1.113949365205032933e+02
9.265247508419261067e+03 2.077403390269548424e+02 5.996654743164468471e+01 1.531084940965585020e+02 1.123946273738042976e+02
9.265564980227478372e+03 2.083409642599833660e+02 5.954504815288510144e+01 1.530695322197488224e+02 1.133938301859923996e+02
9.265888266055862914e+03 2.089195922845568703e+02 5.916798972833363024e+01 1.530105754207376378e+02 1.143920823270904350e+02
9.266225488698244590e+03 2.094931242259939381e+02 5.880180284845925343e+01 1.529442557748694753e+02 1.153898780918929674e+02
9.266553327846349930e+03 2.099888424439274388e+02 5.837641961501654464e+01 1.529053212842448772e+02 1.163880192999403960e+02
9.266896021772912718e+03 2.105256629585540793e+02 5.786543637561547371e+01 1.529867392259734231e+02 1.173835546726016901e+02
9.267245008172436428e+03 2.111306624049117602e+02 5.730822217492280402e+01 1.531577798404539692e+02 1.183686960301674844e+02
9.267589005437184824e+03 2.117137562309423799e+02 5.670736775399407037e+01 1.532802388897579533e+02 1.193605446636475449e+02
9.267935418230365030e+03 2.122520199347637515e+02 5.610319803629020896e+01 1.533203519464321118e+02 1.203594885805844399e+02
9.268296175953082638e+03 2.128673833165479152e+02 5.566318019231663783e+01 1.532956306209089519e+02 1.213584083481110127e+02
9.268686940399049490e+03 2.136617124615280829e+02 5.545180800894440409e+01 1.531902586776381838e+02 1.223528393059996660e+02
9.269099947827329743e+03 2.145320962506284843e+02 5.530343745208655548e+01 1.530869987019119662e+02 1.233474188805680996e+02
9.269530372231545698e+03 2.153075250942849550e+02 5.508958473304640080e+01 1.529900886278308292e+02 1.243420334473975259e+02
9.269958374810865280e+03 2.161368686320889196e+02 5.504681210706830541e+01 1.527961572116166451e+02 1.253218499490228623e+02
9.270387042308429955e+03 2.170091032443466759e+02 5.495218546135399151e+01 1.524873830539924029e+02 1.262719902325280827e+02
9.270806549353572336e+03 2.177405142689484308e+02 5.456086408460145520e+01 1.521097371181502638e+02 1.271975563963669629e+02
9.271222319640417481e+03 2.184756441909770501e+02 5.411154605689676345e+01 1.518096438455720829e+02 1.281497312438315532e+02
9.271673171812419241e+03 2.192665796241571456e+02 5.366636678867567412e+01 1.516692873605190925e+02 1.291348693574304605e+02
9.272169592092843232e+03 2.199887342331936111e+02 5.309142025646154650e+01 1.517779367797114105e+02 1.301230514857579124e+02
9.272687760218730546e+03 2.203250777365624913e+02 5.236571661065924133e+01 1.521361803740317669e+02 1.310515077307642287e+02
9.273256414828349079e+03 2.201617015490323581e+02 5.156838461829102727e+01 1.527386050700718840e+02 1.318227340115973334e+02
9.273855849390860385e+03 2.197192786914401665e+02 5.069519128177758915e+01 1.536277834959908830e+02 1.322694053054316896e+02
9.274415470207168255e+03 2.191812807930446070e+02 4.976268513406340332e+01 1.545902573814793755e+02 1.324362082949246258e+02
9.274919034764299795e+03 2.186421092900677081e+02 4.881119660330546850e+01 1.555598365091046560e+02 1.322021993026583289e+02
9.275367806114203631e+03 2.180052283406840559e+02 4.802513839720986510e+01 1.565055979882657766e+02 1.318781071523628725e+02
9.275809697100103222e+03 2.172704744906822896e+02 4.734033742593334892e+01 1.574647659945503051e+02 1.315956829059735469e+02
9.276246322024651818e+03 2.166513067759713635e+02 4.659957656919028324e+01 1.584384045872541549e+02 1.313764675198747796e+02
9.276678703059995314e+03 2.162227544623598021e+02 4.575453331021824965e+01 1.594328721501493931e+02 1.312872555985824192e+02
9.277115302777572651e+03 2.158467789070613776e+02 4.491191795585223900e+01 1.604311305270397838e+02 1.313153895027622866e+02
9.277597480327973244e+03 2.153199043599770732e+02 4.405667815717625757e+01 1.614232118562753158e+02 1.314381980962924388e+02
9.278090247781714424e+03 2.147326596225563549e+02 4.318600235942238186e+01 1.624140347469295023e+02 1.315588650212481525e+02
9.278563105812914728e+03 2.141882364622871080e+02 4.237208341447652771e+01 1.634136877159838548e+02 1.315759838319054040e+02
9.279016552384591705e+03 2.135822470754209803e+02 4.167669974617510320e+01 1.644136297112860632e+02 1.315656270270636981e+02
9.279460072602123546e+03 2.132317470794547205e+02 4.091011352336501972e+01 1.654111164758557209e+02 1.316011716994882761e+02
9.279916389517322386e+03 2.130125320228089265e+02 4.000359869939253343e+01 1.664023323314204674e+02 1.317330992933457310e+02
9.280359495098817206e+03 2.126805103314249266e+02 3.907677989569857147e+01 1.673950629634309450e+02 1.318363549051969130e+02
9.280784849030003897e+03 2.122307748912839429e+02 3.827252333071468371e+01 1.683949758980230058e+02 1.318409111195879291e+02
9.281210646298450229e+03 2.116736042987150483e+02 3.755366910087728627e+01 1.693927619839169552e+02 1.317946657328357958e+02
9.281637733549094264e+03 2.110767448430892443e+02 3.683727609214393084e+01 1.703875844107462569e+02 1.316961253443551811e+02
9.282080415760423421e+03 2.105589891023205382e+02 3.604712964461774050e+01 1.713762334086154340e+02 1.317336804639543857e+02
9.282495490175631858e+03 2.102615208774897155e+02 3.520460388937882357e+01 1.723293937920994665e+02 1.320278791866107611e+02
9.282881853756094642e+03 2.101514669111867306e+02 3.436770152910546727e+01 1.732172265596043701e+02 1.324773291912633510e+02
9.283279195560313383e+03 2.101494516104293950e+02 3.354499963757639591e+01 1.740661582264925755e+02 1.330001093822336031e+02
9.283711281285604855e+03 2.100258462009515483e+02 3.255419680139578276e+01 1.750002967208244229e+02 1.333226937304351623e+02
9.284151638892752089e+03 2.096118212434920167e+02 3.160494880001666118e+01 1.759929738873420604e+02 1.333583487732992410e+02
9.284552424953655645e+03 2.088827863930631850e+02 3.115642889019412110e+01 1.769689408834600783e+02 1.331651411182288030e+02
9.284932724307889657e+03 2.080363434109883087e+02 3.092744536189466231e+01 1.779205762772152468e+02 1.328589550920423505e+02
9.285325247800716170e+03 2.073157496537562849e+02 3.038901768192961939e+01 1.788920563192080238e+02 1.326298098872629225e+02
9.285727912268524960e+03 2.068012220455890997e+02 2.957841815136247732e+01 1.798827699271293170e+02 1.324955242390206820e+02
9.286118411940127771e+03 2.063353863006740596e+02 2.878883925141454725e+01 1.808791583663559379e+02 1.324299664972697030e+02
9.286515630597061318e+03 2.058439243692131981e+02 2.804208201972890180e+01 1.818786016927265052e+02 1.324534939929383199e+02
9.286934758210665677e+03 2.052789731765359420e+02 2.733836528648469155e+01 1.828776531494434323e+02 1.324871021300941152e+02
9.287383272537826997e+03 2.045874105372080010e+02 2.681378478265844123e+01 1.838768714183137831e+02 1.324614322639949648e+02
9.287881912970406120e+03 2.038252884266648834e+02 2.647282423595250478e+01 1.848259678205449461e+02 1.322360547146926137e+02
9.288476696196628836e+03 2.028865625048445622e+02 2.649603470148887396e+01 1.855241345479340680e+02 1.315797724516339429e+02
9.289115642958768149e+03 2.017527435223740326e+02 2.712372237561203647e+01 1.856969224855654375e+02 1.306469968829115658e+02
9.289614036395945732e+03 2.009654791063283028e+02 2.794588586841057776e+01 1.854801665397648662e+02 1.296708665253348158e+02
9.290050650585315452e+03 2.002996021678595184e+02 2.865611925182528807e+01 1.852859732228169491e+02 1.286909054053135719e+02
9.290471202950267980e+03 1.997910264703320422e+02 2.911819125757963533e+01 1.851458186909140124e+02 1.277007866238428875e+02
9.290860028548040646e+03 1.995269193778197518e+02 2.963835071634061791e+01 1.850576987446663679e+02 1.267061346341669861e+02
9.291235240861762577e+03 1.991212272220130899e+02 3.038665018273224661e+01 1.850426931594108169e+02 1.257063334809585200e+02
9.291612556869011314e+03 1.985924809771374271e+02 3.108397720161376299e+01 1.850579705153434418e+02 1.247066026400065084e+02
9.291987385396267200e+03 1.979921256861786958e+02 3.168093868511846622e+01 1.850776674080990745e+02 1.237069565634250949e+02
9.292362841670457783e+03 1.972978672192413114e+02 3.213244539237499708e+01 1.850563840497993908e+02 1.227074589525401933e+02
9.292758031808638407e+03 1.964726622322208129e+02 3.229338639685118295e+01 1.849721260402311316e+02 1.217118793766685343e+02
9.293182816289481707e+03 1.955858824000355298e+02 3.209450363647521698e+01 1.848759017217995790e+02 1.207173518847630049e+02
9.293607107844778511e+03 1.947612700290271448e+02 3.173167546060127719e+01 1.848646216920265033e+02 1.197183880349535343e+02
9.294027905207320146e+03 1.939497571797082855e+02 3.161500438090101639e+01 1.849145220323058822e+02 1.187197095262907283e+02
9.294456020344694480e+03 1.931360799645181316e+02 3.184058133767960896e+01 1.850176634702538649e+02 1.177260652098411384e+02
9.294874764090778626e+03 1.923606783489217378e+02 3.208341184247004918e+01 1.851386770759565934e+02 1.167341561801997614e+02
9.295298209484479230e+03 1.916599359771777245e+02 3.246563323651231769e+01 1.851688764580605095e+02 1.157360711047597306e+02
9.295778047329880792e+03 1.910050536410021493e+02 3.304077139960297416e+01 1.850442859407314700e+02 1.147496828714325687e+02
9.296314478768537811e+03 1.902894245517892102e+02 3.357817626141653733e+01 1.848336834554234542e+02 1.137729628588766815e+02
9.296846564524352289e+03 1.895299985207832378e+02 3.413763271937337151e+01 1.848468987028531103e+02 1.127938051978074299e+02
9.297319093636284379e+03 1.887865501506494184e+02 3.463724250040785080e+01 1.850509860478948951e+02 1.118158666065185116e+02
9.297748934655870471e+03 1.880388172559951272e+02 3.502750486435692778e+01 1.851799856516210241e+02 1.108246610289826890e+02
9.298162387243080957e+03 1.872143791267587574e+02 3.534771519486332636e+01 1.853540869427646953e+02 1.098439491217264958e+02
9.298546978110623968e+03 1.863754580365511231e+02 3.565994897240410921e+01 1.855971164518564933e+02 1.088745024961983319e+02
9.298911675853385532e+03 1.856842428832765677e+02 3.606866241656770455e+01 1.857660728670421690e+02 1.078898154518851413e+02
9.299300237561941685e+03 1.849865335791597545e+02 3.657504208980035543e+01 1.858585181462625542e+02 1.068946345773136102e+02
9.299703367921725658e+03 1.842863833360436274e+02 3.719856765734127180e+01 1.858468860362351336e+02 1.058975677230904040e+02
9.300090733176135473e+03 1.836911550886002544e+02 3.785428875086535783e+01 1.857325378439901158e+02 1.049043375693064917e+02
9.300478191946222069e+03 1.829911769005078099e+02 3.836636928588637119e+01 1.856143994944187909e+02 1.039115672145936884e+02
9.300871828265171644e+03 1.822281706001939483e+02 3.882314402284541188e+01 1.855107357018056859e+02 1.029170067040642778e+02
9.301257383684722299e+03 1.815022912932878114e+02 3.932179813258870382e+01 1.854240050740122285e+02 1.019212759431088813e+02
9.301627118898544722e+03 1.807550572313407713e+02 3.979686724475551785e+01 1.853981718256382862e+02 1.009220232851592129e+02
9.301999300109677279e+03 1.801086390961174004e+02 4.037523147298255566e+01 1.854029981854272364e+02 9.992203617999363985e+01
9.302380075485922134e+03 1.795496175683728382e+02 4.101346951156862275e+01 1.854045924677913035e+02 9.892203879492694796e+01
9.302747105800806821e+03 1.788995889340298504e+02 4.153886417711343881e+01 1.853757581819189397e+02 9.792296450737187286e+01
9.303114719059678464e+03 1.783203601910869054e+02 4.216605966821330043e+01 1.852819136393999884e+02 9.692792357045324536e+01
9.303498669577782493e+03 1.777307362833297191e+02 4.277700729209635000e+01 1.851932257673117874e+02 9.593296099306947156e+01
9.303868481042940402e+03 1.770086460209967640e+02 4.309225869817216648e+01 1.851469965666103121e+02 9.493408617213279399e+01
9.304255197589653108e+03 1.762867538659422735e+02 4.342681697904461657e+01 1.850940965213064260e+02 9.393550267183586300e+01
9.304678639708385163e+03 1.754749698119089203e+02 4.384826341989481335e+01 1.851088371553435081e+02 9.293794972167903268e+01
9.305102252989661793e+03 1.746102727607339773e+02 4.414685789417625728e+01 1.851799475343187851e+02 9.194072657960506945e+01
9.305531644398426579e+03 1.738086470397620928e+02 4.440920469856722264e+01 1.852568577220696397e+02 9.094426731373026485e+01
9.305982311491938162e+03 1.729904988788765650e+02 4.458190088085917324e+01 1.854802500813771928e+02 8.997755504003784210e+01
9.306433574536134984e+03 1.721149575980430484e+02 4.461684547677977974e+01 1.858535615687046629e+02 8.905002253810201296e+01
9.306876065146088877e+03 1.714602307728998767e+02 4.490108059326291112e+01 1.863154650395001397e+02 8.816751147181207671e+01
9.307358019889026764e+03 1.709603093191906851e+02 4.547351241271584854e+01 1.866341645583793820e+02 8.725836839077585694e+01
9.307862570499131834e+03 1.704164544071276453e+02 4.609729412295026663e+01 1.865452849675056655e+02 8.627183159312845362e+01
9.308343433601399738e+03 1.698195706664157569e+02 4.672016949201118052e+01 1.862281419836028817e+02 8.532777329962409851e+01
9.308794524844168336e+03 1.691315050872237578e+02 4.728145664804885939e+01 1.858111558934342042e+02 8.441888500346344415e+01
9.309190466783966258e+03 1.684476132277321483e+02 4.768762446505241570e+01 1.854722108100895639e+02 8.348331093118785873e+01
9.309580739874931169e+03 1.676931977188619385e+02 4.809747503484152986e+01 1.853241182671540344e+02 8.249916814072491889e+01
9.309981875604531524e+03 1.668372536625642510e+02 4.849318454232896158e+01 1.852904432709505045e+02 8.149977309084745514e+01
9.310372743605836149e+03 1.660346329698255659e+02 4.893392798802202748e+01 1.853190280843259643e+02 8.050186995836457982e+01
9.310738161379465964e+03 1.652647388889679405e+02 4.936961443344139155e+01 1.853669602847674298e+02 7.950422884344069985e+01
9.311096199340969179e+03 1.645079707549202510e+02 4.970591459801585188e+01 1.853567024431406480e+02 7.850429178689282139e+01
9.311448415594142716e+03 1.637731949908877596e+02 4.998264233452243843e+01 1.854034156124984349e+02 7.750772128297323604e+01
9.311782918321414400e+03 1.630740854910721396e+02 5.034522937021590394e+01 1.855225469820186674e+02 7.651484709446924626e+01
9.312133360034045836e+03 1.624521265370337062e+02 5.091343826235421943e+01 1.855998311619974004e+02 7.551875008270133094e+01
9.312487026568642250e+03 1.618319251027166956e+02 5.152899676723559708e+01 1.856453707923895138e+02 7.451992485824099788e+01
9.312838772839138983e+03 1.611122674011497224e+02 5.204659508737955065e+01 1.856962857602666190e+02 7.352132178504537308e+01
9.313188338978499814e+03 1.603677571372916759e+02 5.251336005083528136e+01 1.856972265794987607e+02 7.252204038290979327e+01
9.313525164240960294e+03 1.596914276450012551e+02 5.293816417847851596e+01 1.856818990054615881e+02 7.152254833916876464e+01
9.313883965682869530e+03 1.590276663056247344e+02 5.339240282032766061e+01 1.856689002318362895e+02 7.052312051702284634e+01
9.314270074408344954e+03 1.583656225218276745e+02 5.390423476560224714e+01 1.855514601855272190e+02 6.953307791776208546e+01
9.314649878876767616e+03 1.577261446113521401e+02 5.441588035997905592e+01 1.853893994092138087e+02 6.854729734955667197e+01
9.315029212557990832e+03 1.570516230536818512e+02 5.496177448016770484e+01 1.853020073853225256e+02 6.755155173306428651e+01
9.315418006472866182e+03 1.563739169428189655e+02 5.559321970318208628e+01 1.852294996922356063e+02 6.655436076259290701e+01
9.315808035516476593e+03 1.556964359561309834e+02 5.620923885706184109e+01 1.851447174836924319e+02 6.555800304655917898e+01
9.316188127592135061e+03 1.550225570035726719e+02 5.677627483195349356e+01 1.850766638394106280e+02 6.456034899717108999e+01
9.316579093931984971e+03 1.544125447148167609e+02 5.740459498418390893e+01 1.850222481932671030e+02 6.356184898890737145e+01
9.316990446831530789e+03 1.537733024424335326e+02 5.797987913263404636e+01 1.849947660646176644e+02 6.256247503434144619e+01
9.317396150625858354e+03 1.530514533870909304e+02 5.840594637453300209e+01 1.849325064355863049e+02 6.156653895980112168e+01
9.317803549576095975e+03 1.523476824898845052e+02 5.883346095435637579e+01 1.847955307847897473e+02 6.057597227980409116e+01
9.318218684111165203e+03 1.516080662351918136e+02 5.927734095358815125e+01 1.847278918408133279e+02 5.958153141740274350e+01
9.318613687133232816e+03 1.508419018148585167e+02 5.970279793178132621e+01 1.847821962356036067e+02 5.858369313966521474e+01
9.319021588649209662e+03 1.501354455473471319e+02 6.024791804107408666e+01 1.848401330114897689e+02 5.758618668423872577e+01
9.319462218957571167e+03 1.493694026451247794e+02 6.080816098460101671e+01 1.848462773493618840e+02 5.658624177757042872e+01
9.319898418364169629e+03 1.485664048846304013e+02 6.120989363251533177e+01 1.848119662550712974e+02 5.558741157311516901e+01
9.320329588345459342e+03 1.478186641365452658e+02 6.156419718870603219e+01 1.848064681484076743e+02 5.459002874925973003e+01
9.320780570266375435e+03 1.470255963571952975e+02 6.197369019572836635e+01 1.849625322053340142e+02 5.360652459140087700e+01
9.321244160173579075e+03 1.462890938129117728e+02 6.248739425635054801e+01 1.851873771184914688e+02 5.263268414031230691e+01
9.321703843376786608e+03 1.456072953343226004e+02 6.306242025610549717e+01 1.853143503532190266e+02 5.164318060542286304e+01
9.322147874436846905e+03 1.448534734913677369e+02 6.354249744665716548e+01 1.852808888401116860e+02 5.064810133912206425e+01
9.322591934585958370e+03 1.441645351411322622e+02 6.406894479468397208e+01 1.851260895488091762e+02 4.966040788346555956e+01
9.323053728275832327e+03 1.434816429219436316e+02 6.468239694092885372e+01 1.850097596461635874e+02 4.866951684700499925e+01
9.323500764490472648e+03 1.427660345900661980e+02 6.519630578646142283e+01 1.849396309140291237e+02 4.767239782138951654e+01
9.323957884357620060e+03 1.421088337575303058e+02 6.567958090045367214e+01 1.848619995214015432e+02 4.667574510604544002e+01
9.324448112310868964e+03 1.414164700393841940e+02 6.622722726693324091e+01 1.848470135037589728e+02 4.567657328292663266e+01
9.324965540353219694e+03 1.407476720533162506e+02 6.682106719110791460e+01 1.848519081681335479e+02 4.467684112676987951e+01
9.325551859030358173e+03 1.401926337594175322e+02 6.737808348438245787e+01 1.848362350000528807e+02 4.367697257880895734e+01
9.326580784505929842e+03 1.396620924815526337e+02 6.771361162616815932e+01 1.848362395145485380e+02 4.267704558981390761e+01
9.329339840918131813e+03 1.392218973601872563e+02 6.800929556187898584e+01 1.850159202116591359e+02 4.170972881699829315e+01
9.332145207375331665e+03 1.391074508160109815e+02 6.827182218425923566e+01 1.853068301285387633e+02 4.075634302473350346e+01
9.333539464604604291e+03 1.392326226966079616e+02 6.823513279197109682e+01 1.854318097759470163e+02 3.976828637339824724e+01
9.339459728426441870e+03 1.392336207804626156e+02 6.832464629117150423e+01 1.855854777259662001e+02 3.878784795836351407e+01
9.347674770499923397e+03 1.390881767810283520e+02 6.869616071950207470e+01 1.854991368853653455e+02 3.784727435126197292e+01
9.351386745703002816e+03 1.386100968665334108e+02 6.944127268666267128e+01 1.852681791700688336e+02 3.688471942883212762e+01
9.352952936323801623e+03 1.379807803392249070e+02 7.020823283303734286e+01 1.851082066454269182e+02 3.589840336894269512e+01
9.354545025073462966e+03 1.372031304167573182e+02 7.074181274403008501e+01 1.851149207704506239e+02 3.490556965329131600e+01
9.356184481135151145e+03 1.362603554976077191e+02 7.094607677438314397e+01 1.852724236017261035e+02 3.391877179925030106e+01
9.359443911885462512e+03 1.358407728271818371e+02 7.039315860955281323e+01 1.854962656231693927e+02 3.397573283664369370e+01
9.366864433182861831e+03 1.350527853179434317e+02 6.978047109602402998e+01 1.857262334839601010e+02 3.410059829612144000e+01
9.371825942413015582e+03 1.342118808731115962e+02 6.993533684389531402e+01 1.858061101627120593e+02 3.310389166949548923e+01
9.374775982723032939e+03 1.352504182523319400e+02 6.966161149210427084e+01 1.855609010337968812e+02 3.358249952941952188e+01
9.376506127412190835e+03 1.355261529467552748e+02 6.938227150573729318e+01 1.853931572164047452e+02 3.456388823438757640e+01
9.378717976327487122e+03 1.344877078321553370e+02 7.011834356325803697e+01 1.857300985084424099e+02 3.398314727202839691e+01
9.379780902352484190e+03 1.336865605526766387e+02 7.080203498865937206e+01 1.855557760780667422e+02 3.299885438228397305e+01
9.380541829747746306e+03 1.330020258309218661e+02 7.139924828814244506e+01 1.855267084258988177e+02 3.199930692978704272e+01
9.381218339980205201e+03 1.320818138476435593e+02 7.167128182944613002e+01 1.855505077971995433e+02 3.100147112268826888e+01
9.381776993393594239e+03 1.311310049272372567e+02 7.176347660523258298e+01 1.858145071986418202e+02 3.003701118004777015e+01
9.382282850520770808e+03 1.303694798822803591e+02 7.206896896457267587e+01 1.861139033850110707e+02 2.908317323247599617e+01
9.382797240992309526e+03 1.297642661511613085e+02 7.259169281684646080e+01 1.863021237015232998e+02 2.810433458818386754e+01
9.383316733776655383e+03 1.291961884397877895e+02 7.321264300905957612e+01 1.861865635111049926e+02 2.711314383768279512e+01
9.383861655402757606e+03 1.286131487902834465e+02 7.386858656132041290e+01 1.858509195928269833e+02 2.617217780694297957e+01
9.384422391422041983e+03 1.282427106862501205e+02 7.445458154644522608e+01 1.853703158735806937e+02 2.529693338020360471e+01
9.385024899002663005e+03 1.281485042802824807e+02 7.508876676632557690e+01 1.847259610707336037e+02 2.453762684943621153e+01
9.385779864835249100e+03 1.279318238289835534e+02 7.594001521138798694e+01 1.839044287153555786e+02 2.396971088702480301e+01
9.386709649870990688e+03 1.271568895638226451e+02 7.648621688228642768e+01 1.833366528391237580e+02 2.322621920871392120e+01
9.387630097164210383e+03 1.261996538704387660e+02 7.623053843763970860e+01 1.835923141897256698e+02 2.231577647111625140e+01
9.389060223015583688e+03 1.255278568294835679e+02 7.559367895263534365e+01 1.843679410222370336e+02 2.170119684287058348e+01
9.391324011590344526e+03 1.252673070731406000e+02 7.492108770994485667e+01 1.852912662212647206e+02 2.146488419803158720e+01
9.393768612603696965e+03 1.258699653420507190e+02 7.496445847679299845e+01 1.856885857731903684e+02 2.194518577768845802e+01
9.395165304859514436e+03 1.270360999759316911e+02 7.554615835866077589e+01 1.849927256381449752e+02 2.263687683303159659e+01
9.395907553894077864e+03 1.277857577353002938e+02 7.626243895216219926e+01 1.841784695650699462e+02 2.321657699048355639e+01
9.396584277178862976e+03 1.282175848792842601e+02 7.726122434143888995e+01 1.832373862367419690e+02 2.350917642362207260e+01
9.397145228264083926e+03 1.285926969620068689e+02 7.813978211049119693e+01 1.822414063776371904e+02 2.354435205280791621e+01
9.397669374301069183e+03 1.290325805434924575e+02 7.884537010679378000e+01 1.812579052805188553e+02 2.370655339654859262e+01
9.398206690914586943e+03 1.295694849375473154e+02 7.940010067086232937e+01 1.802731094009556330e+02 2.387978686301422471e+01
9.398779349351199926e+03 1.300958810924676641e+02 8.002560856346008222e+01 1.792807669988533803e+02 2.400148271994357430e+01
9.399375523886783412e+03 1.305480271840029900e+02 8.081831012517655211e+01 1.782820256264608361e+02 2.400414068091694375e+01
9.399943412579837968e+03 1.307395417822393426e+02 8.172521699317235289e+01 1.772877221557313874e+02 2.390347623697409674e+01
9.400504053398837641e+03 1.306860621175906090e+02 8.267123530165679313e+01 1.763103490944031932e+02 2.369581682256438881e+01
9.401195590952376733e+03 1.306294908492164666e+02 8.334928137928962144e+01 1.753493509990507562e+02 2.342012023730267956e+01
9.405430987948409893e+03 1.304780620255675956e+02 8.365335772445848761e+01 1.744229749064033399e+02 2.304556897045756969e+01
9.420149774419160167e+03 1.305521459007638327e+02 8.357695511658960186e+01 1.748074133818780922e+02 2.332280303323475579e+01
9.423002173535136535e+03 1.311869680583162108e+02 8.445235387806397398e+01 1.738372626583318379e+02 2.338659689548858012e+01
9.423788478290103740e+03 1.310832950648527913e+02 8.501028447978268332e+01 1.728379311612868889e+02 2.338646701772183079e+01
9.426560607345056269e+03 1.310810432207022416e+02 8.540344956309864699e+01 1.718633043789355952e+02 2.336623007506351613e+01
9.437464927666320364e+03 1.316565229735895741e+02 8.611095830435921528e+01 1.710096057580101387e+02 2.387586395792518346e+01
9.438703110026395734e+03 1.319190518122058791e+02 8.700891157759060945e+01 1.700635576550660346e+02 2.405668807150652455e+01
9.439737199106541084e+03 1.318514550515038479e+02 8.769090750989514049e+01 1.690945775366091084e+02 2.383538910866163008e+01
9.440740624747617403e+03 1.319457999490499560e+02 8.778870359245900090e+01 1.680963864211421992e+02 2.377583120465693511e+01
9.441586210389403277e+03 1.323844115608589220e+02 8.779428251501965974e+01 1.670992103969336711e+02 2.370090807580813319e+01
9.442276284870746167e+03 1.329351318637484098e+02 8.845338358856885463e+01 1.661021235435084122e+02 2.362520096780222190e+01
9.442904822218109985e+03 1.335455737673784142e+02 8.952251293413284827e+01 1.651057256141802725e+02 2.354447142362482737e+01
9.443449649188481999e+03 1.339570333926952799e+02 9.038998036409533654e+01 1.641112004189676838e+02 2.348960596900714748e+01
9.443925258084493180e+03 1.342602291674317598e+02 9.107088291550033432e+01 1.631155255790438616e+02 2.357898685313090681e+01
9.444363206968500890e+03 1.345493658374082599e+02 9.172421576408787303e+01 1.621220915063429402e+02 2.369223788096796568e+01
9.444797823541770413e+03 1.345894172545433207e+02 9.243815088716553419e+01 1.611249206882621934e+02 2.376055978712764372e+01
9.445267665191979177e+03 1.344617197890420925e+02 9.308282949154221342e+01 1.601289170292170070e+02 2.372625022900883707e+01
9.445774826919672705e+03 1.346312211576036191e+02 9.376475723489929237e+01 1.591377330764304361e+02 2.359677186113124137e+01
9.446384571931903338e+03 1.349988114908557861e+02 9.465412871759778568e+01 1.581413427039197188e+02 2.356187593984691020e+01
9.447139818028412265e+03 1.354192438007002863e+02 9.564682356037948807e+01 1.571445947341324256e+02 2.364178970768016441e+01
9.448060280225305178e+03 1.355237097261295389e+02 9.639990537528358061e+01 1.562023290382915945e+02 2.351718888283786768e+01
9.449941128662618212e+03 1.356861210764831469e+02 9.683760570208151819e+01 1.553019964728860316e+02 2.319672487243958159e+01
9.452314165027748459e+03 1.362406228438740925e+02 9.760771877393210616e+01 1.543102944900542468e+02 2.330228232586172155e+01
9.453347553489127677e+03 1.368348381273850123e+02 9.808129710902869647e+01 1.534083004453683543e+02 2.367013457129273846e+01
9.454202606656492208e+03 1.375142199788743085e+02 9.804551000148302364e+01 1.526688102157597768e+02 2.433719767083901786e+01
9.454887616980378880e+03 1.385308333740801174e+02 9.773554302236040314e+01 1.522379131497807521e+02 2.519126461255943283e+01
9.455434080646438815e+03 1.390393414404821613e+02 9.723426459796553445e+01 1.521750920098532731e+02 2.618607229264689451e+01
9.455953829408315869e+03 1.390923250579531611e+02 9.642378280217539555e+01 1.523389273277565508e+02 2.716058655039043401e+01
9.456464091682626531e+03 1.392567483729842479e+02 9.571708480534358898e+01 1.526305898109152110e+02 2.811612610020060998e+01
9.456986679736541191e+03 1.397490188451143069e+02 9.545008149017638743e+01 1.526874697434201664e+02 2.909388395871597055e+01
9.457473807298831161e+03 1.404241313303812433e+02 9.548923029582107347e+01 1.524975569397261950e+02 3.007507848839240339e+01
9.457941197893293065e+03 1.412013360572591409e+02 9.534205751157503528e+01 1.523433579841535845e+02 3.106011446700675904e+01
9.458392591953019291e+03 1.420060480697943603e+02 9.490377404839102837e+01 1.523763874208371192e+02 3.205325298164407855e+01
9.458809752897852377e+03 1.428069869402378345e+02 9.445974253596737924e+01 1.525918549601892664e+02 3.302731711432036121e+01
9.459203778494893413e+03 1.435582734428972458e+02 9.406634828450621910e+01 1.528095251867767104e+02 3.400060629736959328e+01
9.459573881618354790e+03 1.442359544977127825e+02 9.367686135944624937e+01 1.528897374565997040e+02 3.499521323458651523e+01
9.459947664478731895e+03 1.449171331001423084e+02 9.329261825501583871e+01 1.528867774508912873e+02 3.599508621580532264e+01
9.460323518793677067e+03 1.456060350583322247e+02 9.288799417912800038e+01 1.528088761838225480e+02 3.699018447283427946e+01
9.460681968372460688e+03 1.462759285688435682e+02 9.248356526162170610e+01 1.526726748736035404e+02 3.798085429661223600e+01
9.461041653245307316e+03 1.469685744608275115e+02 9.213317990934014290e+01 1.525549136931921055e+02 3.897379545489513930e+01
9.461397109975348940e+03 1.476448895575377094e+02 9.183717791872564362e+01 1.525009690294412223e+02 3.997104272735502661e+01
9.461751906544013764e+03 1.482873996370398118e+02 9.151569680047857958e+01 1.524833133269237351e+02 4.097074965021180049e+01
9.462085949629250536e+03 1.488759578029909676e+02 9.112557528022321662e+01 1.525119627463558913e+02 4.196822616054013366e+01
9.462405060923625570e+03 1.494791668256670221e+02 9.067211289751716663e+01 1.525892406939528598e+02 4.296506569454160740e+01
9.462741190194537921e+03 1.501166178897751706e+02 9.024546162492836743e+01 1.525953308970938167e+02 4.396361499168259002e+01
9.463079984915193563e+03 1.507101461201363009e+02 8.987485191827701669e+01 1.525430361477566521e+02 4.496223937457298803e+01
9.463453275647212649e+03 1.513487212416423233e+02 8.950160595133556285e+01 1.524609194229454658e+02 4.595850798782268498e+01
9.463861602886514447e+03 1.520707967850883620e+02 8.911095047468782582e+01 1.523407152189962517e+02 4.695119228012134727e+01
9.464271796156357595e+03 1.528270767288472030e+02 8.860436076554222495e+01 1.522912331812648574e+02 4.794649835085636624e+01
9.464684325023126803e+03 1.535754161880044251e+02 8.795797838669096791e+01 1.523071629997116361e+02 4.894619617848076842e+01
9.465080792340535481e+03 1.543472620940495688e+02 8.739232774111759738e+01 1.522982967697304844e+02 4.994613921042559213e+01
9.465459112269831166e+03 1.551064153039828852e+02 8.697470894501651628e+01 1.523067372517182605e+02 5.094582750882651112e+01
9.465835533167999529e+03 1.557893987613062166e+02 8.656580652508517915e+01 1.522851467611506564e+02 5.194413510619657615e+01
9.466189352484874689e+03 1.564665728890343246e+02 8.621614403335171062e+01 1.521966179079867345e+02 5.294012661639664685e+01
9.466520835147233811e+03 1.571706957208472204e+02 8.592344857276469838e+01 1.521090016938006784e+02 5.393618510184216319e+01
9.466848623689742453e+03 1.578865802572618406e+02 8.558477620634879202e+01 1.520217756798593030e+02 5.493228181512281338e+01
9.467171977601865365e+03 1.585987430861177074e+02 8.523201431470404543e+01 1.519436752031299989e+02 5.592896682902927807e+01
9.467481462848252704e+03 1.592700922387005846e+02 8.492595274729491450e+01 1.519118810087313989e+02 5.692818287678103673e+01
9.467801683138864973e+03 1.599386428487410114e+02 8.461463664953778618e+01 1.519029196939020210e+02 5.792814239813740329e+01
9.468144795037460426e+03 1.606178702419595936e+02 8.429345061044828924e+01 1.518659796047029147e+02 5.892708899891434271e+01
9.468501759227785442e+03 1.612961744929210113e+02 8.397300409229133322e+01 1.518168149324042702e+02 5.992576626339185708e+01
9.468885753780557934e+03 1.619897348109340385e+02 8.360225828594904840e+01 1.518033717315302908e+02 6.092546223660215077e+01
9.469296871788794306e+03 1.627055168407997598e+02 8.319068039995573827e+01 1.518096702327987373e+02 6.192544197383704585e+01
9.469706916450633798e+03 1.634756842837502404e+02 8.277503331451138990e+01 1.518876343005990748e+02 6.291977774921996058e+01
9.470120521325194204e+03 1.643375939740817557e+02 8.236390545205829028e+01 1.520330607139885046e+02 6.390913873663865985e+01
9.470541456608294538e+03 1.652230939954949065e+02 8.200668145287703226e+01 1.521292914992310727e+02 6.490347930647952523e+01
9.470946917559955182e+03 1.660456073635497489e+02 8.177169881395248296e+01 1.521434428743393141e+02 6.590268182573190359e+01
9.471346523321586574e+03 1.668213994577710366e+02 8.160211505962001866e+01 1.520306628675888305e+02 6.689229344011444311e+01
9.471749572974438706e+03 1.676134678278211538e+02 8.148031600633812843e+01 1.517434449205646274e+02 6.784605045123893774e+01
9.472148950203416462e+03 1.684482159598443900e+02 8.148902559267322943e+01 1.513302617109115999e+02 6.875552273327913611e+01
9.472539308720564804e+03 1.692607920680894438e+02 8.161260242673630216e+01 1.507778332751726680e+02 6.958137571103095809e+01
9.472928471072447792e+03 1.701101372832563072e+02 8.181918180388294104e+01 1.500983188520057467e+02 7.031348930847876488e+01
9.473339698723350011e+03 1.710842185740499417e+02 8.207180248323528815e+01 1.493682607813191794e+02 7.099645721360857920e+01
9.473757418713108564e+03 1.720648002090923399e+02 8.226190590479974674e+01 1.486000610227785899e+02 7.163579124101562456e+01
9.474161120298665992e+03 1.729770829882645558e+02 8.239996371841505152e+01 1.478448798243029785e+02 7.228949213938696516e+01
9.474573813295521177e+03 1.738414784707431124e+02 8.252375670316013156e+01 1.471287017991862740e+02 7.298730768189646767e+01
9.475010691135714296e+03 1.746666283583285519e+02 8.256342063114323082e+01 1.464274161806479526e+02 7.370012735535185300e+01
9.475462653415637760e+03 1.755146787966289708e+02 8.255998511391304362e+01 1.457847805340318246e+02 7.446356368689703231e+01
9.475919092701324189e+03 1.764048813722333193e+02 8.257858652596920024e+01 1.451769397694311294e+02 7.525750189106760502e+01
9.476380260657726467e+03 1.773146004383917500e+02 8.269287599043342141e+01 1.445311309337621424e+02 7.602024344964415548e+01
9.476848210808897420e+03 1.781519600858256638e+02 8.296165313633885319e+01 1.438154776350505131e+02 7.671604736372080424e+01
9.477317488733735445e+03 1.788762481240355271e+02 8.327618305044163094e+01 1.430412156759865923e+02 7.734831033123457189e+01
9.477764484615418041e+03 1.795657006764083405e+02 8.364293171455750553e+01 1.422423086709295319e+02 7.794962773881751161e+01
9.478171268371759652e+03 1.802414458967406574e+02 8.411884806863760389e+01 1.413979695584389447e+02 7.848131624373421289e+01
9.478558407777480170e+03 1.808682136222643067e+02 8.467194355550624607e+01 1.405013392964533239e+02 7.892228509569140726e+01
9.478970403516608712e+03 1.814480595955175772e+02 8.525509704373762077e+01 1.395757344125126735e+02 7.929954323916703629e+01
9.479391833538044011e+03 1.820046473830471996e+02 8.576998708797128756e+01 1.386204571587030046e+02 7.958924109548419779e+01
9.479783390385318853e+03 1.825534632513069369e+02 8.626105585874871906e+01 1.376471905385217553e+02 7.981880303766207874e+01
9.480170664781195228e+03 1.830818676650055465e+02 8.682013116984761325e+01 1.366722280019251912e+02 8.004117144469827849e+01
9.480553332518171374e+03 1.835721051114819886e+02 8.738848577133067863e+01 1.356903324977009788e+02 8.022766294239042395e+01
9.480907514108188479e+03 1.840382679736301270e+02 8.795449044669082639e+01 1.347035666110593297e+02 8.038972878329487060e+01
9.481262484868953834e+03 1.844943808773494425e+02 8.854408630765156829e+01 1.337180602862725038e+02 8.055934783180319414e+01
9.481630508873557119e+03 1.849692521976804187e+02 8.910896740772615487e+01 1.327311698198323029e+02 8.072041859586236967e+01
9.482011818057528217e+03 1.855228826370031641e+02 8.966935678194130332e+01 1.317505647361251135e+02 8.091270656708908859e+01
9.482401572118989861e+03 1.861106642835378580e+02 9.024330479297971408e+01 1.307833564131756532e+02 8.116547433016876312e+01
9.482773415941999701e+03 1.866802465937988984e+02 9.074315450546048112e+01 1.298164170623040832e+02 8.141973436444757795e+01
9.483137537352753498e+03 1.873072441540050761e+02 9.115807926486309043e+01 1.288535621224756085e+02 8.168810232134056548e+01
9.483521207100389802e+03 1.880076923791145020e+02 9.149621270094141323e+01 1.279079256110700129e+02 8.201209494627163110e+01
9.483908138368489745e+03 1.886831236792752122e+02 9.176156255260343642e+01 1.269822261201582023e+02 8.238929307777532074e+01
9.484279004481282755e+03 1.892966965696155341e+02 9.206152479075009865e+01 1.260997710738773492e+02 8.285503165952682991e+01
9.484654565909850135e+03 1.898890922764366280e+02 9.245304547199782519e+01 1.252411491967926196e+02 8.336759680965118946e+01
9.485026075984471390e+03 1.904762946500771932e+02 9.282139865139363621e+01 1.243528864801977818e+02 8.382399709002066857e+01
9.485392936915808605e+03 1.910857626099099491e+02 9.317124754980557100e+01 1.234403437653610780e+02 8.423293652601032022e+01
9.485774780922096397e+03 1.916949360674054788e+02 9.361593694730247250e+01 1.225202361936185298e+02 8.462440558418045100e+01
9.486165606559519802e+03 1.922644960959137848e+02 9.416140885152698559e+01 1.215771352864256443e+02 8.495312459837053609e+01
9.486574263426768084e+03 1.928606219723218658e+02 9.479361890373186839e+01 1.206131355047512130e+02 8.521829657763964860e+01
9.487013118439832397e+03 1.935393682871327883e+02 9.544984707307747840e+01 1.196432889356332652e+02 8.546197837145645337e+01
9.487463456327235690e+03 1.942438003060290157e+02 9.605881982260304142e+01 1.186863852815961593e+02 8.574903310150219227e+01
9.487900976993179938e+03 1.948778157636110109e+02 9.663861176824205756e+01 1.177767662940142657e+02 8.615668899369669020e+01
9.488349930225016578e+03 1.954594581292365376e+02 9.725854607928974360e+01 1.168736298929994035e+02 8.658367380060650476e+01
9.488805244566627152e+03 1.959841326728088688e+02 9.797967894802030742e+01 1.159198932777179749e+02 8.686839608956358916e+01
9.489250290432701149e+03 1.963905362339824876e+02 9.883652601751902012e+01 1.149322908845500706e+02 8.701756745927568204e+01
9.489683719018486954e+03 1.967148807829131556e+02 9.973436535574279560e+01 1.139363038300378292e+02 8.701990442462965802e+01
9.490105843722652935e+03 1.970110894094693492e+02 1.005763318906158332e+02 1.129381498622544910e+02 8.696043035073590488e+01
9.490530651969504106e+03 1.972649366082141000e+02 1.013818591962065199e+02 1.119398984993962927e+02 8.690187805254059583e+01
9.490954785361043832e+03 1.974830029772624300e+02 1.021948518063252891e+02 1.109489387837665646e+02 8.677731231043043181e+01
9.491369903869455811e+03 1.977177869175551734e+02 1.030056798667793601e+02 1.099574584164474089e+02 8.665151691637447584e+01
9.491788991937883111e+03 1.980411724639713213e+02 1.037934751401128182e+02 1.089611270871661759e+02 8.656662901395429799e+01
9.492211443035770571e+03 1.985200894622271051e+02 1.045024564032228227e+02 1.079628108176312651e+02 8.655998174221919328e+01
9.492612514905960779e+03 1.990963768384223442e+02 1.050913465827828333e+02 1.069692238540128812e+02 8.666143774162452473e+01
9.493000851548527862e+03 1.996550418413228272e+02 1.056516567233620805e+02 1.059769368721667604e+02 8.678431388659940637e+01
9.493396753461867775e+03 2.001268186449161703e+02 1.062905560520681405e+02 1.049802174574137155e+02 8.686038270149077789e+01
9.493798710949953602e+03 2.005251496015657722e+02 1.069842123424542137e+02 1.039811548946564415e+02 8.686126190028157623e+01
9.494199718859828863e+03 2.009182045652474926e+02 1.077010878936961547e+02 1.029862974182521214e+02 8.677083646353095503e+01
9.494606475505810522e+03 2.013761399817114182e+02 1.083860277915883330e+02 1.019941744831930919e+02 8.664558362420008564e+01
9.495044469554672105e+03 2.019965965489469397e+02 1.088419083760380772e+02 1.010085516955128497e+02 8.648018663455165722e+01
9.496389478643497569e+03 2.034218413979076558e+02 1.092655660379260354e+02 1.000560907274268914e+02 8.618745414847090558e+01
9.501351414552385904e+03 2.041675614283611253e+02 1.091280495275879758e+02 1.006606408849277727e+02 8.631090034518186371e+01
9.505516887452937226e+03 2.044245812483843565e+02 1.087266473874061319e+02 1.016527630387790282e+02 8.619744422905598924e+01
9.507281269068582333e+03 2.043266998670337387e+02 1.078859594475346739e+02 1.026490837432687613e+02 8.612532123526912642e+01
9.517769529264458470e+03 2.042441758025532579e+02 1.075018640224207758e+02 1.036116446950436085e+02 8.585805218815822570e+01
9.539340188770174791e+03 2.044871704786134501e+02 1.076241958601851962e+02 1.045261006555794410e+02 8.547207412503261992e+01
9.542260735679989011e+03 2.044894475576021193e+02 1.068314362283048951e+02 1.055183463043399428e+02 8.553423793112037288e+01
9.552136306692131257e+03 2.055559786772819564e+02 1.061469062162558998e+02 1.057600240218509242e+02 8.584118834193830594e+01
9.586391265111213215e+03 2.070336012526273919e+02 1.062379748694961563e+02 1.050238852288856464e+02 8.558867781427184696e+01
9.591639408963852475e+03 2.074051324071822080e+02 1.064410738017992912e+02 1.041027965780153863e+02 8.591759716699701244e+01
9.595705655395808208e+03 2.079330217813459001e+02 1.068324374825735106e+02 1.031056450511652400e+02 8.597978683112398812e+01
9.598553993910119971e+03 2.080762176694236700e+02 1.072094460145876127e+02 1.021118866225624942e+02 8.586966492985764887e+01
9.609243493123090957e+03 2.079687191842018592e+02 1.072351164516153119e+02 1.011211782374035266e+02 8.597893619593625658e+01
9.631102835482182854e+03 2.081529246990737647e+02 1.075939694662097423e+02 1.002355625462490423e+02 8.560835083530595568e+01
9.640497903444083931e+03 2.087515362608345981e+02 1.082483761110116802e+02 9.931147543806015676e+01 8.574925678693203679e+01
9.643083168524955909e+03 2.099516597001945399e+02 1.092038000004061900e+02 9.847510533436600610e+01 8.623915238492712376e+01
9.643926520201917810e+03 2.105370709161102525e+02 1.100244299705133670e+02 9.749866874507482351e+01 8.621866864543511610e+01
9.644465126975752355e+03 2.108795135293170233e+02 1.108518715363361196e+02 9.653650061074981181e+01 8.594621309121426123e+01
9.644955478278250666e+03 2.112986926124034994e+02 1.116842680047227532e+02 9.556946819043351127e+01 8.569249553529013497e+01
9.645447758515898386e+03 2.119217931038360234e+02 1.123538280981965443e+02 9.458485390520884550e+01 8.556803716575709018e+01
9.645951907150471015e+03 2.126280577891868688e+02 1.129571193018172295e+02 9.359765228792386438e+01 8.568277623007868726e+01
9.646463297605692787e+03 2.131333489474491785e+02 1.137048575948440146e+02 9.262244436592270347e+01 8.590294814992692807e+01
9.646999378907834398e+03 2.134760218190775163e+02 1.145529487254182897e+02 9.163665222503135510e+01 8.595661049306140455e+01
9.647579237355774239e+03 2.138460600587080762e+02 1.153722142912177731e+02 9.064426136992547356e+01 8.583349240611887865e+01
9.648217230695847320e+03 2.142850246475686617e+02 1.161289280874334935e+02 8.964875589804388767e+01 8.574528599221085301e+01
9.648989868365057191e+03 2.147734495987736238e+02 1.169015780161317366e+02 8.865180404471672659e+01 8.576607899206813102e+01
9.649898513379561336e+03 2.152955426728724717e+02 1.176731463804317315e+02 8.765583301468647903e+01 8.577198294085212638e+01
9.650935350443736752e+03 2.158492168165994940e+02 1.181473973704367779e+02 8.666058021848657233e+01 8.579680494229771170e+01
9.660121420481180394e+03 2.163931897059738105e+02 1.184900388966830462e+02 8.567030409192499008e+01 8.574078359811618100e+01
9.665840420060474571e+03 2.166342684987591269e+02 1.190460728377888557e+02 8.470821048314958546e+01 8.547756611555649897e+01
9.688374534876313191e+03 2.164175088270779668e+02 1.182700816941230784e+02 8.560905240838994246e+01 8.579304482195595938e+01
9.709770285621785661e+03 2.163480645187692346e+02 1.178960562229423346e+02 8.656252366275928978e+01 8.560628279729073142e+01
9.719090871431888445e+03 2.158914967788548154e+02 1.173731480672588532e+02 8.753466373781712662e+01 8.547421599676194148e+01
9.722802527963063767e+03 2.160413660287415496e+02 1.171270718889825133e+02 8.811732742187010103e+01 8.617706577735906137e+01
9.724560370115543265e+03 2.166690353964788471e+02 1.177537798204124329e+02 8.740468395492798948e+01 8.627259656429615120e+01
9.725166526859638907e+03 2.171440084711546206e+02 1.185920584180089321e+02 8.640821136755323550e+01 8.635476075599999035e+01
9.725624065254298330e+03 2.174694346675307202e+02 1.194400506818747374e+02 8.545899444268100353e+01 8.604160693399826698e+01
9.726093006088529364e+03 2.178793967939600691e+02 1.203736185524795985e+02 8.450006553745348015e+01 8.575801736578385714e+01
9.726491759676780930e+03 2.184068693573776159e+02 1.210543518891975197e+02 8.352105163229173002e+01 8.555434673472275620e+01
9.726881920503630681e+03 2.189875215338125543e+02 1.216481386861814968e+02 8.252662965898211667e+01 8.544916984495580436e+01
9.727311864749548477e+03 2.197320321789646584e+02 1.222850465214292228e+02 8.152669790590650223e+01 8.545135040759157619e+01
9.727704631352506112e+03 2.204973528181295137e+02 1.227384029892266710e+02 8.053806336069794725e+01 8.560166357107908652e+01
9.728058996750623919e+03 2.211308839460768354e+02 1.232218359915314210e+02 7.955493465315049662e+01 8.578452449712963812e+01
9.728427175958820953e+03 2.217951070821360418e+02 1.237270622966402271e+02 7.856342176402060318e+01 8.591453285017192343e+01
9.728827360093995594e+03 2.224611530405697692e+02 1.241483915530134823e+02 7.757207831265880316e+01 8.604572270477996199e+01
9.729271209446069406e+03 2.228390153403927911e+02 1.246659051037730279e+02 7.657448617554715042e+01 8.611385525613324887e+01
9.729768575647796752e+03 2.232486726260284797e+02 1.253873079869836857e+02 7.557800724664453185e+01 8.603018114526146576e+01
9.730298414491609947e+03 2.238314462715733555e+02 1.262240884026199552e+02 7.457842470727672435e+01 8.600421155405699380e+01
9.730805624974018428e+03 2.242687947351177513e+02 1.270100577358636116e+02 7.359181317865810001e+01 8.584128030714596491e+01
9.731281060769711985e+03 2.247844765138189018e+02 1.276690908025535549e+02 7.259577909358442582e+01 8.575230815953383967e+01
9.731774321352442712e+03 2.251730398453022417e+02 1.284274837810770862e+02 7.159972819744444905e+01 8.566452772620090172e+01
9.732367234142524467e+03 2.255498812239951008e+02 1.293412906547508783e+02 7.062467637906530626e+01 8.544294218220470327e+01
9.733023742246465190e+03 2.261361934659027497e+02 1.302380284096128946e+02 6.962902048632432184e+01 8.535001543465305929e+01
9.733616697946885324e+03 2.266475605578171155e+02 1.310214442650970170e+02 6.864001250216998073e+01 8.520359690032505284e+01
9.734203843839748515e+03 2.273073788731415164e+02 1.310492621023968240e+02 6.764785899981312411e+01 8.526407380479578535e+01
9.735279217437495390e+03 2.270062939890521818e+02 1.303143463969793174e+02 6.747925570772981985e+01 8.604752762931744314e+01
9.736092964594217847e+03 2.260003213612410491e+02 1.296374955149034065e+02 6.840243750765635866e+01 8.616705150466123087e+01
9.736693317105316964e+03 2.249883675500444156e+02 1.290403165105995527e+02 6.932003196736678774e+01 8.578337438858521580e+01
9.737163374547026251e+03 2.242531718574348076e+02 1.283992095038840944e+02 7.029681812498031945e+01 8.557219130025360698e+01
9.737592899291918002e+03 2.236238572936904916e+02 1.278344842708740714e+02 7.128528847524370349e+01 8.542109405969836189e+01
9.737997118523690006e+03 2.230637466886583695e+02 1.273550569879035947e+02 7.227876838774439250e+01 8.532481481266562184e+01
9.738397465451065727e+03 2.227028290810277440e+02 1.267729280591904342e+02 7.327604568180953493e+01 8.536298935656006392e+01
9.738817974745279571e+03 2.224757111961953342e+02 1.261109133531612514e+02 7.426936031092314749e+01 8.547311497063367369e+01
9.739269807232514722e+03 2.223974948058877317e+02 1.254874625307377727e+02 7.526788811928133782e+01 8.549988077197768632e+01
9.739717515987966181e+03 2.223501499552807275e+02 1.250360326454247542e+02 7.626721850950791293e+01 8.546849387360126116e+01
9.740158155639710458e+03 2.219647574804849910e+02 1.248537320280378111e+02 7.726592990336433786e+01 8.549451109186244935e+01
9.740606356512102138e+03 2.213887274067664350e+02 1.248131270002467232e+02 7.826304149809702437e+01 8.555205750855719771e+01
9.741056209764879895e+03 2.209559702089336497e+02 1.245960697761956055e+02 7.926073039835402767e+01 8.550363965104305919e+01
9.741496013996071270e+03 2.205961284097414818e+02 1.243989872205470135e+02 8.025585572126925626e+01 8.541641782563634422e+01
9.741904129130827641e+03 2.201807903618989997e+02 1.241176443550865827e+02 8.125540199790857798e+01 8.541711731945018471e+01
9.742274849001287294e+03 2.196872038512990173e+02 1.235734544666692187e+02 8.225078795710373925e+01 8.549755888862998177e+01
9.742638255923438919e+03 2.192006055334220491e+02 1.229400019328101195e+02 8.323568011077723838e+01 8.566927218709531644e+01
9.742986267823283924e+03 2.187380978061538315e+02 1.222456927122617003e+02 8.422107926086277985e+01 8.582281844746400168e+01
9.743358946141814158e+03 2.183404209023253486e+02 1.213998005888525427e+02 8.521976232882005320e+01 8.583588415395485072e+01
9.743760551542842222e+03 2.180696582999467239e+02 1.204946155523659428e+02 8.621850334341948496e+01 8.580589570220131179e+01
9.744148964942718521e+03 2.178522141683446591e+02 1.197217365990393887e+02 8.721821836181541698e+01 8.582891207108730214e+01
9.744531098530436793e+03 2.175884965218530454e+02 1.190409817146855431e+02 8.821767184910679305e+01 8.585607109650563018e+01
9.744910182142863050e+03 2.172005869983893831e+02 1.183488352673853399e+02 8.921528848230822462e+01 8.592269147639646576e+01
9.745272967046312260e+03 2.167060257988679552e+02 1.176284491578358171e+02 9.021224828103832749e+01 8.599558539640720767e+01
9.745630386351554989e+03 2.161394451575657456e+02 1.168765264575080920e+02 9.121184325271552495e+01 8.601420518829783646e+01
9.746002306451471668e+03 2.155306426643106192e+02 1.161213815893845265e+02 9.221177453850803829e+01 8.600248938901822271e+01
9.746370239605408642e+03 2.149176446789366253e+02 1.153969154073678567e+02 9.321147790384524967e+01 8.598204217993084342e+01
9.746734146830940517e+03 2.143231242765529601e+02 1.146646436512042442e+02 9.421094174490787054e+01 8.595207563225825709e+01
9.747119303713232512e+03 2.137496051829680823e+02 1.138906538286178147e+02 9.521088395987716524e+01 8.594134908928000982e+01
9.747510744412671556e+03 2.131934497931949863e+02 1.131055929028213427e+02 9.621083352553957013e+01 8.593839090086584065e+01
9.747899527850826416e+03 2.126698886939211661e+02 1.123340212071633459e+02 9.721044448599326415e+01 8.596079086840573780e+01
9.748298873578538405e+03 2.121812146705961766e+02 1.115902227200096490e+02 9.820959480068734138e+01 8.598153818751097788e+01
9.748727293459611246e+03 2.117013609280950561e+02 1.108226212364833572e+02 9.920929718548168808e+01 8.596378528316316192e+01
9.749172238511479009e+03 2.112810488042239854e+02 1.100738126442374636e+02 1.002079193598991935e+02 8.599799176236795972e+01
9.749609518636327266e+03 2.109151923822311403e+02 1.094076958233403758e+02 1.012051785619486850e+02 8.606346470063041920e+01
9.750054122283137986e+03 2.105597021865203544e+02 1.088375076447511560e+02 1.022050691543871892e+02 8.607212098705052483e+01
9.750503121701514829e+03 2.102101082405795296e+02 1.083186799586765829e+02 1.032040228223221874e+02 8.609305652037059531e+01
9.750935002991791407e+03 2.098527961097842649e+02 1.077011283944739262e+02 1.041976087042651642e+02 8.619898074146604472e+01
9.751365920721018483e+03 2.094990528975404800e+02 1.070070880223707661e+02 1.051869401787255924e+02 8.634268115383277120e+01
9.751826276830359348e+03 2.090940349441093815e+02 1.062970425189704429e+02 1.061776186291133399e+02 8.635450121781759947e+01
9.752286477618928984e+03 2.086284767659001602e+02 1.055690213073544896e+02 1.071451179568826575e+02 8.611705792000414306e+01
9.752706209103615038e+03 2.081518738679104956e+02 1.049228395637587141e+02 1.080962787342844393e+02 8.581540264851520305e+01
9.753103008933660021e+03 2.076256972246035275e+02 1.043748410462029881e+02 1.090807655622805186e+02 8.566426846998713529e+01
9.753519223157052693e+03 2.070478643454356131e+02 1.038235535160767142e+02 1.100803222209191006e+02 8.564912868572356786e+01
9.753960132123369476e+03 2.064604750251865823e+02 1.030931876043317175e+02 1.110764826892698807e+02 8.560774571138064459e+01
9.754390962994793881e+03 2.059167607556915129e+02 1.022687487553126147e+02 1.120672057398614641e+02 8.547201074595361092e+01
9.754810419161407481e+03 2.054684405377080054e+02 1.015227606654252810e+02 1.130619486505700593e+02 8.540710941844102422e+01
9.755246932847030621e+03 2.051298213278037110e+02 1.007688652606258586e+02 1.140599477553235204e+02 8.546410828546443383e+01
9.755707670508631054e+03 2.048446460455832607e+02 9.995932246738628635e+01 1.150559367770638346e+02 8.555354141211878982e+01
9.756198496224224073e+03 2.044808758395844848e+02 9.921908043474751082e+01 1.160533981222236548e+02 8.559219844724560744e+01
9.756751721980157527e+03 2.040684263119621846e+02 9.854362250145373991e+01 1.170529630522049160e+02 8.556582694158112190e+01
9.757442140812658181e+03 2.038007330103366428e+02 9.795530134009126755e+01 1.180427518042008472e+02 8.564973705359780354e+01
9.765169858096991447e+03 2.039104362433819233e+02 9.758233266451804866e+01 1.188960329623674141e+02 8.608121883860385992e+01
9.772544192983470566e+03 2.042692312510835109e+02 9.708018732985293298e+01 1.184424233496557690e+02 8.667450587801708650e+01
9.774419109813798059e+03 2.041590828516243334e+02 9.639016438792033625e+01 1.191524340737104666e+02 8.634512546448007697e+01
9.776600738184675720e+03 2.038717248722818169e+02 9.583446471934519195e+01 1.201020770533102393e+02 8.603264351172742863e+01
9.781870367764158800e+03 2.040403506696086424e+02 9.471326155234355326e+01 1.210451370979058368e+02 8.633599085706387655e+01
9.787084627573438411e+03 2.046277772657756486e+02 9.431733441423862985e+01 1.213932879279431774e+02 8.556161017986481454e+01
9.788466453436349184e+03 2.051189671691350611e+02 9.335260286536872343e+01 1.222733696969816179e+02 8.512880625268732615e+01
9.789323252795034932e+03 2.056924515515125336e+02 9.294280092411524663e+01 1.227315583679142321e+02 8.590412691270493895e+01
9.791446753206753783e+03 2.054854955707820352e+02 9.262757982292374948e+01 1.230927543780272657e+02 8.639355225344742450e+01
9.792048915190767730e+03 2.044852039233219045e+02 9.284599786126382526e+01 1.232769793030432481e+02 8.543377287532146624e+01
9.792544666430261714e+03 2.036269383152815919e+02 9.293919165655832160e+01 1.238131345881408265e+02 8.458965563572380120e+01
9.792997096239063467e+03 2.028874802691846071e+02 9.289863023624029381e+01 1.243633824268766972e+02 8.375543068957064463e+01
9.793459145497861755e+03 2.021000283805086042e+02 9.287713627749326406e+01 1.250074971718049710e+02 8.299711363968718558e+01
9.793896369507187046e+03 2.013021894708410855e+02 9.283554836387115472e+01 1.258031126345142354e+02 8.239641441191284343e+01
9.794297962847942472e+03 2.005905189465689205e+02 9.248716997111758076e+01 1.266877842617265770e+02 8.193288045756088422e+01
9.794679517986138308e+03 1.999391689771277925e+02 9.195249334652794460e+01 1.276183289948737070e+02 8.156909618604984757e+01
9.795040958445910292e+03 1.993761225454858845e+02 9.131918434105075733e+01 1.285784989433863359e+02 8.129180279890543659e+01
9.795416573202031941e+03 1.988465794551824501e+02 9.067832731722380402e+01 1.295592259979055427e+02 8.110553140591751742e+01
9.795791471216569335e+03 1.983920953125594622e+02 9.009708034194200366e+01 1.305544710292348043e+02 8.100925631272913563e+01
9.796178397667365061e+03 1.979693019393949101e+02 8.948466916284341721e+01 1.315432787766227420e+02 8.086524883096554106e+01
9.796595513526044670e+03 1.976260133502544818e+02 8.881369548065003983e+01 1.325258650295204461e+02 8.068663615372825859e+01
9.797011356625538610e+03 1.973209633172994018e+02 8.810799156697021317e+01 1.335225629266216458e+02 8.061214681284427286e+01
9.797426076024348731e+03 1.969486905391212019e+02 8.730447080184357844e+01 1.345209889699804933e+02 8.062453902340526213e+01
9.797845413893130171e+03 1.964973079037295349e+02 8.644242120076560809e+01 1.355152680983623839e+02 8.073121528788277601e+01
9.798236373826490308e+03 1.961349465440953281e+02 8.563393727711324743e+01 1.365072583543768872e+02 8.085648450406766585e+01
9.798618595997262673e+03 1.958757139382316552e+02 8.474121731377309175e+01 1.374849131886028886e+02 8.105278072570055770e+01
9.799025710677540701e+03 1.957140534780651535e+02 8.373942612082126402e+01 1.384285661805195673e+02 8.138292447553789088e+01
9.799431484212669602e+03 1.955800726658919757e+02 8.275292916681303268e+01 1.393663057348052234e+02 8.172852190613932066e+01
9.799810675194470605e+03 1.954231791501135831e+02 8.184325634934045013e+01 1.403202848572706785e+02 8.202809257382975261e+01
9.800184705724926971e+03 1.952035242309500518e+02 8.102723394753594732e+01 1.412733303982427628e+02 8.232905480449865365e+01
9.800572661699070522e+03 1.949235127309873974e+02 8.023959322692265062e+01 1.422474195128177996e+02 8.255093314394230219e+01
9.800974487163661252e+03 1.946113715891827667e+02 7.951595738426213700e+01 1.432338753514549126e+02 8.271394075924307288e+01
9.801396141280603842e+03 1.943215654047577630e+02 7.887530955256201537e+01 1.442186968487523870e+02 8.288342128506614870e+01
9.801829186205470251e+03 1.940948210577148529e+02 7.814563882779270898e+01 1.452142312612361366e+02 8.297107699496976352e+01
9.802260322835451007e+03 1.939314967070458806e+02 7.726840623646650386e+01 1.462099597893157181e+02 8.304019818596987079e+01
9.802683920824250890e+03 1.938585967264618262e+02 7.640796976073384883e+01 1.471833309606136027e+02 8.325521935586691313e+01
9.803115954764634807e+03 1.938753751136822245e+02 7.556596240651875007e+01 1.480898449198471951e+02 8.366049533970004859e+01
9.803589147996410247e+03 1.939444614491003449e+02 7.473027194597361245e+01 1.488958121488303732e+02 8.425105008558766428e+01
9.804091873744837358e+03 1.940087849475625887e+02 7.389810356903645072e+01 1.496746949906626298e+02 8.487757114312167062e+01
9.804589959480746984e+03 1.939116693916576537e+02 7.309506353208472262e+01 1.505013872333619531e+02 8.543710929699398093e+01
9.805091388014712720e+03 1.935901632741366711e+02 7.237432687700361100e+01 1.514048214923726619e+02 8.585102092491574410e+01
9.805616638062374477e+03 1.933052986003035869e+02 7.166932536790604047e+01 1.523755352393748126e+02 8.608967903720989057e+01
9.806151134708728932e+03 1.931601474495838318e+02 7.096987709004707767e+01 1.533443135096055983e+02 8.632907741512180166e+01
9.806668845967731613e+03 1.929623143384454522e+02 7.029317752413120957e+01 1.542796882422221358e+02 8.668138889217870258e+01
9.807194383414638651e+03 1.925968859929641042e+02 6.955236900564486291e+01 1.552184084771365065e+02 8.701076680895697280e+01
9.807716276156079402e+03 1.920878529879291250e+02 6.881782975269514679e+01 1.562063566206120697e+02 8.712398191765774413e+01
9.808191559646691530e+03 1.915282018828191326e+02 6.810367035690372006e+01 1.572027717964396345e+02 8.705298460791824766e+01
9.808653181362158648e+03 1.909053480955841451e+02 6.744092295237821588e+01 1.581896489901984921e+02 8.689456506210380837e+01
9.809104776627105821e+03 1.903038537385944267e+02 6.681249013793555491e+01 1.591659547950052342e+02 8.667898944198176991e+01
9.809536021744959726e+03 1.898793728657247755e+02 6.623839531528477664e+01 1.601452060342683126e+02 8.649370800449368346e+01
9.809959931735042119e+03 1.895896293622338646e+02 6.572885828740641045e+01 1.611387949802011974e+02 8.650490643627534837e+01
9.810382229734535940e+03 1.893168130074025441e+02 6.507086068476780838e+01 1.621243320895547697e+02 8.667435707453304872e+01
9.810808983475166315e+03 1.890124147541232276e+02 6.426927093992098605e+01 1.631144710931439192e+02 8.679574645529781662e+01
9.811246849954060963e+03 1.886849353087317525e+02 6.343234294569784737e+01 1.641138296090668973e+02 8.679520900972345032e+01
9.811685567071433979e+03 1.883391121105453010e+02 6.252727562716593468e+01 1.651094238328816459e+02 8.671287108804406785e+01
9.812104317680106760e+03 1.878992641423220107e+02 6.172787724622742189e+01 1.660960625406538611e+02 8.655175782898236037e+01
9.812495765568077331e+03 1.873712643531651452e+02 6.110718044645761182e+01 1.670804444506823074e+02 8.637791599343653104e+01
9.812880831796108396e+03 1.868882654783385817e+02 6.049618626849090219e+01 1.680743655005381356e+02 8.628837763307382147e+01
9.813254936509427353e+03 1.864610045156123022e+02 5.993863190841475586e+01 1.690730423694891442e+02 8.631744465704603897e+01
9.813611559437824326e+03 1.860519592390044750e+02 5.948272514815459289e+01 1.700706079384142129e+02 8.637070778251472802e+01
9.813992531491074260e+03 1.856440453241759201e+02 5.915882723213952232e+01 1.710671036452447709e+02 8.631610625335687814e+01
9.814396423937028885e+03 1.852040799611433499e+02 5.916883941871078179e+01 1.720534501566407926e+02 8.615423979005947785e+01
9.814806694777496887e+03 1.846451130216603360e+02 5.945846586515254728e+01 1.730312086998079621e+02 8.594475995382454414e+01
9.815244166828295420e+03 1.839463070386302377e+02 5.974810104082949636e+01 1.740087790687560698e+02 8.573492620322855373e+01
9.815680333472409984e+03 1.831773407519354464e+02 5.989256860162253560e+01 1.749962764817745153e+02 8.558504889049267206e+01
9.816088414755227859e+03 1.824353788812897790e+02 5.974714090078549589e+01 1.759926432184160490e+02 8.549988255726120201e+01
9.816511982682384769e+03 1.817121120333022475e+02 5.935436304993488221e+01 1.769901734685796271e+02 8.543491585431303292e+01
9.816936018090822472e+03 1.810437837518016977e+02 5.895745238254277609e+01 1.779882598125130073e+02 8.545091665899258260e+01
9.817330193330044494e+03 1.805705014408623015e+02 5.867379259867536234e+01 1.789853673284773379e+02 8.551761747697261740e+01
9.817745718796133588e+03 1.803494680498598370e+02 5.845786938870379146e+01 1.799852542151854777e+02 8.552947866876887417e+01
9.818187255217508209e+03 1.803051863842007947e+02 5.826330081365918545e+01 1.809818979490351580e+02 8.557916219016421167e+01
9.818636202632158529e+03 1.803342942757012395e+02 5.802250662664060599e+01 1.819704816756288039e+02 8.572850662587956094e+01
9.819131391326463927e+03 1.805403372372796014e+02 5.766807633939864530e+01 1.829549962096253637e+02 8.590380872687848068e+01
9.819686614290645593e+03 1.808857866486150954e+02 5.704081014817629125e+01 1.839341120843880049e+02 8.610448855069145679e+01
9.820299277010346486e+03 1.810925049845939725e+02 5.618009765455028770e+01 1.848611519474019360e+02 8.645018467924009542e+01
9.820938149300578516e+03 1.813327888650958357e+02 5.521024445789574742e+01 1.855818784860797450e+02 8.710543300448654236e+01
9.821567063023407172e+03 1.818958999194898638e+02 5.445152873027856089e+01 1.859752919831564384e+02 8.800821167871930584e+01
9.822204193059167665e+03 1.825904114343980496e+02 5.414833576695080808e+01 1.861087168387925033e+02 8.899574161353578461e+01
9.822863298727483198e+03 1.832714873709756489e+02 5.413584233352310093e+01 1.861479472541097948e+02 8.999496868845180586e+01
9.823665024754516708e+03 1.839574493242132576e+02 5.415636343575868494e+01 1.862147578281523579e+02 9.099216470145462665e+01
9.828119248468976366e+03 1.842381557887983092e+02 5.371550443088044346e+01 1.861254890531161550e+02 9.194744789570921739e+01
9.828929995597927700e+03 1.839299036278981987e+02 5.376389162695072343e+01 1.858052281955530134e+02 9.288401105054931861e+01
9.829471939342285623e+03 1.839802382891673176e+02 5.379498068678917377e+01 1.856115868072521664e+02 9.386372073201037836e+01
9.829969147020832679e+03 1.838625018922884351e+02 5.388475293967901081e+01 1.854649730981122673e+02 9.484357638861423823e+01
9.830458449573297912e+03 1.837491420350662281e+02 5.366189665662007258e+01 1.856302039253018279e+02 9.581256015577345408e+01
9.830977836271773413e+03 1.841405351233341889e+02 5.305051167117362354e+01 1.859947952178062849e+02 9.674327736866072769e+01
9.831513907536829720e+03 1.849360292524008003e+02 5.265364605758158234e+01 1.862759596458966200e+02 9.770079499709541437e+01
9.832061668141548580e+03 1.857689614248852479e+02 5.224639054355782974e+01 1.864487019282449864e+02 9.868492902084344109e+01
9.832620453465295213e+03 1.866390619524648571e+02 5.165069270804399792e+01 1.865199853445682550e+02 9.968030218104591711e+01
9.833145949785855919e+03 1.874525343093712877e+02 5.123959221865334257e+01 1.865398589407303973e+02 1.006795248227861919e+02
9.833728508843429154e+03 1.881552742413722967e+02 5.091639652187777187e+01 1.866370575448642626e+02 1.016738231371061261e+02
9.834461260887035678e+03 1.886365237292135362e+02 5.077785292729373623e+01 1.866778767326979676e+02 1.026638452372294523e+02
9.835263357167363210e+03 1.892129062507321748e+02 5.072649054106508970e+01 1.863451094747631771e+02 1.035677413313068769e+02
9.835881100068238084e+03 1.895988863064901864e+02 5.066665149598866691e+01 1.858761362841413245e+02 1.044264232831346249e+02
9.836381604046560824e+03 1.893144804503542957e+02 5.066673425471537229e+01 1.857207418552723937e+02 1.054076103942635712e+02
9.836885601101108477e+03 1.895408956775607692e+02 5.075271816227706978e+01 1.856827997909680050e+02 1.064067513175041881e+02
9.837395749824921950e+03 1.902498193168072760e+02 5.080862014905509483e+01 1.856489914461810145e+02 1.074058080013831358e+02
9.837907152062147361e+03 1.909051132745180439e+02 5.049262446327453802e+01 1.855588649239807353e+02 1.083965106322394405e+02
9.838466175106723313e+03 1.912456725505734880e+02 5.024991540304964133e+01 1.854128409261529669e+02 1.093832631968032558e+02
9.839144764242922975e+03 1.914951928944372526e+02 5.005754010942182219e+01 1.853577123334469547e+02 1.103816708165291942e+02
9.840022470766733022e+03 1.920918937825844637e+02 4.965507047352971171e+01 1.852206521913306005e+02 1.113661553089388008e+02
9.841309115990701684e+03 1.929786155064518312e+02 4.911291641968659860e+01 1.851013870931323027e+02 1.123466631890059517e+02
9.842950776599771416e+03 1.936961211388277775e+02 4.873308055595578026e+01 1.851775474137753008e+02 1.133434133066271556e+02
9.846924965236379649e+03 1.939882464437862382e+02 4.852601439224631719e+01 1.852716283794885044e+02 1.143389060550514813e+02
9.851270719170923257e+03 1.942575603990926822e+02 4.844248664430183027e+01 1.853257101465560481e+02 1.153370202061313421e+02
9.866852912347780148e+03 1.949092164966240261e+02 4.874980156848434376e+01 1.852352530297692681e+02 1.163253894616595261e+02
9.869491618129766721e+03 1.945131235796978046e+02 4.948291537595135026e+01 1.851093150228314244e+02 1.154094174723952051e+02
9.870053552562687400e+03 1.939321976125613674e+02 5.029663042095459957e+01 1.852114400535008656e+02 1.144155950738786487e+02
9.870491279070669407e+03 1.935085166935909911e+02 5.090396079017676811e+01 1.852291330400669267e+02 1.134159131871393242e+02
9.870862851782023426e+03 1.932532152419644547e+02 5.150402945396201915e+01 1.853272326319489309e+02 1.124208688671386227e+02
9.871224835193634135e+03 1.929188712290639671e+02 5.211915206047670779e+01 1.854657087022187056e+02 1.114305295877713320e+02
9.871583889072304373e+03 1.925469541923786210e+02 5.266275988872892100e+01 1.855163306050438052e+02 1.104319616693136936e+02
9.871887634669394174e+03 1.920902067768931261e+02 5.297913404191208997e+01 1.855287515857710332e+02 1.094320614992734448e+02
9.872215606209138059e+03 1.915079789827422871e+02 5.333477223046731552e+01 1.856102034120910389e+02 1.084354769043753492e+02
9.872530069018221184e+03 1.910877302623631806e+02 5.373338487933571628e+01 1.856378607916422823e+02 1.074359189300970030e+02
9.872834572562340327e+03 1.906737889186059931e+02 5.407440004850477067e+01 1.857487418570050863e+02 1.064422222886665708e+02
9.873166040426020118e+03 1.902216131380293689e+02 5.436517385507708866e+01 1.859316071415192653e+02 1.054591759671829152e+02
9.873469059884278977e+03 1.897013672449775754e+02 5.475802700137452916e+01 1.860507024150068105e+02 1.044663774601355470e+02
9.873814235505824399e+03 1.890901419554884058e+02 5.531224061893078670e+01 1.860282222993879770e+02 1.034669898055107069e+02
9.874152930882049986e+03 1.884352130481693735e+02 5.585269407912338124e+01 1.860592229650730474e+02 1.024675341880247004e+02
9.874471009241076899e+03 1.878580988733482116e+02 5.626381296803254628e+01 1.860389663095017170e+02 1.014677922597358872e+02
9.874818469572599497e+03 1.874428710820788808e+02 5.646173467400620183e+01 1.859501655229985317e+02 1.004718254357902509e+02
9.875165533801011406e+03 1.868381735435326050e+02 5.675881508576973289e+01 1.859466462470087151e+02 9.947197415311197233e+01
9.875491964739596369e+03 1.862482190670838236e+02 5.709191990329408384e+01 1.858499228472903440e+02 9.847683554736762801e+01
9.875838185431382954e+03 1.856476648083612986e+02 5.740116760331430612e+01 1.857313078513101061e+02 9.748390154191839940e+01
9.876161810921354117e+03 1.849493835030094715e+02 5.778036721215139693e+01 1.857164308922534701e+02 9.648421345216745237e+01
9.876452044126164765e+03 1.844647409523103931e+02 5.809311764579125992e+01 1.856916170932850889e+02 9.548452485049944016e+01
9.876770437652836335e+03 1.841929472215542773e+02 5.824225886998787161e+01 1.856335185078920063e+02 9.448623380507876846e+01
9.877074621686791943e+03 1.844651137048034570e+02 5.804719826110925140e+01 1.856447956753625022e+02 9.348638881244394838e+01
9.877385653099894625e+03 1.839413320546275941e+02 5.824293020315202796e+01 1.856642425599398791e+02 9.248657849246146156e+01
9.877715386063811820e+03 1.832358098977017562e+02 5.862185958778043471e+01 1.856725356545566399e+02 9.148661524728322547e+01
9.878026026479568827e+03 1.825394380313905458e+02 5.896495083662794912e+01 1.857033375362894958e+02 9.048709938303022682e+01
9.878363175262202276e+03 1.818707836122954689e+02 5.932641726699294082e+01 1.858495975331312025e+02 8.949809725072283584e+01
9.878684252021634165e+03 1.813281646602370358e+02 5.955788193827545030e+01 1.859551175329120269e+02 8.850371760878772420e+01
9.878995667805775156e+03 1.807981837604728810e+02 5.981960229394390183e+01 1.861122499480157444e+02 8.751619316928994863e+01
9.879319560468627969e+03 1.802970284618659775e+02 6.008510080013375898e+01 1.862646397308422195e+02 8.652787353853378249e+01
9.879622638192209706e+03 1.799115774565923971e+02 6.031717895851556932e+01 1.863159724015650056e+02 8.552937784205764160e+01
9.879933671527760453e+03 1.797362678573345249e+02 6.050485158201749414e+01 1.862518869980909244e+02 8.453165811801582663e+01
9.880267027990679708e+03 1.798806085765432954e+02 6.063890832630840322e+01 1.862399772302259180e+02 8.353178564852203181e+01
9.880578595541916002e+03 1.794548189655579051e+02 6.124059022824458509e+01 1.861487560818323459e+02 8.253607366644659749e+01
9.880891681938448528e+03 1.788860128629190456e+02 6.171930624699535883e+01 1.860414425470213473e+02 8.154185158978481240e+01
9.881203767665245323e+03 1.782727025048511678e+02 6.203094118446040994e+01 1.859341383818381246e+02 8.054762535404019275e+01
9.881472810665392899e+03 1.780425595523150832e+02 6.228872988152559032e+01 1.858427880122762303e+02 7.955181112880134719e+01
9.881777691759201844e+03 1.776328965279201668e+02 6.209110450558424077e+01 1.857327166094232780e+02 7.855789418208844666e+01
9.882074571148150426e+03 1.769636102870453556e+02 6.188016414030234813e+01 1.855921744801907778e+02 7.756783568566942222e+01
9.882385761482626549e+03 1.765013699503801661e+02 6.230659574479463458e+01 1.855125230971578105e+02 7.657108205122810318e+01
9.882699356582354085e+03 1.759573923769713133e+02 6.287081117477953285e+01 1.854364801519761841e+02 7.557397754340661322e+01
9.883059807625118992e+03 1.753406217389776032e+02 6.325435567368540291e+01 1.854284976664106921e+02 7.457409141148852427e+01
9.883440820121448269e+03 1.749686894058868916e+02 6.330963420317839763e+01 1.856504087017194138e+02 7.359993485930009172e+01
9.883836527102801483e+03 1.746927196596512601e+02 6.348560990173874785e+01 1.858338836930165883e+02 7.261694871084046099e+01
9.884231784862160566e+03 1.743489035534412608e+02 6.413393805912200207e+01 1.858211983625027983e+02 7.161765380726266983e+01
9.884632505879992095e+03 1.740765602903547631e+02 6.488551396277290451e+01 1.854824727641096445e+02 7.067842873830734618e+01
9.885035166547104382e+03 1.739981506131149445e+02 6.576102476148611231e+01 1.848029480779115090e+02 6.994726918639437940e+01
9.885457665812848063e+03 1.741854060595094893e+02 6.675386356983770497e+01 1.839278930413420312e+02 6.946528057371106968e+01
9.885839287807430082e+03 1.745111607917040430e+02 6.763216819853371931e+01 1.829429430467590691e+02 6.929746047147507682e+01
9.886177366413949130e+03 1.747747276765340985e+02 6.838772944142034760e+01 1.819577079962160155e+02 6.912625663945664201e+01
9.886521775585943033e+03 1.751166907742925787e+02 6.916532323854717390e+01 1.809606085521749890e+02 6.905111743716918227e+01
9.886868702510149888e+03 1.754763738909542781e+02 6.992969748284301090e+01 1.799606699939026271e+02 6.905636854225818411e+01
9.887205395830940688e+03 1.757357880476385787e+02 7.065220144727501861e+01 1.789613445930750117e+02 6.902002519251288959e+01
9.887554973696711386e+03 1.759645803137477174e+02 7.142711737248278325e+01 1.779653806137970946e+02 6.893050409751238305e+01
9.887932929469076043e+03 1.760934547766996445e+02 7.226610504426901116e+01 1.769659740180280210e+02 6.889676071218617892e+01
9.888316036141131917e+03 1.762090179285000318e+02 7.288852575748093443e+01 1.759672240945635622e+02 6.884681814347491979e+01
9.888682736228307476e+03 1.762276905656291035e+02 7.302518344227910063e+01 1.749705145230688856e+02 6.876584923465695454e+01
9.889159410579643009e+03 1.762249087103349723e+02 7.303644896059745406e+01 1.739707546630137074e+02 6.878425958444734079e+01
9.889752579238333055e+03 1.762301693704218337e+02 7.304512833531687477e+01 1.729719436128922609e+02 6.873617370241413482e+01
9.893725330147368368e+03 1.761469172335685869e+02 7.344933066775635666e+01 1.719804010666792635e+02 6.875854198408514151e+01
9.899779456335310897e+03 1.761478621432344767e+02 7.476068581066699892e+01 1.712872231943178463e+02 6.946664839948630288e+01
9.900418203254897890e+03 1.763050787388621359e+02 7.509744431179332480e+01 1.702882218399044518e+02 6.942315590826164851e+01
